4.692199661692500712e+01 1.419736855400173283e+02
4.896441959935433630e+01 1.419575503327421302e+02
5.053217518651280926e+01 1.419482756787855351e+02
5.178494332062733463e+01 1.419444884659049819e+02
5.287762277018478585e+01 1.419449116912238082e+02
5.389723551593820616e+01 1.419496327856572577e+02
5.488036447780858396e+01 1.419597530872506468e+02
5.586231825938646267e+01 1.419763988040578511e+02
5.686647149153512260e+01 1.420008209855146220e+02
5.789148941994276498e+01 1.420345291661274700e+02
5.893297218260674697e+01 1.420790649445183931e+02
5.998665880048516641e+01 1.421357826295974291e+02
6.104919188199082924e+01 1.422048180032969640e+02
6.211757550063129685e+01 1.422858193961502309e+02
6.318885305943247488e+01 1.423783945786983054e+02
6.426117727498386500e+01 1.424810160635402383e+02
6.533395298446673394e+01 1.425908749583660153e+02
6.640665209086779441e+01 1.427050938336500678e+02
6.747874201639280045e+01 1.428211915092758204e+02
6.854967551082249599e+01 1.429379843333800864e+02
6.961890232540417855e+01 1.430545538237532810e+02
7.068590315048355421e+01 1.431699094204768130e+02
7.175050097661008408e+01 1.432822631191104961e+02
7.281273165700036998e+01 1.433893310166851052e+02
7.387263679509844394e+01 1.434888136183004406e+02
7.493046506536560969e+01 1.435777503088571052e+02
7.598682205473480167e+01 1.436520409509448939e+02
7.704234867629070038e+01 1.437074726205702859e+02
7.809758067436730755e+01 1.437403344428998082e+02
7.915249733484466788e+01 1.437495719357808071e+02
8.020689458905155789e+01 1.437350059055640088e+02
8.126058284425442935e+01 1.436965554081875780e+02
8.231367765931034342e+01 1.436361833870591340e+02
8.336658376301211604e+01 1.435577896288674253e+02
8.441971708030852994e+01 1.434653495242727956e+02
8.547337735110147605e+01 1.433624290469712435e+02
8.652755158641959099e+01 1.432514921656319018e+02
8.758217471536974585e+01 1.431348193208115447e+02
8.863717117692449676e+01 1.430145782065582694e+02
8.969237331771755350e+01 1.428919467212324150e+02
9.074756572995362092e+01 1.427675895052131807e+02
9.180253611116184231e+01 1.426421685374832009e+02
9.285724641511681909e+01 1.425164296740957752e+02
9.391190963700010741e+01 1.423912396081952352e+02
9.496675828374642947e+01 1.422674744247770491e+02
9.602188383137543326e+01 1.421456103752452123e+02
9.707676826569772288e+01 1.420243957589511297e+02
9.813072896086748642e+01 1.419021121884227341e+02
9.918310339731573322e+01 1.417770868431285010e+02
1.002335451952116898e+02 1.416483633947171938e+02
1.012819593836556749e+02 1.415155553025338122e+02
1.023282577814645435e+02 1.413782914493575618e+02
1.033723188077733539e+02 1.412361324223663246e+02
1.044139465776147517e+02 1.410884868718617327e+02
1.054529351854260710e+02 1.409347429580524249e+02
1.064891036978407755e+02 1.407743549215144583e+02
1.075224474226271525e+02 1.406072433646481272e+02
1.085530375176127649e+02 1.404335296010668515e+02
1.095809490059988178e+02 1.402533448624785706e+02
1.106063753312192119e+02 1.400671234464268196e+02
1.116296529273164424e+02 1.398756655977875596e+02
1.126511267675489592e+02 1.396797934154878931e+02
1.136711471645514848e+02 1.394803449992560331e+02
1.146900833075349908e+02 1.392782150172900515e+02
1.157083085552028479e+02 1.390743106327338978e+02
1.167261921450874240e+02 1.388695291668082632e+02
1.177440532530057737e+02 1.386646483864693096e+02
1.187621777042204059e+02 1.384603664129599849e+02
1.197808502286622314e+02 1.382573787300129595e+02
1.208003056146484653e+02 1.380562593424342026e+02
1.218206863297337179e+02 1.378573576922581196e+02
1.228421248587727490e+02 1.376609989394111153e+02
1.238647319843317405e+02 1.374674554948311425e+02
1.248884942430571527e+02 1.372766977807256126e+02
1.259133540325439640e+02 1.370885889361316288e+02
1.269392434606882603e+02 1.369029672197897298e+02
1.279658533885668419e+02 1.367190875758783193e+02
1.289926301644849218e+02 1.365356137372149306e+02
1.300190090846350870e+02 1.363511827139915908e+02
1.310442522501912492e+02 1.361640132320572718e+02
1.320671193894568773e+02 1.359711107334871087e+02
1.330862796616197841e+02 1.357692619263339964e+02
1.341004696498858095e+02 1.355554162913332163e+02
1.351090717657887410e+02 1.353280824451543936e+02
1.361118277322998722e+02 1.350866364414463305e+02
1.371084895600474738e+02 1.348304791712777728e+02
1.380991896504419572e+02 1.345599299300598375e+02
1.390846473115716435e+02 1.342767250234643939e+02
1.400656320239781110e+02 1.339827218920622158e+02
1.410429237760192223e+02 1.336798033664570653e+02
1.420173516281500383e+02 1.333699708501440568e+02
1.429897589542924550e+02 1.330552603322435914e+02
1.439609807540421116e+02 1.327376875870306492e+02
1.449317056084392448e+02 1.324189149479229854e+02
1.459024975209649710e+02 1.321003040296278073e+02
1.468739161268370879e+02 1.317832059021731368e+02
1.478464031653406607e+02 1.314686870176066122e+02
1.488201183374542040e+02 1.311571329463563416e+02
1.497951800533374467e+02 1.308488295767904219e+02
1.507716604967990008e+02 1.305439511969996147e+02
1.517492774901745349e+02 1.302418165908513572e+02
1.527275849123909097e+02 1.299413487478358320e+02
1.537061372537106649e+02 1.296414721332392901e+02
1.546845466464956189e+02 1.293412503688865058e+02
1.556624996971659414e+02 1.290399268679759928e+02
1.566396879490186507e+02 1.287367569620558356e+02
1.576158562310809828e+02 1.284311246244757569e+02
1.585909528557650674e+02 1.281229050758522874e+02
1.595649746999338277e+02 1.278120907805442528e+02
1.605379188483537405e+02 1.274986747046655466e+02
1.615097851669778777e+02 1.271826565264481133e+02
1.624805755057239764e+02 1.268640407122256732e+02
1.634502914863849412e+02 1.265428311775524008e+02
1.644188992966589069e+02 1.262189462921043344e+02
1.653862948266874469e+02 1.258921347114374782e+02
1.663523656795173054e+02 1.255621250841964525e+02
1.673169972336528986e+02 1.252286406885084773e+02
1.682800610763200098e+02 1.248913715074277775e+02
1.692414235166660887e+02 1.245499947816071540e+02
1.702009562525740591e+02 1.242042007612644170e+02
1.711586752500659259e+02 1.238540279908848163e+02
1.721147528689719195e+02 1.234998925831917092e+02
1.730693693202758539e+02 1.231422296052784304e+02
1.740227536913037341e+02 1.227815921222810687e+02
1.749752879687556515e+02 1.224189023314361009e+02
1.759273839567356958e+02 1.220551544156306818e+02
1.768794446133416045e+02 1.216913212016173702e+02
1.778317802442435038e+02 1.213281518335464284e+02
1.787846458840487003e+02 1.209662620195053222e+02
1.797382930307966546e+02 1.206062589295533627e+02
1.806927720905467822e+02 1.202482642548320655e+02
1.816478010188298811e+02 1.198915970800195225e+02
1.826030666015431621e+02 1.195355012396522767e+02
1.835582077407339057e+02 1.191791049663977731e+02
1.845126216060003230e+02 1.188209528990186641e+02
1.854656292596718288e+02 1.184594059370305388e+02
1.864165634750399363e+02 1.180928532527050123e+02
1.873649862442694598e+02 1.177202374014816826e+02
1.883106681793846064e+02 1.173410045915621112e+02
1.892533878991710594e+02 1.169546203611749462e+02
1.901931037954488488e+02 1.165609842590811098e+02
1.911302370995626347e+02 1.161611132275870517e+02
1.920652825110280446e+02 1.157562015768677099e+02
1.929987209550428702e+02 1.153474103629753387e+02
1.939309184876016161e+02 1.149356233233537665e+02
1.948621840810797892e+02 1.145215863834899181e+02
1.957928243478167474e+02 1.141060397712368513e+02
1.967230584480146263e+02 1.136895125861898634e+02
1.976529846084512201e+02 1.132722419686613620e+02
1.985826921918491053e+02 1.128544436592295597e+02
1.995123270908417226e+02 1.124364698737596768e+02
2.004422684208096825e+02 1.120192358776803871e+02
2.013729554340259256e+02 1.116038021197320802e+02
2.023048174176606722e+02 1.111912049907780187e+02
2.032381363616602812e+02 1.107821252748562557e+02
2.041730817855262785e+02 1.103769722284319812e+02
2.051098200409404342e+02 1.099761474601782680e+02
2.060484607226070466e+02 1.095799155552360702e+02
2.069889924954587173e+02 1.091882491483058573e+02
2.079313885106438988e+02 1.088010834204818735e+02
2.088756282982091648e+02 1.084183689528803711e+02
2.098217342563855254e+02 1.080401598195722102e+02
2.107697464427814964e+02 1.076665527281371340e+02
2.117197063440294755e+02 1.072976478361252930e+02
2.126716973740538776e+02 1.069336465225704984e+02
2.136258515645938019e+02 1.065748675403468866e+02
2.145823036590514050e+02 1.062216361888658440e+02
2.155411254202551277e+02 1.058741257189926017e+02
2.165021759740093330e+02 1.055319960304367441e+02
2.174652696163218479e+02 1.051947987942115219e+02
2.184302145213354152e+02 1.048620709018360202e+02
2.193967485767610697e+02 1.045331795583171584e+02
2.203645647387305644e+02 1.042073834941987229e+02
2.213333552555948529e+02 1.038839397312898143e+02
2.223028143890024921e+02 1.035621101519264897e+02
2.232726399690177459e+02 1.032411652533551774e+02
2.242425301917133709e+02 1.029203764164441850e+02
2.252121832184423624e+02 1.025990149382420213e+02
2.261812970209861646e+02 1.022763516581338905e+02
2.271495695067468432e+02 1.019516572600806228e+02
2.281166994902451393e+02 1.016242046180200305e+02
2.290824056745716746e+02 1.012933146211166218e+02
2.300464261236205061e+02 1.009583548996220372e+02
2.310084997979312220e+02 1.006186952484805772e+02
2.319684365129249954e+02 1.002738765214087664e+02
2.329262425711854121e+02 9.992391393397537058e+01
2.338819580561980729e+02 9.956890425603999972e+01
2.348356546521830808e+02 9.920902054839341133e+01
2.357876912387436334e+02 9.884512922289975734e+01
2.367385798846638636e+02 9.847846652286668245e+01
2.376888346054835779e+02 9.811027339148694182e+01
2.386389967203431297e+02 9.774185668869807841e+01
2.395896479749092123e+02 9.737462087273975442e+01
2.405413733800762941e+02 9.700997828481163765e+01
2.414947284191536596e+02 9.664926998025518401e+01
2.424501369515801343e+02 9.629351924645220606e+01
2.434079861746469362e+02 9.594366086057814869e+01
2.443686494720331837e+02 9.560059625079612999e+01
2.453322737873970141e+02 9.526468017065363370e+01
2.462988210508913767e+02 9.493582071154705204e+01
2.472682474433976836e+02 9.461391208490151428e+01
2.482404304743518253e+02 9.429865857248094585e+01
2.492150674921738869e+02 9.398932950889923177e+01
2.501918307334703968e+02 9.368513360349273000e+01
2.511703642520225799e+02 9.338521152622656984e+01
2.521501065488674840e+02 9.308820769875937629e+01
2.531304050554949185e+02 9.279254668137690487e+01
2.541106112602050757e+02 9.249666282836798814e+01
2.550902334903940698e+02 9.219936913697088698e+01
2.560689746436272571e+02 9.189994833821387488e+01
2.570465497396360206e+02 9.159771242861361884e+01
2.580227365722910235e+02 9.129212495489747425e+01
2.589975418055013279e+02 9.098320200506429956e+01
2.599710242480032321e+02 9.067108555588899321e+01
2.609432447595255553e+02 9.035592253568466958e+01
2.619142900841861774e+02 9.003792236325728027e+01
2.628842646892102834e+02 8.971733724481417482e+01
2.638532732632875764e+02 8.939441992122509362e+01
2.648214066359915364e+02 8.906938967449285371e+01
2.657887292851636971e+02 8.874240216790930447e+01
2.667553027383546578e+02 8.841360594213300317e+01
2.677211921240007086e+02 8.808315823112187104e+01
2.686864838506334650e+02 8.775126764347822927e+01
2.696512721159269859e+02 8.741816159243994377e+01
2.706156553407241745e+02 8.708407768687409600e+01
2.715798362243141355e+02 8.674950528603001487e+01
2.725441260373975183e+02 8.641519586367249417e+01
2.735088411796216405e+02 8.608191327593607411e+01
2.744743801006115405e+02 8.575061946514259148e+01
2.754413865265300956e+02 8.542286852360930993e+01
2.764105498175427442e+02 8.510032471389234843e+01
2.773825313155126651e+02 8.478458465641941189e+01
2.783577142970126488e+02 8.447657366299036141e+01
2.793363229470352849e+02 8.417683296456624475e+01
2.803185756326725482e+02 8.388588974645354313e+01
2.813044386520310809e+02 8.360366264547110404e+01
2.822934785162101434e+02 8.332910512702515859e+01
2.832852262624359696e+02 8.306108501499863905e+01
2.842791985254218616e+02 8.279843536250389491e+01
2.852748425546333806e+02 8.253982171171089988e+01
2.862715847314682378e+02 8.228385922477521319e+01
2.872688554443557791e+02 8.202917273768063922e+01
2.882661583302378290e+02 8.177456392391890461e+01
2.892630610518428966e+02 8.151898902886686926e+01
2.902591336634804406e+02 8.126141007168631347e+01
2.912540282172053026e+02 8.100098703157787838e+01
2.922475987534829187e+02 8.073736753082782514e+01
2.932397298606699678e+02 8.047027294084428206e+01
2.942303362285612138e+02 8.019949730435519086e+01
2.952195711571025072e+02 7.992541072010929781e+01
2.962077015519344059e+02 7.964865755533813285e+01
2.971949937953725112e+02 7.936988091385725852e+01
2.981816645102292114e+02 7.908960376944173731e+01
2.991678642608554810e+02 7.880818961667027622e+01
3.001537390511098238e+02 7.852599094012170156e+01
3.011394650222531482e+02 7.824343298250126111e+01
3.021253370153867763e+02 7.796122755328097753e+01
3.031116790912035981e+02 7.768015700426852277e+01
3.040988082146048441e+02 7.740098655651731008e+01
3.050869426042456780e+02 7.712424303657172686e+01
3.060762280921173328e+02 7.685027851412557709e+01
3.070668087915631759e+02 7.657944090968896944e+01
3.080588208468051334e+02 7.631205890452142171e+01
3.090523841357754691e+02 7.604842190940287594e+01
3.100476165524662520e+02 7.578881454543514451e+01
3.110445677643530757e+02 7.553335672029788839e+01
3.120428506516349785e+02 7.528111384363485570e+01
3.130419059186049822e+02 7.503073565557757263e+01
3.140411730800450982e+02 7.478086902449669537e+01
3.150400699216440898e+02 7.453010835932379052e+01
3.160379900308484480e+02 7.427698964841258089e+01
3.170343257666849013e+02 7.402004591440392289e+01
3.180285975290018428e+02 7.375811929772483211e+01
3.190207386426076255e+02 7.349104882751205992e+01
3.200107655141292753e+02 7.321887411009035418e+01
3.209987213354067421e+02 7.294169941714488914e+01
3.219849402494130572e+02 7.266033144002042832e+01
3.229699348442946985e+02 7.237600767573103155e+01
3.239542188545746626e+02 7.208996838893783377e+01
3.249381938347438563e+02 7.180318302049212775e+01
3.259220706566442232e+02 7.151616066727270038e+01
3.269060416548978765e+02 7.122936567380531869e+01
3.278902450523400489e+02 7.094313174904419839e+01
3.288745372156030271e+02 7.065711215045563165e+01
3.298586830347320529e+02 7.037073929459708665e+01
3.308424441063439190e+02 7.008343764741839266e+01
3.318255156941727364e+02 6.979447154192503433e+01
3.328075310430991749e+02 6.950295559259447487e+01
3.337881209725921963e+02 6.920799855875833373e+01
3.347668923735654971e+02 6.890865143166743678e+01
3.357433886795058697e+02 6.860381200428076909e+01
3.367171429230585886e+02 6.829235295994836008e+01
3.376877357653679610e+02 6.797326196384284458e+01
3.386551588666686143e+02 6.764651889011400954e+01
3.396196140145833624e+02 6.731261088965726458e+01
3.405813059116869681e+02 6.697203214931209914e+01
3.415404979316389245e+02 6.662541844065393093e+01
3.424975368252920589e+02 6.627360674063579893e+01
3.434527756992566765e+02 6.591744936389004295e+01
3.444065263543815831e+02 6.555769885832550870e+01
3.453589248230976523e+02 6.519468323449402192e+01
3.463100603932753643e+02 6.482861759977269855e+01
3.472600311281811400e+02 6.445973823580456497e+01
3.482090702303511307e+02 6.408860750352373259e+01
3.491575169258288724e+02 6.371604358935528722e+01
3.501057133458306794e+02 6.334287168973285986e+01
3.510540134387764510e+02 6.296994553055873212e+01
3.520027970661856216e+02 6.259818139796487912e+01
3.529524475266949821e+02 6.222850387608021805e+01
3.539033405087296273e+02 6.186181927510869372e+01
3.548557988637171547e+02 6.149890703107561052e+01
3.558101230318935677e+02 6.114049276541396694e+01
3.567666092828908972e+02 6.078729207560749614e+01
3.577254220060829084e+02 6.043970358219706185e+01
3.586865684833145451e+02 6.009774829451119871e+01
3.596500468138512474e+02 5.976142515146312917e+01
3.606158644314883759e+02 5.943075673297437334e+01
3.615840612674684849e+02 5.910584792331875548e+01
3.625546843206166727e+02 5.878682150641753879e+01
3.635277837273242199e+02 5.847380813524976162e+01
3.645034470231452133e+02 5.816703226041745722e+01
3.654817863187236071e+02 5.786677996719110695e+01
3.664629134987604289e+02 5.757333683051938777e+01
3.674468766654547949e+02 5.728683393600061891e+01
3.684336076591292795e+02 5.700712076814493656e+01
3.694230259669239445e+02 5.673401689047873475e+01
3.704150691454073581e+02 5.646738257410056860e+01
3.714097765748658162e+02 5.620730748287419942e+01
3.724072232709298191e+02 5.595396156147197786e+01
3.734074915140914754e+02 5.570753085843200125e+01
3.744108298069771763e+02 5.546856985197243972e+01
3.754176528743479366e+02 5.523800144999152906e+01
3.764283826553183303e+02 5.501676452016525332e+01
3.774434291236175341e+02 5.480574241664058377e+01
3.784631680633262931e+02 5.460565987032541813e+01
3.794879691913000102e+02 5.441721346317113728e+01
3.805181547137129883e+02 5.424097804417584001e+01
3.815535996903611817e+02 5.407638277366569923e+01
3.825939338717848841e+02 5.392222827498318338e+01
3.836387891990048615e+02 5.377732054227080738e+01
3.846880669313313206e+02 5.364114181373251000e+01
3.857420781853173821e+02 5.351420345755708752e+01
3.868011684620794881e+02 5.339710317976384601e+01
3.878656626156193852e+02 5.329047637864297826e+01
3.889357905624556793e+02 5.319513176528000287e+01
3.900117549493736533e+02 5.311192783293004993e+01
3.910937208210954168e+02 5.304168068356619159e+01
3.921812099749466825e+02 5.298448112390997977e+01
3.932732042491986704e+02 5.293981112846599046e+01
3.943686681988704663e+02 5.290713491775972699e+01
3.954664173336468025e+02 5.288622734465832309e+01
3.965649157714520356e+02 5.287759561400558539e+01
3.976625770185980286e+02 5.288185241266948111e+01
3.987578080335949267e+02 5.289974098462890595e+01
3.998489664097865557e+02 5.293298886957774840e+01
4.009343872284204053e+02 5.298377247758423891e+01
4.020124157222774102e+02 5.305425945853697556e+01
4.030817797210222579e+02 5.314620573325902342e+01
4.041416947184692390e+02 5.326084242607506525e+01
4.051914078788819893e+02 5.339936657742615722e+01
4.062304241745182480e+02 5.356246213966008440e+01
4.072592179846060390e+02 5.374888375655029904e+01
4.082784915000264050e+02 5.395693268233526396e+01
4.092889593355741908e+02 5.418488757430969116e+01
4.102914990875594867e+02 5.443073065466057869e+01
4.112871030395596676e+02 5.469223554932894160e+01
4.122767646154693466e+02 5.496717450203429678e+01
4.132613221442134090e+02 5.525368773737911710e+01
4.142413105963950670e+02 5.555063523291843808e+01
4.152172297880348424e+02 5.585696037454982843e+01
4.161895489411049880e+02 5.617167283628128871e+01
4.171585506177237903e+02 5.649418672794082852e+01
4.181244469942278101e+02 5.682406866419743352e+01
4.190874608349173513e+02 5.716085869788483365e+01
4.200480940072120575e+02 5.750339785235526335e+01
4.210071468960553602e+02 5.784977949700807187e+01
4.219654344978160339e+02 5.819806040369869038e+01
4.229237828389706806e+02 5.854626512754098400e+01
4.238830519317877474e+02 5.889231895793810878e+01
4.248441083132524341e+02 5.923412812689820584e+01
4.258077804795814814e+02 5.956969028597379179e+01
4.267745056215578643e+02 5.989794347160092514e+01
4.277444907220454979e+02 6.021837895569196775e+01
4.287179335333171935e+02 6.053051027104147863e+01
4.296945981657794391e+02 6.083489845973752352e+01
4.306735416858160193e+02 6.113381250592615856e+01
4.316537560687285122e+02 6.142967862837412696e+01
4.326343006910865938e+02 6.172476081235424772e+01
4.336145699205148389e+02 6.202051672642900826e+01
4.345940619995150769e+02 6.231815401442484870e+01
4.355722923523503596e+02 6.261883890932630692e+01
4.365491038175193239e+02 6.292294852056073751e+01
4.375246332389514805e+02 6.323015135485496785e+01
4.384990280699840355e+02 6.354009034856991889e+01
4.394725039515411140e+02 6.385224413468542792e+01
4.404454495073468934e+02 6.416567453044693536e+01
4.414182803811750091e+02 6.447937824615475222e+01
4.423914130693797233e+02 6.479234995676267772e+01
4.433652710586068224e+02 6.510356764945828445e+01
4.443402812601608503e+02 6.541200113581943754e+01
4.453168676782796638e+02 6.571662724535813993e+01
4.462953268331498293e+02 6.601673053877121333e+01
4.472757813376241529e+02 6.631201536816568876e+01
4.482583413077757086e+02 6.660221625137474177e+01
4.492430409735723629e+02 6.688725088102975747e+01
4.502296062900197171e+02 6.716778106759252864e+01
4.512176849423754561e+02 6.744465754998930151e+01
4.522069292315569555e+02 6.771871991906705546e+01
4.531970583161285617e+02 6.799064628617955464e+01
4.541878417161562993e+02 6.826099312588696932e+01
4.551790510339836260e+02 6.853031188427549125e+01
4.561705966405744448e+02 6.879881897310937688e+01
4.571626803676500117e+02 6.906602711944046291e+01
4.581555408156432350e+02 6.933136027823081804e+01
4.591493972253751963e+02 6.959428914157142287e+01
4.601443408282688097e+02 6.985459343625427664e+01
4.611404108899829453e+02 7.011217834254998138e+01
4.621376420359622443e+02 7.036696024330012733e+01
4.631359355328125957e+02 7.061917748140382400e+01
4.641350400783543364e+02 7.086943673721070525e+01
4.651346960058336322e+02 7.111836488514848043e+01
4.661345943209572056e+02 7.136670788857269088e+01
4.671342620179117375e+02 7.161560767536380467e+01
4.681331920465004259e+02 7.186628836499819784e+01
4.691308669748099192e+02 7.211999914075403240e+01
4.701266523700224980e+02 7.237827165245172978e+01
4.711198400292909128e+02 7.264281564738217867e+01
4.721097211515811409e+02 7.291534231698145163e+01
4.730956342259211169e+02 7.319744868269614813e+01
4.740770003964032071e+02 7.349053221605728936e+01
4.750532491355758111e+02 7.379597028162791617e+01
4.760238870968951232e+02 7.411495391160561041e+01
4.769888357706573743e+02 7.444767262715932077e+01
4.779481554184985725e+02 7.479398092369946482e+01
4.789019105211884266e+02 7.515372311066471411e+01
4.798502537853320860e+02 7.552653049977020316e+01
4.807934226548787251e+02 7.591182982703956839e+01
4.817316580749924810e+02 7.630903937575575924e+01
4.826652537225373862e+02 7.671745012956755261e+01
4.835946473384448723e+02 7.713600528694995262e+01
4.845203010412775484e+02 7.756358919632205584e+01
4.854426961858751497e+02 7.799903977101057251e+01
4.863624859437529722e+02 7.844078017034358652e+01
4.872804138496425708e+02 7.888701542287212476e+01
4.881972240500650742e+02 7.933594908152699077e+01
4.891136507511781701e+02 7.978580875632766833e+01
4.900304136413553806e+02 8.023485719238681213e+01
4.909482312586295620e+02 8.068135991880473057e+01
4.918677813141395063e+02 8.112368105762047321e+01
4.927895623247804906e+02 8.156061746736841656e+01
4.937140236583136357e+02 8.199108469691512369e+01
4.946416019746030770e+02 8.241402897589681231e+01
4.955725299546872407e+02 8.282888900152178735e+01
4.965068758563820666e+02 8.323550043919186692e+01
4.974447034816414543e+02 8.363370971152480138e+01
4.983861267483432016e+02 8.402324211157012712e+01
4.993313726908315857e+02 8.440354953126779947e+01
5.002806838525681314e+02 8.477404637721149072e+01
5.012342505226326921e+02 8.513427306463420052e+01
5.021918880987123543e+02 8.548467403924509256e+01
5.031532482735591998e+02 8.582608851242090964e+01
5.041179789632984125e+02 8.615936477088382617e+01
5.050856225261108534e+02 8.648560456370785232e+01
5.060555921266744122e+02 8.680621985526849471e+01
5.070272930537483944e+02 8.712264152125703731e+01
5.080002357367740160e+02 8.743604593497708777e+01
5.089743080796224604e+02 8.774669575923884679e+01
5.099494826661594971e+02 8.805464868138307111e+01
5.109257471940704818e+02 8.835992589671135988e+01
5.119032764840412142e+02 8.866209679549592693e+01
5.128823717374306170e+02 8.896042562420785771e+01
5.138633362119043113e+02 8.925417170088745422e+01
5.148464390350343365e+02 8.954268064883264344e+01
5.158318853481154065e+02 8.982545989435737965e+01
5.168198732518918632e+02 9.010203466731444166e+01
5.178106103680665910e+02 9.037191122780963326e+01
5.188043596971430134e+02 9.063448549810776456e+01
5.198014042096743879e+02 9.088911361174375259e+01
5.208020325229233549e+02 9.113513933301662462e+01
5.218066689913513301e+02 9.137160896283853617e+01
5.228158774067489958e+02 9.159726323002600168e+01
5.238302279380997106e+02 9.181082889656138946e+01
5.248503116080901236e+02 9.201099747902703996e+01
5.258767808453720818e+02 9.219635671014671630e+01
5.269102993249069868e+02 9.236547531495855878e+01
5.279515056190908808e+02 9.251698119415684118e+01
5.290007935617601333e+02 9.265007918410960031e+01
5.300584189054056878e+02 9.276429962793677930e+01
5.311246286293177263e+02 9.285919208031056371e+01
5.321992257154963681e+02 9.293526233297380656e+01
5.332813186013503355e+02 9.299451201852528470e+01
5.343699552302781512e+02 9.303907305552867513e+01
5.354641528552699583e+02 9.307103472861861349e+01
5.365627831583437910e+02 9.309228410086141992e+01
5.376646747051147486e+02 9.310464833968444509e+01
5.387686598921746963e+02 9.310990643331646766e+01
5.398736396755934948e+02 9.310897681382598989e+01
5.409785741361322380e+02 9.310203578223030263e+01
5.420824254080238234e+02 9.308923415781868016e+01
5.431841928419750047e+02 9.307034993676474244e+01
5.442829661317792898e+02 9.304425608615166254e+01
5.453778484145175298e+02 9.300969090237026649e+01
5.464679834587196865e+02 9.296541812775747360e+01
5.475528317546037442e+02 9.291039985551540781e+01
5.486320024420160735e+02 9.284369127251000009e+01
5.497051191904864709e+02 9.276437839858979828e+01
5.507723470303919839e+02 9.267274682681829745e+01
5.518345599868183626e+02 9.257065317458810227e+01
5.528926800507667849e+02 9.246006034445835553e+01
5.539476026069156660e+02 9.234287384606396643e+01
5.550001198553708264e+02 9.222077660794133180e+01
5.560509989857503115e+02 9.209539760810233133e+01
5.571009934246368402e+02 9.196833714210860933e+01
5.581506688277778494e+02 9.184080418722126637e+01
5.592004550657903792e+02 9.171372474168424560e+01
5.602507785883301494e+02 9.158801771858917107e+01
5.613020108099450454e+02 9.146449343770930795e+01
5.623544123981911298e+02 9.134374369679223093e+01
5.634082307406142718e+02 9.122633408994087745e+01
5.644636047703181703e+02 9.111257218221965104e+01
5.655199901721097149e+02 9.100113999070227067e+01
5.665765772480593796e+02 9.089008814797722380e+01
5.676325702714409545e+02 9.077750118452466666e+01
5.686875727740630282e+02 9.066243157843399558e+01
5.697416269688455941e+02 9.054499533003669853e+01
5.707947975483027676e+02 9.042536293794975677e+01
5.718471846565097394e+02 9.030378973572273082e+01
5.728990010390409680e+02 9.018080051022259624e+01
5.739504817462676556e+02 9.005697342328605259e+01
5.750018599361237648e+02 8.993288174367748411e+01
5.760533485820938040e+02 8.980904655140146531e+01
5.771051484485342371e+02 8.968595735863485174e+01
5.781574608760030287e+02 8.956410502198460222e+01
5.792105430502925856e+02 8.944411390845910148e+01
5.802647457721233195e+02 8.932683219228471216e+01
5.813204287801173678e+02 8.921312941572010402e+01
5.823778309513484146e+02 8.910358313603650515e+01
5.834365714021928397e+02 8.899727365333500018e+01
5.844960711341797150e+02 8.889280264931525721e+01
5.855557712108568467e+02 8.878882023311156502e+01
5.866155151868995290e+02 8.868494808525009887e+01
5.876755179017957289e+02 8.858170412887480438e+01
5.887360080452575630e+02 8.847963972022984080e+01
5.897971917805072053e+02 8.837925189319656738e+01
5.908592164104985613e+02 8.828089574082636659e+01
5.919222197439853517e+02 8.818490346101972932e+01
5.929862713342988627e+02 8.809144249004913263e+01
5.940508617393950317e+02 8.799928262841370952e+01
5.951151896695780579e+02 8.790648918614840568e+01
5.961784592804522163e+02 8.781114062162636458e+01
5.972402310962537513e+02 8.771217581357348081e+01
5.983005652104454839e+02 8.760973980616074641e+01
5.993595590610989348e+02 8.750406780879451674e+01
6.004173388500485089e+02 8.739546448282615643e+01
6.014741512983094935e+02 8.728452549087936063e+01
6.025302746869812154e+02 8.717192269941736527e+01
6.035859667030167657e+02 8.705827825623826755e+01
6.046411743518607409e+02 8.694346425761366959e+01
6.056956041748983353e+02 8.682677226821485306e+01
6.067489575762796221e+02 8.670748145030154319e+01
6.078011431031906113e+02 8.658537104892266711e+01
6.088525170397057309e+02 8.646130123135012013e+01
6.099034940770470712e+02 8.633627317084571473e+01
6.109544293593424982e+02 8.621114427990571016e+01
6.120052712923205718e+02 8.608579000834407680e+01
6.130557982594056057e+02 8.595967533192596477e+01
6.141057917588126429e+02 8.583227274604986690e+01
6.151551489006634483e+02 8.570333385406294724e+01
6.162039026761201512e+02 8.557293830059836637e+01
6.172520938379991549e+02 8.544118446832170832e+01
6.182996651360901978e+02 8.530793414049216494e+01
6.193462233279226439e+02 8.517223794615588872e+01
6.203913032249462276e+02 8.503297282177005911e+01
6.214344428389258610e+02 8.488902343067108802e+01
6.224752176182323637e+02 8.473936482358232070e+01
6.235132272749560798e+02 8.458303063384326492e+01
6.245480741012391945e+02 8.441906072376241355e+01
6.255795619686618920e+02 8.424698162015872072e+01
6.266078570687809588e+02 8.406719458328342398e+01
6.276331634191016065e+02 8.388019219493577339e+01
6.286556934125094358e+02 8.368648725973369551e+01
6.296757058988353037e+02 8.348670475514080636e+01
6.306934757441221109e+02 8.328150833064960068e+01
6.317092758561503842e+02 8.307155690776041013e+01
6.327233348380016196e+02 8.285740243955697792e+01
6.337358375798357883e+02 8.263949133948136705e+01
6.347469671442019035e+02 8.241826560838862292e+01
6.357569293878741519e+02 8.219422224927991749e+01
6.367659943305268371e+02 8.196801308933116559e+01
6.377744431992980481e+02 8.174031699917316018e+01
6.387825355968652730e+02 8.151176062340084627e+01
6.397903311412533185e+02 8.128248761627925489e+01
6.407977812672788787e+02 8.105238035480742553e+01
6.418048368962723771e+02 8.082131997196370321e+01
6.428114791762390041e+02 8.058926038837749672e+01
6.438177346277182096e+02 8.035626478447113641e+01
6.448236335063996876e+02 8.012240533513057983e+01
6.458292466092253790e+02 7.988785203436310667e+01
6.468348282758834102e+02 7.965321773348149748e+01
6.478406847624576130e+02 7.941924054919292075e+01
6.488471192714836207e+02 7.918665124221897145e+01
6.498543838173280847e+02 7.895605726094404986e+01
6.508626880219580926e+02 7.872796393043276453e+01
6.518722397248145626e+02 7.850287228202950018e+01
6.528831172106494023e+02 7.828097134952700742e+01
6.538950977378785865e+02 7.806172522591762686e+01
6.549079159114892263e+02 7.784449528490605985e+01
6.559212964403396882e+02 7.762861955932987712e+01
6.569348906521184972e+02 7.741326300626245427e+01
6.579483168896904317e+02 7.719751278524961435e+01
6.589611948194751676e+02 7.698045937209928979e+01
6.599731976936445790e+02 7.676132666728398135e+01
6.609840661469617089e+02 7.653950634908032669e+01
6.619935451012985368e+02 7.631440077029519387e+01
6.630014466217967311e+02 7.608557540787522555e+01
6.640078313778928987e+02 7.585319972130589861e+01
6.650128175639703159e+02 7.561758292655905223e+01
6.660165250622468420e+02 7.537903766002217765e+01
6.670190954709007656e+02 7.513792056570824229e+01
6.680206854618859325e+02 7.489461883479637549e+01
6.690214516729956813e+02 7.464951928893971456e+01
6.700215108938232333e+02 7.440289257254440258e+01
6.710209030684413847e+02 7.415478528725016361e+01
6.720196593875367626e+02 7.390521851423805799e+01
6.730177959859636303e+02 7.365416247212456824e+01
6.740152385949729705e+02 7.340128197235277696e+01
6.750118793590645510e+02 7.314612836147686892e+01
6.760076101050776742e+02 7.288824885056349956e+01
6.770023160114704979e+02 7.262709043826774291e+01
6.779958752408822420e+02 7.236199437235907794e+01
6.789881656587372163e+02 7.209229692687927127e+01
6.799791273739090229e+02 7.181746789501673334e+01
6.809688893964662384e+02 7.153738228410601607e+01
6.819576164381589933e+02 7.125199168557401208e+01
6.829454902737069233e+02 7.096131073151167357e+01
6.839328650709851445e+02 7.066599097589589462e+01
6.849201950157407737e+02 7.036705349765264828e+01
6.859079321609273165e+02 7.006552310937773598e+01
6.868963053581168197e+02 6.976237106768628848e+01
6.878851845331935237e+02 6.945848250689040526e+01
6.888744071702354859e+02 6.915473477706373728e+01
6.898635925277365004e+02 6.885184385409918661e+01
6.908512920426767323e+02 6.854973607768474153e+01
6.918357310522836769e+02 6.824809664217762872e+01
6.928150912777864505e+02 6.794660023152798090e+01
6.937867416514314982e+02 6.764472641958155918e+01
6.947473310168019225e+02 6.734178192280417363e+01
6.956934833397993998e+02 6.703706817850437005e+01
6.966218347417426457e+02 6.673015163861158783e+01
6.975290517299631574e+02 6.642126123641280344e+01
6.984118054821746000e+02 6.611072772972983103e+01
6.992694162878430006e+02 6.579787495698177224e+01
7.001225602676918243e+02 6.547390946940791423e+01
7.010022278382490413e+02 6.512611738545913909e+01
7.019404735830148638e+02 6.474125865868977314e+01
7.030113780024873904e+02 6.428499185606196420e+01
7.043455766598501668e+02 6.369457901385308674e+01
7.060776888009224876e+02 6.290528194482777735e+01
