5.372649075450557632e+01 8.483635181305722028e+01
5.628739620279259981e+01 8.514951402401977987e+01
5.832753051911441133e+01 8.539620006594176971e+01
5.997440681964843634e+01 8.559196437747770858e+01
6.135553822057210027e+01 8.575236139728200158e+01
6.259243654600388851e+01 8.589216472598438656e+01
6.374691398922695384e+01 8.601838034661561494e+01
6.484656336745638328e+01 8.613356190265155021e+01
6.591857246974385021e+01 8.624021033868453401e+01
6.698978112905702176e+01 8.634078098431024273e+01
6.807506230101743938e+01 8.643616038186681294e+01
6.917459019784431007e+01 8.652530815485761195e+01
7.028763745083821846e+01 8.660706573482865167e+01
7.141347646268671667e+01 8.668027461631659492e+01
7.255123630724376937e+01 8.674381578578562824e+01
7.369965798860827988e+01 8.679667715600540134e+01
7.485741747255404732e+01 8.683786455999764087e+01
7.602319072485479978e+01 8.686638383078413028e+01
7.719564718212222942e+01 8.688128435193560506e+01
7.837341412397609020e+01 8.688189670086210015e+01
7.955510208256598048e+01 8.686766316326256288e+01
8.073932154751894075e+01 8.683802630846730608e+01
8.192469539499121822e+01 8.679244286963970012e+01
8.311007100792863866e+01 8.673062630049901145e+01
8.429449111086282187e+01 8.665251342529430190e+01
8.547700494638242219e+01 8.655804852158699703e+01
8.665666304856061686e+01 8.644717640445816187e+01
8.783265258587076119e+01 8.631989875664476131e+01
8.900441613584692391e+01 8.617632356291682072e+01
9.017142427764818535e+01 8.601657046240651994e+01
9.133314759043354059e+01 8.584075909424596773e+01
9.248910248564844494e+01 8.564900700684309243e+01
9.363900321377531100e+01 8.544142272381374426e+01
9.478261739509945016e+01 8.521811233421183829e+01
9.591971265071572361e+01 8.497918192705445506e+01
9.705006372509812707e+01 8.472472983292338711e+01
9.817352281872805975e+01 8.445477002111735487e+01
9.928998967387956043e+01 8.416926468074683498e+01
1.003993647228437567e+02 8.386817524938966528e+01
1.015015494849593694e+02 8.355146330402723720e+01
1.025964887703972863e+02 8.321909597328293273e+01
1.036841842299851493e+02 8.287104767505945802e+01
1.047646413747137473e+02 8.250729332228927149e+01
1.058378657836661745e+02 8.212780797530838583e+01
1.069039389381314606e+02 8.173273100458553131e+01
1.079631635443305129e+02 8.132268067968624337e+01
1.090158823931773355e+02 8.089836204395525954e+01
1.100624382755861177e+02 8.046048014073747368e+01
1.111031935564307105e+02 8.000978748642852167e+01
1.121386475086490435e+02 7.954736864283297848e+01
1.131693578591012539e+02 7.907444994102714020e+01
1.141958825534783983e+02 7.859225824282140138e+01
1.152187794511100947e+02 7.810202102479942710e+01
1.162386046630473544e+02 7.760497820884909004e+01
1.172559126748929543e+02 7.710238128778193811e+01
1.182712579104953647e+02 7.659548219401578706e+01
1.192851943935585837e+02 7.608553197601131046e+01
1.202982217606866158e+02 7.557366153588715463e+01
1.213107306471262348e+02 7.506076098126671070e+01
1.223230986805371430e+02 7.454769168476047980e+01
1.233357034885789574e+02 7.403531501897901990e+01
1.243488834572168855e+02 7.352440123855703291e+01
1.253627941444901523e+02 7.301529607745632688e+01
1.263775379051995316e+02 7.250822173339793153e+01
1.273932170881446524e+02 7.200340039016883509e+01
1.284099279873885280e+02 7.150104012722974289e+01
1.294276947533529096e+02 7.100118096760581921e+01
1.304464941439057952e+02 7.050375253479886339e+01
1.314663020880392139e+02 7.000868252146887016e+01
1.324870951663132530e+02 6.951590015902263531e+01
1.335088803202433496e+02 6.902540637947807056e+01
1.345317071172094074e+02 6.853730278034572621e+01
1.355556283180125661e+02 6.805169850073801285e+01
1.365806966953498716e+02 6.756870270725836747e+01
1.376069930402898081e+02 6.708848931522261694e+01
1.386346861185066359e+02 6.661143554378399756e+01
1.396639619174033555e+02 6.613795841043904034e+01
1.406950064243830525e+02 6.566847493268430469e+01
1.417280019830446633e+02 6.520339199533455599e+01
1.427631032934576183e+02 6.474303961214050673e+01
1.438004523809541411e+02 6.428771255097333892e+01
1.448401912047162341e+02 6.383770539575338887e+01
1.458824620993656254e+02 6.339331354382269978e+01
1.469274159325923108e+02 6.295485088012883068e+01
1.479752120488431331e+02 6.252264965522141438e+01
1.490260101567423021e+02 6.209704290867090037e+01
1.500799700465986746e+02 6.167836392622103148e+01
1.511372662336785595e+02 6.126699037035269413e+01
1.521981048965805030e+02 6.086339532761638793e+01
1.532626963195994563e+02 6.046806425793632656e+01
1.543312507870303705e+02 6.008148262123681604e+01
1.554039869726676386e+02 5.970416873675356584e+01
1.564811657522292876e+02 5.933680621679651779e+01
1.575630612422174863e+02 5.898013053410500106e+01
1.586499475638310059e+02 5.863487717981409020e+01
1.597420965214222406e+02 5.830178416297817279e+01
1.608397495831144965e+02 5.798162246167937894e+01
1.619431268980494565e+02 5.767518622319761334e+01
1.630524481726128840e+02 5.738327007599465901e+01
1.641679313646513378e+02 5.710666655619753129e+01
1.652896979390650358e+02 5.684605273465659536e+01
1.664177244468631898e+02 5.660193227553107675e+01
1.675519755014354359e+02 5.637479455819975982e+01
1.686924157094657346e+02 5.616512895697892560e+01
1.698389643684920145e+02 5.597339063897740630e+01
1.709913874087854424e+02 5.579991898307277154e+01
1.721494183422065589e+02 5.564502889309943612e+01
1.733127906806155067e+02 5.550903527289185035e+01
1.744812159970359176e+02 5.539222118570877740e+01
1.756542250727255521e+02 5.529460730560658988e+01
1.768312597371752304e+02 5.521608520793482455e+01
1.780117611996408300e+02 5.515654556787498564e+01
1.791951685272904342e+02 5.511587078616905444e+01
1.803808658031392724e+02 5.509373087121068124e+01
1.815681787494572745e+02 5.508957039597190430e+01
1.827564302703563612e+02 5.510282304746566240e+01
1.839449434114745827e+02 5.513292249550757163e+01
1.851330764520626531e+02 5.517929812857534699e+01
1.863202690205540080e+02 5.524136945017293954e+01
1.875059721897544307e+02 5.531855457316548552e+01
1.886896370324697898e+02 5.541027161041819937e+01
1.898707068858457490e+02 5.551603688178579432e+01
1.910485830515962959e+02 5.563590036206005607e+01
1.922226526214184616e+02 5.577009242731332961e+01
1.933923026758490380e+02 5.591884359529918669e+01
1.945569287496799689e+02 5.608238765344142962e+01
1.957160484116089663e+02 5.626100558558992759e+01
1.968692709389010815e+02 5.645501384374234988e+01
1.980162078424128254e+02 5.666472974373449034e+01
1.991564726769320828e+02 5.689046790285494382e+01
2.002898144910498104e+02 5.713236404957716275e+01
2.014162000959720444e+02 5.739026640626445896e+01
2.025356159708518931e+02 5.766399722822094986e+01
2.036480485961076283e+02 5.795337876872094540e+01
2.047535334657989665e+02 5.825815468125325935e+01
2.058522850261212511e+02 5.857778164614798300e+01
2.069445585527464004e+02 5.891165086832819497e+01
2.080306093213462759e+02 5.925915355271705920e+01
2.091107063917661435e+02 5.961965329071443165e+01
2.101852424200640144e+02 5.999226607621587704e+01
2.112546752702276933e+02 6.037597727354174992e+01
2.123194633937789035e+02 6.076977107001965805e+01
2.133800659138321976e+02 6.117263015454086883e+01
2.144369615532405930e+02 6.158349348570573056e+01
2.154906512639233256e+02 6.200125042535314890e+01
2.165416371978720349e+02 6.242478765776002092e+01
2.175904214429968420e+02 6.285299200520113061e+01
2.186374828585791192e+02 6.328480031215077162e+01
2.196832426730546786e+02 6.371927352949064982e+01
2.207281133299935618e+02 6.415549152606365624e+01
2.217725072729659246e+02 6.459253417071269610e+01
2.228168215052985772e+02 6.502951530328397212e+01
2.238613623341054222e+02 6.546574830978742909e+01
2.249064030569406043e+02 6.590061920254066763e+01
2.259522169239460538e+02 6.633351409817537103e+01
2.269990706780934318e+02 6.676383401552830321e+01
2.280471271451789903e+02 6.719121795630316285e+01
2.290964656668237751e+02 6.761549611103448854e+01
2.301471632255825739e+02 6.803650407280420609e+01
2.311992960392175007e+02 6.845407921423995390e+01
2.322528783896362086e+02 6.886820302249822134e+01
2.333078179781764447e+02 6.927910498016171914e+01
2.343640119791917300e+02 6.968703906437065143e+01
2.354213575670344767e+02 7.009225925226775189e+01
2.364797436148719498e+02 7.049503820923081321e+01
2.375390262929394680e+02 7.089572222386783551e+01
2.385990537193017076e+02 7.129467571242221879e+01
2.396596740120232312e+02 7.169226309113732043e+01
2.407207412508958555e+02 7.208883422430014321e+01
2.417821677918141461e+02 7.248459673029111627e+01
2.428438989377586665e+02 7.287967780707897703e+01
2.439058803652000620e+02 7.327420374098254285e+01
2.449680576740411482e+02 7.366830100665237069e+01
2.460303739041204665e+02 7.406210237566408239e+01
2.470927689923582591e+02 7.445574825176383627e+01
2.481551826892755628e+02 7.484937949717831884e+01
2.492175546961142913e+02 7.524313709369262426e+01
2.502797967716713856e+02 7.563722981526782974e+01
2.513417461189512778e+02 7.603204731836976293e+01
2.524032276405355333e+02 7.642800910196513087e+01
2.534640662390054899e+02 7.682553466502059791e+01
2.545240846829009911e+02 7.722504880361181279e+01
2.555830921786909471e+02 7.762700997752685339e+01
2.566408926227458096e+02 7.803188982725635015e+01
2.576972898990649128e+02 7.844016002399925469e+01
2.587520879230112314e+02 7.885229219392978450e+01
2.598050911663102625e+02 7.926875716453815812e+01
2.608561045783883401e+02 7.969002507755202203e+01
2.619049331241892560e+02 8.011656605242340845e+01
2.629513821110823528e+02 8.054884938396038763e+01
2.639952914151521099e+02 8.098726111717242304e+01
2.650365646422470718e+02 8.143203382043451199e+01
2.660751122661546901e+02 8.188338352246985608e+01
2.671108447606619620e+02 8.234152625200154318e+01
2.681436793086020884e+02 8.280666188387229454e+01
2.691735616149114776e+02 8.327892161808122751e+01
2.702004449626787732e+02 8.375841840813393446e+01
2.712242826350521909e+02 8.424526520739223656e+01
2.722450282519108100e+02 8.473957415991331743e+01
2.732626390293060581e+02 8.524144876665675952e+01
2.742770743606796486e+02 8.575098729540985687e+01
2.752882936698572394e+02 8.626828794093231068e+01
2.762962566348185192e+02 8.679344828402014400e+01
2.773009327547517842e+02 8.732654218016530479e+01
2.783023042529102327e+02 8.786761274706378799e+01
2.793003541995034311e+02 8.841670105640207566e+01
2.802950656826284899e+02 8.897384813666538150e+01
2.812864393639555374e+02 8.953905257429602216e+01
2.822745263726558278e+02 9.011219107136719231e+01
2.832593868413003406e+02 9.069311858578647900e+01
2.842410809024599416e+02 9.128169007546148350e+01
2.852196853785810617e+02 9.187772019962338277e+01
2.861953919642029405e+02 9.248074625214147204e+01
2.871684407004739796e+02 9.309018879117948586e+01
2.881390717968540116e+02 9.370546796850484839e+01
2.891075256011079659e+02 9.432600360091038283e+01
2.900740451985127493e+02 9.495120887497121487e+01
2.910388761860170348e+02 9.558049089402616971e+01
2.920022642536020498e+02 9.621325653608997186e+01
2.929644549010954506e+02 9.684891313818880576e+01
2.939256691030381035e+02 9.748692723898847134e+01
2.948860793638244786e+02 9.812688237933473090e+01
2.958458525001189514e+02 9.876837582969612583e+01
2.968051553285861814e+02 9.941100486054139651e+01
2.977641425301640652e+02 1.000543960390484841e+02
2.987229131030914004e+02 1.006983103553173606e+02
2.996815500850143508e+02 1.013425473297190109e+02
3.006401365122483185e+02 1.019869064858387304e+02
3.015987519365081653e+02 1.026311957597323783e+02
3.025574351512786961e+02 1.032753214853842678e+02
3.035161985353311138e+02 1.039192537667987040e+02
3.044750540218099673e+02 1.045629637838043777e+02
3.054340130313579493e+02 1.052064239535375236e+02
3.063930638631722445e+02 1.058496625140562628e+02
3.073521627875625768e+02 1.064927850291212508e+02
3.083112637213303060e+02 1.071359027444480603e+02
3.092703205762595644e+02 1.077791269178659945e+02
3.102292772753955887e+02 1.084225929228297218e+02
3.111880468436004321e+02 1.090665107297038361e+02
3.121465363496826058e+02 1.097111046884415799e+02
3.131046528624511325e+02 1.103565991489962101e+02
3.140622962411822527e+02 1.110032358669030828e+02
3.150193125380255879e+02 1.116513865013155851e+02
3.159755234819679686e+02 1.123014814334764964e+02
3.169307506827656198e+02 1.129539513324806563e+02
3.178848139678360667e+02 1.136092311704125848e+02
3.188374936001177957e+02 1.142678514374364909e+02
3.197885310562051586e+02 1.149304362631926466e+02
3.207376661860001832e+02 1.155976137045437468e+02
3.216846390074156830e+02 1.162700114127409847e+02
3.226292180785881101e+02 1.169481881371823704e+02
3.235712324668043038e+02 1.176325565459795257e+02
3.245105189571538631e+02 1.183235106749117449e+02
3.254469143347268982e+02 1.190214445597583932e+02
3.263802769976518903e+02 1.197267000578621321e+02
3.273105724063308344e+02 1.204393605556416986e+02
3.282377991115794202e+02 1.211594295522739344e+02
3.291619556738905317e+02 1.218869105235730643e+02
3.300830454204350985e+02 1.226217954375752441e+02
3.310011329109746043e+02 1.233639284337873931e+02
3.319163251616908497e+02 1.241130511528647702e+02
3.328287300416280914e+02 1.248689031764693880e+02
3.337384559202152445e+02 1.256312228782289537e+02
3.346456378335861928e+02 1.263996842526071021e+02
3.355504503288759679e+02 1.271738659060121392e+02
3.364530711475952103e+02 1.279533387329410346e+02
3.373536780355132123e+02 1.287376736176104259e+02
3.382524712187645264e+02 1.295263871718049131e+02
3.391497258787613873e+02 1.303188150491603210e+02
3.400457327999351946e+02 1.311142552342732301e+02
3.409407827667170068e+02 1.319120057117399654e+02
3.418351655175836754e+02 1.327113669912961882e+02
3.427291623141140349e+02 1.335116600475744235e+02
3.436230503053265579e+02 1.343122157837376847e+02
3.445171066130984059e+02 1.351123651684717402e+02
3.454116078303055701e+02 1.359114404475855622e+02
3.463068173042868239e+02 1.367088058444415992e+02
3.472029845084418866e+02 1.375038590770555800e+02
3.481003582614030734e+02 1.382959994441905849e+02
3.489991873961681677e+02 1.390846262099280466e+02
3.498997240858960822e+02 1.398691305744476949e+02
3.508022281062691263e+02 1.406488853837233819e+02
3.517069602853264314e+02 1.414232609431026901e+02
3.526141814511068446e+02 1.421916275579328328e+02
3.535241270275957390e+02 1.429534168643567682e+02
3.544368965149561745e+02 1.437083886475671761e+02
3.553525441423275311e+02 1.444564119866477938e+02
3.562711241079531419e+02 1.451973560352720654e+02
3.571926840438775912e+02 1.459311057993254224e+02
3.581171786570895961e+02 1.466577706257031934e+02
3.590444937498070317e+02 1.473776262121918990e+02
3.599745134972059759e+02 1.480909521846055839e+02
3.609071224408947955e+02 1.487980272841140277e+02
3.618422285095294342e+02 1.494990737905909839e+02
3.627797767111523513e+02 1.501942244664031421e+02
3.637197153423851432e+02 1.508836041345894330e+02
3.646619927001588053e+02 1.515673376174421492e+02
3.656065647346116521e+02 1.522455312607692406e+02
3.665534149174509366e+02 1.529182249674064451e+02
3.675025329045909075e+02 1.535854437101887413e+02
3.684539083519453584e+02 1.542472124619510510e+02
3.694075355805142067e+02 1.549035449330171446e+02
3.703634500346778395e+02 1.555543555531072286e+02
3.713217085553803827e+02 1.561995070960778946e+02
3.722823681671428631e+02 1.568388618925926608e+02
3.732454861295686896e+02 1.574722817057743782e+02
3.742111263851565468e+02 1.580996121647920347e+02
3.751793603559335111e+02 1.587206808416157457e+02
3.761502598589702302e+02 1.593353143544964041e+02
3.771238967304321363e+02 1.599433392755832699e+02
3.781003491952766353e+02 1.605445667531247693e+02
3.790797111018461578e+02 1.611387702171912508e+02
3.800620786423252753e+02 1.617257174393206753e+02
3.810475480088979907e+02 1.623051761910506912e+02
3.820362091306866432e+02 1.628769293642790785e+02
3.830281157182547531e+02 1.634408472901762934e+02
3.840233084925992557e+02 1.639968316594805060e+02
3.850218281579948325e+02 1.645447842032998835e+02
3.860237106558814730e+02 1.650846181512442001e+02
3.870289174116319373e+02 1.656164266306295474e+02
3.880373507790216081e+02 1.661404453802314265e+02
3.890489114902146639e+02 1.666569140537403655e+02
3.900635001322600601e+02 1.671660726551860989e+02
3.910810060183505925e+02 1.676681884061336518e+02
3.921012993255184824e+02 1.681635747269905607e+02
3.931242483738729447e+02 1.686525495211792247e+02
3.941497214835487171e+02 1.691354306920603676e+02
3.951776121186790078e+02 1.696124754400202619e+02
3.962079113027115227e+02 1.700837054364553751e+02
3.972406337172400868e+02 1.705490852369519530e+02
3.982757940438584683e+02 1.710085793970962129e+02
3.993134116984305138e+02 1.714621410429307105e+02
4.003535515747500995e+02 1.719096135070125229e+02
4.013963039262334860e+02 1.723507788983264390e+02
4.024417592813881583e+02 1.727854186617292100e+02
4.034900081770085194e+02 1.732133142220698971e+02
4.045411414193634982e+02 1.736342463536251444e+02
4.055952501370224468e+02 1.740479950525647439e+02
4.066524254775133045e+02 1.744543402692876271e+02
4.077127585673782164e+02 1.748530620048574349e+02
4.087763297277547281e+02 1.752439663468793469e+02
4.098431908670622192e+02 1.756269279772955088e+02
4.109133892793284417e+02 1.760018327181695668e+02
4.119869722585808063e+02 1.763685663915649400e+02
4.130639754848248799e+02 1.767270428582760076e+02
4.141443619882196572e+02 1.770773513713442924e+02
4.152280667643390188e+02 1.774196488652883090e+02
4.163150247490191305e+02 1.777540924188462554e+02
4.174051691129586743e+02 1.780808433721753374e+02
4.184984023769565056e+02 1.784001370608482091e+02
4.195946010926267604e+02 1.787122715156054653e+02
4.206936409906556946e+02 1.790175467490826975e+02
4.217953977225088238e+02 1.793162629651710347e+02
4.228997393008394852e+02 1.796087388094947528e+02
4.240065198490481180e+02 1.798953264593152142e+02
4.251155920193574502e+02 1.801763816436320838e+02
4.262268084639908921e+02 1.804522600914451118e+02
4.273400224851605458e+02 1.807233159625386349e+02
4.284550901065888411e+02 1.809898968463843119e+02
4.295718680641705305e+02 1.812523486131150605e+02
4.306902130938033793e+02 1.815110171328579440e+02
4.318099820497852761e+02 1.817662479898962715e+02
4.329310330284755537e+02 1.820183837699235312e+02
4.340532248680639213e+02 1.822677652677035383e+02
4.351764164166859814e+02 1.825147332539885952e+02
4.363004668805859865e+02 1.827596276349788695e+02
4.374252488992477197e+02 1.830027558861594912e+02
4.385506522850869260e+02 1.832443840238809400e+02
4.396765679707378922e+02 1.834847753600451199e+02
4.408028868836080960e+02 1.837241932191730029e+02
4.419294953976024658e+02 1.839629119189156654e+02
4.430562670016710172e+02 1.842012368839613430e+02
4.441830729216055715e+02 1.844394790027455429e+02
4.453097843831985756e+02 1.846779491637041133e+02
4.464362743649621734e+02 1.849169540238370928e+02
4.475624277169308129e+02 1.851567715797895630e+02
4.486881342141916775e+02 1.853976679380920700e+02
4.498132836477389560e+02 1.856399091668723145e+02
4.509377664679651048e+02 1.858837597423305112e+02
4.520614858889924221e+02 1.861294533263057644e+02
4.531843566814673068e+02 1.863771956807272261e+02
4.543062940332461608e+02 1.866271915602912941e+02
4.554272131489138360e+02 1.868796456793086236e+02
4.565470312829077102e+02 1.871347578033367540e+02
4.576656696846877139e+02 1.873927180531538284e+02
4.587830500646630298e+02 1.876537154367153732e+02
4.598990941332426701e+02 1.879179389619770291e+02
4.610137321380018989e+02 1.881855570263614368e+02
4.621269329039414515e+02 1.884566448931915374e+02
4.632386761475360117e+02 1.887312515314584971e+02
4.643489415859081078e+02 1.890094259085905151e+02
4.654577116903307115e+02 1.892912103429072488e+02
4.665650005590567275e+02 1.895765707984622281e+02
4.676708425111532392e+02 1.898654244219522411e+02
4.687752721945441863e+02 1.901576875661453414e+02
4.698783248515196647e+02 1.904532751488803513e+02
4.709800616984866792e+02 1.907520393808811718e+02
4.720805794530493245e+02 1.910537467653314252e+02
4.731799773911039892e+02 1.913581576291468593e+02
4.742783547905727346e+02 1.916650322943507376e+02
4.753758143745689040e+02 1.919741227654639886e+02
4.764724693653931240e+02 1.922851556994903035e+02
4.775684349782100071e+02 1.925978529421908831e+02
4.786638264281836541e+02 1.929119363393267577e+02
4.797587598630108232e+02 1.932271254852674929e+02
4.808533582776270237e+02 1.935431234432450083e+02
4.819477477184947247e+02 1.938596259092578862e+02
4.830420542461007472e+02 1.941763285454456991e+02
4.841364043942407989e+02 1.944929258712545277e+02
4.852309349605600346e+02 1.948090876264746498e+02
4.863257926723125593e+02 1.951244595781848545e+02
4.874211246631907102e+02 1.954386865122146730e+02
4.885170779557320770e+02 1.957514134827413841e+02
4.896137817520818771e+02 1.960623285657572978e+02
4.907113280019195258e+02 1.963712097717848053e+02
4.918098039814158255e+02 1.966778463940855488e+02
4.929092969667412376e+02 1.969820277259210286e+02
4.940098804131396264e+02 1.972835764270828065e+02
4.951115603555890630e+02 1.975824779236048130e+02
4.962143223018881599e+02 1.978787671983089638e+02
4.973181517549613773e+02 1.981724792457847855e+02
4.984230328108875483e+02 1.984636524570676102e+02
4.995289318332640391e+02 1.987523680334431049e+02
5.006358030551754155e+02 1.990387364620189601e+02
5.017436004741311990e+02 1.993228687986348291e+02
5.028522781446811223e+02 1.996048759614506309e+02
5.039617930585789622e+02 1.998848617790588946e+02
5.050721065012063491e+02 2.001629197164656944e+02
5.061831800985893892e+02 2.004391424164588784e+02
5.072949754771595394e+02 2.007136225208473377e+02
5.084074559718104638e+02 2.009864485487970285e+02
5.095205905287729138e+02 2.012576954789037700e+02
5.106343492445836318e+02 2.015274355139927707e+02
5.117487022157789056e+02 2.017957408568888411e+02
5.128636178696386878e+02 2.020626877417351750e+02
5.139790513278292110e+02 2.023283845362452666e+02
5.150949513470336569e+02 2.025929549798094627e+02
5.162112666442342288e+02 2.028565229076985759e+02
5.173279447046566020e+02 2.031192151294000041e+02
5.184449029207264630e+02 2.033812311169044733e+02
5.195620275791163749e+02 2.036428454505943364e+02
5.206792035320835339e+02 2.039043361744143112e+02
5.217963156230417781e+02 2.041659813536930415e+02
5.229132467713776578e+02 2.044280637066241013e+02
5.240298755792035763e+02 2.046908763918399359e+02
5.251460800606581643e+02 2.049547139898662635e+02
5.262617382298799384e+02 2.052198710812290017e+02
5.273767315548280976e+02 2.054866339098615242e+02
5.284909596995446464e+02 2.057552447992508746e+02
5.296043282989110139e+02 2.060259316608840834e+02
5.307167429913216665e+02 2.062989223977711220e+02
5.318281095058912342e+02 2.065744446926614728e+02
5.329383348306640755e+02 2.068527231717734765e+02
5.340473268747682596e+02 2.071339802250427624e+02
5.351549935684084858e+02 2.074184381912319850e+02
5.362612429460131125e+02 2.077063191567638682e+02
5.373659894505117336e+02 2.079978296921024139e+02
5.384691575482438566e+02 2.082931520995052495e+02
5.395706725784120863e+02 2.085924665678981285e+02
5.406704598802796227e+02 2.088959532860564536e+02
5.417684458195170691e+02 2.092037899160195025e+02
5.428645603973168363e+02 2.095161451701684427e+02
5.439587344194101206e+02 2.098331857803291598e+02
5.450508986915275500e+02 2.101550784783273969e+02
5.461409848831775662e+02 2.104819878802957760e+02
5.472289321501847326e+02 2.108140602657543639e+02
5.483146834896141399e+02 2.111514325056760413e+02
5.493981819298792288e+02 2.114942413942522990e+02
5.504793694682005025e+02 2.118426262061729233e+02
5.515581595381959232e+02 2.121967949248457330e+02
5.526344340261015304e+02 2.125570314197755977e+02
5.537080731883565932e+02 2.129236234808849986e+02
5.547789572522063963e+02 2.132968589681400147e+02
5.558469574061465437e+02 2.136770474282648138e+02
5.569119230513460934e+02 2.140645506825145503e+02
5.579737003722785857e+02 2.144597382699940908e+02
5.590321355534166514e+02 2.148629797298082167e+02
5.600870921832536169e+02 2.152746025798489597e+02
5.611385329374928688e+02 2.156946950964525058e+02
5.621864555089498481e+02 2.161232610087348576e+02
5.632308576306359100e+02 2.165603039487600938e+02
5.642717412960132606e+02 2.170058173015540604e+02
5.653091738111605764e+02 2.174596373652731813e+02
5.663432735718594131e+02 2.179214775594951732e+02
5.673741603358627117e+02 2.183910480280482886e+02
5.684019537024823876e+02 2.188680593122310825e+02
5.694267614535335724e+02 2.193522515991149362e+02
5.704486715845588378e+02 2.198434147122886770e+02
5.714677702049539221e+02 2.203413432069952478e+02
5.724841434240601075e+02 2.208458316386099227e+02
5.734978614982483123e+02 2.213567139152180516e+02
5.745089341030549122e+02 2.218739743280771108e+02
5.755173564452427399e+02 2.223976330850852037e+02
5.765231237315740600e+02 2.229277103941404903e+02
5.775262289011149051e+02 2.234642325470641424e+02
5.785266434838057421e+02 2.240072832734396115e+02
5.795243272349954395e+02 2.245569778924766524e+02
5.805192397879212649e+02 2.251134320509946463e+02
5.815113419101594445e+02 2.256767588151877817e+02
5.825006302529270670e+02 2.262469896158832512e+02
5.834871438187907415e+02 2.268240595344911696e+02
5.844709240493435800e+02 2.274078981036284972e+02
5.854520124056771238e+02 2.279984348133727394e+02
5.864304594991366457e+02 2.285955791901314456e+02
5.874063396533690593e+02 2.291991890257306181e+02
5.883797309827408526e+02 2.298091138415510670e+02
5.893507116016179452e+02 2.304252031589732042e+02
5.903193508052941070e+02 2.310473274604095195e+02
5.912856635863789734e+02 2.316754862940153998e+02
5.922496442860796151e+02 2.323097282918652695e+02
5.932112872054958643e+02 2.329501021813633770e+02
5.941705829148669409e+02 2.335966647947023773e+02
5.951274585594429709e+02 2.342496107462969519e+02
5.960817882550411468e+02 2.349092498498451960e+02
5.970334444866367676e+02 2.355758954618269740e+02
5.979822995159888706e+02 2.362498612058556091e+02
5.989282050273487812e+02 2.369314853316353719e+02
5.998709758029023078e+02 2.376211502513434368e+02
6.008104227833151754e+02 2.383192429744866843e+02
6.017463569092540183e+02 2.390261505105723359e+02
6.026786048749115707e+02 2.397421998317737462e+02
6.036070583374439593e+02 2.404674703337596497e+02
6.045316256969358619e+02 2.412019776042141643e+02
6.054522153534891231e+02 2.419457372307566061e+02
6.063687429812998744e+02 2.426987364130708045e+02
6.072811992163374271e+02 2.434606698044738948e+02
6.081896188574671669e+02 2.442310597078387104e+02
6.090940372720119740e+02 2.450094262075731706e+02
6.099944883471790718e+02 2.457952905041148028e+02
6.108909520529407473e+02 2.465882144523202157e+02
6.117833403451913910e+02 2.473878111907006030e+02
6.126715608325769153e+02 2.481936971356589368e+02
6.135555210524400991e+02 2.490054888298330980e+02
6.144350731533074850e+02 2.498229008760677345e+02
6.153099148441457373e+02 2.506459212965755512e+02
6.161797171275958362e+02 2.514745853943742020e+02
6.170441510062986481e+02 2.523089284724814831e+02
6.179028930452666373e+02 2.531489808160358734e+02
6.187556568867063334e+02 2.539947392624115992e+02
6.196021713346107163e+02 2.548461869713602255e+02
6.204421652382915227e+02 2.557033070617516728e+02
6.212753761217770716e+02 2.565660767438795347e+02
6.221017057514263797e+02 2.574343613583011461e+02
6.229212026427271667e+02 2.583079262909139402e+02
6.237339204733281122e+02 2.591865334115328210e+02
6.245399135432921867e+02 2.600699443756934670e+02
6.253393086975079314e+02 2.609578958638453514e+02
6.261323722092549815e+02 2.618500765552717553e+02
6.269193861687376739e+02 2.627461696839462206e+02
6.277006326661606863e+02 2.636458584838424599e+02
6.284763876863070209e+02 2.645488372393770646e+02
6.292469000430071446e+02 2.654548494127467393e+02
6.300124109943850499e+02 2.663636521415227207e+02
6.307731617982573198e+02 2.672750025638277975e+02
6.315293874980601458e+02 2.681886634936153087e+02
6.322812530688272545e+02 2.691044617409510238e+02
6.330288792914141140e+02 2.700222644801117440e+02
6.337723862542344477e+02 2.709419395178067589e+02
6.345118959145099780e+02 2.718633543223972424e+02
6.352476093729550257e+02 2.727863620332971664e+02
6.359798344632939688e+02 2.737107964658854371e+02
6.367088865611360688e+02 2.746364900700802991e+02
6.374350810844417765e+02 2.755632752825779903e+02
6.381587955050281380e+02 2.764909651652993716e+02
6.388805936080958645e+02 2.774193146084421642e+02
6.396010740006681772e+02 2.783480676299557786e+02
6.403208352897681834e+02 2.792769682477894548e+02
6.410404543641762984e+02 2.802057707440296781e+02
6.417603512139309032e+02 2.811343035517992917e+02
6.424808768957681195e+02 2.820624276824036656e+02
6.432023821699511927e+02 2.829900042872619679e+02
6.439252043048034011e+02 2.839169002023446637e+02
6.446493946862593702e+02 2.848431027142700600e+02
6.453747317665593073e+02 2.857687141046389456e+02
6.461009830974861643e+02 2.866938412477351221e+02
6.468279157738675167e+02 2.876185912052722529e+02
6.475552276489333963e+02 2.885430994398275288e+02
6.482824738536701261e+02 2.894675599544392526e+02
6.490091919087362839e+02 2.903921739753837983e+02
6.497349193347903338e+02 2.913171427289371991e+02
6.504592595995845841e+02 2.922426397277199044e+02
6.511821329738530721e+02 2.931687053508319991e+02
6.519035547429410826e+02 2.940953400483629139e+02
6.526235402101923455e+02 2.950225442628381529e+02
6.533421032670139539e+02 2.959503188819783190e+02
6.540592403406801623e+02 2.968786703000852754e+02
6.547749360715987450e+02 2.978076086279547212e+02
6.554891748790037127e+02 2.987371440461197381e+02
6.562019384871859984e+02 2.996672878344415381e+02
6.569130744632749384e+02 3.005981059984796957e+02
6.576222368868116064e+02 3.015297434716978842e+02
6.583290647752080531e+02 3.024623513317376364e+02
6.590331971627119856e+02 3.033960806491917310e+02
6.597343306498476068e+02 3.043310583905446265e+02
6.604323480897649006e+02 3.052673335347213879e+02
6.611271699350892277e+02 3.062049393170237863e+02
6.618187166384451530e+02 3.071439089727530245e+02
6.625069420369815134e+02 3.080842618590330630e+02
6.631920617093261399e+02 3.090259085252439490e+02
6.638744146891601758e+02 3.099687081996461870e+02
6.645543407369194711e+02 3.109125198083826263e+02
6.652321808959310374e+02 3.118572017427621290e+02
6.659083067983599449e+02 3.128025996416677685e+02
6.665831212788863240e+02 3.137485461357168788e+02
6.672570285778308516e+02 3.146948732695185527e+02
6.679304328185783106e+02 3.156414131362038233e+02
6.686037142694718796e+02 3.165880077275862163e+02
6.692772004272974300e+02 3.175345209331097749e+02
6.699512117180611313e+02 3.184808195762470859e+02
6.706260685677700621e+02 3.194267704804713048e+02
6.713020842504820394e+02 3.203722434499788960e+02
6.719795349381305414e+02 3.213171237520492696e+02
6.726586848083054520e+02 3.222613016528537173e+02
6.733397980325721619e+02 3.232046674210748733e+02
6.740231347476973269e+02 3.241471130022912348e+02
6.747089001808946023e+02 3.250885531629530192e+02
6.753972599205272900e+02 3.260289191437489080e+02
6.760883786763383796e+02 3.269681425505303878e+02
6.767824198384879537e+02 3.279061555363773550e+02
6.774794685782487704e+02 3.288429226915880008e+02
6.781794893741857777e+02 3.297784586574910577e+02
6.788824363863145663e+02 3.307127823544975627e+02
6.795882637726741677e+02 3.316459127038365864e+02
6.802969020127601425e+02 3.325778784458541395e+02
6.810081989772720590e+02 3.335087425774468670e+02
6.817219845327940675e+02 3.344385755615316498e+02
6.824380885459108868e+02 3.353674478610255960e+02
6.831563466108775629e+02 3.362954275682784555e+02
6.838766431324645509e+02 3.372225625739533825e+02
6.845988872129526044e+02 3.381488905469130941e+02
6.853229881461120385e+02 3.390744490767672232e+02
6.860488571809434006e+02 3.399992749433514518e+02
6.867764583532728011e+02 3.409233830644418504e+02
6.875058132321406674e+02 3.418467645300029290e+02
6.882369462933017985e+02 3.427694092261601213e+02
6.889698819021979261e+02 3.436913070847303970e+02
6.897046127368761290e+02 3.446124611619192137e+02
6.904410561857787343e+02 3.455329056976310653e+02
6.911791186984496562e+02 3.464526794624797503e+02
6.919187067244320133e+02 3.473718212270782146e+02
6.926596930729135693e+02 3.482903836955389920e+02
6.934017619860094328e+02 3.492084976745671838e+02
6.941445320438331237e+02 3.501263211674116747e+02
6.948876217596607603e+02 3.510440122050047194e+02
6.956306452742537658e+02 3.519617306292051353e+02
6.963731510388017796e+02 3.528796634879483918e+02
6.971146368012809944e+02 3.537980188284782912e+02
6.978545989975687007e+02 3.547170052414593329e+02
6.985925335226628476e+02 3.556368315415724055e+02
6.993278975118362268e+02 3.565577225966635524e+02
7.000600840848765074e+02 3.574799297879542905e+02
7.007884803674213572e+02 3.584037069792710213e+02
7.015124734851978019e+02 3.593293080344029704e+02
7.022314620157434319e+02 3.602569820731569052e+02
7.029448876380947695e+02 3.611869603602793859e+02
7.036522021697392120e+02 3.621194699606022596e+02
7.043528574281638157e+02 3.630547379389573166e+02
7.050463563541225085e+02 3.639929701841460883e+02
7.057326762772554503e+02 3.649341760859300052e+02
7.064120518483214255e+02 3.658782584477764885e+02
7.070847202670126990e+02 3.668251190173454575e+02
7.077509227129455667e+02 3.677746578937574782e+02
7.084110228893454178e+02 3.687267244251556804e+02
7.090655271984792307e+02 3.696811088517599728e+02
7.097149500870405063e+02 3.706375980816785045e+02
7.103598058385746299e+02 3.715959790905963587e+02
7.110005387101936094e+02 3.725560678601435143e+02
7.116374141104400906e+02 3.735177544535667380e+02
7.122706693053783056e+02 3.744809405911282738e+02
7.129005415610711225e+02 3.754455279930894562e+02
7.135272992827040071e+02 3.764114054814995143e+02
7.141513996170895098e+02 3.773783836992674310e+02
7.147733704487035311e+02 3.783462439888783706e+02
7.153937397867754271e+02 3.793147676411435896e+02
7.160130449897317249e+02 3.802837320743223586e+02
7.166319790489019397e+02 3.812528502416395213e+02
7.172513633605985888e+02 3.822217819094174729e+02
7.178720231615387775e+02 3.831901852532369048e+02
7.184947829487597346e+02 3.841577187550652752e+02
7.191204019690851510e+02 3.851240679245132696e+02
7.197495240561552237e+02 3.860889660771094327e+02
7.203827812366783974e+02 3.870521514189950949e+02
7.210208055373641400e+02 3.880133621563116435e+02
7.216641490893979380e+02 3.889723695890186264e+02
7.223130395378236699e+02 3.899290794236754323e+02
7.229676221613809730e+02 3.908834314840909201e+02
7.236280422387992530e+02 3.918353655940781550e+02
7.242944326647118487e+02 3.927848267070966699e+02
7.249668009508419573e+02 3.937318117117724228e+02
7.256450817466821945e+02 3.946763476771730552e+02
7.263292088020141364e+02 3.956184620450395641e+02
7.270191148705262094e+02 3.965581826697016368e+02
7.277146974555341785e+02 3.974955520064618213e+02
7.284158101823477409e+02 3.984306306852272428e+02
7.291223039286883250e+02 3.993634804739768356e+02
7.298340294925286571e+02 4.002941631737219268e+02
7.305507821491521554e+02 4.012227635835139381e+02
7.312722046211351881e+02 4.021494296912214850e+02
7.319979136602798917e+02 4.030743202420621856e+02
7.327275260183880619e+02 4.039975939812530328e+02
7.334606618227110175e+02 4.049194082557314687e+02
7.341969633442636223e+02 4.058399112393782957e+02
7.349360817793045726e+02 4.067592474087922483e+02
7.356776683487140645e+02 4.076775612303719072e+02
7.364213764319787288e+02 4.085949962763573353e+02
7.371668993926762141e+02 4.095116795563866958e+02
7.379139658490222473e+02 4.104277234765769435e+02
7.386623056272471786e+02 4.113432399426490633e+02
7.394116487085700555e+02 4.122583407961246280e+02
7.401617422757014992e+02 4.131731307532199935e+02
7.409123661153518015e+02 4.140877010247303929e+02
7.416633036504194934e+02 4.150021413152469449e+02
7.424143383038035608e+02 4.159165413293607116e+02
7.431652766684082962e+02 4.168309811745281195e+02
7.439160268893099328e+02 4.177454988947774837e+02
7.446665249259579014e+02 4.186601210132804454e+02
7.454167067385214978e+02 4.195748740529120937e+02
7.461665114454166314e+02 4.204897832286263792e+02
7.469159131330499122e+02 4.214048592741438028e+02
7.476649076452143845e+02 4.223201039128337584e+02
7.484134911539149471e+02 4.232355187321443850e+02
7.491616603593498667e+02 4.241511051008479285e+02
7.499094336486912198e+02 4.250668554091566875e+02
7.506568582673335186e+02 4.259827500997760126e+02
7.514039834599092273e+02 4.268987687877132657e+02
7.521508584961302404e+02 4.278148910775898344e+02
7.528975645801762084e+02 4.287310833505183609e+02
7.536442773833273350e+02 4.296472728704218298e+02
7.543911899613738115e+02 4.305633797025989224e+02
7.551384953701059430e+02 4.314793239123483772e+02
7.558863921453116745e+02 4.323950232973769516e+02
7.566351177758369886e+02 4.333103795368348301e+02
7.573849266217114291e+02 4.342252873286714703e+02
7.581360731107323545e+02 4.351396413427941638e+02
7.588888101992562270e+02 4.360533368592296597e+02
7.596433603718008953e+02 4.369662817928496565e+02
7.603999174040661728e+02 4.378783959623550572e+02
7.611586739533046284e+02 4.387895996501993068e+02
7.619198221570593432e+02 4.396998133541312086e+02
7.626834796179912246e+02 4.406089884488208668e+02
7.634496124488786108e+02 4.415171390653413255e+02
7.642181683794059381e+02 4.424242869501709947e+02
7.649890951392584384e+02 4.433304538497881140e+02
7.657622775697349198e+02 4.442356875557835565e+02
7.665373029953974537e+02 4.451401590757719191e+02
7.673136708457215036e+02 4.460440758189620283e+02
7.680908805371731205e+02 4.469476451999489655e+02
7.688684255255187736e+02 4.478510770972688988e+02
7.696457269080176502e+02 4.487546112998777517e+02
7.704221576010013450e+02 4.496585075130028599e+02
7.711970896477210999e+02 4.505630258027731543e+02
7.719698972302467155e+02 4.514684253474216575e+02
7.727400575160883136e+02 4.523749225724649818e+02
7.735071942177457913e+02 4.532826730676725333e+02
7.742709422396919763e+02 4.541918277766494043e+02
7.750309365025941588e+02 4.551025376362630936e+02
7.757868575832252418e+02 4.560149345888597168e+02
7.765385315765895484e+02 4.569290900361583567e+02
7.772858135058784228e+02 4.578450633447505425e+02
7.780285583942824132e+02 4.587629138812273482e+02
7.787666448555396528e+02 4.596826911960333746e+02
7.795001334348484079e+02 4.606043691370033457e+02
7.802291692842003386e+02 4.615278863466523944e+02
7.809538980249317319e+02 4.624531812722007089e+02
7.816744725714983133e+02 4.633801893285072993e+02
7.823912155962909765e+02 4.643087753478645823e+02
7.831046206573444124e+02 4.652387331111152662e+02
7.838151888313572044e+02 4.661698532729636213e+02
7.845234218610429480e+02 4.671019262119099835e+02
7.852299491005319396e+02 4.680346893842746567e+02
7.859356782237352945e+02 4.689677648234026606e+02
7.866415535910064136e+02 4.699007593482765515e+02
7.873485195626971063e+02 4.708332797778781469e+02
7.880574843151157438e+02 4.717649480110552531e+02
7.887691711838300535e+02 4.726954629798731844e+02
7.894842446358690040e+02 4.736245481501280210e+02
7.902033691132670583e+02 4.745519269980328545e+02
7.909271825363480275e+02 4.754773340855133483e+02
7.916559688129823371e+02 4.764006519468692886e+02
7.923897596999911457e+02 4.773218685120962164e+02
7.931285815428536807e+02 4.782409739730575211e+02
7.938724589570725811e+02 4.791579592723907126e+02
7.946213176435151126e+02 4.800728582796988348e+02
7.953749327295618059e+02 4.809857702104525856e+02
7.961330667055425465e+02 4.818967997643483159e+02
7.968954820602042446e+02 4.828060516419209307e+02
7.976619272392246103e+02 4.837136379746186776e+02
7.984321024305979790e+02 4.846196964295257317e+02
7.992056974644185630e+02 4.855243701546265811e+02
7.999824021707811426e+02 4.864278022979056573e+02
8.007619184647207931e+02 4.873301318489118898e+02
8.015440495310131155e+02 4.882314629502180310e+02
8.023286490837812153e+02 4.891318823572185011e+02
8.031155712089098415e+02 4.900314766973845622e+02
8.039046713288445289e+02 4.909303322403279708e+02
8.046958400458075857e+02 4.918285258364014112e+02
8.054890058002300748e+02 4.927261242049138446e+02
8.062840989016749518e+02 4.936231935647205091e+02
8.070810498118507894e+02 4.945198000759555157e+02
8.078798296337450893e+02 4.954159942133697427e+02
8.086805046584565844e+02 4.963117897141337380e+02
8.094831547862770549e+02 4.972071950629888306e+02
8.102878599174997589e+02 4.981022187446770317e+02
8.110946882288629922e+02 4.989968723790103695e+02
8.119036431955429407e+02 4.998911848880595699e+02
8.127147060936306389e+02 5.007851911302965391e+02
8.135278581793008925e+02 5.016789259695175929e+02
8.143430851520738543e+02 5.025724205175434349e+02
8.151604381394487291e+02 5.034656506385870216e+02
8.159800181000091470e+02 5.043585501193230130e+02
8.168019272436143865e+02 5.052510516898444166e+02
8.176262668641634264e+02 5.061430878846558130e+02
8.184530751464089917e+02 5.070345777623134040e+02
8.192822874564596987e+02 5.079254184260965985e+02
8.201138297045264380e+02 5.088155049601298288e+02
8.209476277996611771e+02 5.097047324485418471e+02
8.217835312411659743e+02 5.105929962777943274e+02
8.226211062814472825e+02 5.114801929550843624e+02
8.234598535546521134e+02 5.123662192472424977e+02
8.242992736949278196e+02 5.132509719210993353e+02
8.251388528489518421e+02 5.141343384040602587e+02
8.259779450199550865e+02 5.150161209365450077e+02
8.268158335193126049e+02 5.158960761870878287e+02
8.276518009902114272e+02 5.167739603934716115e+02
8.284851305937764891e+02 5.176495261837175121e+02
8.293151210133673885e+02 5.185224180038151189e+02
8.301410887721028757e+02 5.193921559657542275e+02
8.309623513773609602e+02 5.202582533217469063e+02
8.317782265491462113e+02 5.211202231821297346e+02
8.325881157505343708e+02 5.219775227793749082e+02
8.333916312439619105e+02 5.228294686893287917e+02
8.341884179399061168e+02 5.236753557033163133e+02
8.349781207488438213e+02 5.245144786126620602e+02
8.357604098981798870e+02 5.253461559368602138e+02
8.365351066760014191e+02 5.261698477763071651e+02
8.373020881628187908e+02 5.269850665225807234e+02
8.380612315281310885e+02 5.277913246506633413e+02
8.388130446493630643e+02 5.285888105612126537e+02
8.395683180238813748e+02 5.293887324733369724e+02
8.403462136709111974e+02 5.302112703129216698e+02
8.411661370250540131e+02 5.310768648725643288e+02
8.420477875907371299e+02 5.320062644237293625e+02
8.430357097766589050e+02 5.330461950239091493e+02
8.442177927798680912e+02 5.342887039612554645e+02
8.456862830225830976e+02 5.358303944305117739e+02
8.475334269270229015e+02 5.377678696264222253e+02
