5.621875976205047465e+01 3.578691946183122354e+02
5.792728693290833064e+01 3.561488469726947415e+02
5.924684037389143043e+01 3.548122362179180413e+02
6.030638475497239170e+01 3.537303445953352252e+02
6.123155444507537482e+01 3.527774275773478507e+02
6.209470870568171108e+01 3.518801027901793077e+02
6.292535951393790583e+01 3.510071008880851195e+02
6.375178105677147755e+01 3.501283720205609598e+02
6.459406960168462319e+01 3.492228928162053307e+02
6.545227465794218347e+01 3.482917667594712725e+02
6.632343027779373301e+01 3.473394256825635011e+02
6.720479668416396635e+01 3.463702968811362553e+02
6.809560262251976326e+01 3.453887681660498856e+02
6.899609041801986109e+01 3.443992070176964262e+02
6.990650471683724732e+01 3.434059631459068100e+02
7.082672682449286583e+01 3.424123301080641681e+02
7.175607486849717986e+01 3.414199644252570351e+02
7.269381853094033374e+01 3.404303817982478222e+02
7.363909028377663901e+01 3.394448480701644826e+02
7.459031716773628773e+01 3.384633445042770745e+02
7.554570015155253770e+01 3.374854406900824983e+02
7.650343870157669812e+01 3.365106938996522672e+02
7.746170010039909926e+01 3.355383824218683344e+02
7.841861944684922037e+01 3.345675055624238325e+02
7.937233049993093914e+01 3.335970505187162871e+02
8.032109743295907833e+01 3.326260514374665718e+02
8.126359136185197940e+01 3.316536889652660420e+02
8.219856255503503917e+01 3.306791722437126850e+02
8.312487440332080268e+01 3.297017631258207757e+02
8.404270534527381642e+01 3.287213362348211945e+02
8.495308223736302011e+01 3.277381615295689130e+02
8.585705210432665524e+01 3.267525182937590671e+02
8.675639135538278879e+01 3.257650168566120215e+02
8.765429297291261435e+01 3.247769104870035335e+02
8.855411269451190037e+01 3.237895263234722734e+02
8.945895633383838685e+01 3.228040898573657387e+02
9.037026821021032674e+01 3.218211508295053136e+02
9.128881484922619904e+01 3.208409833135299323e+02
9.221533928128195612e+01 3.198638513736731852e+02
9.314982564866377857e+01 3.188896944105436546e+02
9.409131451354011233e+01 3.179180481471352095e+02
9.503878745357424407e+01 3.169484230719925222e+02
9.599122484674244049e+01 3.159803314483671670e+02
9.694760227227313010e+01 3.150132926383357130e+02
9.790689410970776407e+01 3.140468277786810631e+02
9.886809334938619998e+01 3.130804715895542358e+02
9.983049070016392079e+01 3.121139760853935172e+02
1.007936163153667479e+02 3.111472680427451678e+02
1.017570076035048743e+02 3.101802797445029682e+02
1.027203622602052349e+02 3.092131320050422119e+02
1.036837708973014571e+02 3.082464077911324694e+02
1.046473832295463637e+02 3.072807595870507953e+02
1.056113855698246766e+02 3.063169039865458672e+02
1.065762827703174338e+02 3.053561155732066936e+02
1.075427436970560962e+02 3.043999562360296522e+02
1.085114397131088282e+02 3.034499925729450069e+02
1.094831106745596969e+02 3.025079312524194393e+02
1.104586026016674651e+02 3.015756960522504642e+02
1.114387706470930937e+02 3.006552294263075282e+02
1.124244128783464163e+02 2.997483411013419072e+02
1.134160338740651923e+02 2.988561584211827267e+02
1.144140441574881066e+02 2.979795900440320793e+02
1.154188645689419133e+02 2.971195706126648588e+02
1.164311542282253527e+02 2.962776347085907673e+02
1.174518105346091943e+02 2.954559168520545427e+02
1.184817411526341857e+02 2.946565774216656450e+02
1.195216460544996835e+02 2.938812813365675538e+02
1.205715771327451762e+02 2.931301474925896855e+02
1.216314602249597243e+02 2.924029940757801000e+02
1.227010945384832041e+02 2.916993340105594825e+02
1.237788072040091123e+02 2.910151315549233573e+02
1.248619756253626463e+02 2.903440615046583844e+02
1.259479620564965074e+02 2.896797621351803969e+02
1.270342108993455099e+02 2.890160698392119230e+02
1.281183260994457100e+02 2.883472057827571007e+02
1.291979299328746151e+02 2.876674353398138919e+02
1.302708034974915279e+02 2.869714070236112207e+02
1.313357837383615561e+02 2.862563164569846776e+02
1.323921383252222483e+02 2.855203983363638258e+02
1.334391597464773724e+02 2.847619472477420004e+02
1.344769718323761083e+02 2.839812639074905860e+02
1.355067320802204733e+02 2.831811433980321908e+02
1.365296626032773588e+02 2.823645367280796563e+02
1.375470782879722833e+02 2.815346187440084122e+02
1.385606651133655305e+02 2.806954596428448667e+02
1.395722018316760114e+02 2.798513534592774477e+02
1.405834083383055599e+02 2.790064521320406357e+02
1.415950629911770875e+02 2.781626344788697907e+02
1.426071869029256618e+02 2.773199511266918762e+02
1.436197792669914861e+02 2.764783997838223968e+02
1.446326799747792506e+02 2.756375936067255452e+02
1.456453384162436748e+02 2.747962030893621090e+02
1.466571452416509374e+02 2.739527569292876024e+02
1.476675438545752570e+02 2.731059111914145774e+02
1.486764368077547260e+02 2.722554305083946815e+02
1.496839630669010717e+02 2.714016503073325453e+02
1.506902620821721825e+02 2.705449071856565979e+02
1.516953851409265326e+02 2.696853249216812856e+02
1.526992468781830610e+02 2.688226974240932350e+02
1.537017501739209422e+02 2.679567902256977732e+02
1.547028595109186426e+02 2.670875175839111648e+02
1.557028560871738421e+02 2.662155583861406285e+02
1.567021225995113980e+02 2.653418365634247493e+02
1.577010333237757607e+02 2.644672557166639422e+02
1.586997677887482610e+02 2.635922492835947537e+02
1.596983107761473946e+02 2.627167805387890098e+02
1.606966385974719742e+02 2.618407923078048043e+02
1.616947210818065344e+02 2.609642117643671213e+02
1.626925078306198031e+02 2.600869172424854696e+02
1.636899445110013289e+02 2.592087775765847368e+02
1.646869884706183882e+02 2.583296898002288913e+02
1.656837328438518000e+02 2.574498787619745030e+02
1.666803583694140514e+02 2.565697808039216170e+02
1.676770466427497013e+02 2.556898343364650827e+02
1.686739062551468749e+02 2.548103015216601648e+02
1.696709040129620405e+02 2.539311022210677891e+02
1.706679904323680148e+02 2.530521169681072422e+02
1.716652009807912975e+02 2.521734313867625872e+02
1.726631358815939166e+02 2.512964945430944681e+02
1.736626257459380156e+02 2.504233117087754863e+02
1.746644980840168841e+02 2.495558806691340976e+02
1.756694469364662723e+02 2.486958769874609629e+02
1.766780003916303201e+02 2.478445755852332866e+02
1.776906761639446302e+02 2.470032263392514551e+02
1.787080157857278380e+02 2.461731366291529071e+02
1.797306560608305404e+02 2.453558438459229194e+02
1.807592576109863103e+02 2.445529428833837926e+02
1.817944791866350158e+02 2.437660241179258946e+02
1.828369496029714583e+02 2.429966056601961384e+02
1.838872735993321328e+02 2.422461475000607152e+02
1.849460545676076038e+02 2.415161063744568253e+02
1.860136702994429356e+02 2.408073943712361142e+02
1.870899455664127231e+02 2.401195884650059895e+02
1.881746219541601874e+02 2.394520648010646369e+02
1.892673426346673011e+02 2.388039619292806890e+02
1.903668942165672036e+02 2.381723504393006579e+02
1.914716222694920020e+02 2.375532361412520572e+02
1.925798680797363147e+02 2.369426145034249771e+02
1.936899346303609946e+02 2.363363884736843090e+02
1.948000655344144718e+02 2.357303175932362933e+02
1.959084992978475555e+02 2.351201490672306704e+02
1.970135927519497727e+02 2.345019157425130061e+02
1.981143110678247581e+02 2.338731190204932773e+02
1.992098143733513780e+02 2.332317309353681480e+02
2.002992757308146849e+02 2.325757547480386336e+02
2.013821636491505842e+02 2.319039069976481358e+02
2.024582420839459473e+02 2.312156175015826420e+02
2.035272879386465092e+02 2.305103473364875981e+02
2.045893025755019607e+02 2.297880996057533309e+02
2.056449877542056868e+02 2.290505687438294444e+02
2.066951814654899238e+02 2.282997781580783681e+02
2.077407464381563784e+02 2.275378110682012789e+02
2.087828329810633932e+02 2.267674460123378992e+02
2.098227769385903230e+02 2.259919101211694681e+02
2.108619156342170982e+02 2.252144341147965463e+02
2.119013911993364729e+02 2.244377783714452619e+02
2.129419666732707697e+02 2.236637897954541359e+02
2.139843615400830004e+02 2.228942103388423845e+02
2.150291627803184724e+02 2.221304622208595845e+02
2.160760764911359502e+02 2.213718420773026878e+02
2.171244494201536952e+02 2.206167794286973276e+02
2.181736261958918419e+02 2.198636986066859436e+02
2.192229140574558528e+02 2.191109310573384903e+02
2.202715737550053632e+02 2.183566927354184202e+02
2.213188631326115683e+02 2.175991923761672808e+02
2.223640935962033893e+02 2.168367640257471010e+02
2.234067907991403104e+02 2.160682429740015777e+02
2.244465339566397404e+02 2.152925898216949747e+02
2.254829077575018061e+02 2.145087768287928327e+02
2.265155844518912147e+02 2.137159627684857242e+02
2.275443067124809033e+02 2.129134564199537749e+02
2.285688195312398250e+02 2.121005715590417822e+02
2.295889779226445171e+02 2.112768754267670488e+02
2.306049066023621776e+02 2.104425565902773201e+02
2.316167708548313726e+02 2.095978970773294918e+02
2.326247233675609607e+02 2.087431514235275642e+02
2.336288071881171504e+02 2.078783348809215568e+02
2.346290089111596728e+02 2.070033394959872624e+02
2.356253192912404018e+02 2.061180691800273053e+02
2.366180066696324786e+02 2.052232008276404258e+02
2.376077696470266005e+02 2.043206094575342604e+02
2.385953438356763741e+02 2.034122731528559598e+02
2.395814351997174754e+02 2.025001834806930106e+02
2.405665972749832520e+02 2.015864013324033976e+02
2.415513347480791708e+02 2.006730098159351883e+02
2.425361163788640511e+02 1.997620247785461629e+02
2.435205851243541133e+02 1.988539148386182092e+02
2.445035581387226671e+02 1.979476013856569239e+02
2.454838166419510799e+02 1.970419384944062529e+02
2.464600766769124789e+02 1.961356838771905018e+02
2.474308509089375150e+02 1.952272945586744868e+02
2.483946124453397033e+02 1.943151690781692764e+02
2.493499520528498010e+02 1.933978582647838493e+02
2.502968282889207785e+02 1.924756833165267835e+02
2.512360821566331595e+02 1.915501076048899733e+02
2.521685747878441077e+02 1.906226132518604572e+02
2.530958232977063176e+02 1.896946478061001642e+02
2.540206188185172778e+02 1.887675916697311891e+02
2.549458988590121749e+02 1.878428175301666556e+02
2.558742699804177789e+02 1.869213336807870292e+02
2.568061386049248540e+02 1.860017259234438427e+02
2.577410136250805408e+02 1.850815918233717809e+02
2.586783808778583875e+02 1.841585376731097483e+02
2.596170057164015361e+02 1.832305807904719472e+02
2.605547576645369077e+02 1.822962495505324796e+02
2.614894502465548385e+02 1.813541042752652004e+02
2.624191880788736171e+02 1.804030555334907433e+02
2.633432401464225450e+02 1.794434148814162313e+02
2.642611665262587621e+02 1.784758441220954239e+02
2.651726360137234337e+02 1.775010493308047614e+02
2.660790565797374825e+02 1.765204448093105327e+02
2.669832349526180337e+02 1.755360144608914652e+02
2.678880163849760265e+02 1.745497575530990844e+02
2.687958745609781772e+02 1.735634123508820608e+02
2.697083723288701549e+02 1.725780773163486685e+02
2.706269355278840862e+02 1.715947546717091825e+02
2.715527779375539694e+02 1.706143375093010661e+02
2.724852676326316328e+02 1.696367690873824472e+02
2.734228223462578740e+02 1.686615036007066237e+02
2.743638461051573927e+02 1.676879879547677774e+02
2.753063917948601897e+02 1.667154742103281535e+02
2.762479680320446960e+02 1.657429124188158482e+02
2.771860366145632497e+02 1.647692266523612830e+02
2.781181858677936134e+02 1.637933902316103172e+02
2.790426546263944374e+02 1.628146296759982192e+02
2.799578901959957875e+02 1.618322526484569721e+02
2.808624047650954481e+02 1.608455940346676698e+02
2.817562006417281850e+02 1.598546139925192620e+02
2.826407702534655186e+02 1.588598979521087244e+02
2.835176708489089492e+02 1.578620585450279350e+02
2.843885325371825274e+02 1.568617429359589153e+02
2.852552127801475876e+02 1.558597060460521959e+02
2.861196132609855454e+02 1.548567237556660245e+02
2.869836542502052339e+02 1.538535801867603823e+02
2.878494720959923825e+02 1.528511552699136757e+02
2.887193425514857381e+02 1.518503907477163182e+02
2.895955405480619902e+02 1.508522280990598290e+02
2.904799604504961508e+02 1.498574522410420400e+02
2.913737575066115255e+02 1.488665440244674301e+02
2.922780020444111528e+02 1.478799493648641317e+02
2.931935415572652914e+02 1.468980218440019598e+02
2.941197421339032303e+02 1.459205012088240778e+02
2.950553655355295177e+02 1.449468767971204954e+02
2.959991706600396810e+02 1.439766367463049903e+02
2.969498782547079827e+02 1.430092528937132954e+02
2.979061616313986178e+02 1.420441768096223143e+02
2.988666911367222951e+02 1.410808587973873500e+02
2.998302480995790233e+02 1.401187949935622612e+02
3.007960577780233393e+02 1.391576648674953844e+02
3.017634564123984546e+02 1.381971937217338393e+02
3.027317972092261016e+02 1.372371138756217590e+02
3.037007047844130057e+02 1.362772698967972929e+02
3.046700220388339062e+02 1.353175966302307813e+02
3.056395980989731811e+02 1.343580314956609527e+02
3.066092965328428477e+02 1.333985178882287812e+02
3.075790163093661818e+02 1.324390138507421568e+02
3.085486617225138843e+02 1.314794796293285799e+02
3.095181053699154745e+02 1.305198623461443503e+02
3.104869439736413028e+02 1.295599948961895223e+02
3.114546322091968023e+02 1.285996513596305988e+02
3.124206187501008003e+02 1.276386033309060366e+02
3.133840625869698329e+02 1.266765024251562153e+02
3.143436737019226257e+02 1.257128142896096392e+02
3.152981234526907883e+02 1.247469885742550417e+02
3.162460339520308708e+02 1.237784545175830146e+02
3.171857741321097137e+02 1.228065364175279228e+02
3.181156317874299475e+02 1.218305249413587603e+02
3.190339301323920154e+02 1.208497254216610486e+02
3.199398078899984057e+02 1.198637808460070602e+02
3.208332192918539931e+02 1.188726718569562451e+02
3.217141543254169278e+02 1.178763939015136657e+02
3.225832585920244355e+02 1.168752139073501581e+02
3.234432234594415831e+02 1.158702459258001056e+02
3.242971382079150544e+02 1.148627687782689009e+02
3.251480922451822835e+02 1.138540613396345265e+02
3.259991764610568339e+02 1.128454031063924674e+02
3.268534827015301971e+02 1.118380739760818869e+02
3.277140949202386082e+02 1.108333505810556261e+02
3.285831401674757331e+02 1.098321136573613614e+02
3.294608870448967082e+02 1.088344750515281305e+02
3.303473906302700698e+02 1.078404582695873160e+02
3.312424536961216290e+02 1.068499827085322806e+02
3.321442016897233884e+02 1.058622756484725187e+02
3.330500758065285254e+02 1.048762820258066739e+02
3.339575359132093695e+02 1.038909545958919693e+02
3.348647723042232656e+02 1.029055515583212213e+02
3.357708834673783826e+02 1.019197108934534270e+02
3.366750246629124490e+02 1.009330943222713444e+02
3.375767615327650333e+02 9.994553433609364390e+01
3.384773012456838615e+02 9.895754650758237858e+01
3.393782613521196936e+02 9.796981717973547177e+01
3.402811829697614030e+02 9.698300065116117707e+01
3.411863845149547387e+02 9.599723860365723738e+01
3.420932010286078366e+02 9.501226043945428046e+01
3.430009392450053838e+02 9.402778365587917619e+01
3.439087526302510014e+02 9.304344882466968158e+01
3.448154189399514280e+02 9.205870794775653110e+01
3.457196594148973077e+02 9.107298466217766020e+01
3.466204089317309922e+02 9.008578340838803911e+01
3.475184617902489776e+02 8.909731191584265275e+01
3.484155696953611141e+02 8.810814003301341302e+01
3.493134952232215369e+02 8.711884101195524011e+01
3.502141784783206049e+02 8.613001275654906408e+01
3.511198347340683767e+02 8.514229138100625960e+01
3.520327029343200138e+02 8.415631628644825923e+01
3.529546946567074883e+02 8.317259596171813030e+01
3.538860384081905295e+02 8.219096584327559185e+01
3.548264233162193477e+02 8.121104567214331382e+01
3.557755172064248654e+02 8.023245832727221227e+01
3.567325036195642269e+02 7.925490112215959471e+01
3.576960818115209122e+02 7.827814580484917428e+01
3.586649299117692067e+02 7.730196747936165025e+01
3.596375713444820121e+02 7.632640373526385247e+01
3.606120467940340859e+02 7.535231121756790174e+01
3.615863030493348447e+02 7.438070588193893684e+01
3.625582251916262635e+02 7.341269682785195982e+01
3.635249809505202734e+02 7.245047595157416254e+01
3.644832752481250964e+02 7.149693372794806123e+01
3.654298034960434620e+02 7.055497502387053999e+01
3.663610436631952325e+02 6.962783734467612362e+01
3.672730514124622232e+02 6.871940422902903833e+01
3.681618338864581119e+02 6.783363344069917389e+01
3.690266402030396762e+02 6.697125316985949439e+01
3.698882721314780042e+02 6.611152140140835343e+01
3.707763236779026670e+02 6.522493751664846684e+01
3.717216125257805288e+02 6.428077591809845615e+01
3.727972414257375817e+02 6.320597649221471670e+01
3.741288891908288292e+02 6.187484157964940579e+01
3.758455212368822345e+02 6.015838307487087633e+01
