2.565120234601173621e+01 2.705797241958051913e+01
2.672995978809283457e+01 2.885980857730784521e+01
2.756749518423008638e+01 3.028512625939706737e+01
2.823917201194327831e+01 3.145570513438560667e+01
2.881942157693598006e+01 3.249184058699256639e+01
2.935621502364346469e+01 3.347169586651180850e+01
2.986793159295659450e+01 3.442631545848588814e+01
3.037138954761986298e+01 3.538425832533483373e+01
3.088118689537105155e+01 3.636969022106151783e+01
3.140042392384436809e+01 3.738402641353830802e+01
3.192849028697068547e+01 3.842133995671667890e+01
3.246478619509761643e+01 3.947571351260435790e+01
3.300928579080808589e+01 4.054184269635422311e+01
3.356276714689107621e+01 4.161528171149936384e+01
3.412606836551001521e+01 4.269164887226684613e+01
3.470000818696236422e+01 4.376682879577431606e+01
3.528527468891869034e+01 4.483850323145941275e+01
3.588250192016293738e+01 4.590509704146733583e+01
3.649231500450817123e+01 4.696504636767052432e+01
3.711457641764839366e+01 4.801756461398100839e+01
3.774780497402929313e+01 4.906323459289721711e+01
3.839038271476096753e+01 5.010277851111402470e+01
3.904070271554018490e+01 5.113693402941468946e+01
3.969725641721694132e+01 5.216657657031487361e+01
4.035858691024152733e+01 5.319265389229659036e+01
4.102323979475198001e+01 5.421611339209709257e+01
4.169019569617291410e+01 5.523768988680487269e+01
4.235940583879929733e+01 5.625764390023557127e+01
4.303095277531448204e+01 5.727617178121649033e+01
4.370488206193642355e+01 5.829347797343466908e+01
4.438079395938064664e+01 5.930986435163135440e+01
4.505799404894633398e+01 6.032569726666766030e+01
4.573578313252922101e+01 6.134134400305578794e+01
4.641390033723376973e+01 6.235697249914890961e+01
4.709333403519161720e+01 6.337218254847789467e+01
4.777529368697032908e+01 6.438647339564400340e+01
4.846100088983041587e+01 6.539933865539107671e+01
4.915188109954524975e+01 6.641017737844900637e+01
4.984952892704505700e+01 6.741831014940797218e+01
5.055554409459403331e+01 6.842305518144210907e+01
5.127111423207115593e+01 6.942390237426296551e+01
5.199591388222228971e+01 7.042097201217589486e+01
5.272927040269707533e+01 7.141452902425295690e+01
5.347048784495273566e+01 7.240484815905462312e+01
5.421829647176217293e+01 7.339244591682323460e+01
5.497083096903119781e+01 7.437808972939562580e+01
5.572619835693917878e+01 7.536255868487870657e+01
5.648240074540942857e+01 7.634667599618158818e+01
5.723694196954717484e+01 7.733147444845795349e+01
5.798717808745698932e+01 7.831804898123199621e+01
5.873048917658870494e+01 7.930748459849297660e+01
5.946518997433479115e+01 8.030047967845027301e+01
6.019080937441189860e+01 8.129723035875041148e+01
6.090695741464740820e+01 8.229789921145774656e+01
6.161357878821758760e+01 8.330251016132001496e+01
6.231268344561313199e+01 8.431023149941347583e+01
6.300706839712663765e+01 8.531990543886591638e+01
6.369952520618249281e+01 8.633037644620776518e+01
6.439236178916213760e+01 8.734068913917397481e+01
6.508709717405038475e+01 8.835021460697332429e+01
6.578517772508475048e+01 8.935835400978641019e+01
6.648785598472487379e+01 9.036458877816090762e+01
6.719481292704907105e+01 9.136905120021287985e+01
6.790496677446724050e+01 9.237218945403279236e+01
6.861723173290910438e+01 9.337445338155315255e+01
6.933067711828293511e+01 9.437622865256736304e+01
7.004469183404837906e+01 9.537776871702730830e+01
7.075870419844858361e+01 9.637931071819087947e+01
7.147225885692728298e+01 9.738104364333271690e+01
7.218616338427244727e+01 9.838263366473684357e+01
7.290199962454188665e+01 9.938342643035801416e+01
7.362136027003933236e+01 1.003827630974500096e+02
7.434565922263232096e+01 1.013800589126357181e+02
7.507584123526805797e+01 1.023749235342090742e+02
7.581277503976340881e+01 1.033669981230303847e+02
7.655725010418920817e+01 1.043559566093627495e+02
7.730886987612007033e+01 1.053419632508284991e+02
7.806632480220409320e+01 1.063255597600222302e+02
7.882828184937707761e+01 1.073072975563978702e+02
7.959344495075873738e+01 1.082877116497522820e+02
8.036064268212993511e+01 1.092672817197642701e+02
8.112872986240695639e+01 1.102464757965238107e+02
8.189659691822012633e+01 1.112257469573806929e+02
8.266390082505202486e+01 1.122052263829853871e+02
8.343103706433083744e+01 1.131847351333407516e+02
8.419843111417523573e+01 1.141640816719455529e+02
8.496664660082102216e+01 1.151430166825933838e+02
8.573684922167785771e+01 1.161210390360552509e+02
8.651036864947468530e+01 1.170975790213086043e+02
8.728852225946945964e+01 1.180720723567200423e+02
8.807222103878939379e+01 1.190441341801470116e+02
8.886188621308168933e+01 1.200135958580940212e+02
8.965790985010059444e+01 1.209803016302127219e+02
9.046048831501312293e+01 1.219441872303702894e+02
9.126871216895452221e+01 1.229057053742162680e+02
9.208128397729237236e+01 1.238654901718766439e+02
9.289689858972018044e+01 1.248241799559937704e+02
9.371384171842285582e+01 1.257826388461081564e+02
9.452978082034769614e+01 1.267420721525070917e+02
9.534233198597118530e+01 1.277037135326127668e+02
9.614942519827175715e+01 1.286686742715646403e+02
9.695131030200113287e+01 1.296371612468493595e+02
9.774927691082406511e+01 1.306089759777670167e+02
9.854462131331096941e+01 1.315839163194252421e+02
9.933883958120937052e+01 1.325615823987318151e+02
1.001338082674849517e+02 1.335411977750208905e+02
1.009314466074236805e+02 1.345219437643383458e+02
1.017334966774875227e+02 1.355029921274185654e+02
1.025399601458514667e+02 1.364834207536147233e+02
1.033498508430880349e+02 1.374622542518630155e+02
1.041621694209988362e+02 1.384385151700526251e+02
1.049753365956191402e+02 1.394107693473733605e+02
1.057863705752636463e+02 1.403764781257339394e+02
1.065920817416693609e+02 1.413329391802863597e+02
1.073891727790805959e+02 1.422774125563227017e+02
1.081729040567403786e+02 1.432066543495086250e+02
1.089375062636200653e+02 1.441170608818209473e+02
1.096771906532642902e+02 1.450050239310215545e+02
1.103918188629237136e+02 1.458734662827635589e+02
1.110987607334399456e+02 1.467455476166450694e+02
1.118187670086797851e+02 1.476483354361370743e+02
1.125742823243062105e+02 1.486113327797601187e+02
1.134198629011193447e+02 1.497102138117719221e+02
1.144387781422274344e+02 1.510619374833691495e+02
1.157153089948116502e+02 1.527849171781091115e+02
