5.165947954607708681e+01 5.610494873703135710e+01
5.365597766219651987e+01 5.713585819057962567e+01
5.523165942944454798e+01 5.795015260589603656e+01
5.649995275012489060e+01 5.860593451115323660e+01
5.757428552461303184e+01 5.916130643352269658e+01
5.855311861295245990e+01 5.966659955062230836e+01
5.947594947654738462e+01 6.014152942258456847e+01
6.036775750981103528e+01 6.059827338081225179e+01
6.125352210262125396e+01 6.104900875429446216e+01
6.215375488124235659e+01 6.150353514100595476e+01
6.307163244251208312e+01 6.196242648585048585e+01
6.400612763641549918e+01 6.242401951168234575e+01
6.495621331257922293e+01 6.288665094203004458e+01
6.592075611480460395e+01 6.334885725574173421e+01
6.689821682999112795e+01 6.380993828033244597e+01
6.788695931254052596e+01 6.426937615706532370e+01
6.888534741647666237e+01 6.472665303012766458e+01
6.989169705797493748e+01 6.518162206437642681e+01
7.090414372817534172e+01 6.563553284564983414e+01
7.192078047815832065e+01 6.608996342966541704e+01
7.293970035948187558e+01 6.654649187527451204e+01
7.395902791372168394e+01 6.700690286765473047e+01
7.497700441428294482e+01 6.747374704484548147e+01
7.599189817719474149e+01 6.794975248899211806e+01
7.700197752442774402e+01 6.843764727300322193e+01
7.800574086628846260e+01 6.893980178302871309e+01
7.900252668123518163e+01 6.945728046655243304e+01
7.999186511653694254e+01 6.999084980986259552e+01
8.097328632911013813e+01 7.054127627947298151e+01
8.194655922296351491e+01 7.110883698399268837e+01
8.291231125647760791e+01 7.169204926036275083e+01
8.387136280862371507e+01 7.228903501781412899e+01
8.482453426029655930e+01 7.289791616228845328e+01
8.577267835166512100e+01 7.351675926747641654e+01
8.671676243892665070e+01 7.414343492112699607e+01
8.765777924275198529e+01 7.477577033939149942e+01
8.859672147586539381e+01 7.541159275707164511e+01
8.953448659116388342e+01 7.604895298251427960e+01
9.047163970273595623e+01 7.668668181882044621e+01
9.140867349332208391e+01 7.732378006449955876e+01
9.234608063462745520e+01 7.795924854303729035e+01
9.328425596192636249e+01 7.859230951078636451e+01
9.422325810479992469e+01 7.922294615732133138e+01
9.516307353054342855e+01 7.985130499687768690e+01
9.610368869647817291e+01 8.047753256584836379e+01
9.704502266716937697e+01 8.110192511992622144e+01
9.798676638893934410e+01 8.172528570077675170e+01
9.892856258901463207e+01 8.234852447328870539e+01
9.987005399539637551e+01 8.297255159898828936e+01
1.008108874255188567e+02 8.359825948834343023e+01
1.017507233320310291e+02 8.422648136526035501e+01
1.026892250059476055e+02 8.485803813311169108e+01
1.036260557455879905e+02 8.549375067685411977e+01
1.045609096111096079e+02 8.613436232621221222e+01
1.054935816980473078e+02 8.678036168548955231e+01
1.064238878138471449e+02 8.743218514113868878e+01
1.073516437823167848e+02 8.809026903994342206e+01
1.082767213749749260e+02 8.875491408371811985e+01
1.091991733791843444e+02 8.942598210219097155e+01
1.101190891246145043e+02 9.010324632843463633e+01
1.110365579579145532e+02 9.078647995473842514e+01
1.119517170939012374e+02 9.147534119910540085e+01
1.128648563160579101e+02 9.216912182570335688e+01
1.137762957376404955e+02 9.286704074978757717e+01
1.146863554617525409e+02 9.356831691145585239e+01
1.155953316797189103e+02 9.427222776190981790e+01
1.165034455025089528e+02 9.497823447078309300e+01
1.174109033435152298e+02 9.568583417205371688e+01
1.183179115744656826e+02 9.639452410059389820e+01
1.192245936222396239e+02 9.710400234919305262e+01
1.201308163402592015e+02 9.781458832481408194e+01
1.210363971238551528e+02 9.852672120134167244e+01
1.219411533539651771e+02 9.924084018761111281e+01
1.228448779416544170e+02 9.995744391257025541e+01
1.237472892262626658e+02 1.006772120874456675e+02
1.246480913925812217e+02 1.014008587949085012e+02
1.255469887057880669e+02 1.021290979236492973e+02
1.264438032189866732e+02 1.028623591289903345e+02
1.273387106372140920e+02 1.036002186708001744e+02
1.282319527627714137e+02 1.043420933100182850e+02
1.291237714055564823e+02 1.050873997892500711e+02
1.300144180483066236e+02 1.058355315064140427e+02
1.309041727875174104e+02 1.065858128022286024e+02
1.317933209853923415e+02 1.073375553090133963e+02
1.326821479848739784e+02 1.080900707055569683e+02
1.335709176589847971e+02 1.088427224693925552e+02
1.344598313044150188e+02 1.095950250509213788e+02
1.353490788793812669e+02 1.103465202559657286e+02
1.362388503010044474e+02 1.110967499895259749e+02
1.371292951130087943e+02 1.118453535918403503e+02
1.380204469154533058e+02 1.125922502160811547e+02
1.389123186240528867e+02 1.133374089340342721e+02
1.398049230841702126e+02 1.140807989873008808e+02
1.406982118536125768e+02 1.148225375528209327e+02
1.415919630660332302e+02 1.155631604171649371e+02
1.424859243942683520e+02 1.163032768929439271e+02
1.433798434802242525e+02 1.170434963674091620e+02
1.442734439394081107e+02 1.177844862087726909e+02
1.451663823949840832e+02 1.185270754524318022e+02
1.460583038855244808e+02 1.192721210899407112e+02
1.469488534882071917e+02 1.200204800195918438e+02
1.478377031585791883e+02 1.207729442084485925e+02
1.487245987024990654e+02 1.215301272202090388e+02
1.496092984982003600e+02 1.222926122469461347e+02
1.504915610800968864e+02 1.230609821035554887e+02
1.513712428998046562e+02 1.238355831338918023e+02
1.522484655245044110e+02 1.246161214250187896e+02
1.531233949532659437e+02 1.254021957605353066e+02
1.539961973148809591e+02 1.261934046106553069e+02
1.548671122932688604e+02 1.269891687494744019e+02
1.557365758315120843e+02 1.277884348238241046e+02
1.566050562520781568e+02 1.285900712576955129e+02
1.574730218305194853e+02 1.293929465880910925e+02
1.583409166863234248e+02 1.301959875401851718e+02
1.592091214208124939e+02 1.309982738444487609e+02
1.600780063195881269e+02 1.317989100803082181e+02
1.609479414716751364e+02 1.325970013016975884e+02
1.618192047139244210e+02 1.333918752464474551e+02
1.626918348175402116e+02 1.341834367235577474e+02
1.635658323359749886e+02 1.349716827943561270e+02
1.644411977889113530e+02 1.357566106023447787e+02
1.653179172010931666e+02 1.365382525624251286e+02
1.661959395769728474e+02 1.373167311731811253e+02
1.670752080957239514e+02 1.380921831081953428e+02
1.679556658762610653e+02 1.388647451888493833e+02
1.688372323045394410e+02 1.396346124471568260e+02
1.697197670255402784e+02 1.404021264438375738e+02
1.706031204317226866e+02 1.411676514335854620e+02
1.714871428397748048e+02 1.419315518593144816e+02
1.723716571005185187e+02 1.426942603909549518e+02
1.732564179212313036e+02 1.434563789714798929e+02
1.741411696218389125e+02 1.442185353467272364e+02
1.750256565677673564e+02 1.449813571610913527e+02
1.759096383472846412e+02 1.457454381195609017e+02
1.767929117751596664e+02 1.465112889304468808e+02
1.776752792509317942e+02 1.472794078507852191e+02
1.785565434233872679e+02 1.480502925448058988e+02
1.794365841122967993e+02 1.488242571341173175e+02
1.803154671531150086e+02 1.496011733226681599e+02
1.811932858447862031e+02 1.503808474955456518e+02
1.820701336273085644e+02 1.511630856965413727e+02
1.829461444578951159e+02 1.519475959337409847e+02
1.838215485631206150e+02 1.527338532812789538e+02
1.846965901566267689e+02 1.535212989700951027e+02
1.855715131782759499e+02 1.543093748598595312e+02
1.864464884361393047e+02 1.550976907561266671e+02
1.873215154524021955e+02 1.558862498195080946e+02
1.881965692602390163e+02 1.566751114492019781e+02
1.890716248346377029e+02 1.574643350868757921e+02
1.899466426647937283e+02 1.582539907470538196e+02
1.908215497943571108e+02 1.590441728554181964e+02
1.916962685617893953e+02 1.598349792718637445e+02
1.925707213325900966e+02 1.606265076013420128e+02
1.934448367590193243e+02 1.614187961715892641e+02
1.943185578026001963e+02 1.622117483897712873e+02
1.951918294055733725e+02 1.630052489870739123e+02
1.960645960377681263e+02 1.637991835531521190e+02
1.969366993789668072e+02 1.645936244684139353e+02
1.978077504611165978e+02 1.653890632480401450e+02
1.986773289040126542e+02 1.661860484895816512e+02
1.995450141170460370e+02 1.669851290362038583e+02
2.004103425869504918e+02 1.677869038366284542e+02
2.012727558479720358e+02 1.685920826819059357e+02
2.021316827118215542e+02 1.694013902146762121e+02
2.029865524828979062e+02 1.702155500334317821e+02
2.038368888668840668e+02 1.710350856730733540e+02
2.046824214581325805e+02 1.718600843309358197e+02
2.055229069900028946e+02 1.726905756889583188e+02
2.063581030115947215e+02 1.735265887247900594e+02
2.071879141224299019e+02 1.743680254563661549e+02
2.080125611271108141e+02 1.752145148979405462e+02
2.088323058316733523e+02 1.760656506641390138e+02
2.096474112280217241e+02 1.769210259091229887e+02
2.104583417532725775e+02 1.777801555672765232e+02
2.112659889357535405e+02 1.786423887364325083e+02
2.120712987782941070e+02 1.795070533623527922e+02
2.128752164716157154e+02 1.803734779163432620e+02
2.136785570084858819e+02 1.812410751254556374e+02
2.144818632106372149e+02 1.821094338483367494e+02
2.152856437545776487e+02 1.829781650402280491e+02
2.160904057860594207e+02 1.838468804768833706e+02
2.168964244985463949e+02 1.847153162646450255e+02
2.177034969805379774e+02 1.855834647826946480e+02
2.185113613277317199e+02 1.864513500314143641e+02
2.193197556128720578e+02 1.873189961506253951e+02
2.201284146169026030e+02 1.881864472780009123e+02
2.209370664302809928e+02 1.890537881962408733e+02
2.217454383315833581e+02 1.899211086202642491e+02
2.225532591818179924e+02 1.907884976764757425e+02
2.233604729241792768e+02 1.916559645011438988e+02
2.241674545645611261e+02 1.925233579161732109e+02
2.249746305493694933e+02 1.933905076124852656e+02
2.257824276896930940e+02 1.942572431508202442e+02
2.265913198320678248e+02 1.951233773015657960e+02
2.274018737807564605e+02 1.959886896517742798e+02
2.282146672481482597e+02 1.968529558945992619e+02
2.290302755814269347e+02 1.977159526979808959e+02
2.298489843029472297e+02 1.985775761771886039e+02
2.306705140863668930e+02 1.994379552421358994e+02
2.314945204326434691e+02 2.002972456627714450e+02
2.323206571717667259e+02 2.011556038870359657e+02
2.331483833761628830e+02 2.020132653854382738e+02
2.339767838016351220e+02 2.028706175068549555e+02
2.348049007410572244e+02 2.037280648294272680e+02
2.356317760203435228e+02 2.045860121108835301e+02
2.364563996394767287e+02 2.054448840405611918e+02
2.372776633666921668e+02 2.063051430865058649e+02
2.380944480148458808e+02 2.071672559300660055e+02
2.389056357892556264e+02 2.080316886658709450e+02
2.397102562126604539e+02 2.088988453157927836e+02
2.405076141865043837e+02 2.097690138698354190e+02
2.412970448032169770e+02 2.106424695969163565e+02
2.420778866681953900e+02 2.115194863053429799e+02
2.428498330293895151e+02 2.124001903513400578e+02
2.436132309422812341e+02 2.132844362532454170e+02
2.443684979209540131e+02 2.141720492343575302e+02
2.451160528069714815e+02 2.150628539674897297e+02
2.458564424435855358e+02 2.159566220451907270e+02
2.465904464128147708e+02 2.168530285469437047e+02
2.473188689488342220e+02 2.177517383293743762e+02
2.480425128562574173e+02 2.186524168475521606e+02
2.487620491536102918e+02 2.195547847249100641e+02
2.494779125247295610e+02 2.204586615194363333e+02
2.501905130509206856e+02 2.213638770882442088e+02
2.509002596943945491e+02 2.222702617691679734e+02
2.516074626974156274e+02 2.231776883064275125e+02
2.523122576885148760e+02 2.240861044517518508e+02
2.530147624329929954e+02 2.249954656302438138e+02
2.537150948827987804e+02 2.259057272211890677e+02
2.544133887591214602e+02 2.268168407329611682e+02
2.551098052944002177e+02 2.277287509206818754e+02
2.558045084866368768e+02 2.286414018606043896e+02
2.564976631901134851e+02 2.295547373173537835e+02
2.571895036040291416e+02 2.304686758187291389e+02
2.578803832578291235e+02 2.313830924644486799e+02
2.585706674672308054e+02 2.322978580648300522e+02
2.592607220101045868e+02 2.332128432700483813e+02
2.599509485685434811e+02 2.341279062889417446e+02
2.606418097682022790e+02 2.350428842125150766e+02
2.613337741485395327e+02 2.359576120825535952e+02
2.620273101913125515e+02 2.368719249249875531e+02
2.627228820745465327e+02 2.377856565831491480e+02
2.634209467704411054e+02 2.386986389203237877e+02
2.641219605642928627e+02 2.396107036110464037e+02
2.648263791480855502e+02 2.405216823620293098e+02
2.655346156966653552e+02 2.414314091858199163e+02
2.662470131636572432e+02 2.423397219032773933e+02
2.669639079274559208e+02 2.432464586918562190e+02
2.676856365059197742e+02 2.441514571447099513e+02
2.684125450258807746e+02 2.450545145969934424e+02
2.691449952692959187e+02 2.459553627947516929e+02
2.698833504578738598e+02 2.468537274520112419e+02
2.706279743342317943e+02 2.477493331667085954e+02
2.713792651724364191e+02 2.486418305503236184e+02
2.721376767447284806e+02 2.495307513049541228e+02
2.729036678358493191e+02 2.504156163930066157e+02
2.736776956990043459e+02 2.512959462813222160e+02
2.744601198391025036e+02 2.521712298079363848e+02
2.752511447843801307e+02 2.530409056644651287e+02
2.760509613181568511e+02 2.539044080950266959e+02
2.768597571498850130e+02 2.547611720860014088e+02
2.776775309820657185e+02 2.556106782641687687e+02
2.785039858951469114e+02 2.564524786415602762e+02
2.793387992261160662e+02 2.572861314466018712e+02
2.801816473502103690e+02 2.581111968927766611e+02
2.810321496344535035e+02 2.589273528587726787e+02
2.818898374814901331e+02 2.597344587821430650e+02
2.827542347735046633e+02 2.605323896227047271e+02
2.836248660730755091e+02 2.613210214416594113e+02
2.845012948456063668e+02 2.621002932739465336e+02
2.853831437765947499e+02 2.628702400167123869e+02
2.862700405216513673e+02 2.636309046124471251e+02
2.871616151394384815e+02 2.643823272590851730e+02
2.880576303007703700e+02 2.651243966965516279e+02
2.889580478344682888e+02 2.658567742039003292e+02
2.898628459754590949e+02 2.665791023225659728e+02
2.907720044505467740e+02 2.672910222792231707e+02
2.916855824923702016e+02 2.679921052337245442e+02
2.926037571342137653e+02 2.686818185306895543e+02
2.935267149332806866e+02 2.693596211215078142e+02
2.944546431751959972e+02 2.700249714335441240e+02
2.953877666543413056e+02 2.706773009104432504e+02
2.963263649957004873e+02 2.713160015508316292e+02
2.972707221743640957e+02 2.719404622238774891e+02
2.982211204094127766e+02 2.725500762615305348e+02
2.991777545038556241e+02 2.731444591576860716e+02
3.001406931852499724e+02 2.737235468183550324e+02
3.011099953667526279e+02 2.742873000921716766e+02
3.020857192275666421e+02 2.748356808133796108e+02
3.030678876065582585e+02 2.753686982738643678e+02
3.040564730544252257e+02 2.758864292962209674e+02
3.050514442812434481e+02 2.763889558605168872e+02
3.060527686095329045e+02 2.768763612877061746e+02
3.070603487061715668e+02 2.773487913796961948e+02
3.080739964634698254e+02 2.778064796597660688e+02
3.090935169731390033e+02 2.782496662230562379e+02
3.101187155280176739e+02 2.786785873441746730e+02
3.111494064947738707e+02 2.790933069350266464e+02
3.121854168095605928e+02 2.794936501427916937e+02
3.132265743321464697e+02 2.798794245700254351e+02
3.142727058171927865e+02 2.802504368472320948e+02
3.153235897256224689e+02 2.806064511257969798e+02
3.163789385108950114e+02 2.809471734970140346e+02
3.174384598698319451e+02 2.812723058682437340e+02
3.185018618668050863e+02 2.815815484659996741e+02
3.195688681318461022e+02 2.818745303333993775e+02
3.206392232868549854e+02 2.821507845155483665e+02
3.217126734370425538e+02 2.824098372742141692e+02
3.227889692307325049e+02 2.826512134239632132e+02
3.238680478509590444e+02 2.828743783590350063e+02
3.249500946970352970e+02 2.830787184047790106e+02
3.260353123641820048e+02 2.832636144088170909e+02
3.271239089072018942e+02 2.834284619762820512e+02
3.282163098045751894e+02 2.835732444188172963e+02
3.293132260110364768e+02 2.836987167039214341e+02
3.304153878685852987e+02 2.838056862037903443e+02
3.315235203508486848e+02 2.838949801957711543e+02
3.326381409823638933e+02 2.839681951485154059e+02
3.337594985228158748e+02 2.840279240719820564e+02
3.348878238420106754e+02 2.840768263092219854e+02
3.360233361371266483e+02 2.841175571896092151e+02
3.371658167465508313e+02 2.841526214831205834e+02
3.383144872539300536e+02 2.841843314859543170e+02
3.394685327291770136e+02 2.842149869389232890e+02
3.406271396246814902e+02 2.842468688030497219e+02
3.417895447533414313e+02 2.842815739342536858e+02
3.429550484554870309e+02 2.843198362217668773e+02
3.441229551319248685e+02 2.843623343966749530e+02
3.452925794373580857e+02 2.844097220417396557e+02
3.464635988980214734e+02 2.844617627745843151e+02
3.476361427255700391e+02 2.845171124260751299e+02
3.488103684156641293e+02 2.845743574587849025e+02
3.499864338994581772e+02 2.846320877834205021e+02
3.511645120855759501e+02 2.846890118986446510e+02
3.523447942792523691e+02 2.847439839630012557e+02
3.535274729141198122e+02 2.847958670694149532e+02
3.547127355731958573e+02 2.848435395241899073e+02
3.559006076578066313e+02 2.848863882972627266e+02
3.570909179974146923e+02 2.849244168828988109e+02
3.582834836129937912e+02 2.849576658112870859e+02
3.594781198117384520e+02 2.849861790519242390e+02
3.606745861745233697e+02 2.850101124089603672e+02
3.618725756316691786e+02 2.850297554445575088e+02
3.630717771928990487e+02 2.850454055889494498e+02
3.642718793893245675e+02 2.850573562318339782e+02
3.654725556117032284e+02 2.850657729447987094e+02
3.666734613815229977e+02 2.850706704432411129e+02
3.678742511911752899e+02 2.850720547547037995e+02
3.690745793288941741e+02 2.850699259043868778e+02
3.702740937978605871e+02 2.850640991328619975e+02
3.714724352812683605e+02 2.850541744683827119e+02
3.726692440496593122e+02 2.850397398069611086e+02
3.738641615406544929e+02 2.850203814439501002e+02
3.750568641684206455e+02 2.849956377040646771e+02
3.762470685457947752e+02 2.849649917791928146e+02
3.774344935034620789e+02 2.849279238194240520e+02
3.786188635282667860e+02 2.848839252100051453e+02
3.798000681761042756e+02 2.848328152224426049e+02
3.809781842161314671e+02 2.847747850008341857e+02
3.821532985245179361e+02 2.847100457654258321e+02
3.833255019019896963e+02 2.846388173893525391e+02
3.844949967159594735e+02 2.845615657287922886e+02
3.856621101998140944e+02 2.844790319453283587e+02
3.868271761819326002e+02 2.843919717412319415e+02
3.879905197942590007e+02 2.843011198607301822e+02
3.891522252812677038e+02 2.842066305193765174e+02
3.903121108366283352e+02 2.841080167614688321e+02
3.914699809093281715e+02 2.840047585071991989e+02
3.926256407152757788e+02 2.838963378452093593e+02
3.937789161755084706e+02 2.837822954073837991e+02
3.949296557779188674e+02 2.836622356328338128e+02
3.960777091505309500e+02 2.835357661843639789e+02
3.972229269850225819e+02 2.834024975844597520e+02
3.983651879696225251e+02 2.832621156255804067e+02
3.995044009047275040e+02 2.831143870580890507e+02
4.006404760782151016e+02 2.829590826315074992e+02
4.017733269577852298e+02 2.827959809602083396e+02
4.029029486323615856e+02 2.826250625373876346e+02
4.040294228244745227e+02 2.824465221324990125e+02
4.051528354400685998e+02 2.822605648620949523e+02
4.062732739415430387e+02 2.820673996784053656e+02
4.073908647629365873e+02 2.818673315741745000e+02
4.085057751588462907e+02 2.816607661390769977e+02
4.096181743103552435e+02 2.814481137103612696e+02
4.107282269498263645e+02 2.812297738982641704e+02
4.118359891237984698e+02 2.810058842434836492e+02
4.129414045345195632e+02 2.807763113956715415e+02
4.140444117035716545e+02 2.805409095125598355e+02
4.151449502635878162e+02 2.802995354202230942e+02
4.162429863387415594e+02 2.800521095678683992e+02
4.173385130762225685e+02 2.797986173042480686e+02
4.184315248405794705e+02 2.795390469017714281e+02
4.195220156080600873e+02 2.792733856765897258e+02
4.206099703166519248e+02 2.790015986865686273e+02
4.216953648060405158e+02 2.787236285834256933e+02
4.227781745156023021e+02 2.784394170330476754e+02
4.238583756228147195e+02 2.781489074693420207e+02
4.249359610808600110e+02 2.778520835101315356e+02
4.260109405079181215e+02 2.775489686919723340e+02
4.270833242381281138e+02 2.772395882664041551e+02
4.281531241424855239e+02 2.769239711881031099e+02
4.292203862072136644e+02 2.766022286142275561e+02
4.302851898628026106e+02 2.762745522876998621e+02
4.313476159423890408e+02 2.759411373311945113e+02
4.324077429802920847e+02 2.756021733152983302e+02
4.334655996602781443e+02 2.752577294118992768e+02
4.345211664389331645e+02 2.749077583149434076e+02
4.355744217988117271e+02 2.745522079507104536e+02
4.366253414072403984e+02 2.741910194491788957e+02
4.376738412793299631e+02 2.738239899326688374e+02
4.387197804798510106e+02 2.734507790384936357e+02
4.397630157990842008e+02 2.730710409130741709e+02
4.408034063453200133e+02 2.726844353000772117e+02
4.418408592300964983e+02 2.722907378555452169e+02
4.428753267908649605e+02 2.718898334415255249e+02
4.439067631269999197e+02 2.714816111745428202e+02
4.449351292005056280e+02 2.710659767399579323e+02
4.459605248986282504e+02 2.706431712381966008e+02
4.469831792732642839e+02 2.702137476192052645e+02
4.480033262835743244e+02 2.697782706808148419e+02
4.490211976625864168e+02 2.693372998470990183e+02
4.500369810810285003e+02 2.688912881782503632e+02
4.510508237823902391e+02 2.684405911454134639e+02
4.520628715127313058e+02 2.679855606050208507e+02
4.530732625898292554e+02 2.675265304803092477e+02
4.540819915449129667e+02 2.670634875681644189e+02
4.550889227221305191e+02 2.665961043706586224e+02
4.560939157656608245e+02 2.661240420433025520e+02
4.570968309765102049e+02 2.656469633273788418e+02
4.580975410916931310e+02 2.651645609883071870e+02
4.590959299596912615e+02 2.646765546178191926e+02
4.600918818198514373e+02 2.641826647513093462e+02
4.610852831294997713e+02 2.636826172788021267e+02
4.620760614298101814e+02 2.631762372746875371e+02
4.630641804862713116e+02 2.626634372658640473e+02
4.640496053056124310e+02 2.621441327758258808e+02
4.650323056990042687e+02 2.616182509269519301e+02
4.660123385584907396e+02 2.610859290722884225e+02
4.669898365444962565e+02 2.605474874849266484e+02
4.679649348456448479e+02 2.600032525415394957e+02
4.689377699324719515e+02 2.594535537135608934e+02
4.699085010151676443e+02 2.588987753700146186e+02
4.708773068285416912e+02 2.583393490158446184e+02
4.718443667416204335e+02 2.577757076871065465e+02
4.728098632355720952e+02 2.572082919332013944e+02
4.737740328308946687e+02 2.566376727654946421e+02
4.747371578347723471e+02 2.560645317337501865e+02
4.756995220017796555e+02 2.554895538820293552e+02
4.766614096324677803e+02 2.549134255724927414e+02
4.776231143090407159e+02 2.543368555751318070e+02
4.785849373740628607e+02 2.537605713950548818e+02
4.795471804087565602e+02 2.531853011135409304e+02
4.805101406227141752e+02 2.526117622578154283e+02
4.814740424524934497e+02 2.520404966653977397e+02
4.824390502932312756e+02 2.514719012209480127e+02
4.834053267443152890e+02 2.509063684737998017e+02
4.843730414177932744e+02 2.503443079033474135e+02
4.853424782552236820e+02 2.497864050048273725e+02
4.863140142787220839e+02 2.492335699898106611e+02
4.872880292168692904e+02 2.486867196038544705e+02
4.882649004420025562e+02 2.481467649040517358e+02
4.892449676980785398e+02 2.476145261047632005e+02
4.902285404994574378e+02 2.470907504398197148e+02
4.912159275062830375e+02 2.465761830807935553e+02
4.922074338420087543e+02 2.460715606609294070e+02
4.932033092974593842e+02 2.455774862286276345e+02
4.942037597992716655e+02 2.450944569347201991e+02
4.952089900699389204e+02 2.446229670229799922e+02
4.962192026102882778e+02 2.441635053736092118e+02
4.972345658630491130e+02 2.437164786433936854e+02
4.982552216295738390e+02 2.432822291712259357e+02
4.992813110009968796e+02 2.428610975813843140e+02
5.003129622875998166e+02 2.424533936424393232e+02
5.013501117891834156e+02 2.420589635686999657e+02
5.023925476001605830e+02 2.416772957750499984e+02
5.034400539796818066e+02 2.413078694172305632e+02
5.044924048223989530e+02 2.409501386288661706e+02
5.055492214063827987e+02 2.406031890944872202e+02
5.066100087742638607e+02 2.402658258813912084e+02
5.076742690499605146e+02 2.399368470104808750e+02
5.087415070180214229e+02 2.396150569259789620e+02
5.098112658681649805e+02 2.392993527902536641e+02
5.108831176516212622e+02 2.389887014434251853e+02
5.119566351225521998e+02 2.386820714226379039e+02
5.130314065968395880e+02 2.383784688343508833e+02
5.141072406203321634e+02 2.380774314671670027e+02
5.151841090413927304e+02 2.377788913568146540e+02
5.162619875644311378e+02 2.374827898483420086e+02
5.173408576051582486e+02 2.371890820751082742e+02
5.184207798345217952e+02 2.368979145096834600e+02
5.195018729098171661e+02 2.366095736161699676e+02
5.205842568152428385e+02 2.363243490621014189e+02
5.216680445573035740e+02 2.360425136693666275e+02
5.227532541830793207e+02 2.357641110075410324e+02
5.238398351890597269e+02 2.354890191504456993e+02
5.249277355522656308e+02 2.352171125035795569e+02
5.260169046763863889e+02 2.349482689167142269e+02
5.271073110083120810e+02 2.346824122138605446e+02
5.281989365587603515e+02 2.344194989649187164e+02
5.292917636295364900e+02 2.341594864425389915e+02
5.303857852840712894e+02 2.339023579002341080e+02
5.314811354959133496e+02 2.336484367786668486e+02
5.325780472641071128e+02 2.333982855872226025e+02
5.336767556442767955e+02 2.331524718003067846e+02
5.347774869557079001e+02 2.329115418009523637e+02
5.358803552909780592e+02 2.326757710331307862e+02
5.369853969288038797e+02 2.324452470816575840e+02
5.380926465847797999e+02 2.322200537576408124e+02
5.392021299610003098e+02 2.320002531116593332e+02
5.403137591495649303e+02 2.317856329153113961e+02
5.414273685237532163e+02 2.315757933102389359e+02
5.425427909475423576e+02 2.313703307943013385e+02
5.436598689070267483e+02 2.311688650952042678e+02
5.447785639035496388e+02 2.309713032688911767e+02
5.458989177640482922e+02 2.307777462944495142e+02
5.470209738227199523e+02 2.305882987898131091e+02
5.481447751192188207e+02 2.304030646618330138e+02
5.492703611176701770e+02 2.302221391853421437e+02
5.503977689013843246e+02 2.300456118874229219e+02
5.515270355105285489e+02 2.298735721910035181e+02
5.526581908479442973e+02 2.297060922879878149e+02
5.537911797735209802e+02 2.295430390584867268e+02
5.549258912807879369e+02 2.293841445093230504e+02
5.560622133861953671e+02 2.292291382884419022e+02
5.572000243402438855e+02 2.290777264666944575e+02
5.583390881643133525e+02 2.289293393413487934e+02
5.594790948498371108e+02 2.287832284855156217e+02
5.606197331393350396e+02 2.286386424571607279e+02
5.617606896199401945e+02 2.284948246106912109e+02
5.629016261276448176e+02 2.283509585460458595e+02
5.640421886737178738e+02 2.282061896589445098e+02
5.651820230120659971e+02 2.280596627237818268e+02
5.663207736751501216e+02 2.279105195661115033e+02
5.674580714233865137e+02 2.277578687627162140e+02
5.685935383307617030e+02 2.276007979194112067e+02
5.697267963351620210e+02 2.274383943134354524e+02
5.708574712284111001e+02 2.272697545262599306e+02
5.719852314729524778e+02 2.270940781553929071e+02
5.731097720812632588e+02 2.269106288958216737e+02
5.742307884663285904e+02 2.267186714094477509e+02
5.753479795339305838e+02 2.265174787905250753e+02
5.764610821687512043e+02 2.263064158224316031e+02
5.775698565665744582e+02 2.260849035664946882e+02
5.786740632615196773e+02 2.258523639008549253e+02
5.797734835945118448e+02 2.256082689357099582e+02
5.808681211160686644e+02 2.253526272425158368e+02
5.819581139188836687e+02 2.250857722061820141e+02
5.830436019731437227e+02 2.248080417442843952e+02
5.841247454969482078e+02 2.245198226572011322e+02
5.852019171153012849e+02 2.242220145410977352e+02
5.862756163147815869e+02 2.239158232631705232e+02
5.873463442828432335e+02 2.236024587968919946e+02
5.884145964878168797e+02 2.232831173085634191e+02
5.894808094607142266e+02 2.229588526773570436e+02
5.905453850102800288e+02 2.226306349555631812e+02
5.916087244983201572e+02 2.222994331164667869e+02
5.926712101915021549e+02 2.219661700336110925e+02
5.937330310275444845e+02 2.216313018431783917e+02
5.947942635972947301e+02 2.212950134520150698e+02
5.958549831043254699e+02 2.209574864177906193e+02
5.969152591596946422e+02 2.206188887966346783e+02
5.979751057412624959e+02 2.202792543341107034e+02
5.990345049383618061e+02 2.199385397899833094e+02
6.000934384628856151e+02 2.195967010127959043e+02
6.011518925941991256e+02 2.192537048779460349e+02
6.022098982588704530e+02 2.189096260487366408e+02
6.032675116252946736e+02 2.185646001276418247e+02
6.043247891480100407e+02 2.182187634079452891e+02
6.053817880740007240e+02 2.178722540960678202e+02
6.064385732625808032e+02 2.175252287762405672e+02
6.074952138178889527e+02 2.171778542806174812e+02
6.085517788901097447e+02 2.168302975525178340e+02
6.096083356130069433e+02 2.164827206671920692e+02
6.106649320834960690e+02 2.161352397408952299e+02
6.117216059286056407e+02 2.157879456133499900e+02
6.127783946667839245e+02 2.154409288621410212e+02
6.138353305788889429e+02 2.150942674201975251e+02
6.148923973445441788e+02 2.147479218867116231e+02
6.159495522807732186e+02 2.144017892159429550e+02
6.170067524434609822e+02 2.140557657317065434e+02
6.180639464342768861e+02 2.137097273475374379e+02
6.191210057421084230e+02 2.133633638102580790e+02
6.201777606033573420e+02 2.130162652743863418e+02
6.212340408645015941e+02 2.126680209530816512e+02
6.222896749104747869e+02 2.123182165310082041e+02
6.233444780212275873e+02 2.119664060544694166e+02
6.243982585626730497e+02 2.116121268777361877e+02
6.254508248384278204e+02 2.112549162046814786e+02
6.265019986825428759e+02 2.108943439045390562e+02
6.275517212017276734e+02 2.105302677962397411e+02
6.285999955604549996e+02 2.101626955194218453e+02
6.296468254556364172e+02 2.097916359991452282e+02
6.306922194217260085e+02 2.094171098393265993e+02
6.317362279199207933e+02 2.090392388639774310e+02
6.327789229241034263e+02 2.086581968333132693e+02
6.338203765837167794e+02 2.082741579313909881e+02
6.348606783595527077e+02 2.078873381355556660e+02
6.359000652376239486e+02 2.074983095804842606e+02
6.369388488498580045e+02 2.071078246120080166e+02
6.379773414069394448e+02 2.067166369731997690e+02
6.390158546990959394e+02 2.063254993920921265e+02
6.400546969932022421e+02 2.059351560908538374e+02
6.410941747981273693e+02 2.055463470475852432e+02
6.421345946098060722e+02 2.051598122091613448e+02
6.431762364412741135e+02 2.047762275870805979e+02
6.442191620674599335e+02 2.043957423194368914e+02
6.452633258874666353e+02 2.040182463161451949e+02
6.463086815516977595e+02 2.036436276795970457e+02
6.473551690515070050e+02 2.032717415363123905e+02
6.484026176790009686e+02 2.029021757610915699e+02
6.494508030206242211e+02 2.025343885717495027e+02
6.504995003083934080e+02 2.021678373304378340e+02
6.515484848460213243e+02 2.018019795723870402e+02
6.525975325087085821e+02 2.014362742124371266e+02
6.536464194450372815e+02 2.010701808253894001e+02
6.546949218052941433e+02 2.007031589901615973e+02
6.557428286179517727e+02 2.003346993763493629e+02
6.567900298790782472e+02 1.999645364108069430e+02
6.578364632079158127e+02 1.995925194928615269e+02
6.588820665040555014e+02 1.992184986986609943e+02
6.599268024360541176e+02 1.988423839019254729e+02
6.609708246919632302e+02 1.984645461382096130e+02
6.620143757929978392e+02 1.980855709052846692e+02
6.630576987531617306e+02 1.977060448906188697e+02
6.641010471794844534e+02 1.973265803555336220e+02
6.651447550424513793e+02 1.969479835760625974e+02
6.661891931597093617e+02 1.965711497852374805e+02
6.672347325412135888e+02 1.961969746803635815e+02
6.682817251156604925e+02 1.958263078925387788e+02
6.693303804019972176e+02 1.954596552455106178e+02
6.703808435437663320e+02 1.950973671471406874e+02
6.714332593689462101e+02 1.947397932434516008e+02
6.724877318327190778e+02 1.943871845048176397e+02
6.735440647764148707e+02 1.940390673627533147e+02
6.746019282932330725e+02 1.936946453522535307e+02
6.756609918616804862e+02 1.933531205243176601e+02
6.767208811830182640e+02 1.930135892423173800e+02
6.777809056992686010e+02 1.926743843522578459e+02
6.788402359042790977e+02 1.923335032495632504e+02
6.798980416943010141e+02 1.919889418869330768e+02
6.809534835285913914e+02 1.916386734340965745e+02
6.820056547861253193e+02 1.912805091142878382e+02
6.830536197923521513e+02 1.909121900091627992e+02
6.840964427560172680e+02 1.905314569186330118e+02
6.851332450416391566e+02 1.901361886288059111e+02
6.861635477839481609e+02 1.897252290561542054e+02
6.871870428025579258e+02 1.892978341867813867e+02
6.882034225560664709e+02 1.888532615494340803e+02
6.892124382144602350e+02 1.883909104146939910e+02
6.902142450430194458e+02 1.879111556255119808e+02
6.912091683799890234e+02 1.874147826173087026e+02
6.921975341556950525e+02 1.869025782549155394e+02
6.931796997338210531e+02 1.863754052900049487e+02
6.941562353824402862e+02 1.858346404709365629e+02
6.951277996957329606e+02 1.852818737841666064e+02
6.960950515531554856e+02 1.847186959048675021e+02
6.970586360871827765e+02 1.841466643200554358e+02
6.980191067967986100e+02 1.835671152938861610e+02
6.989769797097726496e+02 1.829812946269851750e+02
6.999327707418760838e+02 1.823904478495863657e+02
7.008869721090131861e+02 1.817957632753294490e+02
7.018399205502296354e+02 1.811980538631393642e+02
7.027918901382309969e+02 1.805979812818597452e+02
7.037431547728417627e+02 1.799962067829652312e+02
7.046939821958352468e+02 1.793933767510580992e+02
7.056446003881455908e+02 1.787900415794589719e+02
7.065952215351429686e+02 1.781867135275743124e+02
7.075460577820924755e+02 1.775839047579867724e+02
7.084973256621952942e+02 1.769821380268437849e+02
7.094492695944766183e+02 1.763820034135646040e+02
7.104021449163883517e+02 1.757841173573478386e+02
7.113562069908191461e+02 1.751890963588044201e+02
7.123117103333655677e+02 1.745975548734018616e+02
7.132689041595137951e+02 1.740100945635051630e+02
7.142280356395094714e+02 1.734273121547958567e+02
7.151893519392393728e+02 1.728498043624360037e+02
7.161531031229999371e+02 1.722781748997437319e+02
7.171195571017888142e+02 1.717130705705786795e+02
7.180889885737348095e+02 1.711551545662061926e+02
7.190616722501490585e+02 1.706050901097185601e+02
7.200378685555228913e+02 1.700635059338630697e+02
7.210177513185374210e+02 1.695308217171908893e+02
7.220014619130020037e+02 1.690073787877297207e+02
7.229891416554884245e+02 1.684935183353287300e+02
7.239808954006604154e+02 1.679894935237959146e+02
7.249766104427849314e+02 1.674950322844075856e+02
7.259760937228475086e+02 1.670096685602072171e+02
7.269791520536693952e+02 1.665329359848223305e+02
7.279856005576036750e+02 1.660643882519867987e+02
7.289953031673188661e+02 1.656036968887918022e+02
7.300081415803596201e+02 1.651505763086530294e+02
7.310239975197866897e+02 1.647047409865847385e+02
7.320427572379542198e+02 1.642659163272905971e+02
7.330643331795938593e+02 1.638338909405913455e+02
7.340886471831743165e+02 1.634084761044417178e+02
7.351156210992568276e+02 1.629894831259775572e+02
7.361451777123677402e+02 1.625767255545567878e+02
7.371772451244150943e+02 1.621700297052958604e+02
7.382117533164549741e+02 1.617692264046910111e+02
7.392486322717002167e+02 1.613741464844166273e+02
7.402878281019408178e+02 1.609846596933972762e+02
7.413293773258174042e+02 1.606008539266373703e+02
7.423733479430483158e+02 1.602228930410164480e+02
7.434198079853971421e+02 1.598509409707350812e+02
7.444687921074634005e+02 1.594850810465448205e+02
7.455201507573580102e+02 1.591249517537718532e+02
7.465736711820020446e+02 1.587700389514136248e+02
7.476291405716184499e+02 1.584198283615457115e+02
7.486863372680276143e+02 1.580737843372383793e+02
7.497449915309966855e+02 1.577312551127894835e+02
7.508048173662239151e+02 1.573915496687133952e+02
7.518655287666426830e+02 1.570539769546959405e+02
7.529268356971281264e+02 1.567178362497952548e+02
7.539884265705250073e+02 1.563823750905933139e+02
7.550499826215198027e+02 1.560468237802330123e+02
7.561111850799011336e+02 1.557104126100960002e+02
7.571717098015690226e+02 1.553723590802387093e+02
7.582312043306693568e+02 1.550318133009884889e+02
7.592893069211633019e+02 1.546879032694913008e+02
7.603456558215488030e+02 1.543397569698860821e+02
7.613999293259298611e+02 1.539865994267320559e+02
7.624520134727769118e+02 1.536281590806198381e+02
7.635018614599825924e+02 1.532643271160457346e+02
7.645494265191745171e+02 1.528949947992554428e+02
7.655946875215655609e+02 1.525201157998518227e+02
7.666377543143253206e+02 1.521399625655813850e+02
7.676787784581724736e+02 1.517549090694481322e+02
7.687179115315361742e+02 1.513653293275612839e+02
7.697552939192657959e+02 1.509715707368916071e+02
7.707910096988480291e+02 1.505738467914443675e+02
7.718251252814275176e+02 1.501723289733902789e+02
7.728577070718815776e+02 1.497671887499976719e+02
7.738888154031585600e+02 1.493585825890567378e+02
7.749184805303170833e+02 1.489465926569943122e+02
7.759467234120522789e+02 1.485312781554449373e+02
7.769735650043405712e+02 1.481126982793275886e+02
7.779990427934089894e+02 1.476909499481702710e+02
7.790232749021830614e+02 1.472663141070172799e+02
7.800464040047219214e+02 1.468391277304271512e+02
7.810685727809139962e+02 1.464097278062629925e+02
7.820899216164283416e+02 1.459784402864368644e+02
7.831105798757407683e+02 1.455455381073001604e+02
7.841306736178823940e+02 1.451112783049341317e+02
7.851503289012590585e+02 1.446759179124082948e+02
7.861696694974684760e+02 1.442396991062533971e+02
7.871888083595179069e+02 1.438027937786565076e+02
7.882078552442892487e+02 1.433653530577678623e+02
7.892269199081906663e+02 1.429275280686645999e+02
7.902461099961432183e+02 1.424894536623897068e+02
7.912655233155953738e+02 1.420511888688995441e+02
7.922852548112755358e+02 1.416127706540850966e+02
7.933053994275887817e+02 1.411742359813482324e+02
7.943260450332969640e+02 1.407356006590244704e+02
7.953472470317842635e+02 1.402967834290570295e+02
7.963690515207321141e+02 1.398576752107951506e+02
7.973915045970454685e+02 1.394181669212668169e+02
7.984146447382997849e+02 1.389781519721006475e+02
7.994384759921283603e+02 1.385375350474306799e+02
8.004629926856405291e+02 1.380962240139311916e+02
8.014881891453669596e+02 1.376541267384654930e+02
8.025140278717753972e+02 1.372111495119198707e+02
8.035403297298182679e+02 1.367671916116107127e+02
8.045668761983980630e+02 1.363221503645182793e+02
8.055934487548252037e+02 1.358759230975442449e+02
8.066197793394961764e+02 1.354284409934825533e+02
8.076453827767147686e+02 1.349797836226336472e+02
8.086697144243231605e+02 1.345300711975177990e+02
8.096922296386272819e+02 1.340794239317046959e+02
8.107122582659336558e+02 1.336278860395754009e+02
8.117285883777519757e+02 1.331751736784255513e+02
8.127398618943855126e+02 1.327209145076371613e+02
8.137447207339215538e+02 1.322647361852499444e+02
8.147416984022765973e+02 1.318062181838049014e+02
8.157288675137115206e+02 1.313447351252751503e+02
8.167041782263404457e+02 1.308796072040675824e+02
8.176655806973132030e+02 1.304101546141603194e+02
8.186111366738350625e+02 1.299359036633244386e+02
8.195393751312972199e+02 1.294572436589162123e+02
8.204489473107316826e+02 1.289747897405565595e+02
8.213385044535841644e+02 1.284891570486286412e+02
8.222108574997602091e+02 1.279985464745019925e+02
8.230859707758329478e+02 1.274912032487611242e+02
8.239882295571328541e+02 1.269528067258150799e+02
8.249420191234777349e+02 1.263690362574683235e+02
8.259855410458600318e+02 1.257157367876740466e+02
8.272131101150747554e+02 1.249288119850845504e+02
8.287332846839128706e+02 1.239340269800026419e+02
8.306546231069993382e+02 1.226571469014252784e+02
