2.142646222682799717e+01 2.119044855411212680e+01
2.195261700030701491e+01 2.301641598976285508e+01
2.239000136391141993e+01 2.443897842042879276e+01
2.277328119282327989e+01 2.558289706155722243e+01
2.313684673306330097e+01 2.657167220290578769e+01
2.350580104827859884e+01 2.748631789373009937e+01
2.389394943600874299e+01 2.835616408915768005e+01
2.431441460067169658e+01 2.920741807326665196e+01
2.477868933522166017e+01 3.006321782219810501e+01
2.528798170122905731e+01 3.092733399775256942e+01
2.583949912880864019e+01 3.179600361947277776e+01
2.643043527827961725e+01 3.266545215438724625e+01
2.705752344152200806e+01 3.353241354025639254e+01
2.771666186779221874e+01 3.439454400815581891e+01
2.840366062453241369e+01 3.524959718478564952e+01
2.911437505410128423e+01 3.609542759345345786e+01
2.984512789967233104e+01 3.693093137521360347e+01
3.059251764582041133e+01 3.775561916970077903e+01
3.135314708491044300e+01 3.856901016644539482e+01
3.212415831895219043e+01 3.937106406291611904e+01
3.290418343232592946e+01 4.016295757368568786e+01
3.369210965866458452e+01 4.094607581915138184e+01
3.448679144626849791e+01 4.172185474092414381e+01
3.528648056970909863e+01 4.249266449746912855e+01
3.608889987835330970e+01 4.326169514501225422e+01
3.689175426476303699e+01 4.403216457498960779e+01
3.769264742822923608e+01 4.480704219070224781e+01
3.848874675767763165e+01 4.558822600060528885e+01
3.927710207537482034e+01 4.637732531886032206e+01
4.005477333219936042e+01 4.717593507176935930e+01
4.081921429513725030e+01 4.798509102044248209e+01
4.156839031222722269e+01 4.880510255062788616e+01
4.230030092133085873e+01 4.963623050318572183e+01
4.301301882920206054e+01 5.047870405273754812e+01
4.370511611819802056e+01 5.133253625272980969e+01
4.437537346421983386e+01 5.219764988090949487e+01
4.502257163424330599e+01 5.307396834014664933e+01
4.564541791383238234e+01 5.396152724396619504e+01
4.624247687671802254e+01 5.486058013567742364e+01
4.681229669995254739e+01 5.577140559733084046e+01
4.735350118929234498e+01 5.669426233283761007e+01
4.786556726824991870e+01 5.762918481387080760e+01
4.834851012937835435e+01 5.857606603424664371e+01
4.880235360183365145e+01 5.953479670684250635e+01
4.922738026673285106e+01 6.050518506130277530e+01
4.962464155144983380e+01 6.148679423956485124e+01
4.999533103119544819e+01 6.247914207062203218e+01
5.034066242772026101e+01 6.348173864318113147e+01
5.066226265501343562e+01 6.449393529777952949e+01
5.096214572734737658e+01 6.551493465129614435e+01
5.124234058018191007e+01 6.654393358790015611e+01
5.150501684323076290e+01 6.758006907884183079e+01
5.175299814167350121e+01 6.862219959943989522e+01
5.198929798357482213e+01 6.966910276572022553e+01
5.221694341865890010e+01 7.071955044690589887e+01
5.243957395453909953e+01 7.177205459900307005e+01
5.266167892796848804e+01 7.282476652983388021e+01
5.288781027360375475e+01 7.387581098209183494e+01
5.312241474313736234e+01 7.492335547312559640e+01
5.336916172041675566e+01 7.596588365171845680e+01
5.363137217072033991e+01 7.700202085769838334e+01
5.391235154091941695e+01 7.803039884086422262e+01
5.421322158574321293e+01 7.905055299014793491e+01
5.453056003206632596e+01 8.006389907006759188e+01
5.486037760012515463e+01 8.107208747958293316e+01
5.519863072524647407e+01 8.207679111613106215e+01
5.554060502754727224e+01 8.307996089770256276e+01
5.588113368700665262e+01 8.408373525690593908e+01
5.621504160778039960e+01 8.509025605639834566e+01
5.653773961304209195e+01 8.610142267386481763e+01
5.684651231710777353e+01 8.711835901089317247e+01
5.713901812434134797e+01 8.814203427453729489e+01
5.741300036863734135e+01 8.917338251060600385e+01
5.766815576309465996e+01 9.021252905627005703e+01
5.790613440001651924e+01 9.125879054006209401e+01
5.812867130123679260e+01 9.231144842926966021e+01
5.833755941610916551e+01 9.336976025713101990e+01
5.853488208179756924e+01 9.443286357667105335e+01
5.872281343733642700e+01 9.549985842409276415e+01
5.890352343877049179e+01 9.656984656658545418e+01
5.907895708551669145e+01 9.764202286084082516e+01
5.925072584264157172e+01 9.871572018369667489e+01
5.942041418434769895e+01 9.979028258110436411e+01
5.958954039296045835e+01 1.008650814007751393e+02
5.975909228482245794e+01 1.019397067884894881e+02
5.992980275389566458e+01 1.030138540363077055e+02
6.010240071736994594e+01 1.040872200761787525e+02
6.027711540307898730e+01 1.051597078619679593e+02
6.045306116590599999e+01 1.062316800096467091e+02
6.062920151111718070e+01 1.073035613304818270e+02
6.080445469125025681e+01 1.083757952255949988e+02
6.097712460779958832e+01 1.094490774719744479e+02
6.114507240956305623e+01 1.105242857297464951e+02
6.130614962068868579e+01 1.116023016123656078e+02
6.145959575502007510e+01 1.126834320551837152e+02
6.160943084659790259e+01 1.137660046847110493e+02
6.176070336430386476e+01 1.148479213181130660e+02
6.191851097277094595e+01 1.159270637316906658e+02
6.208922762174593402e+01 1.170007937817048571e+02
6.228058957230921067e+01 1.180659183598907589e+02
6.250039950948843881e+01 1.191192172988720586e+02
6.275544585036706735e+01 1.201578962114999740e+02
6.304703106072022933e+01 1.211814636618437504e+02
6.337461133257549761e+01 1.221902032624800967e+02
6.373760046666336621e+01 1.231844165509498055e+02
6.413279795027226271e+01 1.241655107861314065e+02
6.455285977171610057e+01 1.251366457157813556e+02
6.499007459902327355e+01 1.261011364454149941e+02
6.543680821519208735e+01 1.270622675245061828e+02
6.588609758907081471e+01 1.280230575517973932e+02
6.633132527881758733e+01 1.289863881896970383e+02
6.676587999394153883e+01 1.299551384452546188e+02
6.718413470263772069e+01 1.309317322239713519e+02
6.758281870094246813e+01 1.319175039124401394e+02
6.795900653583541384e+01 1.329136282601166386e+02
6.830979775772617302e+01 1.339212476284602928e+02
6.863266604242018332e+01 1.349410197585425522e+02
6.892537306819353660e+01 1.359732293297004730e+02
6.918568792198928463e+01 1.370181514217915719e+02
6.941139645972461381e+01 1.380758518655059106e+02
6.960034676990278513e+01 1.391456199313989259e+02
6.975040137460322853e+01 1.402265647827757391e+02
6.985946067303473228e+01 1.413177651305211953e+02
6.992654075109459200e+01 1.424174026967389750e+02
6.995192894258269689e+01 1.435226371467866784e+02
6.993598173693540332e+01 1.446305725463354861e+02
6.987939703102566114e+01 1.457383244383873091e+02
6.978486642171320398e+01 1.468430753895407577e+02
6.965580313965234893e+01 1.479420322260588136e+02
6.949563466935244094e+01 1.490324049748549555e+02
6.930881431023092887e+01 1.501116487094183185e+02
6.910153418917762735e+01 1.511776338741926224e+02
6.888015486511376650e+01 1.522282711486507196e+02
6.865098202034171493e+01 1.532614398245648033e+02
6.841980167995220086e+01 1.542747219661195572e+02
6.819211337614011370e+01 1.552655357725704732e+02
6.797340883024173763e+01 1.562313164598250523e+02
6.776702878018674880e+01 1.571778644370848212e+02
6.757078426520770620e+01 1.581324851601804085e+02
6.738160998475130725e+01 1.591258921780390665e+02
6.719617874376146460e+01 1.601920829666921122e+02
6.700682866705597007e+01 1.614194080847922237e+02
6.680233461176963772e+01 1.629408983389341472e+02
6.657136568278173172e+01 1.648909105761382818e+02
