2.237553533489609237e+01 2.330644280698219717e+01
2.396261365745968064e+01 2.418316472066780776e+01
2.519114426596252443e+01 2.488042944291746750e+01
2.618000382670260606e+01 2.545941997340393570e+01
2.704530523852486468e+01 2.597989902294428788e+01
2.785563813613632789e+01 2.647720729016151964e+01
2.863957211881220388e+01 2.696611934020580748e+01
2.942441646826475932e+01 2.746075990356279561e+01
3.023046440759500086e+01 2.797028130632481080e+01
3.105899084304117252e+01 2.849035725823253529e+01
3.190807936743493656e+01 2.901439972896962161e+01
3.277587367923769079e+01 2.953582901515052228e+01
3.366114373019949113e+01 3.004815217344532385e+01
3.456303155917347425e+01 3.054492780883269987e+01
3.548068415664463515e+01 3.101972965316781838e+01
3.641325272223364351e+01 3.146767130434360382e+01
3.735989634089847300e+01 3.188675112430044578e+01
3.831977496444405062e+01 3.227528460139780009e+01
3.929202996539296322e+01 3.263194283537826124e+01
4.027567748341785148e+01 3.295779390914778872e+01
4.126968192974289451e+01 3.325489599902800819e+01
4.227301504431822110e+01 3.352530472628713909e+01
4.328494908277460240e+01 3.377084789460896275e+01
4.430515212760091970e+01 3.399305323575274684e+01
4.533331927011537488e+01 3.419342800638560931e+01
4.636925716525611563e+01 3.437318996479862676e+01
4.741327487836012722e+01 3.453225315580889543e+01
4.846582283919506295e+01 3.467016479521574013e+01
4.952732328498137804e+01 3.478651619099648684e+01
5.059762347721892439e+01 3.488179805621811624e+01
5.167603385667985805e+01 3.495734082513488516e+01
5.276184418921094732e+01 3.501450715342365783e+01
5.385414981120297284e+01 3.505476542673543605e+01
5.495145481373272389e+01 3.507990554759945212e+01
5.605215131356675329e+01 3.509177830973478507e+01
5.715463847725304447e+01 3.509214640105366811e+01
5.825740008992246999e+01 3.508171497476375578e+01
5.935897582195880773e+01 3.506049074890117367e+01
6.045790786408286976e+01 3.502846731402468095e+01
6.155298263208788967e+01 3.498552021217722086e+01
6.264349660664222341e+01 3.493127844068399668e+01
6.372881018886992166e+01 3.486534010030894137e+01
6.480843665640136919e+01 3.478757455517903452e+01
6.588305812401361550e+01 3.469992514862745736e+01
6.695389623598511264e+01 3.460529256262962150e+01
6.802217187521721087e+01 3.450657176920759639e+01
6.908891735602358608e+01 3.440609858726068637e+01
7.015488929273939789e+01 3.430539131615410753e+01
7.122082242098666427e+01 3.420590337938509151e+01
7.228721374470868000e+01 3.410852672665667740e+01
7.335335418781245664e+01 3.401130479232966053e+01
7.441815312248479586e+01 3.391137986333158949e+01
7.548054104460979374e+01 3.380594792287554640e+01
7.653996934885627468e+01 3.369352841455972225e+01
7.759642851982773948e+01 3.357401046106972586e+01
7.864993396415555083e+01 3.344734650581604285e+01
7.970057343861692800e+01 3.331367852277092112e+01
8.074868194457847892e+01 3.317379617507616985e+01
8.179464725304791273e+01 3.302862736277157296e+01
8.283886337181994008e+01 3.287911600268670043e+01
8.388181114632047297e+01 3.272642902072360016e+01
8.492403510174372627e+01 3.257189687978825532e+01
8.596608123403356672e+01 3.241685381720712655e+01
8.700849702274274478e+01 3.226263719093772409e+01
8.805183340787763768e+01 3.211059163767473024e+01
8.909664182188710413e+01 3.196206282991909831e+01
9.014349481569260547e+01 3.181844686524010157e+01
9.119314874914340407e+01 3.168157872606082393e+01
9.224645462413253938e+01 3.155351937381425387e+01
9.330425982517625982e+01 3.143632098817780474e+01
9.436711108103156675e+01 3.133130799390022503e+01
9.543506668978611174e+01 3.123862254060043142e+01
9.650814020047920394e+01 3.115829846019674321e+01
9.758616225509518927e+01 3.108992773943357335e+01
9.866791678644177921e+01 3.103057384914625061e+01
9.975181602456359542e+01 3.097640234471203513e+01
1.008362804075536872e+02 3.092359859119338239e+01
1.019199887405206368e+02 3.086897153820284956e+01
1.030019162525256462e+02 3.081004557264132515e+01
1.040810544813690370e+02 3.074438444354737499e+01
1.051568001204110345e+02 3.067053019243481415e+01
1.062301077722198670e+02 3.059078660323451615e+01
1.073023064405557250e+02 3.050836149256312169e+01
1.083747166945760085e+02 3.042644240138918121e+01
1.094485217417160925e+02 3.034788667162267117e+01
1.105247930356761259e+02 3.027528300426201469e+01
1.116045976478415156e+02 3.021120955675144870e+01
1.126884443071321584e+02 3.015689786002761252e+01
1.137753845337605014e+02 3.011006490691940485e+01
1.148642350963630747e+02 3.006786150961504944e+01
1.159537755756274890e+02 3.002734903116064302e+01
1.170424154430676822e+02 2.998469860136487597e+01
1.181283519496844718e+02 2.993557089050806042e+01
1.192097843850585264e+02 2.987563149798312168e+01
1.202853425536114713e+02 2.980158397826402705e+01
1.213544343620354766e+02 2.971200786111761971e+01
1.224165495175415828e+02 2.960567989428385616e+01
1.234712959287399769e+02 2.948165899596668282e+01
1.245190459752515721e+02 2.934082903011232446e+01
1.255604761975238119e+02 2.918479995360892332e+01
1.265962625896527243e+02 2.901517947065165259e+01
1.276270319411175365e+02 2.883342261676943963e+01
1.286533484360872421e+02 2.864079018008593280e+01
1.296757722042452201e+02 2.843853036874796203e+01
1.306949257492553329e+02 2.822802597875997321e+01
1.317117015747043638e+02 2.801124240019638023e+01
1.327270652245252904e+02 2.779030262640830884e+01
1.337420012520930470e+02 2.756737541586786477e+01
1.347578598981285722e+02 2.734550992312438567e+01
1.357763212927893903e+02 2.712854951496653655e+01
1.367990773349437745e+02 2.692036596681301930e+01
1.378277552174053824e+02 2.672476218492824529e+01
1.388637928034518154e+02 2.654533956483393808e+01
1.399085935105000829e+02 2.638566283999144346e+01
1.409634446954419218e+02 2.624907835610004980e+01
1.420283057626597270e+02 2.613643368870918238e+01
1.431022893570494716e+02 2.604698309032862014e+01
1.441844917952006426e+02 2.597995317749417055e+01
1.452736415463886317e+02 2.593430590861609986e+01
1.463677263072054018e+02 2.590847027230359245e+01
1.474646448663560250e+02 2.590081128987888803e+01
1.485623223550119860e+02 2.590984262359136281e+01
1.496588769549635742e+02 2.593516724990085720e+01
1.507525127375484999e+02 2.597687278864963645e+01
1.518414473163417142e+02 2.603504087253798005e+01
1.529245195629061413e+02 2.610936587771809769e+01
1.540014455249036018e+02 2.619899539914222331e+01
1.550720075011563495e+02 2.630303573459432442e+01
1.561361743544097180e+02 2.642033678286342635e+01
1.571948244793081528e+02 2.654849845259612806e+01
1.582491130276671356e+02 2.668474029883498488e+01
1.593001759269424724e+02 2.682633556566152322e+01
1.603487054457005740e+02 2.697179440463537503e+01
1.613949501936181434e+02 2.712086387479423877e+01
1.624391394795123063e+02 2.727334483727039327e+01
1.634814544335911251e+02 2.742913800646979183e+01
1.645219178523809092e+02 2.758847225356220889e+01
1.655605200548743596e+02 2.775164376149974998e+01
1.665972202962074959e+02 2.791901694576704784e+01
1.676315665410195663e+02 2.809185963163546518e+01
1.686628154583857793e+02 2.827207948231441037e+01
1.696902190277458260e+02 2.846159401492084839e+01
1.707133529731285364e+02 2.866151161670015668e+01
1.717325206867708971e+02 2.887112202493953816e+01
1.727481248539107810e+02 2.908946681545602786e+01
1.737605911821195264e+02 2.931552972785050315e+01
1.747705371990214189e+02 2.954781261546460769e+01
1.757786756847968377e+02 2.978457804019453903e+01
1.767857180153009722e+02 3.002409189461984340e+01
1.777922459600594607e+02 3.026493344919907358e+01
1.787986380301126133e+02 3.050617343737114595e+01
1.798052549720953550e+02 3.074692554550537338e+01
1.808123697575659605e+02 3.098651626368134515e+01
1.818197729078144391e+02 3.122544174438287712e+01
1.828270900599088691e+02 3.146459788880980568e+01
1.838339353382164632e+02 3.170490840596457716e+01
1.848396056720265506e+02 3.194806312256466896e+01
1.858430463751683988e+02 3.219660111820689252e+01
1.868431844868592862e+02 3.245310561092847479e+01
1.878390746020531026e+02 3.271985027598017837e+01
1.888302428364567618e+02 3.299796453707467947e+01
1.898163242340537522e+02 3.328831347887444991e+01
1.907969636443713455e+02 3.359173809854713255e+01
1.917719573243259958e+02 3.390870745828586053e+01
1.927412205294076557e+02 3.423939829814721492e+01
1.937046719382183539e+02 3.458397896280015260e+01
1.946623151110760830e+02 3.494241457237298221e+01
1.956143669481031395e+02 3.531415946698407282e+01
1.965610773357129233e+02 3.569858901068739954e+01
1.975027422523021698e+02 3.609497135648208399e+01
1.984400961120787485e+02 3.650155484519293481e+01
1.993741159106313887e+02 3.691602356755453229e+01
2.003057801242854907e+02 3.733605892526279746e+01
2.012359756730521099e+02 3.775961901373214147e+01
2.021654298041976858e+02 3.818514447778805021e+01
2.030948537213390637e+02 3.861112444801123900e+01
2.040248381173207974e+02 3.903636406769370382e+01
2.049552256203750460e+02 3.946163011328222581e+01
2.058855722311300269e+02 3.988844097839870528e+01
2.068154315526242328e+02 4.031832214735692332e+01
2.077442947241342495e+02 4.075299057861269603e+01
2.086715761078171454e+02 4.119439858040936997e+01
2.095966853513833144e+02 4.164451291248348497e+01
2.105190826892532527e+02 4.210508075782809101e+01
2.114384388506406367e+02 4.257693562544762500e+01
2.123544793068042509e+02 4.306067341095125300e+01
2.132668793301034498e+02 4.355695089183072355e+01
2.141744017372371331e+02 4.406753149057584551e+01
2.150750140365494474e+02 4.459514319601168353e+01
2.159666565959669242e+02 4.514254640163049004e+01
2.168468425040868226e+02 4.571259061897028886e+01
2.177118816375863162e+02 4.630837631459444026e+01
2.185578736180369219e+02 4.693304780816855981e+01
2.193809145699222825e+02 4.758956596011393714e+01
2.201770624474195586e+02 4.827888919449354432e+01
2.209423517087967923e+02 4.900074332640097197e+01
2.216728208899693016e+02 4.975483216720684254e+01
2.223650435243084189e+02 5.054037954972523039e+01
2.230166321898315118e+02 5.135567711701165905e+01
2.236253188441534121e+02 5.219890940946845603e+01
2.241892320632263420e+02 5.306818918123906315e+01
2.247092875085602373e+02 5.396112473564759426e+01
2.251875957557542449e+02 5.487510810156964425e+01
2.256263088479442445e+02 5.580752560120467365e+01
2.260291827342558122e+02 5.675555144029240040e+01
2.264021605482349742e+02 5.771607056957962811e+01
2.267513425097413347e+02 5.868594716515856646e+01
2.270825195064343518e+02 5.966226087195602901e+01
2.274000330942907908e+02 6.064310088323659897e+01
2.277078007174433765e+02 6.162685181215520913e+01
2.280096754818189311e+02 6.261192843271337694e+01
2.283081194318929192e+02 6.359739736753846273e+01
2.286042504909224249e+02 6.458295509178404359e+01
2.288991316130414759e+02 6.556832383149755117e+01
2.291936334028362126e+02 6.655329676205731460e+01
2.294880184504675640e+02 6.753789132875630230e+01
2.297824294997467973e+02 6.852216918296133485e+01
2.300770656376481043e+02 6.950616521911516088e+01
2.303728359476064611e+02 7.048957715994011153e+01
2.306711351243742456e+02 7.147187211517287153e+01
2.309733676970158172e+02 7.245251247033480979e+01
2.312810141172492990e+02 7.343091451004852388e+01
2.315957193156907294e+02 7.440639464591234287e+01
2.319191497357558660e+02 7.537825622676457726e+01
2.322527798005953059e+02 7.634588134370096668e+01
2.325965516728085731e+02 7.730928042594953808e+01
2.329496738505884537e+02 7.826876475843964442e+01
2.333113448291946384e+02 7.922464999116554907e+01
2.336804581260058740e+02 8.017739167233013120e+01
2.340554454765401715e+02 8.112765717682636080e+01
2.344347001441377074e+02 8.207613152734764128e+01
2.348165783975808267e+02 8.302352604751338561e+01
2.351992411674648054e+02 8.397069093475454338e+01
2.355807851479388262e+02 8.491852205478721771e+01
2.359593080821766193e+02 8.586791690841836555e+01
2.363329361146140855e+02 8.681981497566275152e+01
2.366998258095933068e+02 8.777520069945073544e+01
2.370581352354580531e+02 8.873506072307793602e+01
2.374062420097165500e+02 8.970029244783680156e+01
2.377433040294865805e+02 9.067147610817434611e+01
2.380686524582400807e+02 9.164912150949906788e+01
2.383817240042818639e+02 9.263367942008258638e+01
2.386835021841536957e+02 9.362473539171287484e+01
2.389761448665681769e+02 9.462121809523297600e+01
2.392618395917478438e+02 9.562203862467549698e+01
2.395428988970024875e+02 9.662572765599371394e+01
2.398219379334253460e+02 9.762989488564825535e+01
2.401016167472540133e+02 9.863201337551818426e+01
2.403844500343419952e+02 9.962948044841505180e+01
2.406716302999661536e+02 1.006190044610906256e+02
2.409636442737033803e+02 1.015969260052318077e+02
2.412609613484341082e+02 1.025595811871692007e+02
2.415632392413489526e+02 1.035032277027279122e+02
2.418687695524955075e+02 1.044239912763839015e+02
2.421757127667117970e+02 1.053179849664586101e+02
2.424835246819837948e+02 1.061849440883299849e+02
2.427993803869913449e+02 1.070461904403334046e+02
2.431333026985460037e+02 1.079310093031004953e+02
2.434959076992749090e+02 1.088699773084352387e+02
2.439166730508226522e+02 1.099346372984439313e+02
2.444474742910988425e+02 1.112451789495477925e+02
2.451414895310273323e+02 1.129246210480744708e+02
