5.935420576245179802e+01 5.265217624867943869e+01
6.010712192424506384e+01 5.481953068277901764e+01
6.071992463721359456e+01 5.654211815112521577e+01
6.122856118844020301e+01 5.792801098688475037e+01
6.166897886500761672e+01 5.908528152322426763e+01
6.207555071234924071e+01 6.011685891048896480e+01
6.246698954067066722e+01 6.107450896407098639e+01
6.285303183199795285e+01 6.198067106341709831e+01
6.324330782253579741e+01 6.285743747374077373e+01
6.364733659489176887e+01 6.372660939851922990e+01
6.407081444620203570e+01 6.459997786967014122e+01
6.451474220116644176e+01 6.547703856929567223e+01
6.497983267698390364e+01 6.635653301620128275e+01
6.546679833951165506e+01 6.723720282832202599e+01
6.597613138109707620e+01 6.811785177281166170e+01
6.650772759289628766e+01 6.899745188884197944e+01
6.706138281255434208e+01 6.987500341703596973e+01
6.763689287771629211e+01 7.074950659801662312e+01
6.823396859386706126e+01 7.162004818599329781e+01
6.885177173737264411e+01 7.248627352945322855e+01
6.948924597490071164e+01 7.334804988647876201e+01
7.014533441933036784e+01 7.420524507858897323e+01
7.081897821831505269e+01 7.505774327156017023e+01
7.150908289964353060e+01 7.590572487208531527e+01
7.221452299854135504e+01 7.674962804374098368e+01
7.293417201609025824e+01 7.758989955080200218e+01
7.366690415325196284e+01 7.842698571723659029e+01
7.441166765574888586e+01 7.926128628416580568e+01
7.516754918029516830e+01 8.009311391594778229e+01
7.593365055821408305e+01 8.092277173033006932e+01
7.670907362082888881e+01 8.175056284506023019e+01
7.749293009118552789e+01 8.257677181439377989e+01
7.828437439080805405e+01 8.340160306166370674e+01
7.908257245972257010e+01 8.422523939378389457e+01
7.988669023812995817e+01 8.504786361734034017e+01
8.069590560692391534e+01 8.586965245391502322e+01
8.150952628402639277e+01 8.669071645984702457e+01
8.232693968014623920e+01 8.751112557985108253e+01
8.314753436264591357e+01 8.833094916920879314e+01
8.397070175399949221e+01 8.915025538480013267e+01
8.479594697930454572e+01 8.996906465808679343e+01
8.562292445466275126e+01 9.078733475728299140e+01
8.645129873482747485e+01 9.160501919501622581e+01
8.728073441923288556e+01 9.242207146542205010e+01
8.811094591294630618e+01 9.323842444992430956e+01
8.894179278477054140e+01 9.405395095203853373e+01
8.977316090634781176e+01 9.486851288950674643e+01
9.060493614932026674e+01 9.568197218007087201e+01
9.143701546555746518e+01 9.649418766098420974e+01
9.226937330644872759e+01 9.730499662333647848e+01
9.310201721238315997e+01 9.811422715892162216e+01
9.393495484762347303e+01 9.892170732509475783e+01
9.476819396696419062e+01 9.972726710569496333e+01
9.560174415790285707e+01 1.005307754837889433e+02
9.643561671187819684e+01 1.013321377016685432e+02
9.726982298506560198e+01 1.021312603791974709e+02
9.810437404542227569e+01 1.029280507467661891e+02
9.893924178664680369e+01 1.037224990167962346e+02
9.977431959030286635e+01 1.045147617123593307e+02
1.006094914687730295e+02 1.053050152030717754e+02
1.014446414344400011e+02 1.060934358585499524e+02
1.022796222809934648e+02 1.068802614373887252e+02
1.031141413535398073e+02 1.076660157107974953e+02
1.039478636713993183e+02 1.084513056801450830e+02
1.047804542491180086e+02 1.092367383561880132e+02
1.056115786253883755e+02 1.100229160905399795e+02
1.064409085842314937e+02 1.108103857200083979e+02
1.072681200123458183e+02 1.115996576126505033e+02
1.080928888681838060e+02 1.123912414987002251e+02
1.089148928898747499e+02 1.131856435518630661e+02
1.097338927427208404e+02 1.139832042231403193e+02
1.105497655192700819e+02 1.147840312938621992e+02
1.113623970345028340e+02 1.155882151143404428e+02
1.121716731284950583e+02 1.163958460103966956e+02
1.129775387482463174e+02 1.172069566266384868e+02
1.137801244299971444e+02 1.180213984950041208e+02
1.145795970405582125e+02 1.188389876931861551e+02
1.153761234467401948e+02 1.196595402988772037e+02
1.161699042059353530e+02 1.204828556722936099e+02
1.169613954673851310e+02 1.213086063473859184e+02
1.177511705708442378e+02 1.221364067074427169e+02
1.185398034676940142e+02 1.229658708322597533e+02
1.193278673971605741e+02 1.237966136740789835e+02
1.201159194124757903e+02 1.246282700142674287e+02
1.209045004876916352e+02 1.254604943324607973e+02
1.216941509060681454e+02 1.262929419545693008e+02
1.224854101428025075e+02 1.271252686110645698e+02
1.232786720065881809e+02 1.279572029611659616e+02
1.240740170769025070e+02 1.287886304840473599e+02
1.248714853176615520e+02 1.296194569932901572e+02
1.256711166927812826e+02 1.304495883024756608e+02
1.264729067325400536e+02 1.312789537238302557e+02
1.272766274514992091e+02 1.321076007754431885e+02
1.280819807365323300e+02 1.329356140622980718e+02
1.288886684496379189e+02 1.337630782025341603e+02
1.296963849347854421e+02 1.345900821025804817e+02
1.305047260966906038e+02 1.354167708187032702e+02
1.313132186612457417e+02 1.362433288668299269e+02
1.321213879176256683e+02 1.370699415823930565e+02
1.329287588600005563e+02 1.378967945382125322e+02
1.337348402027487282e+02 1.387240864073037585e+02
1.345391162111246501e+02 1.395520355366623733e+02
1.353410691363291107e+02 1.403808618939741280e+02
1.361401812336012256e+02 1.412107854455163363e+02
1.369359620447656596e+02 1.420420166424494823e+02
1.377280134742134692e+02 1.428747337281434966e+02
1.385159569497173493e+02 1.437091081379614650e+02
1.392994138990496538e+02 1.445453113072664451e+02
1.400780395916173404e+02 1.453835009517710262e+02
1.408517681761899496e+02 1.462237217274171428e+02
1.416206710136047491e+02 1.470659626633522805e+02
1.423848204214393149e+02 1.479102124008545900e+02
1.431443016554788983e+02 1.487564542020081149e+02
1.438995320757299226e+02 1.496045332531243162e+02
1.446512815410331712e+02 1.504541481854705012e+02
1.454003369319016201e+02 1.513049905533770811e+02
1.461474851136466100e+02 1.521567519071763002e+02
1.468935091670009285e+02 1.530091228018077061e+02
1.476391834346675012e+02 1.538617914939975435e+02
1.483852810300650447e+02 1.547144459171541939e+02
1.491325750666122190e+02 1.555667740046863230e+02
1.498817554676052168e+02 1.564184954808558530e+02
1.506330601027765113e+02 1.572695028208241865e+02
1.513865740258044070e+02 1.581197468979448786e+02
1.521423821703504586e+02 1.589691786314354829e+02
1.529005595185735160e+02 1.598177515239307240e+02
1.536610374065335236e+02 1.606654563686947199e+02
1.544236392201450485e+02 1.615123119829261782e+02
1.551881857161618257e+02 1.623583378663554129e+02
1.559544992109152588e+02 1.632035525296665810e+02
1.567225054063451921e+02 1.640479089188715989e+02
1.574922961634334229e+02 1.648912546059050044e+02
1.582639783503618389e+02 1.657334276454953965e+02
1.590376588366334545e+02 1.665742660914488908e+02
1.598134956516460079e+02 1.674135722766063736e+02
1.605918336130510227e+02 1.682510181141388728e+02
1.613730601558547733e+02 1.690862457608415923e+02
1.621575627150632783e+02 1.699188973735101342e+02
1.629457110885060729e+02 1.707486183162449436e+02
1.637377169297262185e+02 1.715750827115454626e+02
1.645337084571731623e+02 1.723979798545095150e+02
1.653338131375332694e+02 1.732169991769421244e+02
1.661381553454610014e+02 1.740318317600763578e+02
1.669467692179086100e+02 1.748422168219626656e+02
1.677595865486312618e+02 1.756479481750803870e+02
1.685765336062197832e+02 1.764488225792781577e+02
1.693975365738573942e+02 1.772446369632833125e+02
1.702224906757664940e+02 1.780352494719100775e+02
1.710512143261638016e+02 1.788206701287122655e+02
1.718835142308560933e+02 1.796009321086358170e+02
1.727191970956500313e+02 1.803760685866265305e+02
1.735580737488750742e+02 1.811461137211380219e+02
1.743999792346177173e+02 1.819111074477623333e+02
1.752447574104692762e+02 1.826710918047237158e+02
1.760922521466798116e+02 1.834261088332667100e+02
1.769423129829950483e+02 1.841761911384892585e+02
1.777948799989684971e+02 1.849212206336180202e+02
1.786499660113226184e+02 1.856609581702114440e+02
1.795075858921614724e+02 1.863951611789101435e+02
1.803677547671086074e+02 1.871235869402175069e+02
1.812305082927785520e+02 1.878459805759661094e+02
1.820959174559632174e+02 1.885620662850823805e+02
1.829640567330232841e+02 1.892715661999331758e+02
1.838350006003199155e+02 1.899742024528852369e+02
1.847088283464036067e+02 1.906696975346748104e+02
1.855856382176834245e+02 1.913577753478517423e+02
1.864655331284042461e+02 1.920381601425850135e+02
1.873486159928110055e+02 1.927105761690436907e+02
1.882349819648103164e+02 1.933747686119604623e+02
1.891246503407197963e+02 1.940306872921946706e+02
1.900175975298686524e+02 1.946783977240689580e+02
1.909137994554167790e+02 1.953179667334129306e+02
1.918132296818183704e+02 1.959494669991535432e+02
1.927157829095350792e+02 1.965731669001716568e+02
1.936212582521474417e+02 1.971895720129288634e+02
1.945294490811294850e+02 1.977992021628483599e+02
1.954401487362325440e+02 1.984025772515576591e+02
1.963531325697757097e+02 1.990002603902798057e+02
1.972681279401653569e+02 1.995929299817112224e+02
1.981848542876380179e+02 2.001812834496576841e+02
1.991030310524302536e+02 2.007660182179249659e+02
2.000223858943285791e+02 2.013478112553103756e+02
2.009426987092672334e+02 2.019272095367722386e+02
2.018637698457413876e+02 2.025047091394322933e+02
2.027853996998963169e+02 2.030808060218315347e+02
2.037073926795858370e+02 2.036559862745043858e+02
2.046296243558641095e+02 2.042305609406475355e+02
2.055520314016112025e+02 2.048046907651022650e+02
2.064745524744719489e+02 2.053785316105824847e+02
2.073971265610323940e+02 2.059522385304606189e+02
2.083197258552650624e+02 2.065258848731572527e+02
2.092423837712054819e+02 2.070993933584881290e+02
2.101651403203662198e+02 2.076726704735395970e+02
2.110880355142595306e+02 2.082456227053978637e+02
2.120111282500146501e+02 2.088181105204095047e+02
2.129345577130100651e+02 2.093897987373740648e+02
2.138584844207297238e+02 2.099603001927122818e+02
2.147830688908259731e+02 2.105292277224353654e+02
2.157084710916398365e+02 2.110961954247898689e+02
2.166348451250557900e+02 2.116608308782662959e+02
2.175623415409703512e+02 2.122227698232950956e+02
2.184911108397131443e+02 2.127816481142040459e+02
2.194213023982472919e+02 2.133371043147771218e+02
2.203530221834824090e+02 2.138888816898484322e+02
2.212863199215574639e+02 2.144368591518089033e+02
2.222212415950393449e+02 2.149809246422003071e+02
2.231578331529074433e+02 2.155209661836979933e+02
2.240961075468115951e+02 2.160569515065064934e+02
2.250359829672063654e+02 2.165890772436185898e+02
2.259773606991540476e+02 2.171175808642733784e+02
2.269201420277166505e+02 2.176426998377097846e+02
2.278642228663107403e+02 2.181646846313139179e+02
2.288094621567068430e+02 2.186838751753546148e+02
2.297557032802923800e+02 2.192006490526491689e+02
2.307027895642841884e+02 2.197153839770963089e+02
2.316505672142810397e+02 2.202284507205772570e+02
2.325989394082926083e+02 2.207400826502116047e+02
2.335478615966153484e+02 2.212503870640069863e+02
2.344972911657185364e+02 2.217594665903541227e+02
2.354471858631105476e+02 2.222674229864481958e+02
2.363975500018426317e+02 2.227742456458177003e+02
2.373484799240055452e+02 2.232797018939195652e+02
2.383000827708391967e+02 2.237835329976285266e+02
2.392524656835837789e+02 2.242854802238197180e+02
2.402057334404406959e+02 2.247852905572079578e+02
2.411599799772160679e+02 2.252827372178360861e+02
2.421152961219092106e+02 2.257776009457015505e+02
2.430717727022603754e+02 2.262696624814292647e+02
2.440294994967210300e+02 2.267587051003597480e+02
2.449885540105567543e+02 2.272445417255781308e+02
2.459490057949905122e+02 2.277270044943673213e+02
2.469109242670573963e+02 2.282059258681609890e+02
2.478743787058769215e+02 2.286811386413337459e+02
2.488394321685266846e+02 2.291524906288328509e+02
2.498061390930265873e+02 2.296198504527923205e+02
2.507745532840608575e+02 2.300830882642747781e+02
2.517447285371642920e+02 2.305420742364314890e+02
2.527167004324253412e+02 2.309967225153663719e+02
2.536904482040603739e+02 2.314470832688026576e+02
2.546659402248371862e+02 2.318932328845161805e+02
2.556431448675236311e+02 2.323352477502829174e+02
2.566220137314473391e+02 2.327732447472816943e+02
2.576023732302005556e+02 2.332076429723560693e+02
2.585839931879750679e+02 2.336389981369831332e+02
2.595666431515643922e+02 2.340678666223167568e+02
2.605500895771940577e+02 2.344948122705602032e+02
2.615340303164346096e+02 2.349205645448364521e+02
2.625180959654842923e+02 2.353460152718353697e+02
2.635019142998632447e+02 2.357720630877452663e+02
2.644851131044958947e+02 2.361996066060405042e+02
2.654673217617777254e+02 2.366295405817188282e+02
2.664481730409599436e+02 2.370627515892837494e+02
2.674273001432799219e+02 2.375001251598359033e+02
2.684043362699745785e+02 2.379425468244755848e+02
2.693789327397924467e+02 2.383908583744210148e+02
2.703508306183227319e+02 2.388456849311605765e+02
2.713197987097784107e+02 2.393075846487001570e+02
2.722856058264841295e+02 2.397771156614612096e+02
2.732480265733718738e+02 2.402548221192563460e+02
2.742069099670108585e+02 2.407410685260842058e+02
2.751621566182557217e+02 2.412360948261595013e+02
2.761136681743852250e+02 2.417401384615446034e+02
2.770613472669404018e+02 2.422534344980872163e+02
2.780051489812427690e+02 2.427760913672526613e+02
2.789451061213009098e+02 2.433080298713604179e+02
2.798812577745060821e+02 2.438491556433326082e+02
2.808136430366439527e+02 2.443993742958258224e+02
2.817423453188555413e+02 2.449584844549028730e+02
2.826675957909953922e+02 2.455259280260016794e+02
2.835896563810179032e+02 2.461010726580346386e+02
2.845087890168775857e+02 2.466832859999140624e+02
2.854252520650457541e+02 2.472719442987657601e+02
2.863392750280886503e+02 2.478664934856150239e+02
2.872510734052681869e+02 2.484664132985820117e+02
2.881608626034327472e+02 2.490711836988948278e+02
2.890688551993713418e+02 2.496802914801576776e+02
2.899751929087547069e+02 2.502933945100442372e+02
2.908799432242975058e+02 2.509103298465030889e+02
2.917831701358344958e+02 2.515309430041931478e+02
2.926849374497868439e+02 2.521550799405732448e+02
2.935852663267483535e+02 2.527826895692813309e+02
2.944840808613621448e+02 2.534139551419938812e+02
2.953812917122050976e+02 2.540490923479355558e+02
2.962768095378534099e+02 2.546883168763305889e+02
2.971705403187628463e+02 2.553318557104167326e+02
2.980623650052080507e+02 2.559799962617967992e+02
2.989521562108679404e+02 2.566330460684494028e+02
2.998397865437316909e+02 2.572913126820885168e+02
3.007251325987894575e+02 2.579550940289547043e+02
3.016081273951885464e+02 2.586245518152740601e+02
3.024887457911003139e+02 2.592997467388984205e+02
3.033669636326367822e+02 2.599807371125784243e+02
3.042427566045968206e+02 2.606675816385096596e+02
3.051160900961578477e+02 2.613603638747208606e+02
3.059869131731310290e+02 2.620592067873367341e+02
3.068551734536052891e+02 2.627642368375950923e+02
3.077208185570598289e+02 2.634755804833757793e+02
3.085838305228418790e+02 2.641932810856663991e+02
3.094443151670020029e+02 2.649170831821292609e+02
3.103024061187093707e+02 2.656466641636336021e+02
3.111582370071329819e+02 2.663817014210486604e+02
3.120119501779072380e+02 2.671218513018199587e+02
3.128637648135192535e+02 2.678665846526853329e+02
3.137139400747983018e+02 2.686152758040542494e+02
3.145627354655775889e+02 2.693672982582527311e+02
3.154104084712828353e+02 2.701220303904691491e+02
3.162571591983737562e+02 2.708789891009112125e+02
3.171031235344930224e+02 2.716378463276533353e+02
3.179484339754665143e+02 2.723982821973392561e+02
3.187932229658111964e+02 2.731599769604821972e+02
3.196376057840645331e+02 2.739226523099765132e+02
3.204816557304439470e+02 2.746861312834492992e+02
3.213254398075212634e+02 2.754502521224025031e+02
3.221690250178684778e+02 2.762148530683384138e+02
3.230124787253408272e+02 2.769797714905336647e+02
3.238558703830510694e+02 2.777448397142881049e+02
3.246992701934116212e+02 2.785098882559096296e+02
3.255427483597994751e+02 2.792747476293772024e+02
3.263863734632751061e+02 2.800392522652925322e+02
3.272301887032401737e+02 2.808032978710591578e+02
3.280742171581314324e+02 2.815668287304314958e+02
3.289184813540330765e+02 2.823297904606636166e+02
3.297630043544608043e+02 2.830921273815350219e+02
3.306078509754861443e+02 2.838536830132619571e+02
3.314531569036608971e+02 2.846141297796297636e+02
3.322990647026226156e+02 2.853731235016725805e+02
3.331457169360127182e+02 2.861303200004155656e+02
3.339932599047010626e+02 2.868853660744088643e+02
3.348418544100918552e+02 2.876378735147823136e+02
3.356916647699709415e+02 2.883874456233622823e+02
3.365428553021239964e+02 2.891336857019750823e+02
3.373955947221518272e+02 2.898761864351947111e+02
3.382500939915589697e+02 2.906144385170720739e+02
3.391065876292150278e+02 2.913478757692116119e+02
3.399653104095303320e+02 2.920759313962886949e+02
3.408264969490913927e+02 2.927980389839960935e+02
3.416903767325994750e+02 2.935136445074230096e+02
3.425571731068478130e+02 2.942222087597942277e+02
3.434271090575788321e+02 2.949231934059846481e+02
3.443004074451838505e+02 2.956160604134914820e+02
3.451772265886176569e+02 2.963004275666411900e+02
3.460575550956825737e+02 2.969763223687690470e+02
3.469413540120970083e+02 2.976438388639737695e+02
3.478285843835793685e+02 2.983030710963539605e+02
3.487191989095733220e+02 2.989541332597111136e+02
3.496130980806005937e+02 2.995972655914134748e+02
3.505101622404716863e+02 3.002327569673233825e+02
3.514102716900674750e+02 3.008608963669450418e+02
3.523133058094581997e+02 3.014819749928072952e+02
3.532191279897331810e+02 3.020963226481138122e+02
3.541275880747663223e+02 3.027043018418208931e+02
3.550385354801824178e+02 3.033062761167664689e+02
3.559518198124471837e+02 3.039026085550543712e+02
3.568673090798110934e+02 3.044936178127285302e+02
3.577849047495260493e+02 3.050795417682548987e+02
3.587045118328885565e+02 3.056606097439764653e+02
3.596260353411946653e+02 3.062370510622359348e+02
3.605493763832035938e+02 3.068091044667147571e+02
3.614744197277300373e+02 3.073770481482914647e+02
3.624010458677032034e+02 3.079411706205019641e+02
3.633291352960384302e+02 3.085017603969176321e+02
3.642585703748198966e+02 3.090591014784353661e+02
3.651892530742935037e+02 3.096134305265927651e+02
3.661210970758235135e+02 3.101649559291502101e+02
3.670540162177887851e+02 3.107138856947919408e+02
3.679879249508908288e+02 3.112604263539029716e+02
3.689227606950178711e+02 3.118047289835059814e+02
3.698584902336611435e+02 3.123468737695450272e+02
3.707950822657480785e+02 3.128869362736205630e+02
3.717325054884541942e+02 3.134249920615624205e+02
3.726707270727697505e+02 3.139611203835569313e+02
3.736097098710675937e+02 3.144954109153381978e+02
3.745494159771839122e+02 3.150279551638197972e+02
3.754898074849553495e+02 3.155588446359154204e+02
3.764308519286614114e+02 3.160881577044245887e+02
3.773725536917903014e+02 3.166158837821774341e+02
3.783149324451952111e+02 3.171419753758236766e+02
3.792580079091043217e+02 3.176663848728133530e+02
3.802018009090546116e+02 3.181890619923942154e+02
3.811463536656487463e+02 3.187099048063949454e+02
3.820917277709882001e+02 3.192287646240862955e+02
3.830379855165180061e+02 3.197454910665340435e+02
3.839851887934597698e+02 3.202599347210812084e+02
3.849333504509464774e+02 3.207720645797613770e+02
3.858823877584461570e+02 3.212820803972201702e+02
3.868322069573678164e+02 3.217902085536808272e+02
3.877827142891203493e+02 3.222966754293662461e+02
3.887337932997621692e+02 3.228017622010149807e+02
3.896852249804575195e+02 3.233059976577957286e+02
3.906367613682878073e+02 3.238099804967125124e+02
3.915881544986133918e+02 3.243143094189256885e+02
3.925391594371465658e+02 3.248195758118652066e+02
3.934895660482986273e+02 3.253262870765848902e+02
3.944391864451456513e+02 3.258348969171676117e+02
3.953878331025992452e+02 3.263458581644089236e+02
3.963353192862097103e+02 3.268596217406278583e+02
3.972814928128360066e+02 3.273765551667787008e+02
3.982262487237656501e+02 3.278969119715547436e+02
3.991694854633790897e+02 3.284209374691237144e+02
4.001111014917739794e+02 3.289488769357073465e+02
4.010510219899933873e+02 3.294809111341556331e+02
4.019892535709320782e+02 3.300170242233784847e+02
4.029258183041618508e+02 3.305571630446559084e+02
4.038607382592545036e+02 3.311012744392675131e+02
4.047940463403270996e+02 3.316492790809577400e+02
4.057258550055620390e+02 3.322009055049146582e+02
4.066563121670445753e+02 3.327557966182465634e+02
4.075855658998025888e+02 3.333135949345253266e+02
4.085137640443413716e+02 3.338739435264189410e+02
4.094410493554717050e+02 3.344364975907638495e+02
4.103675596679248088e+02 3.350009240537439723e+02
4.112934326150437414e+02 3.355668903216483727e+02
4.122188058355775411e+02 3.361340637866516659e+02
4.131438178349756072e+02 3.367021095780863220e+02
4.140686089304732604e+02 3.372706880949494916e+02
4.149933196666036679e+02 3.378394591427937712e+02
4.159180905878997123e+02 3.384080825271718709e+02
4.168430687759342845e+02 3.389762021612435205e+02
4.177684332008068395e+02 3.395433844330242437e+02
4.186943725415883364e+02 3.401091721267580397e+02
4.196210754796556444e+02 3.406731080210840901e+02
4.205487340400176208e+02 3.412347267846237173e+02
4.214775823922485642e+02 3.417934608638779537e+02
4.224078835363601456e+02 3.423486727767951834e+02
4.233399010322521008e+02 3.428997236833083662e+02
4.242738981201201796e+02 3.434459755128828533e+02
4.252101215775654737e+02 3.439868298206547479e+02
4.261487941170353224e+02 3.445217460868841499e+02
4.270901365417152533e+02 3.450501883874494524e+02
4.280343696473171917e+02 3.455716208163328815e+02
4.289816827565989001e+02 3.460855837102446912e+02
4.299321618213230636e+02 3.465918678204746470e+02
4.308858716025470699e+02 3.470903152324555663e+02
4.318428768613288184e+02 3.475807680316206643e+02
4.328032339948642289e+02 3.480630888438948887e+02
4.337669327321410719e+02 3.485373040231297068e+02
4.347339309102004563e+02 3.490035182454021765e+02
4.357041861671575589e+02 3.494618366753230134e+02
4.366776539929513206e+02 3.499123698469761621e+02
4.376542373958351391e+02 3.503553594749950548e+02
4.386337851357940281e+02 3.507911828702238495e+02
4.396161434711985407e+02 3.512202235964156216e+02
4.406011586385899932e+02 3.516428652898994187e+02
4.415886721247787250e+02 3.520595073785129898e+02
4.425785147587806136e+02 3.524705847242387904e+02
4.435705159181167119e+02 3.528765370148698253e+02
4.445645049803077882e+02 3.532778039381988151e+02
4.455603255785537158e+02 3.536747931432843757e+02
4.465578964505752424e+02 3.540677434865405644e+02
4.475571609787962757e+02 3.544568384369744081e+02
4.485580625601371594e+02 3.548422614310143217e+02
4.495605503581172684e+02 3.552241825150632621e+02
4.505646535588685992e+02 3.556025859232951234e+02
4.515704598963133094e+02 3.559773199421147183e+02
4.525780584441248493e+02 3.563482297470301319e+02
4.535875377948007099e+02 3.567151616114968533e+02
4.545989569541645210e+02 3.570780293199463244e+02
4.556123286521052478e+02 3.574368522493992941e+02
4.566276615886944228e+02 3.577916589721256742e+02
4.576449644632245963e+02 3.581424780615390091e+02
4.586642328554101482e+02 3.584893573180660837e+02
4.596854158756351580e+02 3.588324126439084125e+02
4.607084523506419487e+02 3.591717750121579229e+02
4.617332811071726724e+02 3.595075753959069402e+02
4.627598487021339224e+02 3.598399148608627343e+02
4.637881686893959454e+02 3.601686352668533004e+02
4.648182889990852118e+02 3.604934454747277073e+02
4.658502578418667781e+02 3.608140532599557559e+02
4.668841265292671778e+02 3.611301542966273246e+02
4.679200322653235844e+02 3.614411090558818387e+02
4.689582071190000079e+02 3.617459077902881859e+02
4.699988880601595156e+02 3.620435216262312110e+02
4.710423121819814014e+02 3.623329210709696326e+02
4.720887547585722359e+02 3.626128849399766523e+02
4.731385830967013817e+02 3.628817299880304290e+02
4.741921780909075324e+02 3.631377047509361660e+02
4.752499206357286425e+02 3.633790577644988389e+02
4.763121651978149202e+02 3.636040623619209100e+02
4.773791157805479202e+02 3.638111330567165282e+02
4.784509232140590598e+02 3.639987342550824678e+02
4.795277382674413502e+02 3.641653304204871802e+02
4.806096915009188137e+02 3.643094355994876423e+02
4.816966036731844838e+02 3.644303239462917077e+02
4.827880532058611607e+02 3.645278641966148712e+02
4.838836120602467190e+02 3.646019409367815456e+02
4.849828514704769304e+02 3.646524448365754552e+02
4.860852884345362668e+02 3.646797203071716353e+02
4.871903491417242549e+02 3.646848714681421484e+02
4.882974511249058764e+02 3.646690748590675639e+02
4.894060119170339362e+02 3.646335070196677179e+02
4.905154750989820513e+02 3.645793857164924248e+02
4.916253837916289626e+02 3.645080862610595318e+02
4.927353048894081553e+02 3.644210215920097653e+02
4.938448052867530009e+02 3.643196046479835104e+02
4.949534600609479185e+02 3.642052161159412549e+02
4.960609215428248717e+02 3.640789321976703263e+02
4.971668845511295558e+02 3.639416616341737267e+02
4.982710443452417053e+02 3.637943114297524403e+02
4.993731030596831602e+02 3.636377939417748735e+02
5.004729803168883109e+02 3.634731908662920432e+02
5.015708524274700721e+02 3.633017837598327446e+02
5.026669104847931067e+02 3.631248656889522977e+02
5.037613457597950628e+02 3.629437298565319452e+02
5.048544328572084510e+02 3.627597334422699191e+02
5.059466623360019071e+02 3.625743994177207696e+02
5.070385592782358799e+02 3.623892772584227941e+02
5.081306487659705340e+02 3.622059164399139490e+02
5.092234376453606046e+02 3.620257912358508747e+02
5.103173204765435571e+02 3.618499128707925365e+02
5.114126491170956115e+02 3.616791164709468944e+02
5.125097753416572459e+02 3.615142368205086427e+02
5.136090389233630731e+02 3.613560759384810694e+02
5.147105756085322810e+02 3.612048788323210715e+02
5.158143505573062839e+02 3.610604247938800881e+02
5.169203236837028044e+02 3.609224787926225417e+02
5.180284548998514538e+02 3.607908057300388691e+02
5.191387039438344573e+02 3.606651642413560808e+02
5.202510302416102377e+02 3.605453017243830800e+02
5.213653931866442690e+02 3.604309644071088883e+02
5.224817521724027074e+02 3.603218985175229250e+02
5.236000440876449602e+02 3.602178028374319183e+02
5.247201130182650104e+02 3.601181804943846601e+02
5.258417791320395054e+02 3.600224841898850627e+02
5.269648625967219004e+02 3.599301666253859366e+02
5.280891878597847153e+02 3.598406955644605887e+02
5.292146234725287286e+02 3.597536939904488236e+02
5.303410639695349573e+02 3.596688763326932303e+02
5.314684042198366569e+02 3.595859581976129675e+02
5.325965405977628961e+02 3.595046602172768075e+02
5.337254243121341233e+02 3.594248860967480823e+02
5.348550757429271698e+02 3.593467704791361257e+02
5.359855196913230202e+02 3.592704627683914964e+02
5.371167808957488887e+02 3.591961122699083262e+02
5.382488353467269917e+02 3.591237917294886302e+02
5.393815231119463078e+02 3.590533604233145297e+02
5.405146607547573012e+02 3.589846407135199797e+02
5.416480648385118002e+02 3.589174549622396739e+02
5.427815548318596939e+02 3.588516530818257024e+02
5.439149695693507738e+02 3.587872686265908442e+02
5.450481558047340513e+02 3.587244102466125923e+02
5.461809603154281376e+02 3.586631868164270145e+02
5.473132375293712357e+02 3.586037299106003502e+02
5.484449867252436661e+02 3.585466008936290336e+02
5.495763366046337524e+02 3.584927451436626598e+02
5.507074204218092746e+02 3.584431215472113763e+02
5.518383712802875607e+02 3.583986883501902980e+02
5.529693047129645720e+02 3.583603291347488380e+02
5.541003024826724186e+02 3.583287839821209104e+02
5.552314425213254481e+02 3.583047766946231718e+02
5.563628027608389175e+02 3.582890310745726197e+02
5.574944450082297180e+02 3.582821270241100819e+02
5.586263593098938145e+02 3.582840040465213178e+02
5.597585157570093770e+02 3.582944235627601302e+02
5.608908844399479676e+02 3.583131469865845133e+02
5.620234467861226904e+02 3.583398840301770178e+02
5.631563120503508344e+02 3.583737614601332666e+02
5.642896701119132103e+02 3.584135383623082021e+02
5.654237121133272694e+02 3.584579680616770361e+02
5.665586294598479071e+02 3.585058024452407608e+02
5.676946246836166665e+02 3.585557325021748056e+02
5.688319153225074842e+02 3.586063670947745550e+02
5.699707199747166442e+02 3.586563092821486407e+02
5.711112571890242862e+02 3.587041622450658451e+02
5.722536731050532808e+02 3.587487074284194364e+02
5.733978964578145678e+02 3.587892615055811802e+02
5.745438153495699680e+02 3.588252411836987790e+02
5.756913178825819841e+02 3.588560631699194801e+02
5.768402753809190244e+02 3.588811879848323656e+02
5.779904379582235379e+02 3.589003926697415636e+02
5.791415024744601396e+02 3.589135933290059484e+02
5.802931655605573269e+02 3.589207066650752722e+02
5.814451227465306147e+02 3.589216565535116388e+02
5.825970462350179560e+02 3.589165188618488855e+02
5.837485859578637246e+02 3.589055145653009049e+02
5.848993909574602412e+02 3.588888704344090002e+02
5.860491104580437423e+02 3.588668141515106527e+02
5.871974212384416205e+02 3.588397115616088513e+02
5.883440568735870784e+02 3.588082132935154505e+02
5.894887579464181044e+02 3.587730051151775115e+02
5.906312650398714368e+02 3.587347727945416409e+02
5.917713572460642126e+02 3.586943154614588138e+02
5.929089986512054793e+02 3.586529768245745800e+02
5.940442088243852368e+02 3.586122639209942804e+02
5.951770073452032648e+02 3.585736838187615376e+02
5.963074200575330224e+02 3.585387512372804508e+02
5.974355502875919228e+02 3.585090755350648237e+02
5.985615536558641452e+02 3.584863299443144911e+02
5.996855867641021405e+02 3.584721888957791975e+02
6.008078052702097693e+02 3.584683164409093479e+02
6.019283178462546857e+02 3.584758599386693732e+02
6.030471653991838821e+02 3.584952215505003892e+02
6.041643835607380879e+02 3.585267454276093986e+02
6.052800079669399338e+02 3.585707756466842397e+02
6.063940888937436284e+02 3.586274014694535026e+02
6.075067239838258502e+02 3.586958877173958626e+02
6.086180204419501933e+02 3.587753327793294602e+02
6.097280854728802524e+02 3.588648350440722652e+02
6.108370192568603443e+02 3.589634729602368566e+02
6.119448669004650583e+02 3.590701686411522360e+02
6.130516475337880138e+02 3.591837704618134239e+02
6.141573801340047112e+02 3.593031263631324350e+02
6.152620819066341937e+02 3.594270845313578775e+02
6.163657278143915619e+02 3.595544990024655476e+02
6.174682497297072814e+02 3.596842297795162722e+02
6.185695775838403279e+02 3.598151371343819847e+02
6.196696411718243098e+02 3.599460816529986005e+02
6.207683424988462093e+02 3.600759879907018330e+02
6.218655220940470372e+02 3.602039225356379575e+02
6.229610122494885900e+02 3.603289706665106564e+02
6.240546452572336875e+02 3.604502177620236125e+02
6.251462519478643571e+02 3.605668057891854232e+02
6.262356555702531296e+02 3.606781702778315548e+02
6.273226769222626444e+02 3.607838416605382008e+02
6.284071368005247678e+02 3.608833504175524354e+02
6.294888653465612833e+02 3.609762574112350535e+02
6.305678198764649096e+02 3.610625369740153019e+02
6.316440495128227894e+02 3.611424619196761228e+02
6.327176054131740557e+02 3.612163116780361065e+02
6.337885402974743556e+02 3.612843712774402434e+02
6.348569994986507936e+02 3.613472576015888080e+02
6.359232712525929401e+02 3.614060995910954261e+02
6.369876560125912874e+02 3.614620699645663535e+02
6.380504542351058035e+02 3.615163414324628661e+02
6.391120043770463326e+02 3.615699890695100294e+02
6.401727774698249505e+02 3.616237473226458405e+02
6.412332734387102846e+02 3.616782764009246307e+02
6.422939922089703941e+02 3.617342365134003899e+02
6.433554430448214134e+02 3.617922602572757569e+02
6.444182147958530322e+02 3.618527449249035612e+02
6.454829365808592456e+02 3.619159687473262466e+02
6.465502378308556217e+02 3.619822090324616966e+02
6.476207426168222128e+02 3.620517296309133144e+02
6.486949303008990455e+02 3.621244310762042460e+02
6.497731225247218845e+02 3.621998179167003968e+02
6.508556329615092864e+02 3.622773746946501205e+02
6.519427748693719877e+02 3.623565859616590501e+02
6.530347422682045817e+02 3.624369389570238695e+02
6.541314458665483471e+02 3.625179273060267064e+02
6.552327552103691914e+02 3.625990455617753128e+02
6.563385398456325674e+02 3.626797882773773836e+02
6.574486261805775484e+02 3.627597354581157560e+02
6.585625988199735730e+02 3.628389461014180029e+02
6.596799581688416083e+02 3.629176459972641169e+02
6.608002045464978664e+02 3.629960611054108313e+02
6.619228429843301456e+02 3.630744145478558949e+02
6.630474493045633153e+02 3.631528868141228372e+02
6.641736539701043966e+02 3.632316254873940693e+02
6.653010888578533013e+02 3.633107772993009803e+02
6.664293875346468212e+02 3.633904864411964013e+02
6.675583046692296421e+02 3.634707150666276334e+02
6.686877949420146479e+02 3.635511246758621837e+02
6.698178317616971071e+02 3.636313486172130069e+02
6.709483885369290874e+02 3.637110202394398470e+02
6.720794332019048625e+02 3.637898295166147591e+02
6.732109130864463395e+02 3.638676795451001453e+02
6.743427706737594463e+02 3.639445235524533473e+02
6.754749484470509060e+02 3.640203147662319907e+02
6.766073959254730426e+02 3.640949994217156700e+02
6.777401279169343979e+02 3.641684588706374370e+02
6.788731946436971612e+02 3.642405392701729170e+02
6.800066466788262005e+02 3.643110864288727271e+02
6.811405366377474593e+02 3.643799421781837964e+02
6.822749800108242653e+02 3.644468259127452257e+02
6.834101655167031595e+02 3.645113144292467950e+02
6.845462860021551705e+02 3.645729764856523047e+02
6.856835341319469990e+02 3.646313812873618190e+02
6.868220244498136253e+02 3.646862900904226308e+02
6.879616719772067199e+02 3.647379546511211856e+02
6.891023603400124102e+02 3.647867039077596587e+02
6.902439731641167100e+02 3.648328667986400546e+02
6.913863700013405378e+02 3.648768293394256830e+02
6.925292644848625514e+02 3.649193235052587738e+02
6.936723155596408787e+02 3.649612109319467663e+02
6.948151820741852589e+02 3.650033534839666913e+02
6.959575237583296712e+02 3.650466103977810235e+02
6.970990150130066922e+02 3.650917971621935294e+02
6.982393423435443083e+02 3.651396931719857548e+02
6.993781926172948715e+02 3.651910767424200230e+02
7.005152538675853293e+02 3.652467233249697074e+02
7.016503169831373725e+02 3.653071557444396831e+02
7.027833547810985237e+02 3.653724499849786866e+02
7.039143586901507206e+02 3.654426363183079047e+02
7.050433201389757869e+02 3.655177450161482398e+02
7.061702766070534381e+02 3.655976941821136279e+02
7.072954526036912739e+02 3.656819463624193531e+02
7.084191201131230855e+02 3.657698484663586100e+02
7.095415511195881209e+02 3.658607474032094160e+02
7.106630166599796894e+02 3.659539924162535840e+02
7.117837781797693424e+02 3.660489563794200194e+02
7.129040915506836882e+02 3.661450258988241444e+02
7.140242125756246878e+02 3.662415877501486534e+02
7.151443958646830197e+02 3.663380316643438732e+02
7.162648538159958207e+02 3.664338519552859452e+02
7.173857462842452151e+02 3.665286731167596486e+02
7.185072298339039207e+02 3.666221277942611891e+02
7.196294609314978743e+02 3.667138488731326333e+02
7.207525278501011599e+02 3.668036362258109193e+02
7.218763314962218374e+02 3.668917485341531801e+02
7.230007408788359271e+02 3.669785225883405246e+02
7.241256250069202451e+02 3.670642951785541754e+02
7.252508616400125447e+02 3.671493827506373009e+02
7.263763859434570804e+02 3.672339682866519865e+02
7.275021562205230339e+02 3.673181809748867295e+02
7.286281308383104260e+02 3.674021498552277762e+02
7.297542723877725166e+02 3.674859936493346595e+02
7.308806216987420612e+02 3.675696399532838541e+02
7.320072885855731784e+02 3.676528478445393944e+02
7.331343852264043335e+02 3.677353706262063042e+02
7.342620233813231607e+02 3.678169625121959712e+02
7.353902684128016745e+02 3.678974788030535024e+02
7.365190977404852219e+02 3.679769664006381618e+02
7.376484789761211687e+02 3.680554935753095833e+02
7.387783797314556296e+02 3.681331285974274010e+02
7.399087853314991889e+02 3.682098843971513134e+02
7.410397587369963048e+02 3.682855313532368200e+02
7.421713841725324983e+02 3.683597734114371178e+02
7.433037458632434209e+02 3.684323145157902104e+02
7.444369294279708811e+02 3.685028479556207230e+02
7.455710359166160970e+02 3.685709490517472204e+02
7.467061759804188341e+02 3.686361197239523904e+02
7.478424604154561166e+02 3.686978607847603939e+02
7.489799965789931093e+02 3.687556794268149361e+02
7.501187506348352372e+02 3.688093448027306067e+02
7.512585008647826044e+02 3.688589746475880702e+02
7.523990125345627575e+02 3.689047108455351349e+02
7.535400508819343486e+02 3.689466953188590992e+02
7.546813455338830181e+02 3.689851185522767310e+02
7.558225207752072947e+02 3.690203146856944159e+02
7.569631815048846875e+02 3.690526442954716231e+02
7.581029326218931601e+02 3.690824679579679923e+02
7.592413901980241917e+02 3.691101230251575771e+02
7.603782497239586746e+02 3.691357817648386117e+02
7.615132410879476765e+02 3.691595449442523886e+02
7.626460943164114497e+02 3.691815130434372350e+02
7.637765498901760566e+02 3.692017744106657915e+02
7.649045647885468497e+02 3.692201661596132567e+02
7.660302999633015588e+02 3.692362887050994118e+02
7.671539243126337624e+02 3.692497332405648081e+02
7.682756074112680835e+02 3.692600920711078629e+02
7.693956158595286752e+02 3.692671169315970019e+02
7.705144134593240324e+02 3.692708835930691862e+02
7.716324879427083943e+02 3.692715071479123026e+02
7.727503270417365684e+02 3.692691026885151473e+02
7.738683834187789898e+02 3.692639098807140385e+02
7.749869438261148389e+02 3.692567577310529714e+02
7.761062460013613418e+02 3.692486493544427049e+02
7.772265276748822771e+02 3.692405878915610060e+02
7.783480038712725673e+02 3.692335510235903371e+02
7.794706139838551735e+02 3.692282073722324185e+02
7.805941138730051989e+02 3.692250197676000312e+02
7.817182560733160699e+02 3.692244473106773057e+02
7.828427924795474837e+02 3.692269429717143225e+02
7.839674441780659890e+02 3.692326645224062531e+02
7.850918884158829769e+02 3.692413496763417129e+02
7.862157990918975656e+02 3.692527040663208027e+02
7.873388501297738458e+02 3.692664332764003348e+02
7.884607852663684753e+02 3.692821054742296383e+02
7.895815707518812587e+02 3.692988508445776006e+02
7.907012170708820804e+02 3.693157125037374726e+02
7.918197347079408246e+02 3.693317335680025622e+02
7.929371495102001290e+02 3.693460212567352983e+02
7.940536058017156620e+02 3.693581771553325552e+02
7.951693030039511996e+02 3.693680327529426677e+02
7.962844408440157622e+02 3.693754208140703668e+02
7.973992202649501451e+02 3.693802021614145588e+02
7.985138705123973750e+02 3.693828907127834213e+02
7.996286493226164112e+02 3.693846578196275914e+02
8.007438156854036606e+02 3.693867037593112173e+02
8.018596283645455287e+02 3.693902279825722985e+02
8.029763028194161052e+02 3.693962715548171332e+02
8.040939600627100390e+02 3.694055301039355754e+02
8.052127086577285127e+02 3.694186537243198245e+02
8.063326571677724814e+02 3.694362925103622501e+02
8.074539241468812634e+02 3.694589246955936233e+02
8.085766791852777260e+02 3.694861505882428219e+02
8.097011081273152513e+02 3.695172908927015669e+02
8.108273968242483534e+02 3.695516661946480781e+02
8.119557307231515324e+02 3.695885833054954901e+02
8.130862898760909729e+02 3.696271651774198972e+02
8.142192504924514651e+02 3.696664038059079758e+02
8.153547886991525502e+02 3.697052883760217696e+02
8.164930787428016856e+02 3.697428128102209257e+02
8.176341873597161793e+02 3.697782419006334749e+02
8.187780176279306943e+02 3.698112527726074177e+02
8.199244588902726036e+02 3.698415571570217821e+02
8.210734004866463920e+02 3.698688667946729538e+02
8.222247058319528605e+02 3.698929813488610989e+02
8.233781492522574581e+02 3.699140026203020852e+02
8.245334859518386565e+02 3.699320972596744355e+02
8.256904711349739046e+02 3.699474319176566723e+02
8.268488568120961872e+02 3.699601866660629526e+02
8.280083682297641872e+02 3.699706540435300326e+02
8.291687172804859074e+02 3.699791827049160702e+02
8.303296157585201627e+02 3.699861217179457071e+02
8.314907749658358398e+02 3.699918209328308762e+02
8.326518932468067078e+02 3.699966507957296926e+02
8.338126550090422597e+02 3.700010039051206832e+02
8.349727439717044035e+02 3.700052739537628668e+02
8.361318438368773514e+02 3.700098545989633294e+02
8.372896337450183637e+02 3.700151300280345481e+02
8.384457821525527379e+02 3.700214622481090032e+02
8.395999559883922529e+02 3.700292100951837142e+02
8.407518221814495973e+02 3.700387324052558142e+02
8.419010558848347046e+02 3.700503703579485091e+02
8.430473776404930959e+02 3.700643676884521938e+02
8.441905235632665381e+02 3.700809346988029915e+02
8.453302297819667501e+02 3.701002816610436525e+02
8.464662436122621330e+02 3.701226051118071609e+02
8.475984770955732301e+02 3.701478993346780726e+02
8.487269677313162219e+02 3.701760045738050167e+02
8.498517561692002573e+02 3.702067572053533695e+02
8.509728856847035559e+02 3.702399922628017066e+02
8.520905804673002422e+02 3.702754522692247292e+02
8.532053594550420712e+02 3.703127290279601311e+02
8.543177686930580421e+02 3.703514004811373752e+02
8.554283542266059612e+02 3.703910445721430733e+02
8.565376706467739041e+02 3.704313221500672739e+02
8.576463042235911871e+02 3.704722013910572969e+02
8.587548485659730204e+02 3.705137216680368510e+02
8.598638972828341593e+02 3.705559223539293043e+02
8.609740067883094525e+02 3.705987982404520267e+02
8.620853942346491294e+02 3.706419374842041634e+02
8.631980952815428054e+02 3.706847107070373681e+02
8.643121438731914168e+02 3.707264864746390458e+02
8.654275598364567941e+02 3.707666352988384233e+02
8.665439399114538901e+02 3.708045860159605809e+02
8.676603945831744795e+02 3.708398344948848262e+02
8.687760075088540361e+02 3.708718803028226603e+02
8.698898619347562544e+02 3.709002232419333041e+02
8.710008792457382469e+02 3.709244556485986095e+02
8.721075733866096016e+02 3.709444027877818826e+02
8.732083951989561683e+02 3.709599259998016691e+02
8.743017955243647066e+02 3.709708866249765151e+02
8.753862481067748149e+02 3.709771607963115230e+02
8.764603633435681331e+02 3.709787129116051574e+02
8.775228021034090489e+02 3.709755399681806693e+02
8.785722253354643954e+02 3.709676390153589978e+02
8.796081665212037706e+02 3.709549778268672640e+02
8.806443842972104221e+02 3.709370468876758764e+02
8.817062186088792259e+02 3.709129481015108354e+02
8.828193461466684084e+02 3.708817720734768386e+02
8.840098258464860237e+02 3.708425830519763622e+02
8.853360111906598604e+02 3.707922185021930659e+02
8.869125972060089680e+02 3.707236310102921379e+02
8.888599426405316990e+02 3.706293826358427737e+02
8.912984062422252691e+02 3.705020354384143388e+02
