6.784705295901669331e+01 6.204390393711209839e+01
6.972647440172073630e+01 6.339788300527731479e+01
7.114847388089556546e+01 6.442725541729068084e+01
7.226410150228161910e+01 6.524000292448164373e+01
7.322017216411353502e+01 6.594109323681612977e+01
7.409980869138297521e+01 6.659016675904167926e+01
7.493693902235504822e+01 6.721185370496195333e+01
7.576417274466723484e+01 6.782984414052775435e+01
7.660462546705761611e+01 6.846064969244372378e+01
7.746007856696911631e+01 6.910465108120135369e+01
7.832940306949586784e+01 6.976002849706735276e+01
7.921146740483236215e+01 7.042490040982025334e+01
8.010512058815153580e+01 7.109692349696398139e+01
8.100920283910797082e+01 7.177354523188537883e+01
8.192255677469754005e+01 7.245222050557160287e+01
8.284412282136020167e+01 7.313074293686308636e+01
8.377297017924263400e+01 7.380735210604694885e+01
8.470817682944228011e+01 7.448031800307762751e+01
8.564884811829648470e+01 7.514813212791479202e+01
8.659420096487437490e+01 7.581018911444188291e+01
8.754348071951653765e+01 7.646611373562237191e+01
8.849594562906551687e+01 7.711554745166148450e+01
8.945105287464990340e+01 7.775838913014638365e+01
9.040841588644664739e+01 7.839473981426291971e+01
9.136765284835843204e+01 7.902470553747438942e+01
9.232851311540291306e+01 7.964828558487566568e+01
9.329104612497854987e+01 8.026523503151157968e+01
9.425534309339857941e+01 8.087527495232727404e+01
9.522150603265041013e+01 8.147812454038795238e+01
9.618971940500892970e+01 8.207348861619271929e+01
9.716020569580609845e+01 8.266106537213894967e+01
9.813318673050967789e+01 8.324055535851844922e+01
9.910884838172594868e+01 8.381175879398630002e+01
1.000873283861525920e+02 8.437460933935005869e+01
1.010687611152995657e+02 8.492904998437582265e+01
1.020532967135875282e+02 8.547497380830654379e+01
1.030411508751277410e+02 8.601206647024599761e+01
1.040325563197193190e+02 8.653995975458832390e+01
1.050277342253779977e+02 8.705831034447513161e+01
1.060267231096065927e+02 8.756716897170696257e+01
1.070294156023513068e+02 8.806690108742398593e+01
1.080357000086473533e+02 8.855788146670117555e+01
1.090453985341164014e+02 8.904062589921730364e+01
1.100581794289858522e+02 8.951597861869745998e+01
1.110736890697329216e+02 8.998483052370178825e+01
1.120915970351334465e+02 9.044801354008204441e+01
1.131117538042068134e+02 9.090589980401860259e+01
1.141340947749114889e+02 9.135864561532577000e+01
1.151585561571959460e+02 9.180640513018936133e+01
1.161850881026702353e+02 9.224929361310829279e+01
1.172136597452246747e+02 9.268737337557581668e+01
1.182442415789966077e+02 9.312070293453682268e+01
1.192768096890352467e+02 9.354932722260291200e+01
1.203113638437742736e+02 9.397323362846299233e+01
1.213479100816678198e+02 9.439239430643002038e+01
1.223864480296549715e+02 9.480679702285209487e+01
1.234268731849125658e+02 9.521668309996742607e+01
1.244689964763435768e+02 9.562249978369654002e+01
1.255126260110978507e+02 9.602470118744156480e+01
1.265574630442146713e+02 9.642400061826393198e+01
1.276029554362924330e+02 9.682172604803560034e+01
1.286485143110664922e+02 9.721929456209504394e+01
1.296935404119876125e+02 9.761814855251759582e+01
1.307373518548886864e+02 9.801993185435480882e+01
1.317792272752758151e+02 9.842638455418577337e+01
1.328184461416813065e+02 9.883924474743352562e+01
1.338543365122151556e+02 9.926013386054663101e+01
1.348862937247424441e+02 9.969051177380696060e+01
1.359137180578404980e+02 1.001318265042974929e+02
1.369361492581372488e+02 1.005851894436195550e+02
1.379537292735941492e+02 1.010502584869426528e+02
1.389667625514464078e+02 1.015262993149032695e+02
1.399755749397130842e+02 1.020125259405573956e+02
1.409808490192083923e+02 1.025072911224687999e+02
1.419835619677465388e+02 1.030082363782018717e+02
1.429846996646471666e+02 1.035129822172150966e+02
1.439852083739346256e+02 1.040192447302712253e+02
1.449859387029383129e+02 1.045249708026188671e+02
1.459877271087633517e+02 1.050281414602820860e+02
1.469913659465128148e+02 1.055268441844482084e+02
1.479972891236540420e+02 1.060200316914330614e+02
1.490057562260730606e+02 1.065070774819047443e+02
1.500170207862151699e+02 1.069873696691965108e+02
1.510311067234446227e+02 1.074608506453859320e+02
1.520477146203174925e+02 1.079282433274198354e+02
1.530665207314667100e+02 1.083903293590847170e+02
1.540871793041589797e+02 1.088479435040538590e+02
1.551092477254144342e+02 1.093021543206893682e+02
1.561322567424341230e+02 1.097540946687405494e+02
1.571557340857455927e+02 1.102049046902722864e+02
1.581791558624357776e+02 1.106558491474730488e+02
1.592019548305893863e+02 1.111082974479770940e+02
1.602235625681830129e+02 1.115636218481986361e+02
1.612434675421678207e+02 1.120230572637704682e+02
1.622612980947977235e+02 1.124875009248001874e+02
1.632767036788793860e+02 1.129577990965145631e+02
1.642893796770051154e+02 1.134346871607322669e+02
1.652994026765748004e+02 1.139179801969509356e+02
1.663070379484811667e+02 1.144070377661305997e+02
1.673125547206885244e+02 1.149012098761214560e+02
1.683163499369996998e+02 1.153995382053521155e+02
1.693190034484257751e+02 1.159006228607558029e+02
1.703211092033148475e+02 1.164030299157130912e+02
1.713232592080279915e+02 1.169053301329360863e+02
1.723260367564802493e+02 1.174061153131540607e+02
1.733300227003283283e+02 1.179039831544376540e+02
1.743357959336169358e+02 1.183975360810374582e+02
1.753439009378325295e+02 1.188854595979949806e+02
1.763548528118312504e+02 1.193665101475993566e+02
1.773691655174340838e+02 1.198394469172270220e+02
1.783872791665632178e+02 1.203032073838319036e+02
1.794094489675468083e+02 1.207571754215067443e+02
1.804359016589733073e+02 1.212008036364344719e+02
1.814668093679969729e+02 1.216336764784262812e+02
1.825018813180071788e+02 1.220564959455348912e+02
1.835405935494106870e+02 1.224705269891781825e+02
1.845824163916941529e+02 1.228770483481512770e+02
1.856266195026950072e+02 1.232778232253974693e+02
1.866721802526375598e+02 1.236753204684784464e+02
1.877180529396410122e+02 1.240720646259365196e+02
1.887632462919667091e+02 1.244704488402822165e+02
1.898070179560758959e+02 1.248722653121270554e+02
1.908486966935793703e+02 1.252791345548651663e+02
1.918876232835284554e+02 1.256926480692146839e+02
1.929233554438359590e+02 1.261138736189988379e+02
1.939556392346914038e+02 1.265434242694300906e+02
1.949842272647345567e+02 1.269818972763582963e+02
1.960089961019482416e+02 1.274295906312732427e+02
1.970301383814613700e+02 1.278860392719888210e+02
1.980478963824693324e+02 1.283506582849275901e+02
1.990625279118869742e+02 1.288228252692671845e+02
2.000744252097281333e+02 1.293015932738575486e+02
2.010840494326002954e+02 1.297858489681132426e+02
2.020918621497287972e+02 1.302744780253011356e+02
2.030983170472982522e+02 1.307663851500099668e+02
2.041038561335137160e+02 1.312605032399358720e+02
2.051089204726672790e+02 1.317557674715788494e+02
2.061139328933456625e+02 1.322511570463250905e+02
2.071192312138958869e+02 1.327458563984241096e+02
2.081251285002511793e+02 1.332391097197363479e+02
2.091319317916371006e+02 1.337301757518800400e+02
2.101398363288606959e+02 1.342185831417049258e+02
2.111489386615001536e+02 1.347040987977406701e+02
2.121593317603075093e+02 1.351864982685667655e+02
2.131710186807084426e+02 1.356657741775521515e+02
2.141837689922526238e+02 1.361424828328082128e+02
2.151973148560150548e+02 1.366172708544874865e+02
2.162113799274281689e+02 1.370908053972042921e+02
2.172256126395764397e+02 1.375639352185887674e+02
2.182396221830008187e+02 1.380376038162585246e+02
2.192530195045247581e+02 1.385127504477912339e+02
2.202655322186053013e+02 1.389900327101923665e+02
2.212770637262871105e+02 1.394696838141211970e+02
2.222875319750298786e+02 1.399519018520855695e+02
2.232968778684526683e+02 1.404368294955073964e+02
2.243051514011114591e+02 1.409243460469195952e+02
2.253124349389566419e+02 1.414142526573744476e+02
2.263188113583102563e+02 1.419063492457773350e+02
2.273243731736357063e+02 1.424004124624693191e+02
2.283292215503672651e+02 1.428961980724724299e+02
2.293334579376956412e+02 1.433934611557588141e+02
2.303371713303414481e+02 1.438919868600447103e+02
2.313404177847319545e+02 1.443916398531035554e+02
2.323432479745383716e+02 1.448922977978280073e+02
2.333457078038871089e+02 1.453938498718112271e+02
2.343478000836443869e+02 1.458962892889804550e+02
2.353495047479499078e+02 1.463996644925671831e+02
2.363508011764056960e+02 1.469040252645747273e+02
2.373516487293864827e+02 1.474094697177064290e+02
2.383519760872035533e+02 1.479161700329051996e+02
2.393517093314801230e+02 1.484243046649024791e+02
2.403507755664796264e+02 1.489340495995655544e+02
2.413491068505497310e+02 1.494455688625771188e+02
2.423466367401593970e+02 1.499590228628449609e+02
2.433433020190846037e+02 1.504745642178716878e+02
2.443391027728530958e+02 1.509921927212631374e+02
2.453340968583548829e+02 1.515117686942662942e+02
2.463283443742628833e+02 1.520331470459869081e+02
2.473219803002918127e+02 1.525560019067391977e+02
2.483153413221280914e+02 1.530795204456368879e+02
2.493087977449089578e+02 1.536028086672753261e+02
2.503027455024452195e+02 1.541249107031479184e+02
2.512978171228569977e+02 1.546442994954590233e+02
2.522947729384499667e+02 1.551591394397614749e+02
2.532943730485032745e+02 1.556675954941804321e+02
2.542972872879702777e+02 1.561680505340155207e+02
2.553040447862035762e+02 1.566592271276468864e+02
2.563151624753459714e+02 1.571398772900991503e+02
2.573310604184222257e+02 1.576089868991230958e+02
2.583516802809977548e+02 1.580666967860376531e+02
2.593768163051388456e+02 1.585135036939539077e+02
2.604062557684719081e+02 1.589499211796437805e+02
2.614396462641817607e+02 1.593768000282858281e+02
2.624765057668105328e+02 1.597953039524515191e+02
2.635163474571236293e+02 1.602066082379258489e+02
2.645587620753562987e+02 1.606117009253354126e+02
2.656035531632747961e+02 1.610110563068737974e+02
2.666505604361168480e+02 1.614050613442338999e+02
2.676996129915094116e+02 1.617941286322757435e+02
2.687504397644927963e+02 1.621789125796249209e+02
2.698027146366046622e+02 1.625602005057575639e+02
2.708561104772896329e+02 1.629387821735597583e+02
2.719102719200236606e+02 1.633155155136390420e+02
2.729647988272184307e+02 1.636913665436152314e+02
2.740192870900683602e+02 1.640673108684832755e+02
2.750733576526264414e+02 1.644442636103096618e+02
2.761267575941815267e+02 1.648228353738771830e+02
2.771792736027635442e+02 1.652035411400443365e+02
2.782306996951052724e+02 1.655868781966135543e+02
2.792809817376398200e+02 1.659729772337303757e+02
2.803302088662668439e+02 1.663616230584046889e+02
2.813784758179387495e+02 1.667525869555062172e+02
2.824258808230923705e+02 1.671456317758489831e+02
2.834725318758456751e+02 1.675404967985282383e+02
2.845185386628962760e+02 1.679369172163713415e+02
2.855639981581906568e+02 1.683346589134938824e+02
2.866088847681461402e+02 1.687337836781218243e+02
2.876531043541019699e+02 1.691345187808949788e+02
2.886965614146914731e+02 1.695370947823158190e+02
2.897391194578644331e+02 1.699418412032424612e+02
2.907805758776312928e+02 1.703492471778503727e+02
2.918207220683734704e+02 1.707598163247131993e+02
2.928593634679802449e+02 1.711740183583775377e+02
2.938963775992386900e+02 1.715921489650510807e+02
2.949316650501427830e+02 1.720144481466056163e+02
2.959651300151118107e+02 1.724411471982340061e+02
2.969967535276792887e+02 1.728722919091331960e+02
2.980265903337780173e+02 1.733077501110597325e+02
2.990546981546093548e+02 1.737473824528385080e+02
3.000811391555308774e+02 1.741910388541141970e+02
3.011059881545240273e+02 1.746385386882851947e+02
3.021293222063031294e+02 1.750896959287807704e+02
3.031512279500772706e+02 1.755443014100293624e+02
3.041718864791057513e+02 1.760019179343807991e+02
3.051915326301639197e+02 1.764619785559565628e+02
3.062104028747510824e+02 1.769239123823051045e+02
3.072288049070515967e+02 1.773869765741181652e+02
3.082471632779136144e+02 1.778501461750058752e+02
3.092659133854455149e+02 1.783123700409643106e+02
3.102854645759125560e+02 1.787726599226559188e+02
3.113060898591903083e+02 1.792303567156711779e+02
3.123280177959191519e+02 1.796849086254701433e+02
3.133514652207597919e+02 1.801357921665318713e+02
3.143763915334320131e+02 1.805831053562648663e+02
3.154025050358482076e+02 1.810275524158110159e+02
3.164295035856366667e+02 1.814698627810464018e+02
3.174570739034669487e+02 1.819107927749822409e+02
3.184848704090223350e+02 1.823511767025126460e+02
3.195125416992636929e+02 1.827918629259002614e+02
3.205397640112039994e+02 1.832336330784199276e+02
3.215664920437737351e+02 1.836765965268163541e+02
3.225928416938801320e+02 1.841204734714985420e+02
3.236189311645796352e+02 1.845649785453357765e+02
3.246449037090270622e+02 1.850097659047367529e+02
3.256709443909778656e+02 1.854543887660977362e+02
3.266972422435468957e+02 1.858983907629083205e+02
3.277239391457369493e+02 1.863414293687433769e+02
3.287509253746915761e+02 1.867837694777464890e+02
3.297780076306784736e+02 1.872258777564690604e+02
3.308049886706544385e+02 1.876682303914630268e+02
3.318315831569041734e+02 1.881115162487443797e+02
3.328574183858966080e+02 1.885566351141777943e+02
3.338821179384577817e+02 1.890044957439889686e+02
3.349053385515293826e+02 1.894559268485365351e+02
3.359268349317526372e+02 1.899115206186329488e+02
3.369463797935045477e+02 1.903718257706130430e+02
3.379637646241353082e+02 1.908373456988368275e+02
3.389789742847939351e+02 1.913081169519364835e+02
3.399921075209058472e+02 1.917839011375338316e+02
3.410032648981326133e+02 1.922644554688091034e+02
3.420125746586659261e+02 1.927494703418256847e+02
3.430202120390316054e+02 1.932385226981807875e+02
3.440263568380253787e+02 1.937311784651684263e+02
3.450311807494817344e+02 1.942270231371814475e+02
3.460348113728196040e+02 1.947257486619081988e+02
3.470373613844811871e+02 1.952270830142762463e+02
3.480389415704918292e+02 1.957307587330833769e+02
3.490396188566155615e+02 1.962366142451705286e+02
3.500394159424478744e+02 1.967445947488015463e+02
3.510383535717826362e+02 1.972546501639628787e+02
3.520364464069393762e+02 1.977667450926397805e+02
3.530336908024198692e+02 1.982808883358634375e+02
3.540300796815554349e+02 1.987970969782556949e+02
3.550256121757908545e+02 1.993153731167356568e+02
3.560203528087371865e+02 1.998355609776644712e+02
3.570144052825900758e+02 2.003574102019917689e+02
3.580078751079396966e+02 2.008806660648184845e+02
3.590009725390857511e+02 2.014048209676074350e+02
3.599940887701569068e+02 2.019289304845136712e+02
3.609876329553188725e+02 2.024520068303356481e+02
3.619820285210468569e+02 2.029730277634010918e+02
3.629777780680659021e+02 2.034907798981182054e+02
3.639754114953486805e+02 2.040039839449678709e+02
3.649754495642459915e+02 2.045113826745974563e+02
3.659781925181592328e+02 2.050122512349878434e+02
3.669837145171724160e+02 2.055064105874404845e+02
3.679920794366310588e+02 2.059937065228057804e+02
3.690033361120928248e+02 2.064740211413440818e+02
3.700174872485013111e+02 2.069473479129226234e+02
3.710345267359306263e+02 2.074137015884727475e+02
3.720544619352431255e+02 2.078730643975543444e+02
3.730774453270294089e+02 2.083250682195846935e+02
3.741037178405512122e+02 2.087691313999209513e+02
3.751335206171539767e+02 2.092046717719026674e+02
3.761670043695963273e+02 2.096313254825985837e+02
3.772041608826981474e+02 2.100491123647274208e+02
3.782449658144532805e+02 2.104580911845765172e+02
3.792893455057047731e+02 2.108584397706195830e+02
3.803369473227845674e+02 2.112510094556761828e+02
3.813873206439503747e+02 2.116368881368078974e+02
3.824400153886879821e+02 2.120171624044369310e+02
3.834945975649802108e+02 2.123928800079068822e+02
3.845506499517460384e+02 2.127650482079311871e+02
3.856077560978936845e+02 2.131346724063033662e+02
3.866654663036190982e+02 2.135028382743051054e+02
3.877232269580596835e+02 2.138708823466870399e+02
3.887804642065042344e+02 2.142401900311698171e+02
3.898366095082548100e+02 2.146121339063406879e+02
3.908911528812898268e+02 2.149879451779394799e+02
3.919436206500037088e+02 2.153687674004536916e+02
3.929935425638178685e+02 2.157557358596288282e+02
3.940407116585839731e+02 2.161493502116473451e+02
3.950853917605870720e+02 2.165489735242381357e+02
3.961278955266762978e+02 2.169538509777385684e+02
3.971685749875580882e+02 2.173631326954910605e+02
3.982080093028382635e+02 2.177754204626210992e+02
3.992468588997544430e+02 2.181891198666379807e+02
4.002857790848564150e+02 2.186026488574812561e+02
4.013252914484937151e+02 2.190147482044525873e+02
4.023657758567151745e+02 2.194245008294755053e+02
4.034076053198004956e+02 2.198310062057584844e+02
4.044510719578014459e+02 2.202335590927674502e+02
4.054962102933865253e+02 2.206320761449711085e+02
4.065430036854812101e+02 2.210265975370227238e+02
4.075914152248523692e+02 2.214172123752502443e+02
4.086411795012882067e+02 2.218045614162857078e+02
4.096918869948364659e+02 2.221896333285380933e+02
4.107431257493292946e+02 2.225734226619638605e+02
4.117944665307560399e+02 2.229569656790293948e+02
4.128454486703486168e+02 2.233413745326112974e+02
4.138956081671368565e+02 2.237277694202549014e+02
4.149445120178957040e+02 2.241171957043545149e+02
4.159919095731360699e+02 2.245102585065956475e+02
4.170376166455744738e+02 2.249074024947610724e+02
4.180814537047415342e+02 2.253090610940872125e+02
4.191233616993583269e+02 2.257153768672435774e+02
4.201634114133926801e+02 2.261261789268084499e+02
4.212016800755628765e+02 2.265412808263528461e+02
4.222382800843168980e+02 2.269604112121776609e+02
4.232734379658327271e+02 2.273830232017686512e+02
4.243074033556347331e+02 2.278085141216935767e+02
4.253404173308994700e+02 2.282363019601859264e+02
4.263726222406950228e+02 2.286660430560653481e+02
4.274040970988256163e+02 2.290975466529031053e+02
4.284349195010466360e+02 2.295306254177442611e+02
4.294651282935695917e+02 2.299651855673704972e+02
4.304946905884797275e+02 2.304013065001785776e+02
4.315235657273861420e+02 2.308390863741675219e+02
4.325517236051938994e+02 2.312785978694590767e+02
4.335791974332150858e+02 2.317197608070449633e+02
4.346060439282557581e+02 2.321624382607082566e+02
4.356323220413831905e+02 2.326064879102426062e+02
4.366581506061877462e+02 2.330516228660623028e+02
4.376837140712723908e+02 2.334973978297323924e+02
4.387092002187743560e+02 2.339433594549441011e+02
4.397347438954480481e+02 2.343891821926833359e+02
4.407603048979028131e+02 2.348349631022842345e+02
4.417858068882690645e+02 2.352808864794131978e+02
4.428111697013631556e+02 2.357271458596988225e+02
4.438362679868041596e+02 2.361740438655999412e+02
4.448609469101528475e+02 2.366219543004609136e+02
4.458850507641187164e+02 2.370712530748775180e+02
4.469083840509447327e+02 2.375224121621273525e+02
4.479306763189282492e+02 2.379760844903165662e+02
4.489516488204931193e+02 2.384329430155604825e+02
4.499710403358755002e+02 2.388936183781321461e+02
4.509886969019346452e+02 2.393584822781493244e+02
4.520045051108912730e+02 2.398278085065151686e+02
4.530183543677630382e+02 2.403018640634371934e+02
4.540302111889031380e+02 2.407807297857773676e+02
4.550401280012517873e+02 2.412642791037650909e+02
4.560481617340918774e+02 2.417523745780056572e+02
4.570543637269578880e+02 2.422448922639262605e+02
4.580587664820436657e+02 2.427417536942258209e+02
4.590613985375757693e+02 2.432428899714501824e+02
4.600622851442750516e+02 2.437482401348873680e+02
4.610614118249014837e+02 2.442578391356246641e+02
4.620587377352032945e+02 2.447717855803608131e+02
4.630542216843061851e+02 2.452901789126142944e+02
4.640478371577680718e+02 2.458130831439332837e+02
4.650395857737682377e+02 2.463404943678416430e+02
4.660294723315363967e+02 2.468724009981449115e+02
4.670175124871861954e+02 2.474087652377781410e+02
4.680037896603344052e+02 2.479493856939099885e+02
4.689884133662981185e+02 2.484939979730388586e+02
4.699714891165093604e+02 2.490423473478924734e+02
4.709530042494075133e+02 2.495944643859411087e+02
4.719328122358748487e+02 2.501507028394127872e+02
4.729107593342863538e+02 2.507114338730634699e+02
4.738866961838062934e+02 2.512770180756152172e+02
4.748604884690795984e+02 2.518477797132256910e+02
4.758320051021855193e+02 2.524240352604310260e+02
4.768011296912069383e+02 2.530060657124712691e+02
4.777679276615439221e+02 2.535937131186917100e+02
4.787325871715700032e+02 2.541865232247877771e+02
4.796952987334352656e+02 2.547840360939339348e+02
4.806562589756435386e+02 2.553857770229934374e+02
4.816156764576470550e+02 2.559912425047220097e+02
4.825737611169848265e+02 2.565999257048518984e+02
4.835306998813345558e+02 2.572113753398470521e+02
4.844865331822883263e+02 2.578254937990778899e+02
4.854412439966899910e+02 2.584423221799764292e+02
4.863948156124846491e+02 2.590619008289231715e+02
4.873472447524646896e+02 2.596842376581350891e+02
4.882985436141223090e+02 2.603093032210860542e+02
4.892487252545394085e+02 2.609370659960462717e+02
4.901978381424862619e+02 2.615674089699456317e+02
4.911460546952010873e+02 2.621999158917797672e+02
4.920935744333345383e+02 2.628341050771478535e+02
4.930405841866317473e+02 2.634695254801987403e+02
4.939871100108384212e+02 2.641061141977547777e+02
4.949330675814380811e+02 2.647440748081005495e+02
4.958783695665689493e+02 2.653836181498934366e+02
4.968228179386600232e+02 2.660252223050626412e+02
4.977659949222834257e+02 2.666698958741685033e+02
4.987074568170854150e+02 2.673187100461219643e+02
4.996467888767325576e+02 2.679726661086099853e+02
5.005837644037573568e+02 2.686323113589587592e+02
5.015182318068029872e+02 2.692980117722084970e+02
5.024500473789600505e+02 2.699701142886030425e+02
5.033793067949770261e+02 2.706483879281676082e+02
5.043063860903173463e+02 2.713319248582120053e+02
5.052316772487523622e+02 2.720197787433070289e+02
5.061555831801108525e+02 2.727109768687334963e+02
5.070785457715462030e+02 2.734044524150035045e+02
5.080010155981786397e+02 2.740991175868657592e+02
5.089234407579010053e+02 2.747938905691706850e+02
5.098462372075845224e+02 2.754877671361588796e+02
5.107697984614774214e+02 2.761797972392357678e+02
5.116945172603561218e+02 2.768690326970258866e+02
5.126207422403408600e+02 2.775546318028986548e+02
5.135487329311537223e+02 2.782359679654087472e+02
5.144787381264559372e+02 2.789124405114471301e+02
5.154109526306467615e+02 2.795835791094527281e+02
5.163452135235146443e+02 2.802497770510781834e+02
5.172812123939272624e+02 2.809117788739670232e+02
5.182186401361168464e+02 2.815703307931299832e+02
5.191571788615046898e+02 2.822262002390109501e+02
5.200965002222419571e+02 2.828801799070801053e+02
5.210362752607977654e+02 2.835330639655354616e+02
5.219762212155977750e+02 2.841855350693538185e+02
5.229162232898598859e+02 2.848378704203807956e+02
5.238562048496478383e+02 2.854902550985042922e+02
5.247960873982450494e+02 2.861428786869263945e+02
5.257357676811434430e+02 2.867959906213561680e+02
5.266751248624377695e+02 2.874498828409178373e+02
5.276140378497145775e+02 2.881048479056765927e+02
5.285524032708749473e+02 2.887611356603283639e+02
5.294901541911040113e+02 2.894189081163639798e+02
5.304272281586892177e+02 2.900783164786189445e+02
5.313635833049111170e+02 2.907394622798558999e+02
5.322993169038021506e+02 2.914021112654891681e+02
5.332345838540203431e+02 2.920658901178501878e+02
5.341695395050669504e+02 2.927304244310882950e+02
5.351043480974752811e+02 2.933953183370155102e+02
5.360391846380891820e+02 2.940601499783148256e+02
5.369742247798844801e+02 2.947244959379480633e+02
5.379096653844540015e+02 2.953878815009198888e+02
5.388457819097861830e+02 2.960496418486267203e+02
5.397828680165629294e+02 2.967090681350305204e+02
5.407212151111477851e+02 2.973654568931195854e+02
5.416610839019078867e+02 2.980181779043415418e+02
5.426027129270532896e+02 2.986666538503321817e+02
5.435463399412499257e+02 2.993103092849011659e+02
5.444921557234426928e+02 2.999486812626952315e+02
5.454402527379921821e+02 3.005815422892075048e+02
5.463907110982629547e+02 3.012086944489845450e+02
5.473436057334491807e+02 3.018299519292176001e+02
5.482989758146604800e+02 3.024452123957263439e+02
5.492568454344313977e+02 3.030544087158423849e+02
5.502172417451324691e+02 3.036574663122727884e+02
5.511802995194616415e+02 3.042540489463262929e+02
5.521462860441048406e+02 3.048434981930141703e+02
5.531154767650007216e+02 3.054251357894433454e+02
5.540881474638049440e+02 3.059982826776775937e+02
5.550645751902532083e+02 3.065622567967079704e+02
5.560450372934353709e+02 3.071163753765935098e+02
5.570298000607739368e+02 3.076599828327753130e+02
5.580189754138714306e+02 3.081928029533056588e+02
5.590125618993293983e+02 3.087148381589703376e+02
5.600105546958047853e+02 3.092260991724291443e+02
5.610128190196413698e+02 3.097269204024419196e+02
5.620189432324016252e+02 3.102183257964583163e+02
5.630284801862034101e+02 3.107014277422888995e+02
5.640408966371958286e+02 3.111775527719847787e+02
5.650550533668546223e+02 3.116495346424956097e+02
5.660695509866823159e+02 3.121208542247131845e+02
5.670829958796582559e+02 3.125949797111296107e+02
5.680942371633486800e+02 3.130748356448324330e+02
5.691024278744824869e+02 3.135626658852276591e+02
5.701067402539467821e+02 3.140606712803952405e+02
5.711065166998971563e+02 3.145706557849781575e+02
5.721017547238895986e+02 3.150928952954170086e+02
5.730926094743069825e+02 3.156272980187640087e+02
5.740792517622720652e+02 3.161737334422981007e+02
5.750620764399627660e+02 3.167315172026340520e+02
5.760416456965256202e+02 3.172995512635842488e+02
5.770185252852718349e+02 3.178767282958700093e+02
5.779931960969979627e+02 3.184620606651804451e+02
5.789659550041872080e+02 3.190548202872034835e+02
5.799370747847831353e+02 3.196543130619510862e+02
5.809067866470894614e+02 3.202598767396384005e+02
5.818750232201736026e+02 3.208710778386259790e+02
5.828415866190375709e+02 3.214875828757231488e+02
5.838062734288973843e+02 3.221090547322942257e+02
5.847686950330875106e+02 3.227350055338872608e+02
5.857282270182789716e+02 3.233647554656772058e+02
5.866842296849296190e+02 3.239976122696837706e+02
5.876360303810050709e+02 3.246326413329588263e+02
5.885828271391334283e+02 3.252679569698688624e+02
5.895237862750061595e+02 3.259014402269228867e+02
5.904580610340068461e+02 3.265309481680257022e+02
5.913846129838717616e+02 3.271539861492934165e+02
5.923022581045111110e+02 3.277677923888981013e+02
5.932098081468463988e+02 3.283696010279693951e+02
5.941059544945733251e+02 3.289571693703342703e+02
5.949891228355897965e+02 3.295294095369205252e+02
5.958577033464279111e+02 3.300853879948400618e+02
5.967131116532463011e+02 3.306260466252124388e+02
5.975789413298841737e+02 3.311660749628553049e+02
5.984886553925971384e+02 3.317262804069845288e+02
5.994770822871978453e+02 3.323282462067317624e+02
6.006299957021471982e+02 3.330224133497405887e+02
6.020991275655113668e+02 3.338965846170691520e+02
6.040405957017057972e+02 3.350410471640445280e+02
