4.815429047287225472e+01 2.423746879788400577e+02
5.027697504209842094e+01 2.419554001395833893e+02
5.199274573568839486e+01 2.416111061451025535e+02
5.339468489421398090e+01 2.413231842588522511e+02
5.457587485824698348e+01 2.410730127442870412e+02
5.562806924568319289e+01 2.408422153152030489e+02
5.660891537305404597e+01 2.406187160244201948e+02
5.753985977806905083e+01 2.403971261693542942e+02
5.844060091378451460e+01 2.401723799650495721e+02
5.933083723325680836e+01 2.399394116265505374e+02
6.022726307885181996e+01 2.396939109382695960e+02
6.113278894664910013e+01 2.394350344849818271e+02
6.204637440438850149e+01 2.391629325566670445e+02
6.296697869022301575e+01 2.388777555262002750e+02
6.389356281506702828e+01 2.385796609117577134e+02
6.482514543404069229e+01 2.382690385725505564e+02
6.576081414667547165e+01 2.379465562554919131e+02
6.669966060803247387e+01 2.376128980537338009e+02
6.764077647317277808e+01 2.372687480604281234e+02
6.858330860378296734e+01 2.369148103338298768e+02
6.952669471175039462e+01 2.365518941162033570e+02
7.047046794818349724e+01 2.361808431647623934e+02
7.141416152032759612e+01 2.358025012570221008e+02
7.235731238210659910e+01 2.354177117573336773e+02
7.329961615824689147e+01 2.350273005326640146e+02
7.424098245710848687e+01 2.346320698529869446e+02
7.518133600739821532e+01 2.342328203208836044e+02
7.612060153782294947e+01 2.338303525389351307e+02
7.705871370274928722e+01 2.334254192201681235e+02
7.799566731833112954e+01 2.330184828076142196e+02
7.893147974849989623e+01 2.326098969552620588e+02
7.986616839695227554e+01 2.322000151252397870e+02
8.079975053899086390e+01 2.317891881982169480e+02
8.173223610874428857e+01 2.313776194550956404e+02
8.266362386518837013e+01 2.309652874920139709e+02
8.359391162941153652e+01 2.305521520481872813e+02
8.452309722250237201e+01 2.301381728628310839e+02
8.545118876379008555e+01 2.297233245254959968e+02
8.637826640259777378e+01 2.293076854948858170e+02
8.730444104199351329e+01 2.288913785774165888e+02
8.822982370017638232e+01 2.284745267455264468e+02
8.915452591677167504e+01 2.280572542739529922e+02
9.007870145851306631e+01 2.276397909026947559e+02
9.100257675746428276e+01 2.272225478586733516e+02
9.192638542285796177e+01 2.268059542943094016e+02
9.285036106392685440e+01 2.263904393620238977e+02
9.377472920796277833e+01 2.259764164338206456e+02
9.469964988246914572e+01 2.255641709899022089e+02
9.562525133777283770e+01 2.251539264638533950e+02
9.655166161448917705e+01 2.247459058797860507e+02
9.747900828924217365e+01 2.243403312612713592e+02
9.840736208262427454e+01 2.239373020287859504e+02
9.933668290672510182e+01 2.235366786577910716e+02
1.002669178884594601e+02 2.231382940540782442e+02
1.011980141547420118e+02 2.227419811234388760e+02
1.021299163495680347e+02 2.223475686845526695e+02
1.030625456759162546e+02 2.219548469700467024e+02
1.039958104446728697e+02 2.215635849909876924e+02
1.049296188330227437e+02 2.211735515383576853e+02
1.058638791232434642e+02 2.207845156760543830e+02
1.067985210366106514e+02 2.203963021430013214e+02
1.077335217212450402e+02 2.200088588410993964e+02
1.086688646799157993e+02 2.196221501746632612e+02
1.096045334153921971e+02 2.192361405480078531e+02
1.105405165330434443e+02 2.188508068630103480e+02
1.114768591339949637e+02 2.184662643939948339e+02
1.124136414715259491e+02 2.180827145118321368e+02
1.133509443291874277e+02 2.177003598861635965e+02
1.142888484717635293e+02 2.173194031404086672e+02
1.152274272726298818e+02 2.169400286934241535e+02
1.161667354993942638e+02 2.165623751392589043e+02
1.171068250380529037e+02 2.161865739747382236e+02
1.180477477746019304e+02 2.158127566966875008e+02
1.189895533823539751e+02 2.154410493492695196e+02
1.199322625622749428e+02 2.150715065807986832e+02
1.208758756548264870e+02 2.147041328656941062e+02
1.218203925776199981e+02 2.143389316363552837e+02
1.227658132238746589e+02 2.139759062657963398e+02
1.237121135234644100e+02 2.136150017856321597e+02
1.246592005887169421e+02 2.132559956835937101e+02
1.256069692549131673e+02 2.128986355575916036e+02
1.265553143573339838e+02 2.125426690055362258e+02
1.275041289423274691e+02 2.121878392633192902e+02
1.284532780678206336e+02 2.118338213216642316e+02
1.294026046043006772e+02 2.114802360708660558e+02
1.303519508131734312e+02 2.111267029160752884e+02
1.313011589601484275e+02 2.107728412728073408e+02
1.322500894342038009e+02 2.104183142052993958e+02
1.331986621490863172e+02 2.100629281393486565e+02
1.341468092209193514e+02 2.097065188893880361e+02
1.350944627658262505e+02 2.093489222698504193e+02
1.360415563904926159e+02 2.089899776916624319e+02
1.369880519230934510e+02 2.086295926597894663e+02
1.379339364074646426e+02 2.082677355206426171e+02
1.388791977744477606e+02 2.079043767608386588e+02
1.398238239550822755e+02 2.075394868674723057e+02
1.407678280037008847e+02 2.071730969975609753e+02
1.417113175318850438e+02 2.068054666532239878e+02
1.426544223932252180e+02 2.064369090485263882e+02
1.435972724413118726e+02 2.060677373975333353e+02
1.445399996374759439e+02 2.056982700052018913e+02
1.454827850037609664e+02 2.053289436743718284e+02
1.464258589488351276e+02 2.049603144929513974e+02
1.473694540542903439e+02 2.045929437971799700e+02
1.483138029017186454e+02 2.042273929232970318e+02
1.492591205334521760e+02 2.038641808747588300e+02
1.502055462820881360e+02 2.035036439218947919e+02
1.511531990564807018e+02 2.031460690402582259e+02
1.521021977651742816e+02 2.027917432046548072e+02
1.530526584855599879e+02 2.024409465552193126e+02
1.540046146707922219e+02 2.020937597693889245e+02
1.549580060656494425e+02 2.017500373037458132e+02
1.559127673559104892e+02 2.014096214019704405e+02
1.568688332273542869e+02 2.010723543077431827e+02
1.578261314486556444e+02 2.007380615660789545e+02
1.587845555239463238e+02 2.004064860035399533e+02
1.597439883669992469e+02 2.000773448803736301e+02
1.607043128884903354e+02 1.997503554493507352e+02
1.616654121721334718e+02 1.994252353815231231e+02
1.626271757925769350e+02 1.991017180383365144e+02
1.635895016224212100e+02 1.987795568396951751e+02
1.645522880755559356e+02 1.984585065139497715e+02
1.655154335658706941e+02 1.981383217894511120e+02
1.664788395518029347e+02 1.978187647640060618e+02
1.674424248254724148e+02 1.974996394923291518e+02
1.684061143046681082e+02 1.971807648565750810e+02
1.693698329142108037e+02 1.968619597559191163e+02
1.703335057321838235e+02 1.965430434623475833e+02
1.712970654662527181e+02 1.962238538067725244e+02
1.722604558278152638e+02 1.959042553866371179e+02
1.732236213848594844e+02 1.955841148830369036e+02
1.741865067053736311e+02 1.952632989770678478e+02
1.751490539166032363e+02 1.949416685108169247e+02
1.761111891339319300e+02 1.946190460210596598e+02
1.770728320190191312e+02 1.942952386052727434e+02
1.780339022157199338e+02 1.939700533183399216e+02
1.789943180943770358e+02 1.936432941434259192e+02
1.799539102810306872e+02 1.933145534239647247e+02
1.809123664470077415e+02 1.929830786958505655e+02
1.818693611165511186e+02 1.926480857841403065e+02
1.828245688139037384e+02 1.923087905138908695e+02
1.837776645090933130e+02 1.919644097879240405e+02
1.847283265540702359e+02 1.916141686854703039e+02
1.856762348514185135e+02 1.912572960346964237e+02
1.866210693118148924e+02 1.908930206833350098e+02
1.875625112897050144e+02 1.905205749599439571e+02
1.885003878914755546e+02 1.901395425907979586e+02
1.894347949270744778e+02 1.897501551276278633e+02
1.903658571637134287e+02 1.893527139360986098e+02
1.912936993686039386e+02 1.889475203818747389e+02
1.922184604427432362e+02 1.885349096585727011e+02
1.931404038784127124e+02 1.881155151579062590e+02
1.940598579929468315e+02 1.876901254245568680e+02
1.949771516598617040e+02 1.872595303343764499e+02
1.958926137566959937e+02 1.868245197578823706e+02
1.968065738059598289e+02 1.863858827103471754e+02
1.977193626784361413e+02 1.859444064192047676e+02
1.986313114140558014e+02 1.855008778875960047e+02
1.995427510527493382e+02 1.850560841186615733e+02
2.004540074974637776e+02 1.846107990649442456e+02
2.013653537129545441e+02 1.841656621885776133e+02
2.022770314760293786e+02 1.837212337181637452e+02
2.031892821620501479e+02 1.832780728624246080e+02
2.041023470130685951e+02 1.828367384991766755e+02
2.050164289782963181e+02 1.823976944549929158e+02
2.059316400227228883e+02 1.819611787136127532e+02
2.068480788921539215e+02 1.815273964458560840e+02
2.077658443323949768e+02 1.810965528225428045e+02
2.086850352509448214e+02 1.806688535930692865e+02
2.096057525181374217e+02 1.802445115303228249e+02
2.105280983112879198e+02 1.798237440838805412e+02
2.114521748313954959e+02 1.794067687880655058e+02
2.123780842966684759e+02 1.789938032338526455e+02
2.133059397147261507e+02 1.785851005301035457e+02
2.142358833060406482e+02 1.781810099520772326e+02
2.151680621869948880e+02 1.777818968919843599e+02
2.161026234739719598e+02 1.773881267420354675e+02
2.170397113769860766e+02 1.770000617967626226e+02
2.179794281537411393e+02 1.766180196369046769e+02
2.189218445347494253e+02 1.762422842407530084e+02
2.198670304826687527e+02 1.758731387682005334e+02
2.208150559467554217e+02 1.755108663667853364e+02
2.217659641977155331e+02 1.751557255882188429e+02
2.227197159814438123e+02 1.748078989018948732e+02
2.236762561360333734e+02 1.744675541112859207e+02
2.246355294995776148e+02 1.741348590198644501e+02
2.255974778003267147e+02 1.738099812099198118e+02
2.265619887671187485e+02 1.734930844231103606e+02
2.275289043759274819e+02 1.731843291469875226e+02
2.284980651564049765e+02 1.728838757662351782e+02
2.294693116391394767e+02 1.725918846696068272e+02
2.304425001022405581e+02 1.723085847071217813e+02
2.314175426012857315e+02 1.720344472174995758e+02
2.323943635353799095e+02 1.717699972020964196e+02
2.333728873036282891e+02 1.715157596622687208e+02
2.343530413385033739e+02 1.712722612792796895e+02
2.353348173468782818e+02 1.710400643301529726e+02
2.363182683987960786e+02 1.708197650754058827e+02
2.373034500150289432e+02 1.706119611327922883e+02
2.382904177163491681e+02 1.704172501200661713e+02
2.392792401033399017e+02 1.702360714286055270e+02
2.402700388986763755e+02 1.700682218322217523e+02
2.412629493093398310e+02 1.699133349851765900e+02
2.422581065423132145e+02 1.697710445417108076e+02
2.432556458813339759e+02 1.696409565468110259e+02
2.442557046304036703e+02 1.695219503391474518e+02
2.452584222664538629e+02 1.694121236360300600e+02
2.462639383737540015e+02 1.693095355442311529e+02
2.472723925365738182e+02 1.692122451705231470e+02
2.482838738673010255e+02 1.691183514858286117e+02
2.492982363287043768e+02 1.690261391890310847e+02
2.503152654546119891e+02 1.689339470261678571e+02
2.513347467711334389e+02 1.688401137493725628e+02
2.523564629193260771e+02 1.687429901780810155e+02
2.533801000777087040e+02 1.686413306053793519e+02
2.544052275076508067e+02 1.685343783534599993e+02
2.554314074470605362e+02 1.684214061215304810e+02
2.564582021338464983e+02 1.683016866087985193e+02
2.574851951364925071e+02 1.681745928586257151e+02
2.585120841522506225e+02 1.680400348035269360e+02
2.595386048902981884e+02 1.678981011932483227e+02
2.605644930857543500e+02 1.677488808995734360e+02
2.615894861626113084e+02 1.675924657500870012e+02
2.626133953494482398e+02 1.674290767423637476e+02
2.636361327503131520e+02 1.672591114223989166e+02
2.646576177385551887e+02 1.670829800586429315e+02
2.656777696875236074e+02 1.669010929195463007e+02
2.666965320394192531e+02 1.667138914497630253e+02
2.677139964383208621e+02 1.665220090587303332e+02
2.687303108897306174e+02 1.663261521604155462e+02
2.697456235086142442e+02 1.661270273105732826e+02
2.707600831819202654e+02 1.659253416290789573e+02
2.717738845562499819e+02 1.657218356743408378e+02
2.727872928859145532e+02 1.655173016008366176e+02
2.738005794617880611e+02 1.653125359742184344e+02
2.748140155747442464e+02 1.651083353601380566e+02
2.758278671841020468e+02 1.649054726118721987e+02
2.768423623512817358e+02 1.647045520297767780e+02
2.778577127235265607e+02 1.645061049112829892e+02
2.788741298821478267e+02 1.643106622605841096e+02
2.798918248507739008e+02 1.641187535387351204e+02
2.809109615364408796e+02 1.639307778325843685e+02
2.819316216458792042e+02 1.637469067762067425e+02
2.829538786226520415e+02 1.635672891390376265e+02
2.839778059103221608e+02 1.633920736905123476e+02
2.850034635193059671e+02 1.632213763316115092e+02
2.860308007612454730e+02 1.630550421036505213e+02
2.870597124826281856e+02 1.628927827816663694e+02
2.880900931501714695e+02 1.627343092114687124e+02
2.891218371011823365e+02 1.625793319539471042e+02
2.901548219820576833e+02 1.624275248220088770e+02
2.911888924523921673e+02 1.622784890022955437e+02
2.922238893009424032e+02 1.621318171591180999e+02
2.932596533164658013e+02 1.619871019567875408e+02
2.942960291592793283e+02 1.618439462700698641e+02
2.953328986803403495e+02 1.617020510565107827e+02
2.963701644690300441e+02 1.615611719670484376e+02
2.974077293396914570e+02 1.614210652459123594e+02
2.984454962206373239e+02 1.612814874227059363e+02
2.994833928383555417e+02 1.611422571203499672e+02
3.005214025632960784e+02 1.610033322912987330e+02
3.015595163441137174e+02 1.608646898634304421e+02
3.025977251294633561e+02 1.607263067646232741e+02
3.036360136010162023e+02 1.605881447257213495e+02
3.046742957789537058e+02 1.604499941279760549e+02
3.057124411151991126e+02 1.603115372774653906e+02
3.067503183633739354e+02 1.601724547869286823e+02
3.077877962614666103e+02 1.600324272237100161e+02
3.088247368376402733e+02 1.598911156703587721e+02
3.098609849830612575e+02 1.597481314449659635e+02
3.108963828923267556e+02 1.596030780350023406e+02
3.119307727600338467e+02 1.594555589279384833e+02
3.129640057309982808e+02 1.593051982350125968e+02
3.139960524177733987e+02 1.591518953540297048e+02
3.150269685257250103e+02 1.589957457600663417e+02
3.160568115863717367e+02 1.588368491361585200e+02
3.170856391900197195e+02 1.586753053016240926e+02
3.181135744567483243e+02 1.585113659885913080e+02
3.191409315000271363e+02 1.583457256949902785e+02
3.201680590402367557e+02 1.581791591453840056e+02
3.211953057977576123e+02 1.580124410643353485e+02
3.222230267833007247e+02 1.578463610328069535e+02
3.232516774618944737e+02 1.576819458831304814e+02
3.242817940007785182e+02 1.575204130488036753e+02
3.253139148476472542e+02 1.573629853492655570e+02
3.263485784439093322e+02 1.572108855906739109e+02
3.273862900456510943e+02 1.570652664653638340e+02
3.284274442606204047e+02 1.569270468882795342e+02
3.294724126635231300e+02 1.567970971102410829e+02
3.305215668290650228e+02 1.566762873820686934e+02
3.315752619048965926e+02 1.565654530049027073e+02
3.326335350661376538e+02 1.564647527716558386e+02
3.336961355895200541e+02 1.563737329517993828e+02
3.347628023581675052e+02 1.562919177016965193e+02
3.358332742548735723e+02 1.562188311771366500e+02
3.369071921219304500e+02 1.561538274788133833e+02
3.379838221478518108e+02 1.560956108557375046e+02
3.390623410410249789e+02 1.560427303501302845e+02
3.401419255098375629e+02 1.559937350042127946e+02
3.412217485170829150e+02 1.559471758574815112e+02
3.423008937167714976e+02 1.559016515718460596e+02
3.433783536624096087e+02 1.558558093870342987e+02
3.444531168035210271e+02 1.558082987311540251e+02
3.455241715896298729e+02 1.557577690323130923e+02
3.465905436475285910e+02 1.557030319811852337e+02
3.476514215488278978e+02 1.556436104515167358e+02
3.487060384944959424e+02 1.555792221047382498e+02
3.497536276866536582e+02 1.555095846073102450e+02
3.507934366531668502e+02 1.554344468338969989e+02
3.518251422544220191e+02 1.553544929470976115e+02
3.528489147842204261e+02 1.552714820393108823e+02
3.538649517601605226e+02 1.551872325091561038e+02
3.548734506998411575e+02 1.551035627552526535e+02
3.558747546596301845e+02 1.550224040498391105e+02
3.568699388034624462e+02 1.549462554563418735e+02
3.578603079928145689e+02 1.548777941817362489e+02
3.588471671706404322e+02 1.548196974961878709e+02
3.598318217073161804e+02 1.547746119623763548e+02
3.608155934900024704e+02 1.547439975189532788e+02
3.617998258045139437e+02 1.547277767498779326e+02
3.627858633610305219e+02 1.547257699076864697e+02
3.637750508697323539e+02 1.547377972449152708e+02
3.647686271196519101e+02 1.547635155415327119e+02
3.657672183702139250e+02 1.548016362347623271e+02
3.667712312007937498e+02 1.548505317203552067e+02
3.677810719079681689e+02 1.549085739576066771e+02
3.687971425253018083e+02 1.549741354570117267e+02
3.698196255703119846e+02 1.550456171120858642e+02
3.708483826701896646e+02 1.551214613068725612e+02
3.718832499935832061e+02 1.552001137171581888e+02
3.729240637091405688e+02 1.552800200187290045e+02
3.739706459889058010e+02 1.553596812162932395e+02
3.750227257075206353e+02 1.554379671215022825e+02
3.760799935879979898e+02 1.555138983603392262e+02
3.771421402393175413e+02 1.555864960095650531e+02
3.782088550041211192e+02 1.556547877114031166e+02
3.792797364785733407e+02 1.557182715928730659e+02
3.803542333821361581e+02 1.557772228327542905e+02
3.814317804004252821e+02 1.558319893698028409e+02
3.825118122190555709e+02 1.558829191427747389e+02
3.835937681890293334e+02 1.559303997290435859e+02
3.846771236410404526e+02 1.559751244009598850e+02
3.857613706380539043e+02 1.560179285935978726e+02
3.868460013358539413e+02 1.560596485306579950e+02
3.879305088489388140e+02 1.561011192796518117e+02
3.890144877202574776e+02 1.561430535874930285e+02
3.900977220917570207e+02 1.561859355486546690e+02
3.911800168919608041e+02 1.562302241894315387e+02
3.922611770493924723e+02 1.562763785361183864e+02
3.933410416634388866e+02 1.563247853978716648e+02
3.944197562275834343e+02 1.563751840466591716e+02
3.954976278852851692e+02 1.564269721213286743e+02
3.965749652364950748e+02 1.564795441825606872e+02
3.976520769531683186e+02 1.565322945852544194e+02
3.987292839388502443e+02 1.565845827279590594e+02
3.998069330297175270e+02 1.566356938970142210e+02
4.008853743695941603e+02 1.566849039259174674e+02
4.019649581023039673e+02 1.567314886481662768e+02
4.030460090828365196e+02 1.567747756180026499e+02
4.041285868784468107e+02 1.568146349563490674e+02
4.052125926113520222e+02 1.568512608360426839e+02
4.062979252794447689e+02 1.568848517745907998e+02
4.073844836236291371e+02 1.569156066381839310e+02
4.084720868167880212e+02 1.569438322511565218e+02
4.095603622382177491e+02 1.569700956639903211e+02
4.106489089506716255e+02 1.569950023471430143e+02
4.117373260169030118e+02 1.570191577710722015e+02
4.128252064450875309e+02 1.570431621655251888e+02
4.139120683547799899e+02 1.570675509382940049e+02
4.149973793218190394e+02 1.570928157476335514e+02
4.160806059736223688e+02 1.571194474308661881e+02
4.171612149744845510e+02 1.571479366118424252e+02
4.182386986634027153e+02 1.571786252896297924e+02
4.193126199225225719e+02 1.572114471056870002e+02
4.203825536433483876e+02 1.572462661821325014e+02
4.214480747173852251e+02 1.572829466410847488e+02
4.225087733296226133e+02 1.573213215918814853e+02
4.235644648606520946e+02 1.573607674826203890e+02
4.246151362039494757e+02 1.574003129602627666e+02
4.256607785597379916e+02 1.574389779383643599e+02
4.267013831532921131e+02 1.574757823980676221e+02
4.277370002134539959e+02 1.575099055066298774e+02
4.287678652337791618e+02 1.575410262582035443e+02
4.297942499748650675e+02 1.575689214920316772e+02
4.308164261973086013e+02 1.575933680473573588e+02
4.318346748698953093e+02 1.576141569134047131e+02
4.328494403043206944e+02 1.576313300841494822e+02
4.338613070610314821e+02 1.576451450701338217e+02
4.348708642561616102e+02 1.576558663825047972e+02
4.358787010057353655e+02 1.576637585313483214e+02
4.368854037076138184e+02 1.576690597660294202e+02
4.378915489849159712e+02 1.576719139001790495e+02
4.388977112643376586e+02 1.576724435273424092e+02
4.399044649725748855e+02 1.576707712410647559e+02
4.409123817014964288e+02 1.576670098512175002e+02
4.419219715688951737e+02 1.576610600057557292e+02
4.429336852203781518e+02 1.576526170997253189e+02
4.439479708672407128e+02 1.576413681267740969e+02
4.449652767207784336e+02 1.576270000805502320e+02
4.459860003739843819e+02 1.576091938803381254e+02
4.470103306846956457e+02 1.575876053965137373e+02
4.480384027133586073e+02 1.575618840435882362e+02
4.490703515203650795e+02 1.575316792360662532e+02
4.501063079404003133e+02 1.574966564333084875e+02
4.511462887236017423e+02 1.574569142695403343e+02
4.521901862775149539e+02 1.574130235032729672e+02
4.532378867276005963e+02 1.573655787458652640e+02
4.542892761993190902e+02 1.573151746086762159e+02
4.553441893977167183e+02 1.572623212986084695e+02
4.564022177645762781e+02 1.572071297161103871e+02
4.574628808746455775e+02 1.571495927949027021e+02
4.585256982920365090e+02 1.570897034512478854e+02
4.595901902358409643e+02 1.570274522843574232e+02
4.606558994511719902e+02 1.569627502056178514e+02
4.617223963515297669e+02 1.568954102470056284e+02
4.627892530475187414e+02 1.568252394368407749e+02
4.638560416497431333e+02 1.567520448034432263e+02
4.649223870994595131e+02 1.566757119253495603e+02
4.659882014186986794e+02 1.565965532214985672e+02
4.670534936767315344e+02 1.565150254036102240e+02
4.681182730190474217e+02 1.564315852967274338e+02
4.691825488340716674e+02 1.563466877908887795e+02
4.702463414702617683e+02 1.562607004787214464e+02
4.713096864584140349e+02 1.561738700244727056e+02
4.723726204449357056e+02 1.560864342064750190e+02
4.734351800762336211e+02 1.559986308030608484e+02
4.744974068795758058e+02 1.559106933385432967e+02
4.755593729137518153e+02 1.558228287268281349e+02
4.766211620192495388e+02 1.557352336132278197e+02
4.776828580616622162e+02 1.556481046211738715e+02
4.787445443169785904e+02 1.555616366531364747e+02
4.798062678074307996e+02 1.554759187925685637e+02
4.808680188514628639e+02 1.553908746134804915e+02
4.819297828296201374e+02 1.553064132769328296e+02
4.829915451224482013e+02 1.552224439439862920e+02
4.840532669910522827e+02 1.551388178124408057e+02
4.851147354508693184e+02 1.550549673370778976e+02
4.861756609626783074e+02 1.549701409983585734e+02
4.872357536580078659e+02 1.548835864854967497e+02
4.882947245254713948e+02 1.547945536326563172e+02
4.893523601606822240e+02 1.547024814889151685e+02
4.904085808913018809e+02 1.546071437826503825e+02
4.914633207259681740e+02 1.545083484804019918e+02
4.925165136733189115e+02 1.544059035487102278e+02
4.935681038030862169e+02 1.542996425640154996e+02
4.946181194952519604e+02 1.541896137093444850e+02
4.956666311970728884e+02 1.540759722473990792e+02
4.967137096653086701e+02 1.539588742287023138e+02
4.977594257728347884e+02 1.538384760101992867e+02
4.988038661748683467e+02 1.537149755973216543e+02
4.998471491572259993e+02 1.535886544664265045e+02
5.008893967803361988e+02 1.534598040548050051e+02
5.019307311046275686e+02 1.533287157997483803e+02
5.029712701725702573e+02 1.531956717438330315e+02
5.040110927509490466e+02 1.530608620959559687e+02
5.050502554015727128e+02 1.529244251457531050e+02
5.060888144345335604e+02 1.527864985943009799e+02
5.071268260107009382e+02 1.526472197837665306e+02
5.081643115949159437e+02 1.525066426056114040e+02
5.092012136805640239e+02 1.523646310095695071e+02
5.102374638296408875e+02 1.522210226532541810e+02
5.112729936041428118e+02 1.520756551942789372e+02
5.123077266510649679e+02 1.519283471497537050e+02
5.133414957264071745e+02 1.517786972390267124e+02
5.143740754747070696e+02 1.516261636530105932e+02
5.154052395954206531e+02 1.514702022971682709e+02
5.164347617351538702e+02 1.513102689488352723e+02
5.174623907382904235e+02 1.511457592558518286e+02
5.184878111758321211e+02 1.509759130442916728e+02
5.195106973438446403e+02 1.507999452300933854e+02
5.205307235383935449e+02 1.506170707291957740e+02
5.215475755615640310e+02 1.504265322035404040e+02
5.225610958008162470e+02 1.502279499103188982e+02
5.235712396815737293e+02 1.500212166902785782e+02
5.245779651348212838e+02 1.498062314261605366e+02
5.255812301356264697e+02 1.495828931070606131e+02
5.265810487903731882e+02 1.493512361426550115e+02
5.275776012505700692e+02 1.491116955376770079e+02
5.285710982245346941e+02 1.488647800172207383e+02
5.295617504205848718e+02 1.486109983063804805e+02
5.305497729887347305e+02 1.483508698484767478e+02
5.315354534933065906e+02 1.480850888292821992e+02
5.325191384542152946e+02 1.478144916998931535e+02
5.335011761056042587e+02 1.475399190479976994e+02
5.344819146791038520e+02 1.472622114552159758e+02
5.354616854243031412e+02 1.469821685029025389e+02
5.364407621081547859e+02 1.467004509903071892e+02
5.374194063470670244e+02 1.464176903812460182e+02
5.383978797574484361e+02 1.461345181395348618e+02
5.393764403684726858e+02 1.458515570697176997e+02
5.403552752064471179e+02 1.455692585815971540e+02
5.413345061524237281e+02 1.452879168299986645e+02
5.423142526744651377e+02 1.450078201450017730e+02
5.432946342406079339e+02 1.447292568566222997e+02
5.442757442848496794e+02 1.444524524510711387e+02
5.452575752284947157e+02 1.441773885790962026e+02
5.462400949972569606e+02 1.439039877613145677e+02
5.472232715168502182e+02 1.436321725183432818e+02
5.482070712238974011e+02 1.433618617764296914e+02
5.491914241753274837e+02 1.430928866484741775e+02
5.501762228238019361e+02 1.428249874781501489e+02
5.511613578878918815e+02 1.425579004233821649e+02
5.521467200861683295e+02 1.422913616420946994e+02
5.531322090397907232e+02 1.420251287873057890e+02
5.541177639891030822e+02 1.417590551716328093e+02
5.551033351917660639e+02 1.414930207087471103e+02
5.560888729058847275e+02 1.412269053133950933e+02
5.570743279335163152e+02 1.409605902136062525e+02
5.580596678225053893e+02 1.406939970673864764e+02
5.590448796239404601e+02 1.404270946201479831e+02
5.600299514883727170e+02 1.401598542717782721e+02
5.610148715663538042e+02 1.398922474221649850e+02
5.619996265358063283e+02 1.396242419158418784e+02
5.629841955519493695e+02 1.393557874353544435e+02
5.639685553741527428e+02 1.390868278789726844e+02
5.649526827607693349e+02 1.388173071425109697e+02
5.659365551718123015e+02 1.385471708157174078e+02
5.669201780103901456e+02 1.382764319479509822e+02
5.679035933687614488e+02 1.380051921627191689e+02
5.688868458308189702e+02 1.377335590987775333e+02
5.698699799804551276e+02 1.374616403948816696e+02
5.708530399429297404e+02 1.371895425823178130e+02
5.718360671494856433e+02 1.369173656870813147e+02
5.728191020508588736e+02 1.366452073675187648e+02
5.738021850963768884e+02 1.363731652785760957e+02
5.747853563930772225e+02 1.361013362488290852e+02
5.757686378065160397e+02 1.358297730675473929e+02
5.767520241745685325e+02 1.355584632727055237e+02
5.777355081499827065e+02 1.352873891268566524e+02
5.787190823855064536e+02 1.350165328925538688e+02
5.797027321802743245e+02 1.347458590790986932e+02
5.806863930259321478e+02 1.344752119494823432e+02
5.816699797508524625e+02 1.342043858809772416e+02
5.826534071166699960e+02 1.339331750897349025e+02
5.836365899949946652e+02 1.336613740574111375e+02
5.846194514600975936e+02 1.333887970685914297e+02
5.856019283201308099e+02 1.331152915643066024e+02
5.865839586924437299e+02 1.328407081462610790e+02
5.875654806943850872e+02 1.325648974161592832e+02
5.885464309086243020e+02 1.322877062706688491e+02
5.895267338856293691e+02 1.320089525582145029e+02
5.905063085006648862e+02 1.317284404260971655e+02
5.914850735955874370e+02 1.314459739409620056e+02
5.924629480241425199e+02 1.311613571981585835e+02
5.934398519596534243e+02 1.308743974788140463e+02
5.944157080765930914e+02 1.305849081024327063e+02
5.953904393283778518e+02 1.302927030619538300e+02
5.963639686684235812e+02 1.299975963503168259e+02
5.973362244087018098e+02 1.296994148971570837e+02
5.983071837377618749e+02 1.293981036305979444e+02
5.992768499913147480e+02 1.290936706035889472e+02
6.002452267522174907e+02 1.287861244657431428e+02
6.012123178724916670e+02 1.284754745164953817e+02
6.021781757255312186e+02 1.281618471962514434e+02
6.031429570210782458e+02 1.278456208356835475e+02
6.041068319978792260e+02 1.275272064273743240e+02
6.050699708946808641e+02 1.272070149639065164e+02
6.060325516627428897e+02 1.268854760575180904e+02
6.069948346203370875e+02 1.265632181720218341e+02
6.079571299568362974e+02 1.262409901707295461e+02
6.089197485575477913e+02 1.259195425970890057e+02
6.098830013308119078e+02 1.255996260501529491e+02
6.108472068907591392e+02 1.252820097324498931e+02
6.118127026955448855e+02 1.249675083401358933e+02
6.127798290303304611e+02 1.246569433943830774e+02
6.137489261802778628e+02 1.243511364163636301e+02
6.147203211556676479e+02 1.240508768788583325e+02
6.156941736445237439e+02 1.237565503030689626e+02
6.166705288723350122e+02 1.234682658732462812e+02
6.176494298417214850e+02 1.231861274071648609e+02
6.186309194652861834e+02 1.229102385052773059e+02
6.196149707293380970e+02 1.226405339510060770e+02
6.206013616460597859e+02 1.223764778185306739e+02
6.215898365119037408e+02 1.221174527850462965e+02
6.225801396233225660e+02 1.218628415277482162e+02
6.235720092837401580e+02 1.216120122553768681e+02
6.245650937615733937e+02 1.213641158128753119e+02
6.255589718307345493e+02 1.211181352705631724e+02
6.265532204667556471e+02 1.208730493570840139e+02
6.275474166499187731e+02 1.206278368125499441e+02
6.285411507525705019e+02 1.203815087083440147e+02
6.295340558311532959e+02 1.201331791642668634e+02
6.305257734274618997e+02 1.198819827855511875e+02
6.315159450832912853e+02 1.196270541774295992e+02
6.325042179602863825e+02 1.193675415126515276e+02
6.334903410803096904e+02 1.191028388762477164e+02
6.344741520929944727e+02 1.188325543195838918e+02
6.354554916052597946e+02 1.185563030335438413e+02
6.364342002252992643e+02 1.182737002120882721e+02
6.374101679163259178e+02 1.179844802027338631e+02
6.383834648400829792e+02 1.176888123907285433e+02
6.393542022721665035e+02 1.173869654189391980e+02
6.403224914881723180e+02 1.170792079302328119e+02
6.412884483978831440e+02 1.167658197553949435e+02
6.422522917811090792e+02 1.164473290754453814e+02
6.432143412644876435e+02 1.161245075372053179e+02
6.441749207041544878e+02 1.157981369984072728e+02
6.451343539562445812e+02 1.154689993167837230e+02
6.460929782249302207e+02 1.151379085751059677e+02
6.470511866026846519e+02 1.148058137825598664e+02
6.480093868069959626e+02 1.144736992562716011e+02
6.489679865554019216e+02 1.141425493134864837e+02
6.499273914012446767e+02 1.138133430466218954e+02
6.508879469506039186e+02 1.134869148226395339e+02
6.518499326001474401e+02 1.131639391648856474e+02
6.528136243260419178e+02 1.128450823388864848e+02
6.537792981044531189e+02 1.125310106101682948e+02
6.547472045611094700e+02 1.122223290428901379e+02
6.557174725408722225e+02 1.119193486962080613e+02
6.566901943644456878e+02 1.116222924521683808e+02
6.576654623456157651e+02 1.113313831761147270e+02
6.586433671084663501e+02 1.110468396540888421e+02
6.596239394808299039e+02 1.107687363111655543e+02
6.606071358589749707e+02 1.104969678786762444e+02
6.615929079783549014e+02 1.102314178357429455e+02
6.625812075744221374e+02 1.099719696614878330e+02
6.635719840828836595e+02 1.097185012829491768e+02
6.645651742472887236e+02 1.094708599855602813e+02
6.655607104565119698e+02 1.092288825416291047e+02
6.665585250955214178e+02 1.089924057140322304e+02
6.675585502582946447e+02 1.087612655631338185e+02
6.685607044796064429e+02 1.085352654144975730e+02
6.695648872575194446e+02 1.083141626350158901e+02
6.705709966639149116e+02 1.080977111484747866e+02
6.715789307706737645e+02 1.078856648786602079e+02
6.725885855318636004e+02 1.076777726365015724e+02
6.735998434426151107e+02 1.074737507401597441e+02
6.746125817283411834e+02 1.072733027855648515e+02
6.756266776021773239e+02 1.070761323390069322e+02
6.766420081434717986e+02 1.068819426437841997e+02
6.776584418927438946e+02 1.066904163286487943e+02
6.786758338524838337e+02 1.065012033386757651e+02
6.796940378244909198e+02 1.063139507202173348e+02
6.807129076105646845e+02 1.061283055196258687e+02
6.817322972360158246e+02 1.059439153228502448e+02
6.827520623673121918e+02 1.057604316778975289e+02
6.837720594023179501e+02 1.055775078984978137e+02
6.847921447422583014e+02 1.053947973064960877e+02
6.858121751423923342e+02 1.052119540784505318e+02
6.868320399950756610e+02 1.050287111838185297e+02
6.878516872214377145e+02 1.048449428929763485e+02
6.888710708354760754e+02 1.046605381857799699e+02
6.898901448511876424e+02 1.044753860420854039e+02
6.909088761002199135e+02 1.042894063862934786e+02
6.919273406446795889e+02 1.041027828484614162e+02
6.929456698159199277e+02 1.039158324904098265e+02
6.939639953738160330e+02 1.037288734085033326e+02
6.949824492742279745e+02 1.035422241722557146e+02
6.960011915804039972e+02 1.033562712084466995e+02
6.970204394830053616e+02 1.031715388616887168e+02
6.980404171050282685e+02 1.029885682127371922e+02
6.990613485694689189e+02 1.028079003423476081e+02
7.000834551478779986e+02 1.026300694472841286e+02
7.011069297462114491e+02 1.024555412437681241e+02
7.021319490114823338e+02 1.022847421954928819e+02
7.031586893982581614e+02 1.021180983015499066e+02
7.041873272199343319e+02 1.019560352202093583e+02
7.052180036442800883e+02 1.017988937607104560e+02
7.062507786930307248e+02 1.016468188284710266e+02
7.072857009721287795e+02 1.014999277687517036e+02
7.083228190875161090e+02 1.013583379268130926e+02
7.093621719389996088e+02 1.012221432152294938e+02
7.104036848968805771e+02 1.010911634620784980e+02
7.114472097549241880e+02 1.009650408659486089e+02
7.124925970656302070e+02 1.008434146287507787e+02
7.135396973103381697e+02 1.007259237805966734e+02
7.145883243301029779e+02 1.006121188941622364e+02
7.156381956206713539e+02 1.005013179440582434e+02
7.166890130307475602e+02 1.003928011296092961e+02
7.177404784090360863e+02 1.002858486501399966e+02
7.187922836351156093e+02 1.001797166373673065e+02
7.198439822478545693e+02 1.000733272388794006e+02
7.208950265704436333e+02 9.996535824592085362e+01
7.219448666099513048e+02 9.985448185812172994e+01
7.229929523958481923e+02 9.973937032919411649e+01
7.240387667817933561e+02 9.961877515742730793e+01
7.250818911743141371e+02 9.949168576870604852e+01
7.261219253993906477e+02 9.935713605739292120e+01
7.271584692830028871e+02 9.921415991785045208e+01
7.281911274025301282e+02 9.906180271533000337e+01
7.292195834302788171e+02 9.889930076704069961e+01
7.302435862958534472e+02 9.872604793517675148e+01
7.312628868806093578e+02 9.854144279387074334e+01
7.322772360761412074e+02 9.834488394197791195e+01
7.332864755629389037e+02 9.813598916211883250e+01
7.342907590089932910e+02 9.791512944131021356e+01
7.352903070464533357e+02 9.768283743233513405e+01
7.362853403074677772e+02 9.743964578797671550e+01
7.372760836404584097e+02 9.718609734001121581e+01
7.382628472469518783e+02 9.692294098102321698e+01
7.392460206848531925e+02 9.665111718701385257e+01
7.402259965269988697e+02 9.637157371268153838e+01
7.412031673462232675e+02 9.608525831271755635e+01
7.421779028371507820e+02 9.579306350894277955e+01
7.431504825645637311e+02 9.549566423054211839e+01
7.441211639013226886e+02 9.519368183067646783e+01
7.450902042202889106e+02 9.488773766250665176e+01
7.460578602633021319e+02 9.457845155577130924e+01
7.470243729722359376e+02 9.426640519563885334e+01
7.479899667394053040e+02 9.395214031302862168e+01
7.489548651760849225e+02 9.363619675325817582e+01
7.499192918935488024e+02 9.331911436164494944e+01
7.508834740589427383e+02 9.300144156815508723e+01
7.518476549075446655e+02 9.268376559474125997e+01
7.528120822111117150e+02 9.236668461540676844e+01
7.537770037416712512e+02 9.205079680480599791e+01
7.547426648026485054e+02 9.173669437786570313e+01
7.557092326058806293e+02 9.142478101979665439e+01
7.566767821962995413e+02 9.111523790528579525e+01
7.576453833109158040e+02 9.080823339456944154e+01
7.586151056867403213e+02 9.050393584788400858e+01
7.595860003747079645e+02 9.020246851327482318e+01
7.605580214881033498e+02 8.990372061053263053e+01
7.615310918022895521e+02 8.960750570299316564e+01
7.625051340768886803e+02 8.931363731598871425e+01
7.634800706448959318e+02 8.902192794488207994e+01
7.644558063225297246e+02 8.873214779573993383e+01
7.654322226169451824e+02 8.844401080150001349e+01
7.664091994204939056e+02 8.815722699661485251e+01
7.673866166255286316e+02 8.787150641553708397e+01
7.683643561367907751e+02 8.758656395105026604e+01
7.693423118665207312e+02 8.730214348455818651e+01
7.703203821617829590e+02 8.701799960405844558e+01
7.712984653767149439e+02 8.673388691462560018e+01
7.722764607738336053e+02 8.644956221435383270e+01
7.732543177444621278e+02 8.616490332288093157e+01
7.742320609637729376e+02 8.587996981098321214e+01
7.752097213086209422e+02 8.559483622161066307e+01
7.761873296558608217e+02 8.530957709771331565e+01
7.771649297029833861e+02 8.502429793400966673e+01
7.781426533885962726e+02 8.473931725823101146e+01
7.791206697896475362e+02 8.445504325803892698e+01
7.800991481123753601e+02 8.417188443323165359e+01
7.810782566676567740e+02 8.389024712201184286e+01
7.820580942065132604e+02 8.361036973027282215e+01
7.830386414095860346e+02 8.333220561685001826e+01
7.840198675002734490e+02 8.305568048035698325e+01
7.850017417019752202e+02 8.278072001940739710e+01
7.859842319081216147e+02 8.250724672178729691e+01
7.869672954109869352e+02 8.223515748182771290e+01
7.879508844315878378e+02 8.196433695076606796e+01
7.889349511593104580e+02 8.169466970347366441e+01
7.899194478493772067e+02 8.142604047376836718e+01
7.909043344305588334e+02 8.115835252129895139e+01
7.918895855798938328e+02 8.089154471165586813e+01
7.928751776474817916e+02 8.062555994961047645e+01
7.938610869834222967e+02 8.036034113993416383e+01
7.948472865734340758e+02 8.009582306516060157e+01
7.958337181840890935e+02 7.983186513902421666e+01
7.968203066478640721e+02 7.956828589322297773e+01
7.978069766294929650e+02 7.930490345449143774e+01
7.987936525952704869e+02 7.904153547049230610e+01
7.997802209896124168e+02 7.877790779648267971e+01
8.007664853314295215e+02 7.851354608900015819e+01
8.017522382088914128e+02 7.824794961559018702e+01
8.027372722101678164e+02 7.798061764379829697e+01
8.037213869190247806e+02 7.771106633010312237e+01
8.047044579857937379e+02 7.743899547266462946e+01
8.056864077497716607e+02 7.716421758723609514e+01
8.066671592278937624e+02 7.688654682554316366e+01
8.076466356061520173e+02 7.660579774744596193e+01
8.086248213504928799e+02 7.632193285549074346e+01
8.096018529640643919e+02 7.603528170196359781e+01
8.105778901255614528e+02 7.574622978978908350e+01
8.115530925136789620e+02 7.545516262189160273e+01
8.125276209831197320e+02 7.516246854002486089e+01
8.135016514955457296e+02 7.486857235344704975e+01
8.144753704872271101e+02 7.457392415663920815e+01
8.154489646048479017e+02 7.427897455201110688e+01
8.164226204626097569e+02 7.398417406354920445e+01
8.173964963779144455e+02 7.368990489650663278e+01
8.183706705972826967e+02 7.339635593600112884e+01
8.193452073033085981e+02 7.310368211173448572e+01
8.203201706785868055e+02 7.281203835340842545e+01
8.212956229804475470e+02 7.252157494161460249e+01
8.222715969519765622e+02 7.223237088618840573e+01
8.232481022492316924e+02 7.194444944660720864e+01
8.242251479128079836e+02 7.165783239613141120e+01
8.252027429821853275e+02 7.137254150532601216e+01
8.261808926823969159e+02 7.108858932784113449e+01
8.271595898970371081e+02 7.080595859648914825e+01
8.281388250182926640e+02 7.052462602404466452e+01
8.291185884383493203e+02 7.024456832328232281e+01
8.300988707073945534e+02 6.996576258784521940e+01
8.310796653023116960e+02 6.968819296624273818e+01
8.320609682804977183e+02 6.941184982737726727e+01
8.330427757877725981e+02 6.913672375329559827e+01
8.340250839699995140e+02 6.886280532614902938e+01
8.350078918250171682e+02 6.859009202260509142e+01
8.359912089227866545e+02 6.831860687693794887e+01
8.369750472824557619e+02 6.804837884421269223e+01
8.379594189231713699e+02 6.777943687949442619e+01
8.389443380999776991e+02 6.751181534016259889e+01
8.399298698858118541e+02 6.724567136842563286e+01
8.409161298361475474e+02 6.698128408103967502e+01
8.419032356752819624e+02 6.671893783501683117e+01
8.428913051275134194e+02 6.645891698736924980e+01
8.438804528388798190e+02 6.620149853488625524e+01
8.448707803688413378e+02 6.594692818391001765e+01
8.458623857998331914e+02 6.569544332709868684e+01
8.468553672142630830e+02 6.544728135704491478e+01
8.478498215632671418e+02 6.520267694661589530e+01
8.488458136383501369e+02 6.496178745272814581e+01
8.498433722378043740e+02 6.472468369991423742e+01
8.508425242588835999e+02 6.449143194236282284e+01
8.518432965988422438e+02 6.426209843426251211e+01
8.528457099993702286e+02 6.403673467205287295e+01
8.538497551745224428e+02 6.381532016196762669e+01
8.548554136959602374e+02 6.359781249166994144e+01
8.558626671331729767e+02 6.338416924361824556e+01
8.568714965497257481e+02 6.317434677990326719e+01
8.578818645794750637e+02 6.296825700739273657e+01
8.588937106080599051e+02 6.276575575476339708e+01
8.599069725351657780e+02 6.256669526634853895e+01
8.609215882604780745e+02 6.237092778648133162e+01
8.619374830858762380e+02 6.217827491135626161e+01
8.629545116977150201e+02 6.198838644261990538e+01
8.639725041929193594e+02 6.180085236037178475e+01
8.649912906433853550e+02 6.161526258381968546e+01
8.660107025455289431e+02 6.143121042349616090e+01
8.670306399872929433e+02 6.124845248427268274e+01
8.680511006601680037e+02 6.106697773364511761e+01
8.690720897098494788e+02 6.088679288516869548e+01
8.700936122820320406e+02 6.070790465239872447e+01
8.711156833262375585e+02 6.053034229869683713e+01
8.721383810925847229e+02 6.035428068528231194e+01
8.731618089782618881e+02 6.017995251421323388e+01
8.741860704443076884e+02 6.000759063440779073e+01
8.752112683995993621e+02 5.983742647750380428e+01
8.762374691498648644e+02 5.966959752251584348e+01
8.772646801730660400e+02 5.950409024989963314e+01
8.782929036339415916e+02 5.934087750217982205e+01
8.793221416972306770e+02 5.917993212188101637e+01
8.803523903075112003e+02 5.902121088156281559e+01
8.813835989862391216e+02 5.886455061831809132e+01
8.824156962695993798e+02 5.870973395318893751e+01
8.834486105909078333e+02 5.855654324145356782e+01
8.844822708437234269e+02 5.840476198531862906e+01
8.855166503003104026e+02 5.825428427904419948e+01
8.865518029244082072e+02 5.810520530062952105e+01
8.875877912267590091e+02 5.795764152726668073e+01
8.886246777181055450e+02 5.781170943614772284e+01
8.896625338141320753e+02 5.766755160167603833e+01
8.907015081092356468e+02 5.752553678154390582e+01
8.917417887983415312e+02 5.738614978847490278e+01
8.927835643995481405e+02 5.724987638229553966e+01
8.938270233978532815e+02 5.711720256103433258e+01
8.948723492627268570e+02 5.698865041699288980e+01
8.959197151255235667e+02 5.686481644075212216e+01
8.969692928419916598e+02 5.674630630280804411e+01
8.980212542678783620e+02 5.663372567365664167e+01
8.990757563195196553e+02 5.652765982365740172e+01
9.001328046590043641e+02 5.642848748175683227e+01
9.011923170519023643e+02 5.633646735203283384e+01
9.022542101784258648e+02 5.625185665647991584e+01
9.033184002962271961e+02 5.617491192847653281e+01
9.043846907888080295e+02 5.610570575883671296e+01
9.054526206710803535e+02 5.604387991663695345e+01
9.065216911607649308e+02 5.598901457569677120e+01
9.075914034755824105e+02 5.594068990983570444e+01
9.086612607627012039e+02 5.589849674436111115e+01
9.097307891591195812e+02 5.586215281961716528e+01
9.107995299042993338e+02 5.583145924889063849e+01
9.118670245018396372e+02 5.580621860362647624e+01
9.129328146262118935e+02 5.578623366575715892e+01
9.139965388410066680e+02 5.577142656826904954e+01
9.150580942285328092e+02 5.576203789561044744e+01
9.161174205222403089e+02 5.575836077124140644e+01
9.171744574555788176e+02 5.576068831862195196e+01
9.182291296086165175e+02 5.576930183041959310e+01
9.192811471102930909e+02 5.578431516954738356e+01
9.203300610720917803e+02 5.580571804823883042e+01
9.213754188506334231e+02 5.583349724716934759e+01
9.224167676726365244e+02 5.586763956591990876e+01
9.234534339199998385e+02 5.590816394563277925e+01
9.244840709519344273e+02 5.595518727858012653e+01
9.255072043804086661e+02 5.600884504925564045e+01
9.265213598173908167e+02 5.606927274215301793e+01
9.275250666560302761e+02 5.613659313735571743e+01
9.285169185699310219e+02 5.621071303869848634e+01
9.294955629773839973e+02 5.629135867295290296e+01
9.304596489495177138e+02 5.637825071351270623e+01
9.314078259034037046e+02 5.647110987450402320e+01
9.323428902564365899e+02 5.657014515004320288e+01
9.332821063206655481e+02 5.667726902662894872e+01
9.342458916032701381e+02 5.679476525720992441e+01
9.352546636114306011e+02 5.692491759473475810e+01
9.363305762517866242e+02 5.707031529822054239e+01
9.375317422231869386e+02 5.723987429833342588e+01
9.389501525399090269e+02 5.744847115357437417e+01
9.406791180569684911e+02 5.771121463822419173e+01
9.428119496293803650e+02 5.804321352656361910e+01
