5.290981575448648755e+01 5.357310080341167691e+01
5.470073197462387071e+01 5.460173646930360292e+01
5.607338232837448544e+01 5.538371128640359586e+01
5.716686466819720636e+01 5.599975838412556328e+01
5.811667546257511674e+01 5.652844845096220183e+01
5.900130429575058599e+01 5.701412255143347352e+01
5.985370446456054339e+01 5.747377961382855460e+01
6.070552958721076209e+01 5.792364024346808549e+01
6.157942840433683074e+01 5.837516448957491377e+01
6.247629997322800932e+01 5.882831412314749286e+01
6.339382497177219022e+01 5.928134947331961513e+01
6.432963789234521812e+01 5.973266353260856221e+01
6.528098155060098406e+01 6.018177434675430248e+01
6.624490137793578981e+01 6.062876692854550953e+01
6.721844706006520198e+01 6.107373655695968040e+01
6.819898942001044873e+01 6.151710934481538828e+01
6.918438340449100110e+01 6.195981014643472662e+01
7.017252405098285806e+01 6.240280511741099900e+01
7.116144931124236450e+01 6.284705371081838621e+01
7.214990346445129887e+01 6.329348225376860881e+01
7.313684861275396543e+01 6.374300685772129782e+01
7.412125532602956923e+01 6.419655578494982251e+01
7.510227403097701426e+01 6.465531734430811639e+01
7.607922782689993824e+01 6.512072950390984261e+01
7.705144693913268839e+01 6.559424001788036662e+01
7.801846219162136720e+01 6.607692885481218070e+01
7.898039774126068835e+01 6.656878814289588320e+01
7.993748692108708553e+01 6.706960984240882340e+01
8.088998545711540089e+01 6.757913287658428203e+01
8.183839065370355570e+01 6.809652399817051105e+01
8.278334721181541056e+01 6.862060085582628233e+01
8.372550102239371483e+01 6.915017784091367048e+01
8.466540940327904252e+01 6.968423655310246545e+01
8.560346832864216537e+01 7.022206317665198583e+01
8.654005664349691074e+01 7.076297623224509437e+01
8.747548339302960585e+01 7.130644843503580432e+01
8.840962984167634886e+01 7.185289750862423830e+01
8.934221527170518584e+01 7.240309901065700160e+01
9.027296063391965220e+01 7.295782318855421522e+01
9.120164648418764841e+01 7.351765958075645813e+01
9.212812213181737775e+01 7.408298928093257985e+01
9.305224070535783198e+01 7.465418180567610307e+01
9.397398069784867403e+01 7.523129820409754132e+01
9.489377723218576932e+01 7.581327595784631512e+01
9.581216936729987310e+01 7.639879680719801058e+01
9.672968145951854524e+01 7.698657786184070062e+01
9.764663217660395844e+01 7.757583104749059544e+01
9.856318885878818037e+01 7.816613233191580434e+01
9.947951453929042032e+01 7.875706806034789054e+01
1.003956094823188323e+02 7.934861946012253497e+01
1.013111139582651532e+02 7.994164111348990787e+01
1.022256200148228373e+02 8.053710459229472463e+01
1.031387254488730036e+02 8.113596819042572861e+01
1.040500720719646068e+02 8.173908854831088888e+01
1.049593220359272294e+02 8.234727532976822317e+01
1.058661396654165401e+02 8.296133300517254838e+01
1.067702827310325091e+02 8.358184229119260067e+01
1.076716386663085103e+02 8.420907343022106772e+01
1.085701044556715544e+02 8.484327379530208191e+01
1.094656062323255981e+02 8.548462068201072839e+01
1.103582012344579368e+02 8.613297619240771041e+01
1.112479835443273117e+02 8.678811385059093197e+01
1.121350463795127297e+02 8.744980927846566487e+01
1.130194668113701653e+02 8.811787726963726186e+01
1.139013076245994114e+02 8.879216727799067144e+01
1.147806311405849016e+02 8.947252988168465038e+01
1.156575179683060668e+02 9.015877144192999992e+01
1.165320981123750528e+02 9.085057888793282643e+01
1.174045098345531244e+02 9.154761918422192934e+01
1.182749013859135658e+02 9.224953515579744590e+01
1.191435176569601424e+02 9.295573609503088619e+01
1.200106577294138219e+02 9.366550033928552921e+01
1.208766226005293447e+02 9.437810159874834426e+01
1.217418114054530918e+02 9.509257656248846047e+01
1.226067875409359260e+02 9.580756519748871369e+01
1.234721300555937233e+02 9.652166966858899855e+01
1.243384308735031993e+02 9.723346104145272761e+01
1.252063535838858002e+02 9.794133728292661090e+01
1.260765865641778873e+02 9.864363648680988206e+01
1.269498158592226673e+02 9.933870237759703059e+01
1.278266668502346164e+02 1.000250251178973571e+02
1.287077004293854259e+02 1.007012505427388191e+02
1.295934743460113623e+02 1.013660320737589444e+02
1.304844461278217125e+02 1.020182650904620516e+02
1.313807407071863054e+02 1.026576479333642311e+02
1.322824141128301392e+02 1.032840452920954846e+02
1.331895077886616718e+02 1.038973570680825844e+02
1.341018819028197413e+02 1.044979208127837182e+02
1.350192738506479202e+02 1.050863704852682758e+02
1.359414192110364752e+02 1.056633444300943552e+02
1.368681257297990896e+02 1.062293067703289324e+02
1.377993474765550843e+02 1.067843683820037768e+02
1.387350562261914888e+02 1.073285973980489985e+02
1.396752481492463858e+02 1.078620030558520284e+02
1.406200884042708310e+02 1.083841866249727417e+02
1.415698136805302738e+02 1.088945766868040579e+02
1.425246563475072037e+02 1.093926122516544126e+02
1.434846772727809423e+02 1.098781463731100985e+02
1.444497181688400644e+02 1.103515611933017624e+02
1.454196064613815338e+02 1.108132733458140109e+02
1.463940779972948576e+02 1.112639205550264592e+02
1.473724936210126657e+02 1.117050458813215243e+02
1.483541182032886070e+02 1.121384240860346324e+02
1.493382172893792017e+02 1.125658283020827923e+02
1.503240674468995905e+02 1.129890050516510911e+02
1.513109542303156729e+02 1.134096791604183494e+02
1.522981638029030478e+02 1.138295739842566547e+02
1.532851047760464382e+02 1.142501172629704485e+02
1.542714881543388401e+02 1.146720066941287683e+02
1.552570708025247654e+02 1.150958292590327545e+02
1.562416590665560534e+02 1.155220524807366758e+02
1.572254899621497657e+02 1.159501041531090522e+02
1.582090222541363858e+02 1.163788767200973098e+02
1.591927159840460604e+02 1.168072595434176435e+02
1.601769984541328427e+02 1.172342210241628777e+02
1.611622465723926894e+02 1.176588512255770240e+02
1.621488329526690109e+02 1.180802505778754181e+02
1.631370317277231266e+02 1.184977572656303835e+02
1.641266186521416444e+02 1.189119126647280780e+02
1.651172121972385298e+02 1.193236378664534811e+02
1.661084198200491642e+02 1.197338805529167161e+02
1.670996060352989332e+02 1.201441749209426177e+02
1.680898973166451071e+02 1.205566298494243540e+02
1.690784102169292566e+02 1.209733781682268443e+02
1.700643454737956972e+02 1.213963494672758401e+02
1.710471585918373592e+02 1.218268582751380791e+02
1.720263530842318005e+02 1.222661032174906097e+02
1.730014660678052962e+02 1.227152017936021906e+02
1.739724074036918182e+02 1.231743716180989594e+02
1.749393191985942622e+02 1.236432696150318691e+02
1.759023464068390865e+02 1.241215458336773452e+02
1.768615642469309250e+02 1.246090186804545255e+02
1.778169181726805732e+02 1.251058198414212370e+02
1.787683394910879997e+02 1.256121151560533349e+02
1.797157620689553141e+02 1.261280642839496977e+02
1.806591358469719353e+02 1.266537880791158699e+02
1.815984169904289445e+02 1.271893923681178507e+02
1.825335718392276760e+02 1.277349584138439127e+02
1.834648865249928065e+02 1.282897954337917668e+02
1.843930236715229398e+02 1.288523037130952389e+02
1.853186674990732570e+02 1.294208313984376559e+02
1.862425453019955910e+02 1.299936226463050843e+02
1.871655449797137862e+02 1.305685338777586253e+02
1.880885918559092715e+02 1.311433311635970256e+02
1.890125960144943065e+02 1.317158173666794312e+02
1.899382477636608826e+02 1.322843259354263523e+02
1.908660723535358557e+02 1.328475888037065147e+02
1.917965905440527763e+02 1.334043487456750086e+02
1.927302159031120539e+02 1.339536073199217583e+02
1.936671196724600463e+02 1.344949511120687191e+02
1.946074398090844113e+02 1.350280470642458965e+02
1.955512998908506290e+02 1.355525968328697388e+02
1.964987105856955623e+02 1.360685746631545214e+02
1.974496292350285671e+02 1.365760835419951604e+02
1.984040100512518450e+02 1.370752340103772156e+02
1.993616732738625501e+02 1.375664600484265634e+02
2.003222493623826210e+02 1.380506538055680608e+02
2.012853543755453529e+02 1.385287421977989766e+02
2.022506137234011589e+02 1.390016295651039968e+02
2.032176958769002511e+02 1.394701162895545963e+02
2.041862816935814351e+02 1.399349728494368605e+02
2.051560603102525704e+02 1.403969497351088478e+02
2.061268804082120596e+02 1.408564122623809851e+02
2.070987347497726603e+02 1.413133779046561642e+02
2.080716212446861277e+02 1.417678517083176075e+02
2.090455175440417293e+02 1.422198876284168136e+02
2.100203453291336473e+02 1.426696747428503613e+02
2.109960166968132285e+02 1.431174252683747170e+02
2.119724088135335478e+02 1.435634357511730173e+02
2.129490516988100524e+02 1.440088408241324771e+02
2.139252765396699942e+02 1.444552551441500441e+02
2.149004108630228984e+02 1.449043022044299676e+02
2.158736780563281457e+02 1.453578569132568816e+02
2.168441234881227047e+02 1.458182239549666406e+02
2.178107750938766003e+02 1.462877501010762558e+02
2.187727245318729103e+02 1.467686282826557544e+02
2.197294267431448702e+02 1.472621743888174706e+02
2.206804652145870591e+02 1.477693939715771023e+02
2.216254348445236531e+02 1.482912650333195472e+02
2.225642319392406705e+02 1.488280379131766438e+02
2.234970798211334682e+02 1.493791734634845056e+02
2.244242182102973970e+02 1.499440929490253609e+02
2.253459084290812200e+02 1.505221654820549020e+02
2.262624851718981915e+02 1.511125830387443898e+02
2.271742986962614737e+02 1.517145000225651756e+02
2.280816923233347211e+02 1.523270875828192743e+02
2.289849206139497255e+02 1.529497311552373731e+02
2.298841767539056491e+02 1.535819643480059256e+02
2.307796527771685646e+02 1.542233235500841317e+02
2.316715519590981103e+02 1.548733180113318610e+02
2.325601008660444222e+02 1.555314007522397617e+02
2.334455289558044910e+02 1.561970178127340318e+02
2.343280669521264201e+02 1.568696121764680527e+02
2.352079545683359640e+02 1.575486051243593124e+02
2.360854354078067558e+02 1.582334085459289668e+02
2.369607524074606886e+02 1.589234359396520233e+02
2.378341217446783276e+02 1.596181654071169760e+02
2.387057246920209650e+02 1.603171593174277803e+02
2.395757401748381312e+02 1.610199857063464606e+02
2.404443300907898049e+02 1.617262537181666744e+02
2.413115849575983134e+02 1.624357448238147299e+02
2.421775765918572461e+02 1.631482856427933541e+02
2.430423780100152840e+02 1.638636998979000055e+02
2.439060824768306475e+02 1.645817624282141765e+02
2.447688001076510318e+02 1.653022073919151183e+02
2.456306418217147609e+02 1.660247670064188412e+02
2.464918351768091327e+02 1.667488918988416060e+02
2.473529022678834224e+02 1.674733216208558417e+02
2.482144109657442357e+02 1.681966852114655921e+02
2.490769213713487886e+02 1.689176304676880989e+02
2.499409241672966004e+02 1.696349727767307058e+02
2.508068735190700806e+02 1.703476156856304442e+02
2.516752211327087139e+02 1.710544686790442199e+02
2.525462857526718494e+02 1.717547622394387474e+02
2.534201771438338255e+02 1.724482313708788013e+02
2.542969867523641767e+02 1.731346553027159700e+02
2.551768146161334698e+02 1.738137925221281819e+02
2.560598052958191602e+02 1.744852940288666616e+02
2.569461177302865167e+02 1.751487761107111965e+02
2.578359136912634426e+02 1.758038482163026117e+02
2.587294199420968539e+02 1.764499628905476527e+02
2.596269282377524519e+02 1.770864157746189846e+02
2.605287331616697202e+02 1.777124956811458105e+02
2.614351348375973885e+02 1.783274780472706311e+02
2.623464505451388504e+02 1.789305968922449210e+02
2.632630008745146597e+02 1.795210782427846539e+02
2.641851022927822328e+02 1.800981580797917445e+02
2.651130242299936413e+02 1.806611859414157664e+02
2.660470061892847298e+02 1.812095836156915425e+02
2.669872869364942858e+02 1.817427746706464120e+02
2.679340764173052207e+02 1.822602522524237543e+02
2.688875297908217021e+02 1.827616417738660459e+02
2.698477960840029937e+02 1.832465834521461545e+02
2.708150382164643020e+02 1.837146839646077865e+02
2.717895084978108571e+02 1.841653341821257186e+02
2.727714946366407389e+02 1.845978395148701736e+02
2.737612793318623972e+02 1.850115174674701848e+02
2.747589778903251840e+02 1.854060896646928995e+02
2.757645044742116625e+02 1.857817633374361321e+02
2.767777613254071980e+02 1.861387744947390388e+02
2.777985463984396688e+02 1.864776109177189483e+02
2.788262595956625773e+02 1.867997213709333550e+02
2.798602058640520340e+02 1.871067838616152130e+02
2.808996912088558702e+02 1.874004738421247680e+02
2.819440373726345115e+02 1.876824287719207405e+02
2.829925781628508048e+02 1.879542569834641199e+02
2.840446480672557072e+02 1.882175651668607657e+02
2.850996747860811524e+02 1.884737349771007473e+02
2.861573014258555645e+02 1.887236280317223134e+02
2.872172014275498668e+02 1.889680327143501586e+02
2.882790576724531775e+02 1.892077146173705842e+02
2.893426290848685767e+02 1.894432557467244465e+02
2.904077112912511893e+02 1.896751495003749142e+02
2.914741000078474258e+02 1.899038890594483178e+02
2.925415835580816974e+02 1.901299854502026392e+02
2.936099395739074112e+02 1.903539755064556402e+02
2.946789448517724850e+02 1.905763980788073582e+02
2.957484039388493215e+02 1.907977250204010602e+02
2.968182522128000755e+02 1.910181123256022033e+02
2.978884635704885113e+02 1.912376229934200182e+02
2.989590204625727665e+02 1.914562993720919906e+02
3.000300758505259751e+02 1.916737721586281111e+02
3.011019398541873215e+02 1.918892926346094896e+02
3.021749285523379740e+02 1.921020976954042965e+02
3.032494326920934782e+02 1.923112439756078800e+02
3.043260540403372261e+02 1.925152786758397951e+02
3.054054313785729278e+02 1.927126596377670751e+02
3.064882040255438937e+02 1.929018434100477748e+02
3.075750167860499005e+02 1.930812733376934318e+02
3.086665176741834671e+02 1.932493850417021406e+02
3.097633514797420275e+02 1.934046219280606067e+02
3.108658865209205828e+02 1.935460949108365298e+02
3.119740084167798386e+02 1.936740803242355753e+02
3.130875542165348406e+02 1.937889717686266522e+02
3.142062407356877998e+02 1.938914531351890105e+02
3.153290826669167473e+02 1.939839035118738195e+02
3.164548405645837192e+02 1.940693155750795995e+02
3.175822851487999969e+02 1.941506574601402804e+02
3.187104799097443788e+02 1.942301905253128211e+02
3.198388125291721167e+02 1.943093934970211194e+02
3.209666875254579281e+02 1.943897044563474310e+02
3.220936825912319250e+02 1.944721433302894980e+02
3.232199774443835167e+02 1.945562763694803721e+02
3.243458825415744968e+02 1.946413541370300209e+02
3.254716644786606139e+02 1.947267330243122956e+02
3.265970118343594777e+02 1.948131640744612696e+02
3.277212051430991551e+02 1.949023828683510828e+02
3.288435162160136542e+02 1.949961460297487008e+02
3.299631907474390573e+02 1.950962723777114434e+02
3.310794191337976144e+02 1.952047124193350101e+02
3.321913847293008075e+02 1.953234334322364987e+02
3.332983719590646388e+02 1.954541583870483521e+02
3.344004010841983927e+02 1.955968316033164456e+02
3.354978178600051706e+02 1.957506106211884571e+02
3.365909733796310093e+02 1.959146400811063131e+02
3.376803787931029888e+02 1.960876778535418907e+02
3.387667583670629483e+02 1.962679668226286083e+02
3.398508511461643593e+02 1.964537141621264595e+02
3.409334555204779349e+02 1.966429850581596099e+02
3.420156245591428501e+02 1.968332353611967847e+02
3.430984796359334155e+02 1.970217574985814508e+02
3.441831162740891159e+02 1.972059071231748533e+02
3.452701793180149821e+02 1.973841421622595078e+02
3.463599308063865578e+02 1.975558568128775789e+02
3.474526199457492908e+02 1.977204766668921820e+02
3.485481888517174411e+02 1.978781829383302409e+02
3.496457866341513636e+02 1.980311080962428036e+02
3.507444361149866268e+02 1.981816953513706210e+02
3.518432271403347613e+02 1.983322307385471106e+02
3.529418643501070392e+02 1.984835585624855980e+02
3.540403827757073145e+02 1.986357483390725633e+02
3.551388258339396771e+02 1.987888496422102378e+02
3.562375812263323382e+02 1.989420863392599301e+02
3.573375892168237442e+02 1.990933570735319336e+02
3.584398398839639412e+02 1.992404410167259243e+02
3.595452735473362509e+02 1.993812161787093373e+02
3.606545664708301047e+02 1.995140850734229900e+02
3.617683076641740172e+02 1.996376235311355742e+02
3.628870546302621847e+02 1.997504716395698097e+02
3.640106142368616702e+02 1.998528004591675256e+02
3.651380272611084479e+02 1.999463435456658829e+02
3.662682999072480925e+02 2.000329048888858949e+02
3.674003606029209550e+02 2.001142378684397158e+02
3.685328913276740650e+02 2.001919354970857228e+02
3.696645253621426264e+02 2.002675590985919314e+02
3.707939508410514122e+02 2.003424718185491713e+02
3.719204996422505474e+02 2.004157110718828392e+02
3.730439218595670354e+02 2.004848033327627661e+02
3.741639764072122034e+02 2.005472449401787571e+02
3.752806301694751596e+02 2.005999903629101766e+02
3.763942539394748792e+02 2.006389416771792185e+02
3.775052649168768539e+02 2.006598800460205609e+02
3.786140503129532817e+02 2.006590237416188529e+02
3.797207996011545106e+02 2.006354732516331865e+02
3.808256221849378562e+02 2.005894961594932795e+02
3.819286289986866336e+02 2.005213948917877929e+02
3.830299912378193881e+02 2.004325531922346499e+02
3.841299540078204018e+02 2.003256810383540483e+02
3.852287669372950631e+02 2.002035695705556009e+02
3.863266031398107430e+02 2.000687760228786942e+02
3.874233367581363723e+02 1.999229436760308261e+02
3.885187689238164808e+02 1.997674926154991510e+02
3.896126957484426043e+02 1.996038011046130976e+02
3.907048363390559871e+02 1.994326058673696878e+02
3.917948495420532140e+02 1.992541415850529916e+02
3.928823925571763311e+02 1.990686287664498764e+02
3.939671117827570015e+02 1.988760713021405877e+02
3.950486280992924435e+02 1.986759613321845848e+02
3.961265587034440614e+02 1.984677171186968678e+02
3.972005701811783638e+02 1.982508497611957523e+02
3.982707372925324307e+02 1.980256376066911059e+02
3.993373361090563094e+02 1.977927374087714725e+02
4.004006442009455213e+02 1.975528080470853922e+02
4.014609434597513768e+02 1.973064800280366171e+02
4.025185221575681567e+02 1.970543419645317726e+02
4.035736690798466952e+02 1.967969790988728107e+02
4.046266333701162807e+02 1.965348829604246248e+02
4.056774728218206292e+02 1.962680927296769653e+02
4.067261875684949359e+02 1.959965112799175984e+02
4.077727729444195575e+02 1.957200309572568813e+02
4.088171254048325522e+02 1.954383272577263710e+02
4.098590483913171738e+02 1.951508716905694030e+02
4.108983417802041345e+02 1.948571279643968808e+02
4.119348551383419590e+02 1.945566877509824621e+02
4.129685816927079713e+02 1.942495126760751987e+02
4.139995404804602686e+02 1.939356308318752724e+02
4.150277679739986070e+02 1.936151133911203317e+02
4.160534836233306351e+02 1.932884836437933416e+02
4.170770161982068771e+02 1.929565349967641055e+02
4.180986963420489246e+02 1.926200654820450779e+02
4.191188915123157130e+02 1.922799636887339716e+02
4.201380348170972638e+02 1.919372796967675185e+02
4.211565661505817957e+02 1.915930802788793414e+02
4.221749373211364400e+02 1.912484608783967701e+02
4.231936714097153072e+02 1.909046884508832420e+02
4.242133178843063206e+02 1.905630934503561775e+02
4.252344275651224734e+02 1.902250095706852449e+02
4.262575892199314467e+02 1.898918614128767217e+02
4.272834345033513728e+02 1.895651763176468876e+02
4.283125973639709514e+02 1.892464871210078456e+02
4.293455621108436162e+02 1.889369655786549629e+02
4.303822805795980457e+02 1.886364985874933780e+02
4.314225862202104054e+02 1.883446873797555838e+02
4.324662831570929598e+02 1.880610626094165809e+02
4.335127773908009203e+02 1.877841967600265320e+02
4.345611880005710645e+02 1.875119717774639412e+02
4.356106289183506419e+02 1.872422572413599369e+02
4.366604339054782145e+02 1.869734558367851776e+02
4.377104124157345950e+02 1.867051238444551586e+02
4.387604360377581543e+02 1.864369682275324749e+02
4.398103891757684778e+02 1.861687273270266587e+02
4.408602519053188189e+02 1.859003737269749195e+02
4.419100475591735631e+02 1.856319859229724045e+02
4.429598006306562752e+02 1.853636451020158518e+02
4.440095765169780293e+02 1.850955261251603190e+02
4.450594962130447811e+02 1.848279311778314025e+02
4.461096846878818383e+02 1.845611715465915381e+02
4.471602963185575277e+02 1.842956213244252694e+02
4.482116146826694489e+02 1.840319305364099591e+02
4.492639588289044354e+02 1.837708249628231556e+02
4.503176531783049654e+02 1.835130400307283765e+02
4.513731189349516626e+02 1.832594849480792618e+02
4.524308612079516365e+02 1.830112195803251325e+02
4.534913878546888100e+02 1.827693086316190545e+02
4.545551903050035207e+02 1.825347364516297262e+02
4.556227166050290975e+02 1.823082751808546220e+02
4.566944077220969120e+02 1.820906623341951160e+02
4.577706901359421749e+02 1.818825935322978182e+02
4.588518538641318969e+02 1.816843697836980311e+02
4.599381140103699863e+02 1.814960754660654629e+02
4.610296816256540637e+02 1.813177861034389764e+02
4.621265378395937660e+02 1.811491132006655960e+02
4.632282869479647047e+02 1.809889077499138068e+02
4.643344983161273376e+02 1.808359502480271033e+02
4.654447578288961722e+02 1.806891889713846240e+02
4.665587411483583651e+02 1.805484840176199839e+02
4.676761542891990189e+02 1.804140037599790389e+02
4.687966867079897497e+02 1.802859199868233873e+02
4.699196169654746882e+02 1.801644831061359469e+02
4.710437956308422258e+02 1.800500254165683316e+02
4.721680532066635578e+02 1.799428830858449260e+02
4.732909957164550860e+02 1.798435394636326237e+02
4.744105012728151678e+02 1.797529551616908350e+02
4.755243007069805117e+02 1.796721873582808087e+02
4.766301180020342940e+02 1.796023660888815812e+02
4.777255944448557443e+02 1.795455011904267053e+02
4.788083164668477707e+02 1.795041861049691647e+02
4.798758692523610421e+02 1.794810135079232509e+02
4.809258035737260570e+02 1.794771047239751738e+02
4.819556019182579121e+02 1.794906614233410096e+02
4.829627387212777307e+02 1.795195409980880470e+02
4.839484017823580189e+02 1.795617356094436445e+02
4.849388736728596427e+02 1.796161481833986500e+02
4.859708267865606217e+02 1.796820587238563576e+02
4.870824832409324472e+02 1.797588869214966962e+02
4.883664019476876774e+02 1.798510142458173391e+02
4.899831660584555948e+02 1.799690338178757827e+02
4.920976561252738861e+02 1.801239311769907090e+02
