2.126335818566294478e+01 2.234375652072333907e+01
2.319884397833468981e+01 2.275237188463703575e+01
2.470814844968483115e+01 2.311812351236511631e+01
2.592362096650323977e+01 2.346187000919959331e+01
2.697626799363706951e+01 2.380436427399523325e+01
2.795184760788117018e+01 2.416279748174645192e+01
2.888107366654656616e+01 2.455002800536680496e+01
2.979133434244657153e+01 2.497865243673549429e+01
3.070672585642599017e+01 2.545978974617018764e+01
3.163057223250955730e+01 2.599523512095793620e+01
3.255811737080823320e+01 2.658315691378159329e+01
3.348459923684465878e+01 2.722170187939009267e+01
3.440641874236516884e+01 2.790772748079723087e+01
3.532208621753621713e+01 2.863575258987661698e+01
3.623033475042680607e+01 2.940004911959976397e+01
3.713005070516900474e+01 3.019483599441197796e+01
3.802170280898371146e+01 3.101378510560632407e+01
3.890669329840911672e+01 3.185024562426826833e+01
3.978643663496782779e+01 3.269756315412431746e+01
4.066246293339784756e+01 3.354952101728317615e+01
4.153662183035536515e+01 3.440111184608764461e+01
4.241081767843157024e+01 3.524753535895648326e+01
4.328692989449728401e+01 3.608407644604905329e+01
4.416637951655680183e+01 3.690758566016609166e+01
4.505018529506795488e+01 3.771628762832667547e+01
4.593935232298280624e+01 3.850845362683526218e+01
4.683478769320238655e+01 3.928257357800298166e+01
4.773697595632177837e+01 4.003808013005674837e+01
4.864628780616988024e+01 4.077465995483890993e+01
4.956308706645313578e+01 4.149201294932564110e+01
5.048747054909473064e+01 4.219035299428119146e+01
5.141918820826706593e+01 4.287056165358995941e+01
5.235796681705534183e+01 4.353356511352313873e+01
5.330335271974766442e+01 4.418070461406471594e+01
5.425366083923854887e+01 4.481615412495050066e+01
5.520669172296868510e+01 4.544527087183448089e+01
5.616024355760229980e+01 4.607341737046910168e+01
5.711203724985042385e+01 4.670611690038521857e+01
5.805964361725882839e+01 4.734920496828686964e+01
5.900061623308620540e+01 4.800855295378728727e+01
5.993260667278083531e+01 4.868979554541496668e+01
6.085437201014743636e+01 4.939589747497193173e+01
6.176536682591213179e+01 5.012813888261380413e+01
6.266505692474314770e+01 5.088777280419042626e+01
6.355328633249440884e+01 5.167514322114855929e+01
6.443102290782667296e+01 5.248789298342654774e+01
6.529944228878609636e+01 5.332316554332903991e+01
6.615973085472774073e+01 5.417807876111538690e+01
6.701329528216615472e+01 5.504922562107948636e+01
6.786174863361476639e+01 5.593270737602580311e+01
6.870671192695226637e+01 5.682460632445159376e+01
6.954992151632998798e+01 5.772072702925642318e+01
7.039364987871316259e+01 5.861558304239641615e+01
7.124032515047446168e+01 5.950331308007499587e+01
7.209238767369861023e+01 6.037802637136520900e+01
7.295282990234758813e+01 6.123249832169027229e+01
7.382541038511398312e+01 6.205765356073008832e+01
7.471394410076793235e+01 6.284428039113594622e+01
7.562222151532058945e+01 6.358322577295501077e+01
7.655385193017534107e+01 6.426577018105224681e+01
7.751236344822196145e+01 6.488338839291692750e+01
7.850127365680691582e+01 6.542758055778845971e+01
7.952250544403817401e+01 6.589369568869361160e+01
8.057466330088375628e+01 6.628509186913278484e+01
8.165593764664075138e+01 6.660612655942986748e+01
8.276435062202283177e+01 6.686156418685472147e+01
8.389584489789163513e+01 6.706119819352257139e+01
8.504496061932657369e+01 6.721821390673166263e+01
8.620621183770215623e+01 6.734585976385758954e+01
8.737463687702786785e+01 6.745613025713866762e+01
8.854695070499612086e+01 6.755700971491697260e+01
8.972020275172033621e+01 6.765568250479147139e+01
9.089146368579287127e+01 6.775928376680877818e+01
9.205829266081666162e+01 6.787381640731234711e+01
9.321873731540546260e+01 6.800415109894227328e+01
9.437086652665162489e+01 6.815510928678637015e+01
9.551303773247609286e+01 6.833082290781631229e+01
9.664505491205325427e+01 6.853196742869877767e+01
9.776717436606310230e+01 6.875813750637722421e+01
9.887967156914911016e+01 6.900887969675801514e+01
9.998383738358560890e+01 6.928119231036306758e+01
1.010824681469780018e+02 6.956829547443956585e+01
1.021784820257026922e+02 6.986310357132128956e+01
1.032747531847262223e+02 7.015856189774439144e+01
1.043738031588715387e+02 7.044786350046432233e+01
1.054779840219243283e+02 7.072432048575544172e+01
1.065896446883441513e+02 7.098124842215295871e+01
1.077106925633579948e+02 7.121253650154679349e+01
1.088420499867826408e+02 7.141335374529309377e+01
1.099845060126290548e+02 7.157904234406272792e+01
1.111387242589148201e+02 7.170520501836253402e+01
1.123036654246140955e+02 7.179098144175347329e+01
1.134770629429436042e+02 7.183806031171229733e+01
1.146566231365270596e+02 7.184818673367513497e+01
1.158399003426516174e+02 7.182434175967630097e+01
1.170239254300413450e+02 7.177376329444420833e+01
1.182056166534606518e+02 7.170460502079065179e+01
1.193819192761735906e+02 7.162512952369253583e+01
1.205504792428045278e+02 7.154642463641246763e+01
1.217096904077890400e+02 7.148259387242310936e+01
1.228579830923529670e+02 7.144788778455450995e+01
1.239937984301508038e+02 7.145571496123830002e+01
1.251156360368745197e+02 7.151492999142301699e+01
1.262220152100990163e+02 7.163285483476134630e+01
1.273114653569729171e+02 7.181674682726243475e+01
1.283831595634288476e+02 7.206981630235499381e+01
1.294372911000256750e+02 7.238885938514336260e+01
1.304741436764681453e+02 7.277010358255492406e+01
1.314941443707951692e+02 7.320944913724014214e+01
1.324989680965467187e+02 7.369994788055051060e+01
1.334909322697972982e+02 7.423318501504104461e+01
1.344723594261515132e+02 7.480073556145509883e+01
1.354455152280053483e+02 7.539475372846388268e+01
1.364125291825679938e+02 7.600878030802076069e+01
1.373755108474875044e+02 7.663655925531395496e+01
1.383365032818600753e+02 7.727201258661163763e+01
1.392965545294145784e+02 7.791172663952849575e+01
1.402559466690795205e+02 7.855433875152743894e+01
1.412149420700179689e+02 7.919853903050086785e+01
1.421733557671664698e+02 7.984381639503189376e+01
1.431293426601710053e+02 8.049262428941830194e+01
1.440806726142303660e+02 8.114810371910178333e+01
1.450250959035596736e+02 8.181339591147063572e+01
1.459597857417467424e+02 8.249164863144039828e+01
1.468812578216620750e+02 8.318601709298721403e+01
1.477859920671781992e+02 8.389965691531473624e+01
1.486705379907457996e+02 8.463542131961415294e+01
1.495318514777662813e+02 8.539439762847916882e+01
1.503670355032013219e+02 8.617703398503114443e+01
1.511732023791679467e+02 8.698375726862711588e+01
1.519481711398775303e+02 8.781341738509790673e+01
1.526909587625463587e+02 8.866219116068788253e+01
1.534006982634897724e+02 8.952599649300596241e+01
1.540766080861998262e+02 9.040055290027868296e+01
1.547187156315962397e+02 9.127970133607215075e+01
1.553274942879746732e+02 9.215624708001672616e+01
1.559034318166642947e+02 9.302300269198019578e+01
1.564513531767044014e+02 9.388086765395286193e+01
1.569872332953079876e+02 9.475153112142372436e+01
1.575288141328045981e+02 9.565997697153269996e+01
1.580953358638555244e+02 9.663411462906449856e+01
1.587308359758485494e+02 9.775027497513359265e+01
1.594997362660849944e+02 9.912459312219095864e+01
1.604670635065528757e+02 1.008743855105069542e+02
