2.341297380969744779e+01 6.489095712320825271e+01
2.473238996288223035e+01 6.396003184389242335e+01
2.587968180534575779e+01 6.330786356859132269e+01
2.691834781067195692e+01 6.285804150277844116e+01
2.791120534991011581e+01 6.253512325175832132e+01
2.890073118609134184e+01 6.229258694361256232e+01
2.990606534396626870e+01 6.211709116348613691e+01
3.094506397070084347e+01 6.199711992921984915e+01
3.203161074421535659e+01 6.192229304319376837e+01
3.315775491142861853e+01 6.188847307711357359e+01
3.430808349278516545e+01 6.189365615764383222e+01
3.546724993048061947e+01 6.193585065084009500e+01
3.662401709115828652e+01 6.201365069020166487e+01
3.777337012113255099e+01 6.212653734823932439e+01
3.891081256007974787e+01 6.227406559052553092e+01
4.003257758880722150e+01 6.245505071218293835e+01
4.114047695397240290e+01 6.266265276202612000e+01
4.223889744090278242e+01 6.288742135487609630e+01
4.333223469327950994e+01 6.311988053464654769e+01
4.442419533521224650e+01 6.334895636540349528e+01
4.551709843989663540e+01 6.356035689174056813e+01
4.661309654601302555e+01 6.373940393003618254e+01
4.771392321746402843e+01 6.387168790626054715e+01
4.881673895708217970e+01 6.394573108890096336e+01
4.991588929879027603e+01 6.395186045567719191e+01
5.100567960867184070e+01 6.388043459460645579e+01
5.208106250148587435e+01 6.372509986421793826e+01
5.313874507853158491e+01 6.348841472951421849e+01
5.417572884762466146e+01 6.317443312563209901e+01
5.518913754473904021e+01 6.278725474759919223e+01
5.617808545247279994e+01 6.233172451312834283e+01
5.714330630764609964e+01 6.181329363270110377e+01
5.808558086509112428e+01 6.123743091737852495e+01
5.900569687695215748e+01 6.060948517499730315e+01
5.990446796153939601e+01 5.993436161115227634e+01
6.078271371263042511e+01 5.921686295275122802e+01
6.164122144798029268e+01 5.846180569383982117e+01
6.247993567825770356e+01 5.767436582261568390e+01
6.329789820380976550e+01 5.686010437278311258e+01
6.409410655060418094e+01 5.602460126300918120e+01
6.486749486280982069e+01 5.517293481473463146e+01
6.561667573080572424e+01 5.430763860481956584e+01
6.634016001921642669e+01 5.343044116266199239e+01
6.703646692066634216e+01 5.254305274510444690e+01
6.770451094461675723e+01 5.164633529978943471e+01
6.834376476233524045e+01 5.073995301663364899e+01
6.895374320180962968e+01 4.982347962157593457e+01
6.953461354982624698e+01 4.889667692696516355e+01
7.009112800093478768e+01 4.796062845135403307e+01
7.063000444853850013e+01 4.701698437166736255e+01
7.115798395855946978e+01 4.606740400471413466e+01
7.168347687086782116e+01 4.511429007646513867e+01
7.221802072039655229e+01 4.416143800548268672e+01
7.277349681930125769e+01 4.321279631110512298e+01
7.336115461270546234e+01 4.227224328994773828e+01
7.398595495514626919e+01 4.134295835431524324e+01
7.464925282480174928e+01 4.042772017641348725e+01
7.535235774659768992e+01 3.952930659340741926e+01
7.609551538368891954e+01 3.865202317502740215e+01
7.687629751287566648e+01 3.780401525982640010e+01
7.769186247852806559e+01 3.699402188584394935e+01
7.853956467262948138e+01 3.623096928246445714e+01
7.941963165541085345e+01 3.552652705461891713e+01
8.033447232496334323e+01 3.489444760519130284e+01
8.128654985128439137e+01 3.434853482000193026e+01
8.227745044704710153e+01 3.389905829486458799e+01
8.330576346913542807e+01 3.354420977736540976e+01
8.436943865273295273e+01 3.327960322878264066e+01
8.546629159222906935e+01 3.310049212674856989e+01
8.659105264374672117e+01 3.299383882503953203e+01
8.773536692514227298e+01 3.293831455357585725e+01
8.889074541347804370e+01 3.291223005863195539e+01
9.004909703456563363e+01 3.289495183406406653e+01
9.120419524603765637e+01 3.287079292768472527e+01
9.235035911564338562e+01 3.282551387661789732e+01
9.348197449242654500e+01 3.274504228960771002e+01
9.459610319988763649e+01 3.262200004143539900e+01
9.569333174469566927e+01 3.245782641796282775e+01
9.677448713656833945e+01 3.225456235182257814e+01
9.784039167683896210e+01 3.201425022453832980e+01
9.889183721522725534e+01 3.173894178837945645e+01
9.992960348563966022e+01 3.143069252396308144e+01
1.009544667064063219e+02 3.109154880274874344e+01
1.019669090305623911e+02 3.072278745531285438e+01
1.029668997659808696e+02 3.032434324526338898e+01
1.039543566907131691e+02 2.989601608757084605e+01
1.049294010727304425e+02 2.943805524402053564e+01
1.058940052411860080e+02 2.895479749310461060e+01
1.068511296082103854e+02 2.845276149996255555e+01
1.078037441900464870e+02 2.793848648586011407e+01
1.087549064913760049e+02 2.741853433543310814e+01
1.097078780798888999e+02 2.689951979465025289e+01
1.106659495626171577e+02 2.638806513195250147e+01
1.116323733460410210e+02 2.589078704843872814e+01
1.126098960551439063e+02 2.541422853269552817e+01
1.136009060963081225e+02 2.496488036658942988e+01
1.146077839744744296e+02 2.454923225873094950e+01
1.156320976687178330e+02 2.417385505489688313e+01
1.166728467743959925e+02 2.384557607439387183e+01
1.177285246301055537e+02 2.357127319029025259e+01
1.187975325966858975e+02 2.335781152241778003e+01
1.198763967004805835e+02 2.321179616486707786e+01
1.209598920792434313e+02 2.313958944111672622e+01
1.220427268189431089e+02 2.314754437753586913e+01
1.231198447764557216e+02 2.324001819240239897e+01
1.241872103965100109e+02 2.341272879596700562e+01
1.252410642131360419e+02 2.365905699392723704e+01
1.262777022978518460e+02 2.397238596551706280e+01
1.272953334595136710e+02 2.434618199966127605e+01
1.282945175415420067e+02 2.477401353927721317e+01
1.292759587510315100e+02 2.524945529997843607e+01
1.302410319336807447e+02 2.576524449218902291e+01
1.311951085396695476e+02 2.630912729692307650e+01
1.321450344089197699e+02 2.686700865155977880e+01
1.330976537527218966e+02 2.742477289474385671e+01
1.340595400738417595e+02 2.796709576502826522e+01
1.350368270951911143e+02 2.847668956825813069e+01
1.360356082479246425e+02 2.893608672447127361e+01
1.370611499886158811e+02 2.932830698604177044e+01
1.381118284944635093e+02 2.964043051544908280e+01
1.391825984196826482e+02 2.986155376300969166e+01
1.402683774486738741e+02 2.998080549229732128e+01
1.413618032193112697e+02 2.999061728262265802e+01
1.424505738748355554e+02 2.989057593597081564e+01
1.435217415038297588e+02 2.968120411219880239e+01
1.445627563389938359e+02 2.936414005879085209e+01
1.455658475400460645e+02 2.895441243044545132e+01
1.465264004474878163e+02 2.847589340379836287e+01
1.474398620258897381e+02 2.795260767508881727e+01
1.483081877860166458e+02 2.740357212176790824e+01
1.491523772067151299e+02 2.683315077281414318e+01
1.499968945503893565e+02 2.624304177642735425e+01
1.508678496921621672e+02 2.563409537591930132e+01
1.518212644191546019e+02 2.499174964860121406e+01
1.529392321343974004e+02 2.428800922519206296e+01
1.543047192454873198e+02 2.349442891925122368e+01
