2.070587895078636365e+01 1.909575919871565191e+02
2.154410649622950658e+01 1.891963204117100190e+02
2.219272292135263314e+01 1.878280935755905432e+02
2.271569841972066328e+01 1.867236421731295479e+02
2.317568031714544219e+01 1.857565114434129896e+02
2.361117715556888186e+01 1.848516045087034740e+02
2.403960781280332526e+01 1.839786950411818793e+02
2.447767827218645209e+01 1.831090724155576197e+02
2.493805592676532967e+01 1.822213389299064943e+02
2.542152845716172749e+01 1.813156082068823025e+02
2.592671017403569422e+01 1.803959293235505186e+02
2.645199156983766642e+01 1.794662074148392605e+02
2.699304964714428223e+01 1.785286025140034099e+02
2.754375627665568516e+01 1.775841137365111422e+02
2.809795292107584075e+01 1.766337173114853556e+02
2.864991346890418811e+01 1.756780198359591338e+02
2.919485816144368684e+01 1.747168189765817488e+02
2.972813247683181004e+01 1.737498053491434860e+02
3.024554512781551807e+01 1.727767666576019963e+02
3.074682278785696354e+01 1.717983117613661648e+02
3.123366218263989680e+01 1.708154624180943415e+02
3.170779336890409184e+01 1.698292485209992719e+02
3.217225842100194200e+01 1.688410568910203438e+02
3.263226226255260087e+01 1.678528627412529204e+02
3.309321183697853996e+01 1.668666962432536991e+02
3.356039011059599630e+01 1.658845320064574480e+02
3.403832655455849476e+01 1.649080069506134407e+02
3.453126752788337228e+01 1.639386311146982962e+02
3.504340883498026926e+01 1.629778948569409920e+02
3.557715035904127632e+01 1.620265904618810850e+02
3.613264207850480147e+01 1.610846356771929209e+02
3.670989168019125515e+01 1.601518929418693062e+02
3.730850309843563650e+01 1.592280716985054596e+02
3.792628911251671298e+01 1.583122026563609950e+02
3.856056597738307801e+01 1.574031283736956368e+02
3.920864812706055602e+01 1.564996917366262039e+02
3.986781171036663807e+01 1.556007427428880305e+02
4.053529627487436926e+01 1.547051381890328798e+02
4.120833994105247911e+01 1.538117351604431917e+02
4.188432374531359415e+01 1.529194525090317711e+02
4.256109400409684440e+01 1.520274101750716511e+02
4.323659156035513718e+01 1.511347689520437712e+02
4.390878285219950783e+01 1.502407001192182747e+02
4.457598758973287545e+01 1.493445196838494269e+02
4.523678299703271222e+01 1.484456491511625700e+02
4.588975298039780881e+01 1.475435127626590202e+02
4.653374245805569132e+01 1.466376412911929492e+02
4.716822581316797880e+01 1.457278224241255202e+02
4.779277041490041000e+01 1.448138818008182511e+02
4.840696419303291975e+01 1.438956533185089484e+02
4.901059035100719541e+01 1.429730493033040375e+02
4.960354000163250987e+01 1.420460254215615237e+02
5.018570442188786274e+01 1.411145373887476353e+02
5.075688256429104683e+01 1.401785022419881557e+02
5.131670631027024143e+01 1.392377670257727971e+02
5.186478995012435433e+01 1.382921714149766217e+02
5.240073956278455114e+01 1.373415517748118475e+02
5.292410564066533851e+01 1.363857220658621259e+02
5.343441562685288915e+01 1.354244869584791786e+02
5.393121284489620848e+01 1.344576577261214254e+02
5.441474396821843129e+01 1.334853380538689862e+02
5.488622056471606925e+01 1.325080327733269314e+02
5.534692411053545413e+01 1.315262757798500104e+02
5.579824474838170545e+01 1.305406463712975551e+02
5.624210750135843284e+01 1.295519473265150907e+02
5.668060168704278823e+01 1.285610500690227695e+02
5.711577624148336696e+01 1.275688092735530290e+02
5.754867047488367149e+01 1.265756608554297031e+02
5.797926762035674386e+01 1.255816027041279739e+02
5.840750117265179853e+01 1.245866120792157403e+02
5.883285847428123105e+01 1.235904790598188043e+02
5.925321742429951399e+01 1.225923184929044112e+02
5.966609312972146029e+01 1.215910930182586043e+02
6.006911151646270497e+01 1.205858100030211375e+02
6.046165077086931205e+01 1.195761840400105882e+02
6.084448777035661493e+01 1.185624942444325143e+02
6.121843925252379393e+01 1.175450358051745070e+02
6.158481422349786527e+01 1.165242946820305292e+02
6.194623184855151976e+01 1.155012645663143473e+02
6.230552686134816298e+01 1.144770226894706582e+02
6.266558423085680118e+01 1.134526658584756547e+02
6.302982675150784786e+01 1.124295004583912316e+02
6.340200347092401501e+01 1.114089600075679272e+02
6.378586339036812802e+01 1.103924781795395802e+02
6.418454502837155928e+01 1.093812736297723802e+02
6.459997279993442021e+01 1.083761373944378477e+02
6.503392757222265175e+01 1.073778099507378272e+02
6.548816084568423435e+01 1.063870564124955962e+02
6.596420221100791537e+01 1.054048280602958130e+02
6.646347985959053517e+01 1.044321612416341907e+02
6.698741828169517021e+01 1.034700971915318775e+02
6.753726606488001494e+01 1.025199233230218852e+02
6.811400737823365148e+01 1.015832971060570600e+02
6.871860458067715172e+01 1.006619065341895407e+02
6.935182092374273566e+01 9.975745392064006012e+01
7.001333133135901221e+01 9.887171985041439370e+01
7.070244074296876136e+01 9.800651151755211288e+01
7.141845980172816155e+01 9.716363176791823264e+01
7.216087776960354461e+01 9.634475355559412435e+01
7.292938835187634083e+01 9.555140116327058308e+01
7.372369645785026648e+01 9.478509072606192376e+01
7.454326706570581962e+01 9.404706025070289854e+01
7.538660542913089557e+01 9.333743523041005119e+01
7.625197687069025676e+01 9.265606303002036270e+01
7.713764048339263013e+01 9.200276686668200909e+01
7.804174168758034114e+01 9.137692932707219029e+01
7.896232658962981077e+01 9.077754802616917118e+01
7.989743786958746341e+01 9.020360708929736404e+01
8.084501546189046906e+01 8.965344059886261618e+01
8.180269706970125299e+01 8.912347050398112458e+01
8.276806510356668412e+01 8.860976893275447708e+01
8.373870057707290471e+01 8.810833785563832521e+01
8.471216756756895450e+01 8.761432867752471054e+01
8.568601888567981462e+01 8.712232696997530468e+01
8.665781000199524442e+01 8.662691406608028899e+01
8.762565335049413306e+01 8.612383634206690886e+01
8.858888026529965032e+01 8.561138984129783580e+01
8.954698338527805390e+01 8.508820802066676947e+01
9.049954653558147299e+01 8.455313744814161225e+01
9.144692477969105937e+01 8.400682714945125440e+01
9.238986097971425693e+01 8.345083247281584704e+01
9.332909933218805065e+01 8.288671218798907603e+01
9.426526979316328436e+01 8.231577965757801962e+01
9.519881399427484325e+01 8.173894369270962557e+01
9.613015597681393842e+01 8.115707531759173321e+01
9.705970466709942457e+01 8.057101933116283021e+01
9.798777712724265143e+01 7.998146114314735655e+01
9.891465590304565580e+01 7.938902627566443471e+01
9.984062269425419345e+01 7.879433886792723740e+01
1.007659310616825792e+02 7.819797728849732721e+01
1.016907993140887925e+02 7.760046256510983653e+01
1.026154435307713015e+02 7.700231209907124708e+01
1.035401020824392617e+02 7.640409957593728052e+01
1.044651122305202193e+02 7.580664837339199380e+01
1.053908386498404326e+02 7.521085108602861169e+01
1.063176512947078862e+02 7.461761303229572206e+01
1.072460322324915012e+02 7.402810972710059900e+01
1.081765707123602454e+02 7.344377499729606029e+01
1.091098602353796423e+02 7.286605291648388061e+01
1.100463466526390732e+02 7.229602995855023551e+01
1.109859951229902038e+02 7.173362838854255585e+01
1.119286731476190511e+02 7.117853395028095065e+01
1.128742563738343279e+02 7.063045188579783940e+01
1.138227328841585404e+02 7.008935655725485958e+01
1.147741727196034702e+02 6.955541849915597652e+01
1.157286473827830946e+02 6.902881173469251053e+01
1.166861049686220895e+02 6.850941187971318413e+01
1.176461959580113898e+02 6.799637490112510818e+01
1.186085268676140601e+02 6.748875045764280856e+01
1.195726839117928080e+02 6.698553917352715814e+01
1.205380604845745580e+02 6.648527597015467450e+01
1.215039434263408822e+02 6.598623841876450058e+01
1.224696191357646171e+02 6.548670302396322995e+01
1.234344386330374022e+02 6.498510238332070799e+01
1.243978698779722691e+02 6.448015156149193672e+01
1.253593931431048532e+02 6.397059536445350858e+01
1.263185579384507520e+02 6.345534577944016519e+01
1.272753824743014661e+02 6.293444652034509090e+01
1.282300793107150696e+02 6.240841057924016866e+01
1.291828639885628149e+02 6.187775814620285075e+01
1.301340558559097360e+02 6.134326008749891912e+01
1.310841166693016362e+02 6.080603116093062965e+01
1.320335185030214973e+02 6.026721103982850281e+01
1.329827206133800814e+02 5.972790845897913670e+01
1.339321191638435380e+02 5.918907986693822210e+01
1.348820909382080231e+02 5.865163493584906007e+01
1.358330125290144110e+02 5.811648287608411323e+01
1.367852558823444724e+02 5.758452167941038624e+01
1.377391880840448835e+02 5.705663760283966468e+01
1.386951759859844060e+02 5.653371633845920030e+01
1.396534474147238711e+02 5.601630793854269541e+01
1.406137286788349741e+02 5.550375167290540901e+01
1.415756330374165088e+02 5.499511388332925321e+01
1.425387671151402742e+02 5.448944489424812332e+01
1.435026326335960221e+02 5.398554176494941714e+01
1.444666475785306261e+02 5.348199939316286589e+01
1.454302277823677514e+02 5.297740747788391502e+01
1.463928895066545977e+02 5.247059817406788085e+01
1.473544163022883140e+02 5.196104892653757901e+01
1.483146356988958701e+02 5.144834335355186283e+01
1.492734183054531059e+02 5.093216907605090427e+01
1.502310959438299278e+02 5.041332718068215257e+01
1.511882802147278539e+02 4.989329419950718147e+01
1.521455857956627256e+02 4.937355409266998407e+01
1.531035153039370016e+02 4.885532028314502639e+01
1.540623484960017322e+02 4.833926816045228492e+01
1.550223387786667786e+02 4.782600950047819310e+01
1.559836906020533718e+02 4.731603788721708526e+01
1.569462384748052557e+02 4.680895378700429887e+01
1.579096478647634854e+02 4.630394956560986230e+01
1.588735835540705637e+02 4.580021593338954489e+01
1.598377204718414077e+02 4.529696809811903790e+01
1.608017488002081734e+02 4.479345809230762399e+01
1.617653599794255399e+02 4.428894098589841377e+01
1.627283123236318545e+02 4.378283329724713724e+01
1.636907296818363022e+02 4.327543402709696352e+01
1.646528601691518361e+02 4.276734218217388417e+01
1.656149528415284351e+02 4.225915904074705054e+01
1.665772816653977770e+02 4.175154602510271218e+01
1.675401491192027947e+02 4.124523339709796232e+01
1.685038592439182707e+02 4.074095519117631881e+01
1.694686100894201672e+02 4.023918955887183557e+01
1.704341757411896197e+02 3.973939112008046948e+01
1.714002242936089715e+02 3.924075861178867797e+01
1.723664560793601765e+02 3.874256860116960866e+01
1.733331596935182404e+02 3.824551784728661374e+01
1.743011376864739930e+02 3.775154390783333724e+01
1.752712098573765616e+02 3.726262598270660931e+01
1.762441438431955589e+02 3.678061733085449703e+01
1.772205538432770879e+02 3.630700074971625213e+01
1.782010259858568588e+02 3.584319126152863788e+01
1.791861077523049062e+02 3.539051057982936754e+01
1.801758780835698985e+02 3.494914917771617269e+01
1.811701042270659059e+02 3.451854497778049335e+01
1.821685479011911752e+02 3.409812255301293504e+01
1.831709913357483970e+02 3.368735592361473152e+01
1.841772616492241355e+02 3.328582732374414377e+01
1.851871919005076563e+02 3.289313330819486936e+01
1.862006217206610756e+02 3.250888628443464512e+01
1.872174463270833940e+02 3.213283273919289229e+01
1.882375888874249767e+02 3.176478657772778291e+01
1.892609715100300889e+02 3.140455914944157101e+01
1.902874257178649771e+02 3.105174325269781122e+01
1.913166337047121033e+02 3.070557140643318661e+01
1.923482637163396305e+02 3.036524247787313513e+01
1.933820869983467787e+02 3.003020419387995332e+01
1.944185007979935449e+02 2.970141677453558771e+01
1.954581375713054854e+02 2.938040873180711543e+01
1.965016386873596730e+02 2.906873014275309330e+01
1.975499502192715511e+02 2.876866836579020514e+01
1.986043999690751889e+02 2.848343441501464923e+01
1.996663398806382759e+02 2.821629771964475353e+01
2.007370730945802961e+02 2.797041059349465542e+01
2.018176862471337358e+02 2.774840579481937652e+01
2.029092059575627331e+02 2.755277205638871152e+01
2.040126203664261197e+02 2.738590517721018003e+01
2.051281003851931928e+02 2.724822718403221344e+01
2.062550356418289539e+02 2.713827314714580297e+01
2.073927844305285930e+02 2.705450245826531841e+01
2.085405154631864946e+02 2.699491204095970431e+01
2.096967802437390276e+02 2.695599319818572326e+01
2.108600048838574708e+02 2.693393135029300112e+01
2.120286356916549835e+02 2.692495819271312385e+01
2.132013977325470364e+02 2.692594412333352594e+01
2.143772192692100020e+02 2.693422511560908106e+01
2.155550336386560843e+02 2.694714874961370299e+01
2.167339185384887799e+02 2.696238717869615797e+01
2.179132998110521271e+02 2.697839530776772676e+01
2.190926547274299878e+02 2.699374367159621357e+01
2.202714657258898683e+02 2.700701392839116721e+01
2.214492643198326220e+02 2.701689338083291148e+01
2.226256091418647429e+02 2.702212771135414826e+01
2.238000583818849520e+02 2.702146246750249503e+01
2.249721010836013591e+02 2.701357201220936588e+01
2.261411011632180816e+02 2.699700189215059964e+01
2.273064093621037784e+02 2.697028409077331546e+01
2.284673962387988126e+02 2.693208570521463585e+01
2.296235665033725013e+02 2.688198847918424050e+01
2.307744804927408495e+02 2.681995342083227030e+01
2.319197121854691943e+02 2.674598938140563575e+01
2.330594290411032716e+02 2.666216047529748323e+01
2.341946126894030726e+02 2.657335034118616335e+01
2.353263037481484332e+02 2.648464689709199149e+01
2.364555285762602637e+02 2.640122645415573999e+01
2.375832433474573975e+02 2.632870041365070080e+01
2.387103826772920172e+02 2.627281381963182838e+01
2.398378570108275198e+02 2.623919475751136332e+01
2.409659732834361421e+02 2.623054939038562239e+01
2.420944071542977554e+02 2.624652752613514650e+01
2.432228045698965389e+02 2.628663503138233892e+01
2.443510495778529048e+02 2.634921548208561859e+01
2.454798851485612090e+02 2.642841962280958867e+01
2.466102478661417194e+02 2.651745307274266139e+01
2.477430556838869506e+02 2.660955659830446152e+01
2.488789319657876149e+02 2.669852671138775335e+01
2.500182649284678291e+02 2.677860353159138285e+01
2.511614355549314439e+02 2.684404146501960398e+01
2.523084452787905150e+02 2.689016786986171681e+01
2.534582853733907655e+02 2.691516573676696567e+01
2.546097809043137659e+02 2.691768791082617795e+01
2.557617741677155436e+02 2.689655955648941443e+01
2.569132919324389945e+02 2.685245071080679935e+01
2.580634728712946071e+02 2.678715053890716291e+01
2.592114572523494189e+02 2.670246806642545323e+01
2.603563886601171475e+02 2.660076125937210634e+01
2.614974172747281500e+02 2.648547979432372657e+01
2.626336940561363917e+02 2.636020242472992337e+01
2.637641043712724240e+02 2.622819100103346557e+01
2.648855266319766315e+02 2.609031269442596113e+01
2.659939221934192801e+02 2.594634045301845049e+01
2.670852446500248902e+02 2.579605178440971258e+01
2.681552791117578067e+02 2.563978764495374207e+01
2.691995574212815541e+02 2.547873597205419927e+01
2.702135905308803103e+02 2.531415456509727591e+01
2.711974269113137552e+02 2.514655623434936871e+01
2.721759172600992542e+02 2.497238165479416949e+01
2.731823439630463781e+02 2.478668715090025287e+01
2.742516541101212511e+02 2.458423129950592667e+01
2.754680665298789677e+02 2.435095693406224626e+01
2.769721954415926461e+02 2.406271657444441203e+01
2.789077456777245629e+02 2.369480976526097749e+01
