6.553907405584899948e+01 6.043309568024780276e+01
6.655818971712038490e+01 6.254817255410082311e+01
6.732511518043526166e+01 6.414746640874777484e+01
6.792182106073950365e+01 6.539947683261581801e+01
6.842823304843241772e+01 6.646852706965384527e+01
6.889032718968978486e+01 6.744960508714532921e+01
6.932611728995669864e+01 6.838059163544745900e+01
6.975277447897622096e+01 6.929764516584270950e+01
7.018316886036953406e+01 7.022754204925095678e+01
7.061906639309469824e+01 7.117283653502492768e+01
7.106046510245155901e+01 7.213222637521013780e+01
7.150739706552566588e+01 7.310436805401398885e+01
7.196021927767148441e+01 7.408752428262255307e+01
7.241946895406567819e+01 7.507973936128377090e+01
7.288568542421820950e+01 7.607905660616512478e+01
7.335942330035155123e+01 7.708362591308095091e+01
7.384126330847679753e+01 7.809177929200725998e+01
7.433178873050160007e+01 7.910186657740898397e+01
7.483158461010029328e+01 8.011229523163356703e+01
7.534124639751203745e+01 8.112181311866459055e+01
7.586137335039950358e+01 8.212929264437416066e+01
7.639256206331967292e+01 8.313361429306634420e+01
7.693532866058122011e+01 8.413389653111215694e+01
7.749009650173157127e+01 8.512953216664445222e+01
7.805728380217932738e+01 8.611992921923423694e+01
7.863719156780112485e+01 8.710459695453377549e+01
7.922967899492122967e+01 8.808342627512440970e+01
7.983450119931835331e+01 8.905639798879550995e+01
8.045139635475595696e+01 9.002350508115272021e+01
8.107984307069459362e+01 9.098492711102360886e+01
8.171911699721229638e+01 9.194098952318958595e+01
8.236848800881392663e+01 9.289202184141467455e+01
8.302710380954253822e+01 9.383841746091204072e+01
8.369381402544044590e+01 9.478072561385944539e+01
8.436742367751527638e+01 9.571951885221399436e+01
8.504669619053179019e+01 9.665538686542379310e+01
8.573002383728277209e+01 9.758907225611291381e+01
8.641560385493602325e+01 9.852139798082797029e+01
8.710163510069340020e+01 9.945318621005365856e+01
8.778654375445054825e+01 1.003851574165418157e+02
8.846912426180398370e+01 1.013178673214032557e+02
8.914820468318971791e+01 1.022518566074220416e+02
8.982269723598777489e+01 1.031876281977763483e+02
9.049198189214766330e+01 1.041254751431455361e+02
9.115560019617784349e+01 1.050656179997022974e+02
9.181308813514687017e+01 1.060082793132436478e+02
9.246382621608972840e+01 1.069537376723996545e+02
9.310702475033002656e+01 1.079023330129046769e+02
9.374188538897638523e+01 1.088544083918782519e+02
9.436763799980373335e+01 1.098102932171492370e+02
9.498361269386921890e+01 1.107702684057121587e+02
9.558916183320563675e+01 1.117346041110633337e+02
9.618367491354014476e+01 1.127035549214949270e+02
9.676706766603417975e+01 1.136771548449826383e+02
9.733964639250224593e+01 1.146552741753305753e+02
9.790172751374610982e+01 1.156377789678782619e+02
9.845384477309140436e+01 1.166244449464931705e+02
9.899703325313771529e+01 1.176148394502247641e+02
9.953239849821689234e+01 1.186085005302608266e+02
1.000610553400650815e+02 1.196049624414050498e+02
1.005841961921729677e+02 1.206037277256024538e+02
1.011030520762048610e+02 1.216042831430517879e+02
1.016188527777611483e+02 1.226061159752312335e+02
1.021327391713728616e+02 1.236087507861142853e+02
1.026457155283529232e+02 1.246117694206059525e+02
1.031587745093696924e+02 1.256147585922263374e+02
1.036728520364711983e+02 1.266173286527857442e+02
1.041885871599863265e+02 1.276192136359843801e+02
1.047065221602229599e+02 1.286201878915858003e+02
1.052271867356062245e+02 1.296200309947607536e+02
1.057508012866153422e+02 1.306186509741200439e+02
1.062772646966999730e+02 1.316160893863795707e+02
1.068064608682954457e+02 1.326123940099722063e+02
1.073382324287491940e+02 1.336076297921031539e+02
1.078722837663548262e+02 1.346019191818506897e+02
1.084082903616821199e+02 1.355953966527406465e+02
1.089459442576702770e+02 1.365881898233860170e+02
1.094851550621492322e+02 1.375803362655987030e+02
1.100259856245436083e+02 1.385718101268241753e+02
1.105685018071414589e+02 1.395625843075904697e+02
1.111127334746091293e+02 1.405526466190005976e+02
1.116586319368965263e+02 1.415420174103070963e+02
1.122061381426194373e+02 1.425307213225305532e+02
1.127551675702335103e+02 1.435187935427084369e+02
1.133054363004888785e+02 1.445063518192571053e+02
1.138565664829138484e+02 1.454935527931727961e+02
1.144081808932352686e+02 1.464805528455530634e+02
1.149599624298407576e+02 1.474674834318391845e+02
1.155116816212444348e+02 1.484544396777697841e+02
1.160631159196763349e+02 1.494415138386490298e+02
1.166140501512258965e+02 1.504287951096196707e+02
1.171643054752229745e+02 1.514163576074826096e+02
1.177137142224409558e+02 1.524042708128748131e+02
1.182621205158125832e+02 1.533925993214182881e+02
1.188096334273011792e+02 1.543812979711062781e+02
1.193566235782354852e+02 1.553702132506465432e+02
1.199034727095756097e+02 1.563591870423348098e+02
1.204505890423802015e+02 1.573480502576638003e+02
1.209984644366462874e+02 1.583365991562056081e+02
1.215476072255076048e+02 1.593246231726508881e+02
1.220984950069377959e+02 1.603119244724957184e+02
1.226512304069858885e+02 1.612984605382948189e+02
1.232056654678220866e+02 1.622842926469093641e+02
1.237616459709019097e+02 1.632694846684596826e+02
1.243187615964393871e+02 1.642542065541612715e+02
1.248760731133005493e+02 1.652388473384908423e+02
1.254325758779537381e+02 1.662238231507515138e+02
1.259872355802201298e+02 1.672095624088154295e+02
1.265388000435721665e+02 1.681965837755199686e+02
1.270859199839148914e+02 1.691854461377630798e+02
1.276272483966885432e+02 1.701767074382531177e+02
1.281615607982522818e+02 1.711708748708340693e+02
1.286878021562065726e+02 1.721683854416779127e+02
1.292049298608448566e+02 1.731696710114061375e+02
1.297119918954062712e+02 1.741751259160535596e+02
1.302084567227978482e+02 1.751849703243876206e+02
1.306939147093547149e+02 1.761993739114454058e+02
1.311679766593971408e+02 1.772184978865931839e+02
1.316306727490022013e+02 1.782423297501354114e+02
1.320824262977421881e+02 1.792706941573904373e+02
1.325236760498352169e+02 1.803034093745939401e+02
1.329552043464562985e+02 1.813401513455173699e+02
1.333788174435843814e+02 1.823801718946985488e+02
1.337965114760604877e+02 1.834226441963058676e+02
1.342103583149901738e+02 1.844667100535228599e+02
1.346232895049958529e+02 1.855111551811380366e+02
1.350387815174018158e+02 1.865545395779311093e+02
1.354603197327899977e+02 1.875954195523471810e+02
1.358914209375463429e+02 1.886323384041367035e+02
1.363356633290669606e+02 1.896638139958062936e+02
1.367966322189257085e+02 1.906883612430772246e+02
1.372777079195605552e+02 1.917045799750986816e+02
1.377808573157280989e+02 1.927116554819716612e+02
1.383074514865457161e+02 1.937090198445892497e+02
1.388588323774332878e+02 1.946961172114157534e+02
1.394352656219842004e+02 1.956728375538170042e+02
1.400356040354582490e+02 1.966396560516022021e+02
1.406586045237558835e+02 1.975970876115334818e+02
1.413029065729865863e+02 1.985456957772147177e+02
1.419666361927167202e+02 1.994862567810765199e+02
1.426477790719254415e+02 2.004196049782067348e+02
1.433443214566858046e+02 2.013465744929367247e+02
1.440542601400902640e+02 2.022679950808675358e+02
1.447756013043150745e+02 2.031846926085043492e+02
1.455063514116228305e+02 2.040974928263360368e+02
1.462444771970291413e+02 2.050072379404017795e+02
1.469878336511523571e+02 2.059148164427450070e+02
1.477342562612890049e+02 2.068211249039425184e+02
1.484816035968223389e+02 2.077270503336382035e+02
1.492279783865581919e+02 2.086333786071264171e+02
1.499716301158843805e+02 2.095408348110115355e+02
1.507108133144259625e+02 2.104501419425034783e+02
1.514440941974126531e+02 2.113618938942740897e+02
1.521706162782023739e+02 2.122764454340340876e+02
1.528895856450817234e+02 2.131941254100833305e+02
1.536003085883517087e+02 2.141152211656194027e+02
1.543027405158149463e+02 2.150397511701210647e+02
1.549970954847984217e+02 2.159676267567482171e+02
1.556835934835257262e+02 2.168987568019946934e+02
1.563626411607802140e+02 2.178329728647393040e+02
1.570348777569519712e+02 2.187700101609141541e+02
1.577009571008155717e+02 2.197095978637228484e+02
1.583614173446552513e+02 2.206515130610548852e+02
1.590163199840930304e+02 2.215957302781012004e+02
1.596656037583966281e+02 2.225422748873089631e+02
1.603091972379967558e+02 2.234911764732065649e+02
1.609468530908561661e+02 2.244425374816998158e+02
1.615781752980606427e+02 2.253965219469757528e+02
1.622027632402837583e+02 2.263532958087808424e+02
1.628202586332276667e+02 2.273130074717663547e+02
1.634304156447560956e+02 2.282757587630943590e+02
1.640330069060493656e+02 2.292416438624532020e+02
1.646278324579591583e+02 2.302107455964714688e+02
1.652149629311360854e+02 2.311830347137412218e+02
1.657946231300510931e+02 2.321584181042051114e+02
1.663670397312280329e+02 2.331368018824486228e+02
1.669324463866865642e+02 2.341180892777444740e+02
1.674910889911078868e+02 2.351021784553646228e+02
1.680432146793062032e+02 2.360889670676177161e+02
1.685890848093374359e+02 2.370783468770487730e+02
1.691290473669365326e+02 2.380701737741705983e+02
1.696634829506864151e+02 2.390642901447001236e+02
1.701927780352206696e+02 2.400605359406459343e+02
1.707175040031278286e+02 2.410586745297646019e+02
1.712384509904354104e+02 2.420583786776081752e+02
1.717564217790778400e+02 2.430593159121098950e+02
1.722722402467164784e+02 2.440611450237663576e+02
1.727868121846433382e+02 2.450634908760522990e+02
1.733010632631997510e+02 2.460659700989297960e+02
1.738159158139094416e+02 2.470682007043541546e+02
1.743322389354684105e+02 2.480698227382542314e+02
1.748508590059020094e+02 2.490704939293713380e+02
1.753726012540699912e+02 2.500698724820277050e+02
1.758983123004432514e+02 2.510676077158438773e+02
1.764288924507608840e+02 2.520633266530276160e+02
1.769652502979703854e+02 2.530566528738124816e+02
1.775082786996015898e+02 2.540472164634134344e+02
1.780587253427896712e+02 2.550347075201165126e+02
1.786172595365837878e+02 2.560188485435087955e+02
1.791845430534068839e+02 2.569993651529300678e+02
1.797607419093944827e+02 2.579761882145123764e+02
1.803451973292679043e+02 2.589495900641701951e+02
1.809371725644840012e+02 2.599198753193295488e+02
1.815359313492069759e+02 2.608873483607782759e+02
1.821407401832734365e+02 2.618523122134831738e+02
1.827508665497691140e+02 2.628150694203915236e+02
1.833655940809952369e+02 2.637759158314358956e+02
1.839846688019553085e+02 2.647349556612666674e+02
1.846083561562876127e+02 2.656920778552695310e+02
1.852369491883990236e+02 2.666471599198938520e+02
1.858707065201479622e+02 2.676000936552664484e+02
1.865097608106131588e+02 2.685508231665124868e+02
1.871542159142015862e+02 2.694993045196576986e+02
1.878041511197394584e+02 2.704455039981775144e+02
1.884592838462286863e+02 2.713895383964001553e+02
1.891190558333693730e+02 2.723316391706794093e+02
1.897829009214307803e+02 2.732720410638445969e+02
1.904499757301950069e+02 2.742110943786916550e+02
1.911187792302311550e+02 2.751494235605296126e+02
1.917877150087204541e+02 2.760876928154413008e+02
1.924551123934217287e+02 2.770265974349608200e+02
1.931186596898441223e+02 2.779671010464775236e+02
1.937757173824939514e+02 2.789103045052692096e+02
1.944236435992620784e+02 2.798573096924478136e+02
1.950598145098210807e+02 2.808092134133568152e+02
1.956816347464634873e+02 2.817671044658329720e+02
1.962865114490065821e+02 2.827320709422613163e+02
1.968718750863444029e+02 2.837051920887281540e+02
1.974352819285620626e+02 2.846874994479799170e+02
1.979743304610796315e+02 2.856800085548661627e+02
1.984866538459889114e+02 2.866837206146805670e+02
1.989707829603904372e+02 2.876992658396605975e+02
1.994262062867502436e+02 2.887268786984759572e+02
1.998524590045880700e+02 2.897667743612823301e+02
2.002496249345029469e+02 2.908189382645323349e+02
2.006196803165476013e+02 2.918825634276578853e+02
2.009650091152521441e+02 2.929566721427110565e+02
2.012880434685047817e+02 2.940402650507202225e+02
2.015918726209393412e+02 2.951320474628001875e+02
2.018800609351152957e+02 2.962305111531684929e+02
2.021561829090645972e+02 2.973341432150662058e+02
2.024237182316868484e+02 2.984414460216396492e+02
2.026859338822033010e+02 2.995509562273722395e+02
2.029460678753666798e+02 3.006612151548033580e+02
2.032072645434363380e+02 3.017707927995390378e+02
2.034719107210751758e+02 3.028784910017711240e+02
2.037420264592208810e+02 3.039832238618782867e+02
2.040196158505159758e+02 3.050839107996566213e+02
2.043059418668639182e+02 3.061797218548546198e+02
2.046011584723933652e+02 3.072702020931262155e+02
2.049053287296767110e+02 3.083549273197097023e+02
2.052182498675948068e+02 3.094335728099771927e+02
2.055383693995428871e+02 3.105063188782955876e+02
2.058637075188178187e+02 3.115735057344426195e+02
2.061922672645321768e+02 3.126354836707390632e+02
2.065216517882693097e+02 3.136928388682616742e+02
2.068490591562739382e+02 3.147463964629665725e+02
2.071716694598505910e+02 3.157969922369975961e+02
2.074868449314938914e+02 3.168455122465401814e+02
2.077925401872556108e+02 3.178930060556369881e+02
2.080868300678946241e+02 3.189405564123781005e+02
2.083679074535237135e+02 3.199892475119019650e+02
2.086354591913507193e+02 3.210401818639350608e+02
2.088901971331168568e+02 3.220944745437657843e+02
2.091328549295577375e+02 3.231532398366334746e+02
2.093644642635814819e+02 3.242174151373417317e+02
2.095866894824040969e+02 3.252875623367219191e+02
2.098012757469162466e+02 3.263641953604275727e+02
2.100099094831458899e+02 3.274477593961014463e+02
2.102138318172682148e+02 3.285381784924112480e+02
2.104140798172381892e+02 3.296351378866010009e+02
2.106116857685196635e+02 3.307383188283773165e+02
2.108075038238531818e+02 3.318472711640470720e+02
2.110021352318859442e+02 3.329613581798230939e+02
2.111961619886596111e+02 3.340799289598232917e+02
2.113901789346500948e+02 3.352023162280728457e+02
2.115848423334476536e+02 3.363277744733208010e+02
2.117808267882096800e+02 3.374555348250131601e+02
2.119788050305542697e+02 3.385848319076565076e+02
2.121794095367855846e+02 3.397149754804397617e+02
2.123832340577756668e+02 3.408453475817807998e+02
2.125908705597260564e+02 3.419753332857682153e+02
2.128025174743406751e+02 3.431045141432568926e+02
2.130171659455535860e+02 3.442330744578434292e+02
2.132335763784367373e+02 3.453613137322386137e+02
2.134504709166893690e+02 3.464895530419011038e+02
2.136661215458171341e+02 3.476183672730778653e+02
2.138785072564256495e+02 3.487484965100904901e+02
2.140856078658410979e+02 3.498806814004370267e+02
2.142862031177993742e+02 3.510153528804736993e+02
2.144806801797579965e+02 3.521523195330116209e+02
2.146696186457859596e+02 3.532913154381769232e+02
2.148537621167587872e+02 3.544320101222211861e+02
2.150350211114032390e+02 3.555736138068715491e+02
2.152158119885944814e+02 3.567151376127204117e+02
2.153985523754031703e+02 3.578555923159962049e+02
2.155856272735946391e+02 3.589940080761882655e+02
2.157793777272238174e+02 3.601294411688260197e+02
2.159821416784789108e+02 3.612609497123116853e+02
2.161962223097631011e+02 3.623876074046731333e+02
2.164237662065305869e+02 3.635085581319992230e+02
2.166668758750335542e+02 3.646229655370452747e+02
2.169276344393873899e+02 3.657300016021005149e+02
2.172077442309019375e+02 3.668290021519612765e+02
2.175085597126730761e+02 3.679194526875726297e+02
2.178314225022977837e+02 3.690008442396472219e+02
2.181776031296858491e+02 3.700727013450239156e+02
2.185481663250071733e+02 3.711346455411924694e+02
2.189441397915843481e+02 3.721863158176976185e+02
2.193665192012395266e+02 3.732273652878513985e+02
2.198159493062913725e+02 3.742576017971982765e+02
2.202928582438079843e+02 3.752769287042442556e+02
2.207976661159385685e+02 3.762852527583169149e+02
2.213302483269425807e+02 3.772827037725477908e+02
2.218894437232914072e+02 3.782698360495489851e+02
2.224739749809582463e+02 3.792472514658877571e+02
2.230824381758380923e+02 3.802155981726514824e+02
2.237125833650204640e+02 3.811758335554442283e+02
2.243618138557242787e+02 3.821290417429494255e+02
2.250275305087585593e+02 3.830763060814072674e+02
2.257070817350721086e+02 3.840186661394759540e+02
2.263977488676040934e+02 3.849571054987613934e+02
2.270968088610464406e+02 3.858926040865396203e+02
2.278017298706640759e+02 3.868260148079202736e+02
2.285107916754410269e+02 3.877576513740005453e+02
2.292224893734641284e+02 3.886876844508093427e+02
2.299353344807056203e+02 3.896162650627762787e+02
2.306481345994488947e+02 3.905431899952255321e+02
2.313599541766950267e+02 3.914679487432103429e+02
2.320698662082418480e+02 3.923900204228817188e+02
2.327769641851421056e+02 3.933087583535402132e+02
2.334803976166962229e+02 3.942231720227493383e+02
2.341793254957460988e+02 3.951322127094958319e+02
2.348729064650538021e+02 3.960348162567049144e+02
2.355602955905904992e+02 3.969297607958865228e+02
2.362406458450628861e+02 3.978157321602543561e+02
2.369131109267917736e+02 3.986914163794889419e+02
2.375769150664788185e+02 3.995556271249502061e+02
2.382314096576358224e+02 4.004074081931480578e+02
2.388759594205747021e+02 4.012458274979566113e+02
2.395125770836774564e+02 4.020734381531408417e+02
2.401599071445918128e+02 4.029146833267588477e+02
2.408430361706823817e+02 4.038024849754824004e+02
2.415882521556073641e+02 4.047713405391535844e+02
2.424616869540674031e+02 4.059079941957932078e+02
2.435778478324442062e+02 4.073626241732906692e+02
2.450541559040553068e+02 4.092892295892277730e+02
