5.419000621891057534e+01 2.670039726628799031e+02
5.588174806593882238e+01 2.656907362310751068e+02
5.716861268306985977e+01 2.646862666526462817e+02
5.818574494370870553e+01 2.638877764299061255e+02
5.906439558714438220e+01 2.631954049978080548e+02
5.987867208145738118e+01 2.625522421624782510e+02
6.065926102003550113e+01 2.619340139905380624e+02
6.143571550282253924e+01 2.613172997686191366e+02
6.222841900610050914e+01 2.606858066536581759e+02
6.303785386606504915e+01 2.600387116572646846e+02
6.386189400058466248e+01 2.593772194061633058e+02
6.469843891994212015e+01 2.587026148609241432e+02
6.554556853354108625e+01 2.580167492497198509e+02
6.640144030676044906e+01 2.573217172466779630e+02
6.726422388477868708e+01 2.566196160774399573e+02
6.813250106929496042e+01 2.559125987731561054e+02
6.900536199258516490e+01 2.552028871923396594e+02
6.988192816698388299e+01 2.544927074372077982e+02
7.076134065758485292e+01 2.537839224089839547e+02
7.164281316025932256e+01 2.530770458606524187e+02
7.252557623172430112e+01 2.523722783476659117e+02
7.340887932644801595e+01 2.516698008973725109e+02
7.429222396636089343e+01 2.509695340617034276e+02
7.517529112317832585e+01 2.502712129570825255e+02
7.605776727106446344e+01 2.495745712169201909e+02
7.693957369050981754e+01 2.488796957920825150e+02
7.782110749558957252e+01 2.481873896290987318e+02
7.870282333995702118e+01 2.474985422553737067e+02
7.958515869752724825e+01 2.468139866476057875e+02
8.046843902352834732e+01 2.461341870495230069e+02
8.135294487241486650e+01 2.454594599045530003e+02
8.223895148764614760e+01 2.447901097991369568e+02
8.312657668069438444e+01 2.441260937031548792e+02
8.401575625510822931e+01 2.434669667052062891e+02
8.490641587030958704e+01 2.428122614966797528e+02
8.579842805515129101e+01 2.421614074065380464e+02
8.669148200929262771e+01 2.415134771074822879e+02
8.758522741930758571e+01 2.408674664018089402e+02
8.847932635992707162e+01 2.402224057447235452e+02
8.937359156681246475e+01 2.395777470293843692e+02
9.026793622930928507e+01 2.389332231441287320e+02
9.116227704278304600e+01 2.382885763000465431e+02
9.205671642330393922e+01 2.376440146371730862e+02
9.295170844301557622e+01 2.370006285167463034e+02
9.384774634324962506e+01 2.363596065661528201e+02
9.474529701559747252e+01 2.357220757956517332e+02
9.564466825829558161e+01 2.350887911861950386e+02
9.654610845867540547e+01 2.344603687902554725e+02
9.744985707579624545e+01 2.338374031242863964e+02
9.835591781923272947e+01 2.332199198486254659e+02
9.926403887689858152e+01 2.326073280578534366e+02
1.001739556259943953e+02 2.319990059342704853e+02
1.010853358143035905e+02 2.313941671594522234e+02
1.019976303156716710e+02 2.307914978942366417e+02
1.029102466197160055e+02 2.301895787723515241e+02
1.038226084083299554e+02 2.295870291993356034e+02
1.047343194084737661e+02 2.289828996920344650e+02
1.056450957308943686e+02 2.283765098661483535e+02
1.065546573586983783e+02 2.277671886377704027e+02
1.074629154900416950e+02 2.271547252721157406e+02
1.083701198277454409e+02 2.265397239824174278e+02
1.092765547415043557e+02 2.259228724422054597e+02
1.101825022299608321e+02 2.253048524062355682e+02
1.110882310240515665e+02 2.246863125095586611e+02
1.119940052422755059e+02 2.240678898733598032e+02
1.129000851466998370e+02 2.234502123004651537e+02
1.138066397862849755e+02 2.228336872027457503e+02
1.147137455161679327e+02 2.222184980233800218e+02
1.156214745309391958e+02 2.216048181528068142e+02
1.165298817560597087e+02 2.209927793337635649e+02
1.174389706183441859e+02 2.203823891104729569e+02
1.183487349873671235e+02 2.197736319781041061e+02
1.192591668665014311e+02 2.191664879451557226e+02
1.201702392406801891e+02 2.185608912965126365e+02
1.210819139865982663e+02 2.179567496109367539e+02
1.219941525518877654e+02 2.173539694339505672e+02
1.229068954564394858e+02 2.167524068745008492e+02
1.238200485625711451e+02 2.161518345155925545e+02
1.247335144758932302e+02 2.155520170914542462e+02
1.256471779201924335e+02 2.149526761825344181e+02
1.265608308184839785e+02 2.143533094153857235e+02
1.274742350821640002e+02 2.137533419902339915e+02
1.283871516830843404e+02 2.131521968401088714e+02
1.292993220723857348e+02 2.125492497930472666e+02
1.302104691012003457e+02 2.119438317938201521e+02
1.311203150248821601e+02 2.113352723497033310e+02
1.320286903029346490e+02 2.107231621959359131e+02
1.329357256764577642e+02 2.101078170117651780e+02
1.338416035527117458e+02 2.094896772096009840e+02
1.347465084809954021e+02 2.088691883722036096e+02
1.356506450615135293e+02 2.082468444802476029e+02
1.365542288470501830e+02 2.076231659512178283e+02
1.374574759710981482e+02 2.069986746044097288e+02
1.383606307463632561e+02 2.063739602841718295e+02
1.392639811633313798e+02 2.057497182736846923e+02
1.401678189697169330e+02 2.051266529261358755e+02
1.410724769505537211e+02 2.045055676662693713e+02
1.419784855154433387e+02 2.038877430204939287e+02
1.428864344884305240e+02 2.032746029524950586e+02
1.437969217176305108e+02 2.026675907976699307e+02
1.447106967120471381e+02 2.020685160311541040e+02
1.456286444662138422e+02 2.014795152172670782e+02
1.465516544373007264e+02 2.009027356940219420e+02
1.474804768197555802e+02 2.003399885893121848e+02
1.484155018892140561e+02 1.997922161097217213e+02
1.493570625517658357e+02 1.992602219594297708e+02
1.503054515692672624e+02 1.987447129258952430e+02
1.512606158746783933e+02 1.982455608920436703e+02
1.522223258398009591e+02 1.977622114845995327e+02
1.531903520640605052e+02 1.972941108798269738e+02
1.541645482151724309e+02 1.968409057989028383e+02
1.551448885251167837e+02 1.964025340313508252e+02
1.561313566953477903e+02 1.959789562280640212e+02
1.571239307761029522e+02 1.955701193967911422e+02
1.581225635540200471e+02 1.951759095539972009e+02
1.591272007587898827e+02 1.947961956792939873e+02
1.601377766001932628e+02 1.944308189407824443e+02
1.611540289429152608e+02 1.940791464877735848e+02
1.621755312184415061e+02 1.937401484928884088e+02
1.632018514535311056e+02 1.934127820805890110e+02
1.642324557225999229e+02 1.930957582406111896e+02
1.652665645251995272e+02 1.927871950925296858e+02
1.663033621327047626e+02 1.924851232933650067e+02
1.673420547407427534e+02 1.921876264299552872e+02
1.683820226605774906e+02 1.918932084413963537e+02
1.694227292343876172e+02 1.916005737211092708e+02
1.704636445213518243e+02 1.913084428787864795e+02
1.715045064131313097e+02 1.910161831289154293e+02
1.725454169394035375e+02 1.907240407928976538e+02
1.735865041681083483e+02 1.904323250540592198e+02
1.746279203396511548e+02 1.901414034532373876e+02
1.756699180328780301e+02 1.898518857697648912e+02
1.767127758575478538e+02 1.895644446271754475e+02
1.777567595036907449e+02 1.892797214580182015e+02
1.788019355561084183e+02 1.889978770122953051e+02
1.798482143132118551e+02 1.887186947312809195e+02
1.808955016040688122e+02 1.884419472663005592e+02
1.819436439471575113e+02 1.881672640802359240e+02
1.829923546115931003e+02 1.878939529435172631e+02
1.840413286935901169e+02 1.876212777533081919e+02
1.850902597858202228e+02 1.873484987768946439e+02
1.861388304565075487e+02 1.870748496661689728e+02
1.871867183667875452e+02 1.867995522262528141e+02
1.882336033242347071e+02 1.865218334442292871e+02
1.892792458748771764e+02 1.862411152270273362e+02
1.903235094236561622e+02 1.859570678049276466e+02
1.913662640500875796e+02 1.856693775220576299e+02
1.924074590399447402e+02 1.853779219433611729e+02
1.934473489864824387e+02 1.850833157112261631e+02
1.944862620343730839e+02 1.847863510368664492e+02
1.955245319036854426e+02 1.844878335916987737e+02
1.965625702848885510e+02 1.841887572844189265e+02
1.976008462176022533e+02 1.838902544768793916e+02
1.986398293820450647e+02 1.835934590774764104e+02
1.996798777161541807e+02 1.832992352248867576e+02
2.007211148345606375e+02 1.830078813513082707e+02
2.017636348464281184e+02 1.827196246564416811e+02
2.028075161624285272e+02 1.824346544404683641e+02
2.038527307800691801e+02 1.821529030994095422e+02
2.048992065185925640e+02 1.818741963734970852e+02
2.059468727226483793e+02 1.815983636856212513e+02
2.069957128101358705e+02 1.813253650030267181e+02
2.080457747663126895e+02 1.810553161723300661e+02
2.090971103662785993e+02 1.807883421896343634e+02
2.101498079945450570e+02 1.805246564339937549e+02
2.112040870959165204e+02 1.802647886920443625e+02
2.122601964320837453e+02 1.800093395276570334e+02
2.133183625383367144e+02 1.797588558454347663e+02
2.143785289659704745e+02 1.795132013663125576e+02
2.154404442914528204e+02 1.792717691004426115e+02
2.165038525414401533e+02 1.790339410737618380e+02
2.175684110705333865e+02 1.787988900672538364e+02
2.186336074694874583e+02 1.785653790155242575e+02
2.196989096226665765e+02 1.783321232777194609e+02
2.207638306672103283e+02 1.780979474628494472e+02
2.218281676421951829e+02 1.778623615798248068e+02
2.228918274363503258e+02 1.776251408380757368e+02
2.239547197097762989e+02 1.773860671377125868e+02
2.250168261630699647e+02 1.771450962999391265e+02
2.260782091381027499e+02 1.769023788311610872e+02
2.271389352556741414e+02 1.766580755680275843e+02
2.281991655811359010e+02 1.764125753564522370e+02
2.292593753217009294e+02 1.761670254477086814e+02
2.303201049170582451e+02 1.759227305781620885e+02
2.313818846370883477e+02 1.756809709320887123e+02
2.324451265276445326e+02 1.754427412757312652e+02
2.335101663610141145e+02 1.752088522346654429e+02
2.345773369896054987e+02 1.749801073852547972e+02
2.356468086711371086e+02 1.747569177654922328e+02
2.367184540009419607e+02 1.745389757926823506e+02
2.377921137750748244e+02 1.743258971138687343e+02
2.388675948294651334e+02 1.741172153891423591e+02
2.399445066251911953e+02 1.739119877738007176e+02
2.410223875008313144e+02 1.737090997183262857e+02
2.421007810466137471e+02 1.735074493518409326e+02
2.431793652145630062e+02 1.733062591823913579e+02
2.442579589694229583e+02 1.731050921537407987e+02
2.453363879698188157e+02 1.729035273701548192e+02
2.464145099733895563e+02 1.727012214306049600e+02
2.474922819931061326e+02 1.724980705602051501e+02
2.485696801674956760e+02 1.722940171577420188e+02
2.496466772237588714e+02 1.720889953866324618e+02
2.507232095860807419e+02 1.718828517702637271e+02
2.517991917573155263e+02 1.716753799111825742e+02
2.528745372253005428e+02 1.714663709615115010e+02
2.539491027424972742e+02 1.712554791033491597e+02
2.550226479245999940e+02 1.710421240121036988e+02
2.560949228556712569e+02 1.708257023520045834e+02
2.571656598274577163e+02 1.706055678321068854e+02
2.582344952588243245e+02 1.703808426999494543e+02
2.593010334194178199e+02 1.701505715866839807e+02
2.603648798711572567e+02 1.699138022426532757e+02
2.614256695774116110e+02 1.696696533855251232e+02
2.624830664333327377e+02 1.694173135666408143e+02
2.635367356548695170e+02 1.691559745254291727e+02
2.645864411105416139e+02 1.688850661549867311e+02
2.656322304435823867e+02 1.686047033988703845e+02
2.666742020101928006e+02 1.683151236250120348e+02
2.677124798080015466e+02 1.680166260992830018e+02
2.687474382103355310e+02 1.677101144899397696e+02
2.697795930231415014e+02 1.673968338810120144e+02
2.708094617167321871e+02 1.670780333738139802e+02
2.718375660575798634e+02 1.667549724099934849e+02
2.728644346948432826e+02 1.664289269969871725e+02
2.738905968966726618e+02 1.661011746320687053e+02
2.749165466527712738e+02 1.657729076486572808e+02
2.759426015989921552e+02 1.654448926535575310e+02
2.769690243774521150e+02 1.651177634960698697e+02
2.779960670913833951e+02 1.647921285924612107e+02
2.790237716318897583e+02 1.644680890634595585e+02
2.800519859440866526e+02 1.641452779886047040e+02
2.810805507372642182e+02 1.638233109859991146e+02
2.821093213350049496e+02 1.635018392075266718e+02
2.831381921957422492e+02 1.631806089591262037e+02
2.841670642595948379e+02 1.628593823065689037e+02
2.851958594699423770e+02 1.625379721395284207e+02
2.862246883348109350e+02 1.622166476383219447e+02
2.872537609491860735e+02 1.618959189648002734e+02
2.882832883386226968e+02 1.615762985455619685e+02
2.893134831814834342e+02 1.612583035186794689e+02
2.903445606350198318e+02 1.609424580885167870e+02
2.913767360603116003e+02 1.606292870404666928e+02
2.924101945056028740e+02 1.603192420032829091e+02
2.934449803764211424e+02 1.600124351802465696e+02
2.944810973186777119e+02 1.597088804058618621e+02
2.955185524357357849e+02 1.594085997109331458e+02
2.965574149754261271e+02 1.591117624503516481e+02
2.975978079388819424e+02 1.588186654104049467e+02
2.986398560208169783e+02 1.585296093776604494e+02
2.996836544365422128e+02 1.582448197756613126e+02
3.007292248559987229e+02 1.579643340118792878e+02
3.017765776698466880e+02 1.576881606587144518e+02
3.028257196593931440e+02 1.574162972654575015e+02
3.038766277577665278e+02 1.571486502238696517e+02
3.049292641691200743e+02 1.568850809428335538e+02
3.059835910261899699e+02 1.566254502600444312e+02
3.070395719760248312e+02 1.563696071658679898e+02
3.080971727927799861e+02 1.561173840090984868e+02
3.091563594100818477e+02 1.558686118908952096e+02
3.102170735878910364e+02 1.556230607086855855e+02
3.112791529542520266e+02 1.553802367150770465e+02
3.123424071041037564e+02 1.551395751874815403e+02
3.134066447238119508e+02 1.549005114266214775e+02
3.144716597878542643e+02 1.546624811269246607e+02
3.155372343422485528e+02 1.544249203020367247e+02
3.166031501610095802e+02 1.541872654159475076e+02
3.176692075540987616e+02 1.539490668111931200e+02
3.187352499470263751e+02 1.537101397175686657e+02
3.198011268819121256e+02 1.534703369432364752e+02
3.208666657339919652e+02 1.532295019026544196e+02
3.219315247544556087e+02 1.529874063402461957e+02
3.229952842691153023e+02 1.527437889778426552e+02
3.240575251570157320e+02 1.524983985075744215e+02
3.251178670768804295e+02 1.522513898178254408e+02
3.261759807227423948e+02 1.520034523643481066e+02
3.272315402665299189e+02 1.517553120319785194e+02
3.282843229526152982e+02 1.515080381624626398e+02
3.293345183151457150e+02 1.512640739251855280e+02
3.303824189607126982e+02 1.510262059464420759e+02
3.314283193214585026e+02 1.507971966433127591e+02
3.324725406180165805e+02 1.505794531822243698e+02
3.335154244265173702e+02 1.503751127889123040e+02
3.345573135702979926e+02 1.501863016821118322e+02
3.355986894408586636e+02 1.500143462432151011e+02
3.366403341688071009e+02 1.498588369399495832e+02
3.376830693022612309e+02 1.497191367159415165e+02
3.387277989686850219e+02 1.495944699453420696e+02
3.397760093915175617e+02 1.494830842358603888e+02
3.408294370449805228e+02 1.493828072703546184e+02
3.418898002492642831e+02 1.492914704620017119e+02
3.429581538330565991e+02 1.492070910869395561e+02
3.440347343120959067e+02 1.491279156541854150e+02
3.451197276828902432e+02 1.490522048232492978e+02
3.462130408923342202e+02 1.489781981041067525e+02
3.473135443282254187e+02 1.489040564445672601e+02
3.484198677467233551e+02 1.488279225546546343e+02
3.495306658790768211e+02 1.487480258662756682e+02
3.506449265865098823e+02 1.486637525502853521e+02
3.517618748893848419e+02 1.485753122735729335e+02
3.528807411901540831e+02 1.484829317821430834e+02
3.540007982335720840e+02 1.483867566595096719e+02
3.551214045708108529e+02 1.482867680138961362e+02
3.562419291290749470e+02 1.481829270645577878e+02
3.573617085655031360e+02 1.480750387865130904e+02
3.584798691236367745e+02 1.479618893805580910e+02
3.595954527063276487e+02 1.478418566892772503e+02
3.607075113369962764e+02 1.477133347758183959e+02
3.618154108152379536e+02 1.475752427521184700e+02
3.629188796988845525e+02 1.474271067416975711e+02
3.640176667528352255e+02 1.472684866764992364e+02
3.651115202268216535e+02 1.470988982661672537e+02
3.662001865929680093e+02 1.469177046294978766e+02
3.672834119402698434e+02 1.467242359972623262e+02
3.683609493854977472e+02 1.465178371696661372e+02
3.694326375150540116e+02 1.462980301358695101e+02
3.704983719025061646e+02 1.460644550263663177e+02
3.715580502752906682e+02 1.458167568958020013e+02
3.726116939571555804e+02 1.455548877803649646e+02
3.736595582974180729e+02 1.452793809757443455e+02
3.747019247123174068e+02 1.449908345211792380e+02
3.757391245843421075e+02 1.446899713104774037e+02
3.767717909801034466e+02 1.443782680791178450e+02
3.778006696253918903e+02 1.440574830728668303e+02
3.788265047269900379e+02 1.437293713787161096e+02
3.798499947388799001e+02 1.433955907693100755e+02
3.808717885249808432e+02 1.430576935412467208e+02
3.818925324109454209e+02 1.427172265771121999e+02
3.829127011472735376e+02 1.423753254811400382e+02
3.839322192774587279e+02 1.420318069706073345e+02
3.849509012796438583e+02 1.416862239279896016e+02
3.859685492735721937e+02 1.413380996364403757e+02
3.869848279635448876e+02 1.409866282584924875e+02
3.879993162794061163e+02 1.406307985202163309e+02
3.890115927899566941e+02 1.402695982987753496e+02
3.900213196076887812e+02 1.399022169643170059e+02
3.910283067410351805e+02 1.395282005865028623e+02
3.920323793447184926e+02 1.391471317652350024e+02
3.930333885800115468e+02 1.387586556564948808e+02
3.940313311331234445e+02 1.383627674615110266e+02
3.950262542811301500e+02 1.379595840726346694e+02
3.960182094688278767e+02 1.375492324095726815e+02
3.970073456324540757e+02 1.371320739529426191e+02
3.979939107823239510e+02 1.367087085520388996e+02
3.989781573567812529e+02 1.362797467096374362e+02
3.999603303110388879e+02 1.358457806557637468e+02
4.009406522847034466e+02 1.354073481288769187e+02
4.019193417759986460e+02 1.349649767547627164e+02
4.028965809027330351e+02 1.345191063085581789e+02
4.038721810302680524e+02 1.340692812803236507e+02
4.048457369758947380e+02 1.336145232444711155e+02
4.058168391271872792e+02 1.331538430794423391e+02
4.067849540745781951e+02 1.326859527798316378e+02
4.077493433931369395e+02 1.322090693709683080e+02
4.087092493930236969e+02 1.317213633668468731e+02
4.096639943231599545e+02 1.312211982817516684e+02
4.106133152882906074e+02 1.307079392378603870e+02
4.115570835568622101e+02 1.301812752757201395e+02
4.124951921665635268e+02 1.296409479936519631e+02
4.134279924269354751e+02 1.290878054018142223e+02
4.143562723047891723e+02 1.285237497378284672e+02
4.152808371378224592e+02 1.279507251780987076e+02
4.162024888069147437e+02 1.273706675674997513e+02
4.171220195997922247e+02 1.267854896297523197e+02
4.180402201535926565e+02 1.261971001103736398e+02
4.189578388384028358e+02 1.256073057149927052e+02
4.198752283766099254e+02 1.250169579880362107e+02
4.207925253725485959e+02 1.244263867279971407e+02
4.217098627792584011e+02 1.238359129184970726e+02
4.226272859537057798e+02 1.232456460700906291e+02
4.235447044789447091e+02 1.226553679100793914e+02
4.244620162585528078e+02 1.220648319693556658e+02
4.253790877346161778e+02 1.214737158237951746e+02
4.262956338392358475e+02 1.208813312705744920e+02
4.272113239540961445e+02 1.202868801380639354e+02
4.281258116763231101e+02 1.196895261471951954e+02
4.290384519976399247e+02 1.190877121189494403e+02
4.299483331520613092e+02 1.184792368617857505e+02
4.308545345731741349e+02 1.178618779379618218e+02
4.317564034587707056e+02 1.172340593482783078e+02
4.326539790322840986e+02 1.165958757875208107e+02
4.335474108231264267e+02 1.159476882520747978e+02
4.344369255014768783e+02 1.152900439725732724e+02
4.353234142789481211e+02 1.146250945242546919e+02
4.362081076453524133e+02 1.139558105722173309e+02
4.370922355692465544e+02 1.132851615231384983e+02
4.379768641550651864e+02 1.126157211808118745e+02
4.388628216769297978e+02 1.119494891760154331e+02
4.397509177290659181e+02 1.112884200422792560e+02
4.406418505097034313e+02 1.106341993794207781e+02
4.415358202244971153e+02 1.099873105268698055e+02
4.424328879735426199e+02 1.093479009935418844e+02
4.433330978894616123e+02 1.087160773252263510e+02
4.442362050115560237e+02 1.080912481343845712e+02
4.451417222720396580e+02 1.074722375349971912e+02
4.460491553435692254e+02 1.068578521149156018e+02
4.469580751556983387e+02 1.062470560060243940e+02
4.478682098237102878e+02 1.056391928200077359e+02
4.487793106515505315e+02 1.050336621509128889e+02
4.496911568102584056e+02 1.044299308699174134e+02
4.506037487827215386e+02 1.038280001423773058e+02
4.515171925893056368e+02 1.032281259237135629e+02
4.524315973604342389e+02 1.026305716776927568e+02
4.533471784029935066e+02 1.020358572008291134e+02
4.542642953786032649e+02 1.014448507929153607e+02
4.551833182711960717e+02 1.008584456740198760e+02
4.561046199384622923e+02 1.002775420021382189e+02
4.570285851668879786e+02 9.970306873418091698e+01
4.579556018376601401e+02 9.913596229839268403e+01
4.588860438634639536e+02 9.857712540008355973e+01
4.598200698898783116e+02 9.802694104395907004e+01
4.607576695899270476e+02 9.748538429901948632e+01
4.616988277639658236e+02 9.695241847060709972e+01
4.626434562170928757e+02 9.642783063776258246e+01
4.635913027605599268e+02 9.591101196300257925e+01
4.645420928397053331e+02 9.540129961270159242e+01
4.654955734270702123e+02 9.489808272446944670e+01
4.664516493393515475e+02 9.440113150519155738e+01
4.674102956512180072e+02 9.391038577940040000e+01
4.683714919875541227e+02 9.342579635682527339e+01
4.693353754078505062e+02 9.294769412807522713e+01
4.703022835396241703e+02 9.247689419796317623e+01
4.712725670249645873e+02 9.201424309126878143e+01
4.722465084159662752e+02 9.156042294911053148e+01
4.732241278058544935e+02 9.111548228133622729e+01
4.742053820590664373e+02 9.067931695011550630e+01
4.751902201917633874e+02 9.025180387016921202e+01
4.761784814640982404e+02 8.983255498130306194e+01
4.771699244079752589e+02 8.942098732774404368e+01
4.781643062366817958e+02 8.901651477028676140e+01
4.791614737695203985e+02 8.861876749789342966e+01
4.801614617294051186e+02 8.822782933919435777e+01
4.811643284996519014e+02 8.784384124411434414e+01
4.821700906773064048e+02 8.746684328165012801e+01
4.831784816086743604e+02 8.709619169338849076e+01
4.841891170462808986e+02 8.673095882457049299e+01
4.852016090984520247e+02 8.637020822254896757e+01
4.862154641347572692e+02 8.601274815832292120e+01
4.872300622650668629e+02 8.565708208451900418e+01
4.882447761964559731e+02 8.530169558180659806e+01
4.892590856373003589e+02 8.494533255477395528e+01
4.902728533565370981e+02 8.458766169775248045e+01
4.912860278099473703e+02 8.422855857135763813e+01
4.922985679546476376e+02 8.386792408865044024e+01
4.933105664495540168e+02 8.350598194713569455e+01
4.943222080735813506e+02 8.314317824149368619e+01
4.953336801592825509e+02 8.277996523142736862e+01
4.963452614013868356e+02 8.241701574417983522e+01
4.973574094449684821e+02 8.205543463082986477e+01
4.983706027078728766e+02 8.169637689230155786e+01
4.993852941509823609e+02 8.134093607095643108e+01
5.004017770260548446e+02 8.098982013711604111e+01
5.014202827888914271e+02 8.064358787242376536e+01
5.024410345169181937e+02 8.030277783134508240e+01
5.034640208395192076e+02 7.996736256095388740e+01
5.044889679477309983e+02 7.963668102638806090e+01
5.055155881584690860e+02 7.931003869770873393e+01
5.065435467015468589e+02 7.898662736736618228e+01
5.075723521854641831e+02 7.866526071287033517e+01
5.086014806958469876e+02 7.834467389505776680e+01
5.096304254004141399e+02 7.802364331507926920e+01
5.106588780462173531e+02 7.770142479273906133e+01
5.116866584960075670e+02 7.737758345019825867e+01
5.127135894747136717e+02 7.705169131964625251e+01
5.137395653977777101e+02 7.672349351508479742e+01
5.147646119245932823e+02 7.639305201169578652e+01
5.157887687353463662e+02 7.606046263494663151e+01
5.168120817142300893e+02 7.572583619010737266e+01
5.178346328028682137e+02 7.538937054444464536e+01
5.188565169359013680e+02 7.505129493734168022e+01
5.198778289607590750e+02 7.471183839764259460e+01
5.208986610975978238e+02 7.437122361140552584e+01
5.219191028092516262e+02 7.402966660793389053e+01
5.229392434282608519e+02 7.368738310196945918e+01
5.239591728426862574e+02 7.334459013774626612e+01
5.249789826583496506e+02 7.300150887050352821e+01
5.259987648120687709e+02 7.265836124763175974e+01
5.270186133314317658e+02 7.231537425535123020e+01
5.280386444938135355e+02 7.197282850263442811e+01
5.290589880119723603e+02 7.163103697819074966e+01
5.300797740259458806e+02 7.129031370022495651e+01
5.311011519137915684e+02 7.095101903021344469e+01
5.321233039910233629e+02 7.061359267405404694e+01
5.331464158051729783e+02 7.027848212338676603e+01
5.341706724335986110e+02 6.994613369012614612e+01
5.351962564201610348e+02 6.961698732930319977e+01
5.362233494591578165e+02 6.929148086428408249e+01
5.372521291566044965e+02 6.897004224494907021e+01
5.382826817723071144e+02 6.865287881503056155e+01
5.393150036790513013e+02 6.833998083613613517e+01
5.403490874505407646e+02 6.803132939503467469e+01
5.413849223934885231e+02 6.772689784228232668e+01
5.424224884170894256e+02 6.742663727517314953e+01
5.434617637511212251e+02 6.713049481415293940e+01
5.445027312001165001e+02 6.683842877160716967e+01
5.455454182387998117e+02 6.655050674360850849e+01
5.465898775752627898e+02 6.626685805857135847e+01
5.476361614727863980e+02 6.598761100821245407e+01
5.486842742280107359e+02 6.571277992036149840e+01
5.497341432923516322e+02 6.544219654637274175e+01
5.507856892061843155e+02 6.517567621766339414e+01
5.518388291501395315e+02 6.491302710542569798e+01
5.528934635097861019e+02 6.465402158751768980e+01
5.539494874333630605e+02 6.439842088009505972e+01
5.550067935728689008e+02 6.414598030286292385e+01
5.560652247383254689e+02 6.389633743427057766e+01
5.571245777545345845e+02 6.364902122228856740e+01
5.581846476510061166e+02 6.340355636696063613e+01
5.592451866404634302e+02 6.315936239811541952e+01
5.603058322787958332e+02 6.291557721576413087e+01
5.613662031319247490e+02 6.267129207515066014e+01
5.624259383274434185e+02 6.242564537410109438e+01
5.634848615930683309e+02 6.217819875065080026e+01
5.645428941496847983e+02 6.192873736938815910e+01
5.655999600315750513e+02 6.167705249725205618e+01
5.666560895106372300e+02 6.142315983651372591e+01
5.677114721944695930e+02 6.116741169866096328e+01
5.687663107921115397e+02 6.091018807301268367e+01
5.698208308575193541e+02 6.065190513700756014e+01
5.708753639383895688e+02 6.039314697040815361e+01
5.719302723004285554e+02 6.013454631269024730e+01
5.729859198893645953e+02 5.987673643482673924e+01
5.740427007531975505e+02 5.962036005815294004e+01
5.751010349775863233e+02 5.936606807831488197e+01
5.761613433886707298e+02 5.911451141110433127e+01
5.772240026549133063e+02 5.886624768950700570e+01
5.782892792799734707e+02 5.862160182407220788e+01
5.793574228720930250e+02 5.838086303388898557e+01
5.804286486888813670e+02 5.814427844699524428e+01
5.815028879194011324e+02 5.791174711213326987e+01
5.825799315753624796e+02 5.768299631374957670e+01
5.836595651801052327e+02 5.745775317747900601e+01
5.847413643291640710e+02 5.723579393378864921e+01
5.858246097390963314e+02 5.701696378915742969e+01
5.869085600190851437e+02 5.680111312126527423e+01
5.879923417491486362e+02 5.658814698779772101e+01
5.890745127726477222e+02 5.637820598927111604e+01
5.901534778247001896e+02 5.617149413612798980e+01
5.912276064078083664e+02 5.596821724546676791e+01
5.922946973154610077e+02 5.576861038657593639e+01
5.933520866079338703e+02 5.557293234653991476e+01
5.943970967218729129e+02 5.538144202714618558e+01
5.954269761297997547e+02 5.519425147152749389e+01
5.964388012599456488e+02 5.501113112215831080e+01
5.974296241333884154e+02 5.483180296015950006e+01
5.983997340182863809e+02 5.465541071616642199e+01
5.993741190230699658e+02 5.447668631163467268e+01
6.003891474619880455e+02 5.428832888850733696e+01
6.014825570452213697e+02 5.408273372083718300e+01
6.027444786043854492e+02 5.384056497926414409e+01
6.043339940083290003e+02 5.352704832406533342e+01
6.064148839221140861e+02 5.310635732961821276e+01
