2.506568436830821511e+01 2.606573194169346053e+01
2.680025855100106114e+01 2.780025251496140726e+01
2.814719688794423291e+01 2.914714900786565011e+01
2.923029966551100145e+01 3.023021831578472884e+01
3.017169128421049606e+01 3.117158151725441684e+01
3.104930080873766940e+01 3.204916617518236421e+01
3.189347469427887916e+01 3.289331920265864539e+01
3.273220489704514335e+01 3.373203311076807154e+01
3.358914007877191210e+01 3.458895758469415682e+01
3.446733379795767149e+01 3.546714942827647832e+01
3.536374134968639993e+01 3.636356783984835062e+01
3.627532290103437873e+01 3.727517691162873348e+01
3.719924557708014845e+01 3.819914847007812853e+01
3.813293489279161719e+01 3.913291370069168806e+01
3.907383261877133407e+01 4.007392010556927175e+01
4.001952776709259751e+01 4.101976210496302855e+01
4.096843858098110758e+01 4.196886152941922887e+01
4.191927334622933898e+01 4.291992961516412919e+01
4.287074790974637040e+01 4.387168505009771025e+01
4.382194388489050851e+01 4.482320680467209684e+01
4.477247309786997675e+01 4.577409611276500101e+01
4.572198894685838866e+01 4.672399515693551564e+01
4.667018775212080328e+01 4.767258601219550940e+01
4.761705401870078447e+01 4.861981859692789243e+01
4.856269086987271066e+01 4.956575307512598272e+01
4.950720236158906573e+01 5.051045031486581394e+01
5.045073563106608105e+01 5.145399882170985961e+01
5.139351047057902377e+01 5.239653371088419931e+01
5.233575366381761995e+01 5.333819458274614078e+01
5.327768954548468372e+01 5.427911704185092390e+01
5.421952273288423640e+01 5.521940452156379564e+01
5.516144833060805297e+01 5.615914493417274400e+01
5.610366105751907639e+01 5.709842599723690881e+01
5.704631448881246314e+01 5.803732343444186625e+01
5.798948124966302942e+01 5.897588937156946542e+01
5.893322451738355738e+01 5.991417318023623295e+01
5.987758997221123991e+01 6.085222777712719022e+01
6.082245299093950308e+01 6.179014058397255837e+01
6.176759299195075670e+01 6.272801846455966768e+01
6.271278775916556469e+01 6.366596870484474380e+01
6.365767771508096473e+01 6.460414881466158477e+01
6.460158690435723372e+01 6.554283198204031180e+01
6.554379498503455181e+01 6.648230762422677742e+01
6.648355385335456447e+01 6.742287650881605998e+01
6.741978519588028007e+01 6.836497440889053223e+01
6.835119405483956712e+01 6.930912567208376629e+01
6.927648168630943815e+01 7.025585619572501628e+01
7.019434315235240263e+01 7.120569549610527815e+01
7.110345674907435409e+01 7.215918288531980807e+01
7.200249796353213583e+01 7.311685931670017169e+01
7.289020510956432020e+01 7.407923988941669791e+01
7.376624266877713865e+01 7.504645857073830939e+01
7.463098104210392592e+01 7.601835883156297768e+01
7.548480850260736474e+01 7.699477678802428215e+01
7.632844799463761376e+01 7.797541050009691332e+01
7.716369126369519904e+01 7.895951713369893810e+01
7.799254295882225563e+01 7.994626602933188053e+01
7.881699472962678499e+01 8.093483193833611722e+01
7.963879634211052405e+01 8.192449029283297079e+01
8.045948370135381822e+01 8.291460554166103236e+01
8.128058534244289035e+01 8.390454520131582683e+01
8.210335470891084242e+01 8.489379074347914411e+01
8.292800540835330025e+01 8.588225438623905461e+01
8.375450539821281382e+01 8.686995010692920971e+01
8.458283296279667240e+01 8.785688760118193841e+01
8.541321476642536936e+01 8.884297358186488225e+01
8.624613204214838902e+01 8.982800921312986020e+01
8.708207758785793828e+01 9.081179086413948198e+01
8.792150558276210859e+01 9.179413086271983957e+01
8.876469719916234169e+01 9.277491302952722663e+01
8.961188518192440711e+01 9.375404119721912366e+01
9.046328957386626257e+01 9.473142445420822355e+01
9.131872302059593949e+01 9.570714045862000319e+01
9.217751407431386212e+01 9.668146717306089499e+01
9.303896310505490419e+01 9.765469422113905296e+01
9.390202996711470007e+01 9.862725217566629965e+01
9.476386425328664131e+01 9.960032092846739715e+01
9.562101634078766210e+01 1.005753284038329554e+02
9.647004139035912829e+01 1.015537005338579775e+02
9.730772521369817696e+01 1.025367672350341763e+02
9.813117167825487286e+01 1.035257260232964427e+02
9.893750786859061463e+01 1.045217647497380824e+02
9.972425177204580393e+01 1.055259092506366869e+02
1.004913952361041254e+02 1.065381600382851985e+02
1.012398950128836645e+02 1.075581177075163879e+02
1.019707322867709820e+02 1.085853727414765899e+02
1.026863516942809724e+02 1.096189100364603064e+02
1.033915438678633905e+02 1.106567436990351894e+02
1.040913106020056063e+02 1.116968004554228742e+02
1.047907274098869266e+02 1.127369771969518695e+02
1.054954280311443995e+02 1.137749448935984447e+02
1.062113017452394388e+02 1.148082710951194514e+02
1.069442224149087224e+02 1.158345298047718757e+02
1.076982959181081014e+02 1.168520331681744722e+02
1.084743249888423122e+02 1.178604724098294838e+02
1.092727504570650297e+02 1.188596898509644717e+02
1.100937269137211416e+02 1.198496478195195749e+02
1.109347964101936412e+02 1.208314039598467673e+02
1.117921026542714316e+02 1.218066021767742484e+02
1.126617772148279784e+02 1.227768914781556759e+02
1.135401643010247739e+02 1.237438343732603414e+02
1.144240726344923473e+02 1.247088044152980615e+02
1.153103722798004185e+02 1.256731502041763804e+02
1.161960977945138609e+02 1.266381489118296315e+02
1.170801112422342953e+02 1.276042841502503506e+02
1.179624147003027446e+02 1.285715445020196626e+02
1.188430276797124634e+02 1.295399108674155570e+02
1.197220189417975291e+02 1.305092935260119020e+02
1.205995835178373454e+02 1.314794216972670142e+02
1.214759363914406407e+02 1.324499959907345215e+02
1.223512929913224383e+02 1.334207024957878787e+02
1.232258748437937896e+02 1.343910283870058322e+02
1.240999078970838383e+02 1.353603165878822097e+02
1.249736184880753456e+02 1.363279066160233981e+02
1.258476837808118347e+02 1.372928678302449441e+02
1.267241429116968732e+02 1.382534534255673861e+02
1.276052912083113142e+02 1.392077630740992902e+02
1.284933905489796473e+02 1.401539139470963846e+02
1.293901282442405432e+02 1.410903238038527547e+02
1.302967080671396616e+02 1.420156633687436454e+02
1.312143186980694054e+02 1.429286112717359742e+02
1.321437448718941425e+02 1.438282611157612507e+02
1.330843282289716853e+02 1.447151889937506439e+02
1.340350882814174724e+02 1.455903019207584919e+02
1.349950400894128393e+02 1.464545113471756395e+02
1.359631007158600653e+02 1.473088263553310071e+02
1.369380916087533535e+02 1.481543512860015994e+02
1.379188302407180231e+02 1.489921944405129182e+02
1.389041966473077423e+02 1.498234196846442217e+02
1.398933356926563647e+02 1.506489027887168390e+02
1.408854623020514509e+02 1.514694697618642749e+02
1.418797935691369787e+02 1.522859519445966043e+02
1.428756095104628514e+02 1.530993354280286667e+02
1.438722613104172865e+02 1.539107813312054986e+02
1.448691039781272707e+02 1.547214601796137288e+02
1.458656359358287773e+02 1.555322446823262510e+02
1.468620755566551566e+02 1.563425124745281494e+02
1.478588666503360400e+02 1.571511730422988364e+02
1.488564591424727439e+02 1.579571221907515337e+02
1.498555429994624149e+02 1.587587182658131155e+02
1.508571231217746629e+02 1.595536144657321245e+02
1.518622257734968457e+02 1.603394161549185810e+02
1.528718006081687690e+02 1.611139108673186513e+02
1.538863400252750750e+02 1.618759734252684837e+02
1.549061674963745077e+02 1.626248803388990041e+02
1.559316049104902788e+02 1.633599116336567363e+02
1.569628988542710317e+02 1.640805121809622733e+02
1.580001811383537529e+02 1.647863781107615182e+02
1.590435739237835833e+02 1.654772266771192051e+02
1.600931465741959414e+02 1.661529032077306738e+02
1.611485921251729678e+02 1.668141659103009715e+02
1.622094402223524412e+02 1.674621693366626118e+02
1.632752180296263873e+02 1.680980744553220632e+02
1.643452906368478921e+02 1.687234707464999417e+02
1.654187354908517023e+02 1.693407081971822379e+02
1.664946004858603317e+02 1.699522149292649260e+02
1.675719327987725933e+02 1.705604374660994154e+02
1.686497734604027130e+02 1.711679799961442257e+02
1.697271603777550695e+02 1.717775268427457149e+02
1.708031340226781367e+02 1.723917571589191482e+02
1.718771360443344349e+02 1.730124512112433308e+02
1.729494396289862834e+02 1.736395261065563034e+02
1.740204212434300644e+02 1.742726675391308504e+02
1.750905242442863141e+02 1.749113906687409212e+02
1.761608871098989084e+02 1.755534384538343886e+02
1.772330604953100988e+02 1.761955030151900985e+02
1.783085999432576614e+02 1.768342629008566007e+02
1.793888926630563674e+02 1.774664668488358927e+02
1.804749168954347454e+02 1.780890341246800403e+02
1.815675899695521878e+02 1.786989093922256302e+02
1.826677159233337591e+02 1.792931654324414978e+02
1.837746538673968928e+02 1.798705090445340886e+02
1.848867661316678550e+02 1.804307742524628964e+02
1.860023947294320408e+02 1.809738175235760593e+02
1.871193646886536612e+02 1.814995762560535013e+02
1.882340229772370890e+02 1.820082192291710328e+02
1.893424541130612511e+02 1.824999563071213515e+02
1.904407224418584974e+02 1.829749631217938202e+02
1.915245716649347969e+02 1.834328711687662121e+02
1.925894886626722382e+02 1.838728761163310992e+02
1.936309542599151428e+02 1.842941618003628719e+02
1.946519536063299824e+02 1.846985317253896426e+02
1.956808155164801803e+02 1.850966365615506390e+02
1.967512135219952256e+02 1.855009927548000235e+02
1.978997204154707674e+02 1.859249954222190979e+02
1.992215008189650121e+02 1.863997969471176361e+02
2.008661401945405203e+02 1.869730428886150264e+02
2.029852876409491387e+02 1.876930042265834970e+02
