4.596363463467428545e+01 2.501747012459700272e+02
4.659263748846208131e+01 2.482464862809159172e+02
4.706731185473314838e+01 2.467532764293731589e+02
4.743801972929654909e+01 2.455505462904360741e+02
4.775390255536493811e+01 2.444972137360726094e+02
4.804347865993688060e+01 2.435103760373476405e+02
4.831808981071786491e+01 2.425555868619179876e+02
4.858854948711674382e+01 2.415998954325887951e+02
4.886337686637683220e+01 2.406196172285685861e+02
4.914502116813121546e+01 2.396155831501017417e+02
4.943493927119077114e+01 2.385926319760092156e+02
4.973461629692699404e+01 2.375555664468838870e+02
5.004581896037517197e+01 2.365088299826175273e+02
5.037047567253121372e+01 2.354566596749293694e+02
5.071050966789798053e+01 2.344032806031446796e+02
5.106719419996566245e+01 2.333520430923175297e+02
5.144063946695271028e+01 2.323047322101382122e+02
5.183083492910886036e+01 2.312629705333138759e+02
5.223759192583975164e+01 2.302281808521211701e+02
5.265959785511270752e+01 2.292005253056821914e+02
5.309510291577867491e+01 2.281796756556382775e+02
5.354236935950375909e+01 2.271653015725264027e+02
5.400011094886839658e+01 2.261570383169787988e+02
5.446759795394969217e+01 2.251544787378735464e+02
5.494413496402771102e+01 2.241572130686025162e+02
5.542897717750353337e+01 2.231647956966009474e+02
5.592117621220216250e+01 2.221766332585322914e+02
5.641973124100687897e+01 2.211920943285847443e+02
5.692360456769527133e+01 2.202105340279135248e+02
5.743110894767793440e+01 2.192310704666716674e+02
5.794000178950848579e+01 2.182526191168074661e+02
5.844802329289453979e+01 2.172740892310890217e+02
5.895335413553594606e+01 2.162945900070221228e+02
5.945537445116481479e+01 2.153137751072745516e+02
5.995366662876672592e+01 2.143313900035810207e+02
6.044792496794710246e+01 2.133472286382578318e+02
6.093899909048285934e+01 2.123615853452504325e+02
6.142842019624080763e+01 2.113750496627159237e+02
6.191773262350619689e+01 2.103882167953266276e+02
6.240891392047998210e+01 2.094018671795068656e+02
6.290473818980715492e+01 2.084171218421644767e+02
6.340806509549459236e+01 2.074351383945061400e+02
6.392161533822413588e+01 2.064570217976729509e+02
6.444720492406727885e+01 2.054835342444498849e+02
6.498628773816672322e+01 2.045153007281800512e+02
6.554030028306324596e+01 2.035529407251648308e+02
6.611007680813629861e+01 2.025968847288726806e+02
6.669568951505772247e+01 2.016473241075276235e+02
6.729716166847013881e+01 2.007044348732557637e+02
6.791452418804983893e+01 1.997684361012605621e+02
6.854784050750490110e+01 1.988397297730937794e+02
6.919718269144769351e+01 1.979187664231042731e+02
6.986260556087719920e+01 1.970059971703696249e+02
7.054384695626669100e+01 1.961018838759674452e+02
7.124036652612363696e+01 1.952068978284889909e+02
7.195161382857827448e+01 1.943215103449323067e+02
7.267651589049701499e+01 1.934459567838673308e+02
7.341253502936113762e+01 1.925798110878911302e+02
7.415687885138579816e+01 1.917225321801290647e+02
7.490684742023243814e+01 1.908735533995914864e+02
7.566072945442699904e+01 1.900320345123030563e+02
7.641741284985047855e+01 1.891969694845298307e+02
7.717579925209790304e+01 1.883673471249284148e+02
7.793537947125741994e+01 1.875418446478371095e+02
7.869675762216370174e+01 1.867185504686453896e+02
7.946066151638015640e+01 1.858954875826466093e+02
8.022779512743048258e+01 1.850708075795153036e+02
8.099870228180469667e+01 1.842435259626063839e+02
8.177386085337550981e+01 1.834130140168784635e+02
8.255372914643236015e+01 1.825786506800672555e+02
8.333801266029057331e+01 1.817400694374887564e+02
8.412543897397740977e+01 1.808972344407690684e+02
8.491467031046141756e+01 1.800501319405205720e+02
8.570441709900330807e+01 1.791987948465983607e+02
8.649360076311944567e+01 1.783434602918283645e+02
8.728120043715017573e+01 1.774844212677891164e+02
8.806622444500065683e+01 1.766219761979015459e+02
8.884824135586126204e+01 1.757565277393903784e+02
8.962732444622238859e+01 1.748885724504253858e+02
9.040356457457083650e+01 1.740186099940913778e+02
9.117658118337082840e+01 1.731468821959266222e+02
9.194463328630529020e+01 1.722728868048948812e+02
9.270573594787235550e+01 1.713959881437370996e+02
9.345788344883702337e+01 1.705155337683634968e+02
9.419883978636929101e+01 1.696306854583356483e+02
9.492622559514505554e+01 1.687404893385995877e+02
9.563766351988380165e+01 1.678439913624636688e+02
9.633128149954831088e+01 1.669404281416972253e+02
9.700618882968919365e+01 1.660294065751622838e+02
9.766160755746508926e+01 1.651105761053443928e+02
9.829694533298095394e+01 1.641836626730275555e+02
9.891289674697250689e+01 1.632489226457503833e+02
9.951070161919592749e+01 1.623068371131973038e+02
1.000916181994283392e+02 1.613578949127937676e+02
1.006575843926481326e+02 1.604028712667145555e+02
1.012114445605142095e+02 1.594429233487013562e+02
1.017561060741646628e+02 1.584792348826553621e+02
1.022947974629116885e+02 1.575131229018890053e+02
1.028321958364799968e+02 1.565465057303485423e+02
1.033733865360350563e+02 1.555814711445971170e+02
1.039234232880365312e+02 1.546200933789548913e+02
1.044867252476919930e+02 1.536641748536452496e+02
1.050671247794101646e+02 1.527152666412131907e+02
1.056684314378521918e+02 1.517749100496081383e+02
1.062934644882552249e+02 1.508442298975508606e+02
1.069421006855333474e+02 1.499231134626704716e+02
1.076136727597400835e+02 1.490112192202993810e+02
1.083073529141799014e+02 1.481081387214244103e+02
1.090204696234828390e+02 1.472126948580051362e+02
1.097491724081857569e+02 1.463232190105767359e+02
1.104895920578504729e+02 1.454380349253289921e+02
1.112379195919836263e+02 1.445555148525843663e+02
1.119904662692751032e+02 1.436741278731930151e+02
1.127435576297847319e+02 1.427923545690193805e+02
1.134938780004028871e+02 1.419088476044948663e+02
1.142406798517105244e+02 1.410234913859102051e+02
1.149843348174337763e+02 1.401367070964113282e+02
1.157252432985100938e+02 1.392489328389293632e+02
1.164648651602321223e+02 1.383612519149001798e+02
1.172061110548644507e+02 1.374756311340912021e+02
1.179519964680596331e+02 1.365941011482904059e+02
1.187054183686287274e+02 1.357187289620346178e+02
1.194687228181866629e+02 1.348517505599877211e+02
1.202440959264016698e+02 1.339954509889796839e+02
1.210336693393020511e+02 1.331520928501280707e+02
1.218384326427879927e+02 1.323234678148975831e+02
1.226582914271851195e+02 1.315109205680772675e+02
1.234931083007078598e+02 1.307157778727670632e+02
1.243424648084082378e+02 1.299388997005082160e+02
1.252050825027019982e+02 1.291797177413854740e+02
1.260795190176413598e+02 1.284373914487817103e+02
1.269643223350735468e+02 1.277110166266866855e+02
1.278579254712053483e+02 1.269989309628707588e+02
1.287586859395299257e+02 1.262989742586768216e+02
1.296649626120971845e+02 1.256089819878807390e+02
1.305755132508644749e+02 1.249274411095729391e+02
1.314899142430361110e+02 1.242541755991896792e+02
1.324078424650043075e+02 1.235891735557237183e+02
1.333290052249664086e+02 1.229324436325819931e+02
1.342533347411780937e+02 1.222841463931379735e+02
1.351808640372490800e+02 1.216445104872619964e+02
1.361116234027477105e+02 1.210137549980689897e+02
1.370454930361350137e+02 1.203916366092809938e+02
1.379821421008589937e+02 1.197772618497654520e+02
1.389212239165790947e+02 1.191696884369827814e+02
1.398624461657726670e+02 1.185681012544702639e+02
1.408057769648538056e+02 1.179722943955787429e+02
1.417512623272538121e+02 1.173822441711839417e+02
1.426989569336638510e+02 1.167979489228607122e+02
1.436491054437030925e+02 1.162198899491739610e+02
1.446021376038916628e+02 1.156490190693594116e+02
1.455584907764867921e+02 1.150863074749808419e+02
1.465184579597036532e+02 1.145323885909397035e+02
1.474818772334867845e+02 1.139868314758053884e+02
1.484484972941716308e+02 1.134489960584855623e+02
1.494180382855526545e+02 1.129181747181538071e+02
1.503898675189532241e+02 1.123928251012871584e+02
1.513631143331975579e+02 1.118708418579204817e+02
1.523369053421847070e+02 1.113501132936576283e+02
1.533106557226052473e+02 1.108292274186970019e+02
1.542843895143830082e+02 1.103082486096096204e+02
1.552582079815143459e+02 1.097874284952384585e+02
1.562322300539505306e+02 1.092670613310942258e+02
1.572067094992956413e+02 1.087477667261607621e+02
1.581819622341911042e+02 1.082303142505400189e+02
1.591583021234041553e+02 1.077154684957462223e+02
1.601359240492984952e+02 1.072037055815158055e+02
1.611148511074248404e+02 1.066950851319879376e+02
1.620950930001296513e+02 1.061896342995967331e+02
1.630766642255919123e+02 1.056873914708297093e+02
1.640596029621080447e+02 1.051884505019378366e+02
1.650439546838908313e+02 1.046929223395753183e+02
1.660297681310783844e+02 1.042009257887251721e+02
1.670171671130589175e+02 1.037127602857543138e+02
1.680063505084700637e+02 1.032289058984136148e+02
1.689975204567018636e+02 1.027498505404216473e+02
1.699908679369164588e+02 1.022760551168063898e+02
1.709865477058884835e+02 1.018078928713707114e+02
1.719847071844278616e+02 1.013457192942651801e+02
1.729854742483531140e+02 1.008898426939042423e+02
1.739887260812921852e+02 1.004399662061257885e+02
1.749941662332923045e+02 9.999537381417582083e+01
1.760014950157937506e+02 9.955534168359841374e+01
1.770104576870319875e+02 9.911925454099213084e+01
1.780208970211592714e+02 9.868673264544949575e+01
1.790326685685202790e+02 9.825742711470189761e+01
1.800456212797773219e+02 9.783097314254709431e+01
1.810595520712509483e+02 9.740688037258317422e+01
1.820742331982632152e+02 9.698459894552780725e+01
1.830894366428330784e+02 9.656357834284216324e+01
1.841049277021514285e+02 9.614325192615117999e+01
1.851204617620776389e+02 9.572302915683262370e+01
1.861357934064084247e+02 9.530231756216545591e+01
1.871507126033579880e+02 9.488061009590963124e+01
1.881651894102880931e+02 9.445783449027503309e+01
1.891792510341606430e+02 9.403405645033058136e+01
1.901929306574438101e+02 9.360935610714943778e+01
1.912064050133967328e+02 9.318416015058738822e+01
1.922199981802565389e+02 9.275925098916866318e+01
1.932340409404365573e+02 9.233542721656723984e+01
1.942488251566933002e+02 9.191339346437588631e+01
1.952645125712752474e+02 9.149354021974860984e+01
1.962812377651572433e+02 9.107619239552515467e+01
1.972991372006617894e+02 9.066167944631089881e+01
1.983183723991582212e+02 9.025039132181261436e+01
1.993391227043672416e+02 8.984276099671480154e+01
2.003615679366657218e+02 8.943922259640751804e+01
2.013859081718280208e+02 8.904025914667089125e+01
2.024123886780962209e+02 8.864646277651438311e+01
2.034412608385491410e+02 8.825844037732944969e+01
2.044727583906092718e+02 8.787675624012425146e+01
2.055069713231018795e+02 8.750162761609294648e+01
2.065439195807569774e+02 8.713310265502464347e+01
2.075836232872653682e+02 8.677122993876041335e+01
2.086261397139806490e+02 8.641614773167782459e+01
2.096715826958503044e+02 8.606813085497090299e+01
2.107200708167488301e+02 8.572746559477570827e+01
2.117717346072671774e+02 8.539446707921818813e+01
2.128267672760772484e+02 8.506960175503475341e+01
2.138853825163279225e+02 8.475338552297492356e+01
2.149477887116414081e+02 8.444632146546088336e+01
2.160140595526218021e+02 8.414858748731288074e+01
2.170841268219824087e+02 8.386001889751159410e+01
2.181579155350652002e+02 8.358043466716310377e+01
2.192353314409967027e+02 8.330960725461430627e+01
2.203162139321208883e+02 8.304714891876253091e+01
2.214003881254255361e+02 8.279263745474625580e+01
2.224876702170004421e+02 8.254562912075361680e+01
2.235777529468226419e+02 8.230538212558582245e+01
2.246702388987302186e+02 8.207093702189763462e+01
2.257647285783846201e+02 8.184132934518100910e+01
2.268608166297285891e+02 8.161558047946611794e+01
2.279580842458200323e+02 8.139267933542345190e+01
2.290561107405383439e+02 8.117161028697825031e+01
2.301544830486301976e+02 8.095137610646051485e+01
2.312528522672350562e+02 8.073113446794621950e+01
2.323509016335760862e+02 8.051012063855034739e+01
2.334483156491537272e+02 8.028757293762447489e+01
2.345448417737712816e+02 8.006288167933297473e+01
2.356403259257119203e+02 7.983567487767633963e+01
2.367346225956805199e+02 7.960560124231506052e+01
2.378276277228888489e+02 7.937240954845165675e+01
2.389194614323690473e+02 7.913638980370541276e+01
2.400103192979445907e+02 7.889801416518004373e+01
2.411003930637299391e+02 7.865774554423740028e+01
2.421897711084513389e+02 7.841579730592152941e+01
2.432784300287416954e+02 7.817211294921916931e+01
2.443663408483251658e+02 7.792662251891545111e+01
2.454534786728578126e+02 7.767926591412432913e+01
2.465398330924408583e+02 7.743001800134918255e+01
2.476253969084563096e+02 7.717886139955427893e+01
2.487101719840060241e+02 7.692580060455669866e+01
2.497942905444267012e+02 7.667115483338278636e+01
2.508779825597932245e+02 7.641547927893201120e+01
2.519614802183894824e+02 7.615933448931417615e+01
2.530449740571584698e+02 7.590318045719348561e+01
2.541285563005889685e+02 7.564723982747071318e+01
2.552123049945191440e+02 7.539170101468421592e+01
2.562962612096949897e+02 7.513666316794370914e+01
2.573801441966139123e+02 7.488144849651718005e+01
2.584635075025815354e+02 7.462497916830729139e+01
2.595459003934481643e+02 7.436616701497567306e+01
2.606266793908824866e+02 7.410345854878633531e+01
2.617048914110097257e+02 7.383455283809107073e+01
2.627795554271960441e+02 7.355708149235528026e+01
2.638497812084269754e+02 7.326889532493605373e+01
2.649151848626370906e+02 7.296906758116253400e+01
2.659755579544233228e+02 7.265709510370793112e+01
2.670307146669994154e+02 7.233252934200577045e+01
2.680810971016715030e+02 7.199643769013935923e+01
2.691278443739378190e+02 7.165157030137319794e+01
2.701721319105674866e+02 7.130076499307558890e+01
2.712150391770392162e+02 7.094662790920182260e+01
2.722572947985634642e+02 7.059091818172824162e+01
2.732995472431518920e+02 7.023520142405897104e+01
2.743424103074854088e+02 6.988095953965041929e+01
2.753859790024163772e+02 6.952842188311154814e+01
2.764299489764386522e+02 6.917685359446839755e+01
2.774740056526367198e+02 6.882549512531014102e+01
2.785178497738194210e+02 6.847362379907980312e+01
2.795612192823557507e+02 6.812060647195218621e+01
2.806038576578054062e+02 6.776582332713519463e+01
2.816455267035472616e+02 6.740869873937134571e+01
2.826861531424016221e+02 6.704905481942789436e+01
2.837257509730933407e+02 6.668692416127001366e+01
2.847643377624159484e+02 6.632234796854478986e+01
2.858021292629758818e+02 6.595584573624184088e+01
2.868396682380146103e+02 6.558872614982773541e+01
2.878775280322931849e+02 6.522237169861980988e+01
2.889162932204455956e+02 6.485819209556400722e+01
2.899566129541468058e+02 6.449775360225395104e+01
2.909991594227633414e+02 6.414267832860619478e+01
2.920445928180572537e+02 6.379455949207201115e+01
2.930932190985699890e+02 6.345413723712216836e+01
2.941449405985613339e+02 6.312117969050223110e+01
2.951996376952064338e+02 6.279540210139050771e+01
2.962571903523634091e+02 6.247652053751222212e+01
2.973174769768576198e+02 6.216425415019349998e+01
2.983803756089303079e+02 6.185832281675683220e+01
2.994457653635449788e+02 6.155844945630980192e+01
3.005135420912479844e+02 6.126440435465603684e+01
3.015836148688679259e+02 6.097599523192521787e+01
3.026558931585654477e+02 6.069303089007497221e+01
3.037302957279907787e+02 6.041534315806891442e+01
3.048067645929000946e+02 6.014282139374149949e+01
3.058852453400157856e+02 5.987536379150380839e+01
3.069656919012137450e+02 5.961288604200648678e+01
3.080481358996188419e+02 5.935546672142599789e+01
3.091326512111106126e+02 5.910327299200525886e+01
3.102193111514732209e+02 5.885646995432416162e+01
3.113081130330242559e+02 5.861499470497373920e+01
3.123989253369305175e+02 5.837839785795790704e+01
3.134916040650916784e+02 5.814619259053186795e+01
3.145859739562887967e+02 5.791779113521264577e+01
3.156816743462775889e+02 5.769200708110510334e+01
3.167782764849893056e+02 5.746743417661867426e+01
3.178753504715650706e+02 5.724266029203898398e+01
3.189724339082728761e+02 5.701610122063173947e+01
3.200690263881785995e+02 5.678597148983079990e+01
3.211646253469315866e+02 5.655047420310597062e+01
3.222587554713226154e+02 5.630791388609983272e+01
3.233510472315173274e+02 5.605698876466084357e+01
3.244411567618878962e+02 5.579649258062229933e+01
3.255287582401914506e+02 5.552530586472596497e+01
3.266138184290419417e+02 5.524371648454001615e+01
3.276965414737609876e+02 5.495315412142869604e+01
3.287771381206049455e+02 5.465508255692316197e+01
3.298557072325247077e+02 5.435147680753507871e+01
3.309320600454398686e+02 5.404562616091248373e+01
3.320059622124957173e+02 5.374102818876173160e+01
3.330770362658282124e+02 5.344111435185675418e+01
3.341435260689934807e+02 5.314867927179565044e+01
3.352029050076332624e+02 5.286616166845586662e+01
3.362526285161352462e+02 5.259598176331533637e+01
3.372893510098217575e+02 5.233933224829141295e+01
3.383083319285769903e+02 5.209526807144531801e+01
3.393046908026088886e+02 5.186262977487612602e+01
3.402775647701589605e+02 5.163937230635435327e+01
3.412506659037179588e+02 5.141803360377483045e+01
3.422569950267840682e+02 5.118910410185576154e+01
3.433310840104979320e+02 5.094268634071822532e+01
3.445570831636841831e+02 5.065629320461538043e+01
3.460787174043343839e+02 5.029232174862704596e+01
3.480432374970267233e+02 4.981227441693374658e+01
