5.850047977512782893e+01 5.950131502609531253e+01
6.053577353304420683e+01 6.153558499844986329e+01
6.206096773392332722e+01 6.306001417662088926e+01
6.324424520053039345e+01 6.424270182904690785e+01
6.424868930885334350e+01 6.524665050081490847e+01
6.516484772626600375e+01 6.616236576703606431e+01
6.602929606316590139e+01 6.702640997032381165e+01
6.687725662718519004e+01 6.787399288708249401e+01
6.773325326692935278e+01 6.872963370195995481e+01
6.859959723043898805e+01 6.959565533340362720e+01
6.947583536393076997e+01 7.047161833088077287e+01
7.036147823328569473e+01 7.135704810820706712e+01
7.125579925079600230e+01 7.225124040806331038e+01
7.215797655365332730e+01 7.315339870406270961e+01
7.306718821586044044e+01 7.406272659834303340e+01
7.398261800234591590e+01 7.497843874589965196e+01
7.490345613517189349e+01 7.589976234270640987e+01
7.582889319339194856e+01 7.682592527072051780e+01
7.675815632142682432e+01 7.775619338906766131e+01
7.769059328612756588e+01 7.868995783657648246e+01
7.862557669190940146e+01 7.962663554862653825e+01
7.956249057571287153e+01 8.056565452786261972e+01
8.050084682223300092e+01 8.150656654005020130e+01
8.144023745988327789e+01 8.244900093414534581e+01
8.238025655002121539e+01 8.339258891144018548e+01
8.332056505843219441e+01 8.433701674904776269e+01
8.426094036333587667e+01 8.528206655496354927e+01
8.520117150555347507e+01 8.622753003785338421e+01
8.614106629388501801e+01 8.717320800515716428e+01
8.708053305508069286e+01 8.811894999572746201e+01
8.801951362671886159e+01 8.906462179456987371e+01
8.895795253726502949e+01 9.001008870134350559e+01
8.989585126588062280e+01 9.095520541591261576e+01
9.083326589572033072e+01 9.189981647512070140e+01
9.177025474189181864e+01 9.284376596802998449e+01
9.270689859495709584e+01 9.378687224793823418e+01
9.364333961935803075e+01 9.472888339131246482e+01
9.457973035951633278e+01 9.566953558891010800e+01
9.551622885861219459e+01 9.660855383230732230e+01
9.645304232912941700e+01 9.754556297121018815e+01
9.739040386662817639e+01 9.848013513992117396e+01
9.832854724322783113e+01 9.941184080622963393e+01
9.926772922982117109e+01 1.003401886877473146e+02
1.002082402609848089e+02 1.012645971173336221e+02
1.011503734469714288e+02 1.021844772438356017e+02
1.020944228797928872e+02 1.030992327900553533e+02
1.030406869777829542e+02 1.040082347544151276e+02
1.039894653506219129e+02 1.049108451239690254e+02
1.049410540456904215e+02 1.058064333852433521e+02
1.058956914966684906e+02 1.066944903182579196e+02
1.068535694725880774e+02 1.075746049456055857e+02
1.078148780316125652e+02 1.084463699738190456e+02
1.087797222023744013e+02 1.093095760379777204e+02
1.097480138342809255e+02 1.101644634485010528e+02
1.107196380924032155e+02 1.110113346306037272e+02
1.116944500346236708e+02 1.118505631292951250e+02
1.126720867601206351e+02 1.126830373559325977e+02
1.136520894316361421e+02 1.135098723448143829e+02
1.146339966373078738e+02 1.143321892059817486e+02
1.156172719114133542e+02 1.151512861332058435e+02
1.166012861242798380e+02 1.159686799536221287e+02
1.175854044179747717e+02 1.167859010096571666e+02
1.185690339485655045e+02 1.176043775112257492e+02
1.195517344440807790e+02 1.184251667785966617e+02
1.205331002552449888e+02 1.192492419671682455e+02
1.215127473967280167e+02 1.200775239191920463e+02
1.224905644454224785e+02 1.209102753056037471e+02
1.234666261906644991e+02 1.217473091396862372e+02
1.244410114804631888e+02 1.225884286380610035e+02
1.254138499834495377e+02 1.234333147502788819e+02
1.263853679106645984e+02 1.242814161588056550e+02
1.273558022697918943e+02 1.251321555709460682e+02
1.283253735675180849e+02 1.259849957210807645e+02
1.292942047448117364e+02 1.268396360123443145e+02
1.302623830135357821e+02 1.276958625172787123e+02
1.312299943227762924e+02 1.285534643874440519e+02
1.321970945866385136e+02 1.294123040251695329e+02
1.331637083934409418e+02 1.302723202316345237e+02
1.341298588631612461e+02 1.311334553892191934e+02
1.350955677903233152e+02 1.319956553154766539e+02
1.360608529936650939e+02 1.328588761319898879e+02
1.370257315495947239e+02 1.337230758842351861e+02
1.379902178081341901e+02 1.345882192384348741e+02
1.389542989053725535e+02 1.354543369470242453e+02
1.399179463370369092e+02 1.363214977434353159e+02
1.408811323624066176e+02 1.371897685221097163e+02
1.418438909293619190e+02 1.380590673610088004e+02
1.428063543933599533e+02 1.389290749414130914e+02
1.437686639097550199e+02 1.397994507158876445e+02
1.447309633855828679e+02 1.406698475049680610e+02
1.456934100912863812e+02 1.415398859210591240e+02
1.466561653482787904e+02 1.424091768130236915e+02
1.476193845072671991e+02 1.432773454434261282e+02
1.485831123840274302e+02 1.441442839137924636e+02
1.495472963755519515e+02 1.450101195013248230e+02
1.505118804457044916e+02 1.458749877709961424e+02
1.514767724177557966e+02 1.467391115193403834e+02
1.524417901557818311e+02 1.476029306749400689e+02
1.534067377616810575e+02 1.484669183837690980e+02
1.543714186658865231e+02 1.493315494073355012e+02
1.553356309034533353e+02 1.501973114883340941e+02
1.562991699108110879e+02 1.510646986217078052e+02
1.572618304773162095e+02 1.519342063639376761e+02
1.582233809080503875e+02 1.528063941892770004e+02
1.591835539145732810e+02 1.536819074742254827e+02
1.601420797061281576e+02 1.545613976344313301e+02
1.610987216364190147e+02 1.554454360630885503e+02
1.620533756369921718e+02 1.563342740635741563e+02
1.630059707838547354e+02 1.572280829168109335e+02
1.639564429070232165e+02 1.581270175977437304e+02
1.649048239071063620e+02 1.590310011413229176e+02
1.658512171685043768e+02 1.599397840015886345e+02
1.667957278968526964e+02 1.608531122356311585e+02
1.677384799659371311e+02 1.617706868300968210e+02
1.686796360091603901e+02 1.626921151944393387e+02
1.696193634836357376e+02 1.636169930922469007e+02
1.705578301467944584e+02 1.645449155601705797e+02
1.714952057191565871e+02 1.654754728830951080e+02
1.724316607099020189e+02 1.664082534369103428e+02
1.733673653767882286e+02 1.673428462036217184e+02
1.743024825714437043e+02 1.682788580201714126e+02
1.752371667422303290e+02 1.692159159823686139e+02
1.761715718828876618e+02 1.701536482820375795e+02
1.771058491192223414e+02 1.710916900115864792e+02
1.780401401162567083e+02 1.720296990271806692e+02
1.789745845909275204e+02 1.729673378723085477e+02
1.799093218892506059e+02 1.739042699759584139e+02
1.808444872093056119e+02 1.748401686694969044e+02
1.817802131489618489e+02 1.757747134917785559e+02
1.827166322223720272e+02 1.767075841815974400e+02
1.836538732849602411e+02 1.776384692191717249e+02
1.845920588260319448e+02 1.785670722946313731e+02
1.855313106971127581e+02 1.794930986218879241e+02
1.864717459248937530e+02 1.804162650260815042e+02
1.874134556951112813e+02 1.813363505200219095e+02
1.883565225786046256e+02 1.822531548487396549e+02
1.893010267299188740e+02 1.831664835855403339e+02
1.902469968486504683e+02 1.840762664174535246e+02
1.911944122996934539e+02 1.849825520310189120e+02
1.921432503936272269e+02 1.858853940681274821e+02
1.930934429991258412e+02 1.867849558933885987e+02
1.940447978963364619e+02 1.876817004920021077e+02
1.949971018786860100e+02 1.885761415230986699e+02
1.959501424104729779e+02 1.894687910741992312e+02
1.969037129548555072e+02 1.903601471796584690e+02
1.978576101328348784e+02 1.912507004761431517e+02
1.988116324334784792e+02 1.921409371050531831e+02
1.997656733980223578e+02 1.930311143837405439e+02
2.007197656971278548e+02 1.939211546960272017e+02
2.016739530598202919e+02 1.948109538043579789e+02
2.026282960416115202e+02 1.957003673196248315e+02
2.035829293473531720e+02 1.965890739167239474e+02
2.045380081005266959e+02 1.974767035473861370e+02
2.054936849320234558e+02 1.983628923368564756e+02
2.064500721499737210e+02 1.992473762787493001e+02
2.074072494027853111e+02 2.001299722558121630e+02
2.083652951654833601e+02 2.010105000499276002e+02
2.093242339397973524e+02 2.018889115039906699e+02
2.102839676051244737e+02 2.027654584912944244e+02
2.112443811027283118e+02 2.036404343290919883e+02
2.122053636463224962e+02 2.045141225802858003e+02
2.131668353797002453e+02 2.053867361918976258e+02
2.141287300608003932e+02 2.062584570287500014e+02
2.150909821732276441e+02 2.071294652472678877e+02
2.160535493802935605e+02 2.079998862869081222e+02
2.170164179637349662e+02 2.088697780317695560e+02
2.179795759741086840e+02 2.097391941905572992e+02
2.189429886197616497e+02 2.106082424996714906e+02
2.199065381585782006e+02 2.114772268946704799e+02
2.208700880247437226e+02 2.123464958339966415e+02
2.218335046575048182e+02 2.132163894973170102e+02
2.227966923039091398e+02 2.140871439059233978e+02
2.237595810410073227e+02 2.149589239208955007e+02
2.247221016931580095e+02 2.158318922925672325e+02
2.256842127516370340e+02 2.167061297389890342e+02
2.266459252657325010e+02 2.175815611439452368e+02
2.276072561624610273e+02 2.184580939637823747e+02
2.285682056985226041e+02 2.193356669740076939e+02
2.295286755637609701e+02 2.202144041314495553e+02
2.304885313522914601e+02 2.210944972073608596e+02
2.314476344746230723e+02 2.219761457562235307e+02
2.324057437656903744e+02 2.228597401406145480e+02
2.333625110764869532e+02 2.237458697315202869e+02
2.343175832582913927e+02 2.246351331725250589e+02
2.352706243649621172e+02 2.255280568570976811e+02
2.362213500506355786e+02 2.264249504596975271e+02
2.371694856038763533e+02 2.273260831905905661e+02
2.381147620891175904e+02 2.282317037344192272e+02
2.390569682237077416e+02 2.291418558954864579e+02
2.399959258592159870e+02 2.300564657294881954e+02
2.409314575347040090e+02 2.309754571781746790e+02
2.418634047497994857e+02 2.318987081745336525e+02
2.427916392506146508e+02 2.328260232569429036e+02
2.437160354879924284e+02 2.337572004006166537e+02
2.446364840786580146e+02 2.346920320719056008e+02
2.455529541481626552e+02 2.356302839836311591e+02
2.464654386211476549e+02 2.365717137385758519e+02
2.473739389012684455e+02 2.375160770084094111e+02
2.482786132412133497e+02 2.384630937532070618e+02
2.491797581308946974e+02 2.394124524590105807e+02
2.500776750591654718e+02 2.403638404718228117e+02
2.509727638154878946e+02 2.413169220645177404e+02
2.518656688738441289e+02 2.422713040775954312e+02
2.527570721406523546e+02 2.432265845654108034e+02
2.536476258235940406e+02 2.441823784330346143e+02
2.545377434942139416e+02 2.451384359848898953e+02
2.554277237875403443e+02 2.460945727390346747e+02
2.563178593774263163e+02 2.470506071682064544e+02
2.572082234599955655e+02 2.480064643094341079e+02
2.580985942644301758e+02 2.489622124167520383e+02
2.589887292829773742e+02 2.499179298127180004e+02
2.598783654476604283e+02 2.508737070094352930e+02
2.607671574496043831e+02 2.518296832771871721e+02
2.616547394197097560e+02 2.527860100758020963e+02
2.625407576387091240e+02 2.537428342123465086e+02
2.634250312093517437e+02 2.547002363119269432e+02
2.643075078270465497e+02 2.556582477552624368e+02
2.651881387558439656e+02 2.566168985449492652e+02
2.660669544511146114e+02 2.575761865610256223e+02
2.669441497886528509e+02 2.585360429892944580e+02
2.678199401066979135e+02 2.594963907153299942e+02
2.686945059344432707e+02 2.604571668817515047e+02
2.695678002648701295e+02 2.614184018251737598e+02
2.704396846795846727e+02 2.623801633223667409e+02
2.713100203369929773e+02 2.633425192778456676e+02
2.721786632652756452e+02 2.643055383657573429e+02
2.730454636716716550e+02 2.652692901335004763e+02
2.739102714747389768e+02 2.662338441648332719e+02
2.747730523579831470e+02 2.671992214917762567e+02
2.756341538922072232e+02 2.681652829830851488e+02
2.764940022832593627e+02 2.691318565280330404e+02
2.773530451765043381e+02 2.700987610108890635e+02
2.782119699713369982e+02 2.710657146146770629e+02
2.790716143613796021e+02 2.720323723959917288e+02
2.799328183479143490e+02 2.729983884360069624e+02
2.807964213144322230e+02 2.739634165592403292e+02
2.816632615694793458e+02 2.749271101436319213e+02
2.825341773139102770e+02 2.758891225223820811e+02
2.834099405108796645e+02 2.768491343668432592e+02
2.842909683662257407e+02 2.778069727666371591e+02
2.851775598162494134e+02 2.787625136245322324e+02
2.860699962256342133e+02 2.797156401151104319e+02
2.869681855896668594e+02 2.806663899295480178e+02
2.878716779192479862e+02 2.816149489086251947e+02
2.887800086463081470e+02 2.825615089265998563e+02
2.896926016394051544e+02 2.835063080689392905e+02
2.906085761202185154e+02 2.844497106103813167e+02
2.915269997864157858e+02 2.853921021676758869e+02
2.924469223799383713e+02 2.863338758035901037e+02
2.933672330845652141e+02 2.872754911623718499e+02
2.942867365650985221e+02 2.882174429372406053e+02
2.952042360510101844e+02 2.891602264174579204e+02
2.961184996543223065e+02 2.901043514978075564e+02
2.970282440850687635e+02 2.910503494514177305e+02
2.979321819677209078e+02 2.919987532506222578e+02
2.988290522374038574e+02 2.929500849898714705e+02
2.997177097724965620e+02 2.939048188280044087e+02
3.005970413788685960e+02 2.948634157237497675e+02
3.014659555204884782e+02 2.958263276679181786e+02
3.023237109222358185e+02 2.967938616195982036e+02
3.031698500054366150e+02 2.977662070683493312e+02
3.040039250500762478e+02 2.987435494214015534e+02
3.048258802176214886e+02 2.997259117795667294e+02
3.056365499879972276e+02 3.007129484984972692e+02
3.064368918230752001e+02 3.017042629981414166e+02
3.072279685822815054e+02 3.026994150436008795e+02
3.080116061426281249e+02 3.036976483640329434e+02
3.087899662300133059e+02 3.046980675826010270e+02
3.095652060591119152e+02 3.056997791910414435e+02
3.103392753118005203e+02 3.067019756416290193e+02
3.111138674431748541e+02 3.077039555163307796e+02
3.118906600591700453e+02 3.087050239618706087e+02
3.126711243918821310e+02 3.097045716012106595e+02
3.134559822360452586e+02 3.107022994604492965e+02
3.142457853188297463e+02 3.116979790045334084e+02
3.150410476692359225e+02 3.126913973106438789e+02
3.158418090214473750e+02 3.136825378793307664e+02
3.166477850750253538e+02 3.146715184061007449e+02
3.174586858037131378e+02 3.156584589574273423e+02
3.182742822794482436e+02 3.166434542620108914e+02
3.190944616405748206e+02 3.176265509151451170e+02
3.199191240055095022e+02 3.186077901292129013e+02
3.207482010711988778e+02 3.195872000230966705e+02
3.215818112494879983e+02 3.205647312975253840e+02
3.224201413282505655e+02 3.215403063022709489e+02
3.232633695540521330e+02 3.225138509228415842e+02
3.241114594542569876e+02 3.234853799310204749e+02
3.249641506090919734e+02 3.244550008049109238e+02
3.258211719990499091e+02 3.254228254105577207e+02
3.266820941725305261e+02 3.263890312290637894e+02
3.275460124503708812e+02 3.273539925582500700e+02
3.284119334223817077e+02 3.283181204441196428e+02
3.292788556676538292e+02 3.292818292579744366e+02
3.301456978047845041e+02 3.302455665632107866e+02
3.310113324975624778e+02 3.312097989993490046e+02
3.318746346956713182e+02 3.321749922619620747e+02
3.327346633568099605e+02 3.331415359845892681e+02
3.335907709739904021e+02 3.341096984642460939e+02
3.344423362890231033e+02 3.350797371476760418e+02
3.352888076016238301e+02 3.360518807985490071e+02
3.361299710161154053e+02 3.370262188825734597e+02
3.369657150385833120e+02 3.380027986388079171e+02
3.377959356912109001e+02 3.389816642354865621e+02
3.386206676973827143e+02 3.399628031738002392e+02
3.394400680233097773e+02 3.409461530120455564e+02
3.402542979895642929e+02 3.419316495301073360e+02
3.410635814035387057e+02 3.429192031941321375e+02
3.418682976114143912e+02 3.439086614606879380e+02
3.426688497540761205e+02 3.448998621469836507e+02
3.434656853832022989e+02 3.458926248607166372e+02
3.442596089013455298e+02 3.468866228919985133e+02
3.450515965844264201e+02 3.478814590586570716e+02
3.458426324654993209e+02 3.488767329888676727e+02
3.466339801698986776e+02 3.498719292914466905e+02
3.474272790808112177e+02 3.508663779950236403e+02
3.482241949981656717e+02 3.518593982608428519e+02
3.490262785416186944e+02 3.528503568947063513e+02
3.498346196097352276e+02 3.538388112806436538e+02
3.506501929208071715e+02 3.548243664472417436e+02
3.514739244370587130e+02 3.558066474196346007e+02
3.523060466031444093e+02 3.567855636584587842e+02
3.531462758341590984e+02 3.577612362658924212e+02
3.539943150696831822e+02 3.587337918504853178e+02
3.548496812764304877e+02 3.597034301124294871e+02
3.557115052962543018e+02 3.606705025079264715e+02
3.565788699170097402e+02 3.616353793795124147e+02
3.574508678909154469e+02 3.625984245207733352e+02
3.583266571042251485e+02 3.635599589167937893e+02
3.592054216104197053e+02 3.645202863545870287e+02
3.600863550943908535e+02 3.654797060211755024e+02
3.609689304932634286e+02 3.664383841037142702e+02
3.618529375940053114e+02 3.673963358828229389e+02
3.627381833146903318e+02 3.683535684785541093e+02
3.636245347576872291e+02 3.693100535680068788e+02
3.645120575623004697e+02 3.702656459084881817e+02
3.654008582489034325e+02 3.712201761821569335e+02
3.662910303561933461e+02 3.721734778322676789e+02
3.671825222512563869e+02 3.731254151788829745e+02
3.680751912976809308e+02 3.740758718977597255e+02
3.689688936687465457e+02 3.750247317712998552e+02
3.698635032553057727e+02 3.759718625360005149e+02
3.707589247764507832e+02 3.769171040087892379e+02
3.716550660397538195e+02 3.778602932095144524e+02
3.725518871988361980e+02 3.788012506303456348e+02
3.734496287634261762e+02 3.797397082441485736e+02
3.743486247088006280e+02 3.806753685130876192e+02
3.752492157248252056e+02 3.816079352900299568e+02
3.761518844660359946e+02 3.825371425496886104e+02
3.770572497018623039e+02 3.834627531474265538e+02
3.779659354607402975e+02 3.843845313285535781e+02
3.788784188732159350e+02 3.853023926983402703e+02
3.797947759347433134e+02 3.862166661817549311e+02
3.807150147980028123e+02 3.871277506072854067e+02
3.816391026330055638e+02 3.880360843938731819e+02
3.825666401471638096e+02 3.889424599740195276e+02
3.834970351393306487e+02 3.898478561355200327e+02
3.844296934404803778e+02 3.907532506707656239e+02
3.853640083125983438e+02 3.916594838745151037e+02
3.862993546202350785e+02 3.925671947839782661e+02
3.872351057656652529e+02 3.934770064398977638e+02
3.881706601517350919e+02 3.943894631875550658e+02
3.891055263514018634e+02 3.953047625846537585e+02
3.900392432753529874e+02 3.962230066934123442e+02
3.909713558902132036e+02 3.971442863615122860e+02
3.919015070903714673e+02 3.980685111109366403e+02
3.928294190875419076e+02 3.989954435975615752e+02
3.937548166818177151e+02 3.999248419540280111e+02
3.946774955228855220e+02 4.008563952416346865e+02
3.955974122241507871e+02 4.017896355979847272e+02
3.965145456333459038e+02 4.027240734844129406e+02
3.974289097602612628e+02 4.036592004255776374e+02
3.983407731677325501e+02 4.045943708555035982e+02
3.992505164623527207e+02 4.055288788665713469e+02
4.001585276556598956e+02 4.064620162257568836e+02
4.010654353480150007e+02 4.073930029419339007e+02
4.019721651786076109e+02 4.083209704290759987e+02
4.028796611527138225e+02 4.092450446247900686e+02
4.037888593735738709e+02 4.101644032690129507e+02
4.047006672485356944e+02 4.110784122195240684e+02
4.056159856730753859e+02 4.119864800231180197e+02
4.065356812748901234e+02 4.128880496570034211e+02
4.074601895459018124e+02 4.137829972803368150e+02
4.083896514293401196e+02 4.146714949988970602e+02
4.093242010997169018e+02 4.155537211812290934e+02
4.102638533331469830e+02 4.164299139731637069e+02
4.112083960881935809e+02 4.173004250776469917e+02
4.121575919576972069e+02 4.181656188970758876e+02
4.131111919042775753e+02 4.190258592050269613e+02
4.140688781243530912e+02 4.198815060570393598e+02
4.150303076317792943e+02 4.207329181470870481e+02
4.159951364386658383e+02 4.215804563182955462e+02
4.169629966128176761e+02 4.224245348501410717e+02
4.179334952486868247e+02 4.232656237549729212e+02
4.189062382872162402e+02 4.241041956315322068e+02
4.198808553967827493e+02 4.249406877091803949e+02
4.208570474177761298e+02 4.257754311244832479e+02
4.218345284793052201e+02 4.266087372051327975e+02
4.228130136874113418e+02 4.274409227260631496e+02
4.237922278995666829e+02 4.282723588348683279e+02
4.247719015775766138e+02 4.291034479281395306e+02
4.257517660853352481e+02 4.299345914025670936e+02
4.267316070091012534e+02 4.307661015288135786e+02
4.277112964323367805e+02 4.315981484009288351e+02
4.286907141733402682e+02 4.324308893991079685e+02
4.296697792434056282e+02 4.332643984534605011e+02
4.306486009927151031e+02 4.340983442227877731e+02
4.316273464705981837e+02 4.349322725123375335e+02
4.326061879919420790e+02 4.357657176935581447e+02
4.335853950995328887e+02 4.365980030040876159e+02
4.345653230269306846e+02 4.374282656010308301e+02
4.355463298112370012e+02 4.382556366001113020e+02
4.365287254180823311e+02 4.390793687163628647e+02
4.375127001562120199e+02 4.398990173431966468e+02
4.384984260289677422e+02 4.407141841785006591e+02
4.394860556377635703e+02 4.415245182369807821e+02
4.404755856850828195e+02 4.423300487347834178e+02
4.414669377863746149e+02 4.431309880079709842e+02
4.424600323214638138e+02 4.439275513635549260e+02
4.434547579844414145e+02 4.447200295992819292e+02
4.444509608853780946e+02 4.455088149686193333e+02
4.454484841405792395e+02 4.462943068576337282e+02
4.464471588162975308e+02 4.470769327916634097e+02
4.474467677785784758e+02 4.478572328531399194e+02
4.484470818434158446e+02 4.486357752637674139e+02
4.494478693838166805e+02 4.494131339138110093e+02
4.504488640231751333e+02 4.501899633244478309e+02
4.514497735285445970e+02 4.509669780123567762e+02
4.524503052621884081e+02 4.517448934045723945e+02
4.534501994469092097e+02 4.525243441735420333e+02
4.544492645319736539e+02 4.533057973255686193e+02
4.554473174575665553e+02 4.540896990005738871e+02
4.564442033772760965e+02 4.548764269274595335e+02
4.574399518671835949e+02 4.556659116529683615e+02
4.584346665940539651e+02 4.564579040709633659e+02
4.594284515219856075e+02 4.572521543316933617e+02
4.604214134389814603e+02 4.580484050764869721e+02
4.614136623371518340e+02 4.588463904267771909e+02
4.624053083804450353e+02 4.596458440467314404e+02
4.633964560680419140e+02 4.604465131506804028e+02
4.643871912120947627e+02 4.612481896524532772e+02
4.653775957768789340e+02 4.620506746700271492e+02
4.663677585392715059e+02 4.628537528717308192e+02
4.673578444601782849e+02 4.636570249726105999e+02
4.683480662578656961e+02 4.644599763732103384e+02
4.693386373127792695e+02 4.652620908760077896e+02
4.703297648514285356e+02 4.660628672119013345e+02
4.713216453925905967e+02 4.668618300869580366e+02
4.723144743823047520e+02 4.676585068095274664e+02
4.733084259325268590e+02 4.684524762285309407e+02
4.743035598936644988e+02 4.692435932350072676e+02
4.752998980234349347e+02 4.700318047473386400e+02
4.762974607949666961e+02 4.708170607910727767e+02
4.772962418189012510e+02 4.715993763684267606e+02
4.782962089502843241e+02 4.723788287808663426e+02
4.792973290232121713e+02 4.731554977995322133e+02
4.802995794586295233e+02 4.739294376798450230e+02
4.813029665870616327e+02 4.747006330012708304e+02
4.823075016284234380e+02 4.754690565591901077e+02
4.833131964607662781e+02 4.762346795672752933e+02
4.843200688471197282e+02 4.769974590957318128e+02
4.853281396484083530e+02 4.777573447695418736e+02
4.863374294363542276e+02 4.785142869125600100e+02
4.873479424106614601e+02 4.792682753934739139e+02
4.883596588070418534e+02 4.800193579633947820e+02
4.893725569564869602e+02 4.807675869740775170e+02
4.903866220193312415e+02 4.815129982918510905e+02
4.914018692507946753e+02 4.822555551366548343e+02
4.924183221933774917e+02 4.829952007236689724e+02
4.934360015479413164e+02 4.837318851281974617e+02
4.944548820534053561e+02 4.844656693842787263e+02
4.954749012214702475e+02 4.851967043978092988e+02
4.964959956119590174e+02 4.859251433726308846e+02
4.975181291466812468e+02 4.866510734512893919e+02
4.985413279113489580e+02 4.873744316911821670e+02
4.995656265785318624e+02 4.880951344180645037e+02
5.005910623688183136e+02 4.888130918050696323e+02
5.016176909489883542e+02 4.895281694838957378e+02
5.026455761050747242e+02 4.902402134809370864e+02
5.036747811881054417e+02 4.909490708726424941e+02
5.047053531979047420e+02 4.916546282064310844e+02
5.057373189465650967e+02 4.923568207618720862e+02
5.067707039988563906e+02 4.930555868295095934e+02
5.078055638185722955e+02 4.937507925160781497e+02
5.088420624464743014e+02 4.944420417960382110e+02
5.098803885623680685e+02 4.951288791589628886e+02
5.109207390017889452e+02 4.958108294045979960e+02
5.119634132105622939e+02 4.964871696075891805e+02
5.130087807370855444e+02 4.971570075986712141e+02
5.140572123215711144e+02 4.978194483312535112e+02
5.151090602371940577e+02 4.984736413416461573e+02
5.161646416758504756e+02 4.991188208589572923e+02
5.172242699061878284e+02 4.997542305837590675e+02
5.182882350337774824e+02 5.003791701372357466e+02
5.193566902074954896e+02 5.009932697833095858e+02
5.204297384219169089e+02 5.015962808691010650e+02
5.215074768094231104e+02 5.021879688943273550e+02
5.225898587546200815e+02 5.027684463967210604e+02
5.236766877165241567e+02 5.033381878666010039e+02
5.247677600984472974e+02 5.038976848282720198e+02
5.258628250115391438e+02 5.044475429795260197e+02
5.269614897109728417e+02 5.049887104890971727e+02
5.280633349656081919e+02 5.055221994693977763e+02
5.291679475355095974e+02 5.060490075687659441e+02
5.302749739830735507e+02 5.065699880596870912e+02
5.313840952402277935e+02 5.070859112391136136e+02
5.324949933063907110e+02 5.075975448268313244e+02
5.336073928543398779e+02 5.081055535192452908e+02
5.347210866307214019e+02 5.086104376666555709e+02
5.358358734695486874e+02 5.091126829230463500e+02
5.369515423696909693e+02 5.096127986860519741e+02
5.380678345661166304e+02 5.101114096631972075e+02
5.391844768146906972e+02 5.106091755169360908e+02
5.403011915227510826e+02 5.111067664078832422e+02
5.414176206657879220e+02 5.116050466742339040e+02
5.425333353315394334e+02 5.121050517905255219e+02
5.436479044732164994e+02 5.126078223844319837e+02
5.447610050134308040e+02 5.131141384215770813e+02
5.458725826263396357e+02 5.136241310418106423e+02
5.469826241003682981e+02 5.141378321260301618e+02
5.480911333972164812e+02 5.146552320950869444e+02
5.491982524697675672e+02 5.151759882288823746e+02
5.503041897328672576e+02 5.156995973535790654e+02
5.514091518251206026e+02 5.162255605836317045e+02
5.525132528625417763e+02 5.167536024057601480e+02
5.536164826154733873e+02 5.172837475076856890e+02
5.547188221124373513e+02 5.178160416820317096e+02
5.558202110156486242e+02 5.183506305923003765e+02
5.569204235220929604e+02 5.188880593855081997e+02
5.580191924624494959e+02 5.194289730795507012e+02
5.591162527479119717e+02 5.199740116712058580e+02
5.602113688834015193e+02 5.205237437357213821e+02
5.613043273938108086e+02 5.210786847053201427e+02
5.623949157540575925e+02 5.216393477192208366e+02
5.634829878658053985e+02 5.222060855685591605e+02
5.645685355487860306e+02 5.227789181228906727e+02
5.656515677869056162e+02 5.233578238190247021e+02
5.667321097568875530e+02 5.239427420092174543e+02
5.678102924830063785e+02 5.245333565618086595e+02
5.688862895131865116e+02 5.251292487059338328e+02
5.699602728332098422e+02 5.257300034434263125e+02
5.710323654367391555e+02 5.263353240912919091e+02
5.721026347291810907e+02 5.269450482112786176e+02
5.731711451160832667e+02 5.275590206097464261e+02
5.742379757117702184e+02 5.281770505911160853e+02
5.753032541521198482e+02 5.287988303454294510e+02
5.763671180641622414e+02 5.294240279475129682e+02
5.774297126326093803e+02 5.300522932216997560e+02
5.784912675582809243e+02 5.306830719005292849e+02
5.795520655224752318e+02 5.313156817778422010e+02
5.806123899676588280e+02 5.319494388079745022e+02
5.816725197354721786e+02 5.325836699368244354e+02
5.827327256622049845e+02 5.332177212353994946e+02
5.837932777821433774e+02 5.338509406907272705e+02
5.848544423930460425e+02 5.344826852220526234e+02
5.859164657804935814e+02 5.351123595879826098e+02
5.869795875583769202e+02 5.357393844958847922e+02
5.880440458521951541e+02 5.363631842184462357e+02
5.891100471122598492e+02 5.369832589041784559e+02
5.901777674188970195e+02 5.375991814508884090e+02
5.912473815879277481e+02 5.382105277855882832e+02
5.923190365360807164e+02 5.388169407773077637e+02
5.933928029958372008e+02 5.394182460941075306e+02
5.944687388148660148e+02 5.400143003203000944e+02
5.955469021537547860e+02 5.406049591519908972e+02
5.966273539711838794e+02 5.411900703430424073e+02
5.977101566987689694e+02 5.417694774664619217e+02
5.987953718386141873e+02 5.423430263237742111e+02
5.998830121907767534e+02 5.429106797803048039e+02
6.009730192693244817e+02 5.434725720495925998e+02
6.020653289223321281e+02 5.440288509643733050e+02
6.031598495947691845e+02 5.445797306247733331e+02
6.042563689742412407e+02 5.451257171516754170e+02
6.053546414951933912e+02 5.456673970802145277e+02
6.064544263651165465e+02 5.462053455883522020e+02
6.075555600024347314e+02 5.467399541346686647e+02
6.086579413631453690e+02 5.472714653728562553e+02
6.097614714354720036e+02 5.478001171278123138e+02
6.108661050921180049e+02 5.483260205720281419e+02
6.119719196263380354e+02 5.488489991354524591e+02
6.130790092416482366e+02 5.493688365014265855e+02
6.141874751943848878e+02 5.498853012843296710e+02
6.152974697992461870e+02 5.503980530079376194e+02
6.164091678447150571e+02 5.509067031788397344e+02
6.175227433261508168e+02 5.514108656590751707e+02
6.186383392693816177e+02 5.519102434600729339e+02
6.197560604642436601e+02 5.524046496600165028e+02
6.208760093360305063e+02 5.528939041437652122e+02
6.219982766423154317e+02 5.533778626525161144e+02
6.231229107698627558e+02 5.538565111381490169e+02
6.242499504903568095e+02 5.543298651008623210e+02
6.253794364205209604e+02 5.547979372002513401e+02
6.265114323901975695e+02 5.552607043572177190e+02
6.276460180882555733e+02 5.557181190762577216e+02
6.287832734826931755e+02 5.561701334647960948e+02
6.299232754274336230e+02 5.566167080791808530e+02
6.310660948606849843e+02 5.570578195259254244e+02
6.322118020590830838e+02 5.574934462064844638e+02
6.333604403202550657e+02 5.579236231209301877e+02
6.345118934226015881e+02 5.583487199209181426e+02
6.356659867276987370e+02 5.587692288093644493e+02
6.368225418416922139e+02 5.591856467938821424e+02
6.379812892637844470e+02 5.595985856607298956e+02
6.391418644707531485e+02 5.600087769076274071e+02
6.403038985000459888e+02 5.604169575452503977e+02
6.414670396775832160e+02 5.608237269367667750e+02
6.426309881872018650e+02 5.612292715625194433e+02
6.437954538952714074e+02 5.616337008123809937e+02
6.449601531146167872e+02 5.620370691652890400e+02
6.461248665045662847e+02 5.624388829964369734e+02
6.472894117056001733e+02 5.628383336754283164e+02
6.484536055932439922e+02 5.632346069975025102e+02
6.496171867286824408e+02 5.636267709284984448e+02
6.507797687436262777e+02 5.640137054691273306e+02
6.519409540982221642e+02 5.643942738117016233e+02
6.531002848193575119e+02 5.647673740910753395e+02
6.542570094427172762e+02 5.651320741388708484e+02
6.554102875353461286e+02 5.654874932284246825e+02
6.565592653851617797e+02 5.658327762192486716e+02
6.577028438493737212e+02 5.661675413607258633e+02
6.588397074774516113e+02 5.664918241193585118e+02
6.599685335520057379e+02 5.668056748035336341e+02
6.610880505714555966e+02 5.671093497406604911e+02
6.621971145178225697e+02 5.674036180694697578e+02
6.632946008758800645e+02 5.676893273798207247e+02
6.643829607528139150e+02 5.679681638175080707e+02
6.654933761992234622e+02 5.682485515169439623e+02
6.666708672141307943e+02 5.685421598919456301e+02
6.679621930397444203e+02 5.688610773056088874e+02
6.694834531216604319e+02 5.692341185087232134e+02
6.714439366238201501e+02 5.697125776692408863e+02
6.740594841869210541e+02 5.703493293159276618e+02
