2.929937149730845647e+01 2.088897437567156956e+01
2.888118647019809870e+01 2.269602718617696269e+01
2.862276428267078998e+01 2.412368517889504815e+01
2.848239686119178771e+01 2.529572885693584539e+01
2.841910724700110080e+01 2.633408768278281542e+01
2.840964506215408392e+01 2.731581085881447990e+01
2.844900786137009874e+01 2.827174736567051383e+01
2.853302861197790463e+01 2.923063108150155998e+01
2.865638677657498690e+01 3.021598434415506773e+01
2.880882961818164034e+01 3.122904578844447343e+01
2.897878639499910847e+01 3.226509929663822618e+01
2.915464569197562383e+01 3.331944669290135153e+01
2.932369650372232428e+01 3.438787667176684693e+01
2.947202830408479102e+01 3.546670904476361130e+01
2.958566987369466261e+01 3.655229049681730658e+01
2.965190553620101355e+01 3.764093389969602299e+01
2.966375897878615930e+01 3.872879755778097177e+01
2.961589291494864185e+01 3.981199563466783076e+01
2.950315045743977294e+01 4.088669422023238553e+01
2.932584205866064764e+01 4.195063433424930111e+01
2.909059899026744489e+01 4.300337778098218422e+01
2.880440461946311004e+01 4.404458778985557643e+01
2.847535294075164813e+01 4.507433484136335267e+01
2.811696682764179300e+01 4.609468010790611459e+01
2.774442538065249408e+01 4.710829207652574269e+01
2.737288460748749941e+01 4.811781744175994646e+01
2.701669645316521695e+01 4.912515210221738471e+01
2.668922757862027240e+01 5.013127194455666569e+01
2.640378443292505040e+01 5.113709663243058401e+01
2.617281557456031393e+01 5.214325871576279070e+01
2.600428385012948951e+01 5.314888949306189403e+01
2.590469086292521794e+01 5.415263122260199680e+01
2.588043921854556118e+01 5.515313278497684735e+01
2.593411395646547390e+01 5.614931086806443261e+01
2.606334096273946699e+01 5.714043005087701488e+01
2.626541469485185587e+01 5.812577816257696384e+01
2.653688082621518873e+01 5.910475625191583049e+01
2.687009505687145250e+01 6.007739891085444128e+01
2.725595646784796244e+01 6.104396097883572736e+01
2.768536428771053437e+01 6.200470884135303606e+01
2.814928940591936168e+01 6.296041295225911227e+01
2.863880141918339106e+01 6.391253807994723246e+01
2.914497711795921830e+01 6.486259959419641064e+01
2.965904747460107060e+01 6.581222317161775948e+01
3.017316728963819017e+01 6.676369542607201879e+01
3.067983390426547174e+01 6.771954803634827158e+01
3.117157968473470930e+01 6.868230391107080379e+01
3.164270895458856003e+01 6.965401438672107304e+01
3.209011474735017799e+01 7.063604186471471280e+01
3.251089530490924773e+01 7.162969413423164156e+01
3.290265148736008882e+01 7.263601494014253035e+01
3.326621115382882721e+01 7.365435276295494305e+01
3.360367754156412445e+01 7.468338607892201253e+01
3.391714112653627922e+01 7.572178647273833008e+01
3.420773819870794341e+01 7.676791106663613107e+01
3.447512605972984545e+01 7.781962956603129555e+01
3.471883478645170840e+01 7.887476974801126062e+01
3.493775839824270690e+01 7.993120878739466662e+01
3.512641153195404797e+01 8.098716397222364094e+01
3.527746507019111988e+01 8.204099578086393763e+01
3.538359045672743264e+01 8.309106676293295379e+01
3.543795438338970882e+01 8.413585083459969383e+01
3.543453827362100128e+01 8.517400512093246334e+01
3.536739944441924877e+01 8.620420381320192860e+01
3.523169413683559270e+01 8.722529876340979627e+01
3.503070032750173368e+01 8.823745484739792744e+01
3.477133617897550266e+01 8.924142544217971817e+01
3.446055933201106569e+01 9.023797527454627243e+01
3.410721929086393089e+01 9.122859620377884937e+01
3.372347016782195084e+01 9.221605020609146663e+01
3.332179878906497805e+01 9.320322713535975367e+01
3.291439173691684772e+01 9.419295662800357150e+01
3.251105114978366828e+01 9.518759009201787080e+01
3.212044209094338498e+01 9.618925088153410741e+01
3.175119866438431515e+01 9.720005184868480796e+01
3.140948333526688430e+01 9.822116723841932640e+01
3.109687239293456429e+01 9.925202969108167395e+01
3.081444390603115480e+01 1.002918826472337344e+02
3.056307468006766115e+01 1.013398757229002172e+02
3.034192187906699445e+01 1.023943568742851795e+02
3.014927065653374783e+01 1.034532675450722650e+02
2.998339701983157823e+01 1.045145473738171233e+02
2.984227880304437264e+01 1.055763115582995795e+02
2.972330582998356618e+01 1.066370215064874287e+02
2.962379910500582980e+01 1.076951791460424346e+02
2.954077187414558026e+01 1.087494030184837754e+02
2.946840443455355185e+01 1.097993851085928441e+02
2.939935031538509946e+01 1.108453959145249001e+02
2.932624981285047028e+01 1.118877117038003064e+02
2.924199739708804202e+01 1.129266350628294333e+02
2.914002054037651490e+01 1.139625237686746004e+02
2.901381382943442588e+01 1.149957425478817186e+02
2.885718150432049711e+01 1.160265755609769371e+02
2.866700336923396719e+01 1.170545067640981358e+02
2.844191996595218441e+01 1.180785620023272173e+02
2.818059750935513463e+01 1.190977627834376733e+02
2.788274350282747704e+01 1.201113562703694555e+02
2.755038870193657630e+01 1.211190930925423999e+02
2.718587821349647626e+01 1.221207920016907735e+02
2.679174393983607771e+01 1.231163539040168615e+02
2.637252306834323434e+01 1.241065616494226163e+02
2.593397173200917649e+01 1.250927341918367262e+02
2.548186750301098158e+01 1.260761990429918882e+02
2.502320209120036765e+01 1.270585678204038800e+02
2.456785109039521586e+01 1.280421269646582232e+02
2.412610894706260112e+01 1.290292609270213688e+02
2.370833278597496729e+01 1.300222808002220631e+02
2.332560836720388053e+01 1.310226448839909494e+02
2.298949153811071966e+01 1.320312612890274693e+02
2.271154177040821764e+01 1.330490264269682257e+02
2.250160936853131233e+01 1.340758099979553890e+02
2.236522005187363504e+01 1.351088838866754429e+02
2.230722596814570480e+01 1.361451153575072510e+02
2.233206623973734750e+01 1.371813624618431220e+02
2.243896966166232687e+01 1.382143670289576960e+02
2.262359858941389490e+01 1.392407913347460635e+02
2.288154420530620570e+01 1.402572974638877668e+02
2.320729469477262796e+01 1.412613748644897385e+02
2.359236347353950691e+01 1.422527443741607271e+02
2.402776748444918553e+01 1.432314992372807296e+02
2.450449459572324429e+01 1.441978335458933884e+02
2.501313373528572015e+01 1.451533251485998903e+02
2.554398420270106840e+01 1.461005564932959260e+02
2.608733944169538077e+01 1.470421326260532737e+02
2.663414154130268940e+01 1.479806862963830838e+02
2.717719842269279695e+01 1.489189299429067717e+02
2.770965144719381357e+01 1.498595902453711517e+02
2.822481646636520125e+01 1.508053399422921075e+02
2.871862022263615444e+01 1.517580446515456458e+02
2.918899932739741132e+01 1.527189486679407082e+02
2.963394273493639020e+01 1.536892800520297158e+02
3.005261715835187530e+01 1.546698052353489743e+02
3.044780478439400895e+01 1.556598735447367972e+02
3.082297925769406532e+01 1.566585632863284445e+02
3.118167099438335299e+01 1.576649254254114680e+02
3.152833939789459095e+01 1.586775635320121864e+02
3.186820199212195348e+01 1.596947160694418812e+02
3.220649847256386522e+01 1.607146107928822971e+02
3.254853661014271893e+01 1.617353182567416354e+02
3.289984731743805213e+01 1.627543937334197608e+02
3.326600715682494780e+01 1.637692870801350011e+02
3.365253253998959337e+01 1.647774259043608538e+02
3.406386005345133583e+01 1.657758383861514346e+02
3.450349226383253409e+01 1.667612072115227022e+02
3.497490084982600678e+01 1.677302036765622404e+02
3.548037976287775308e+01 1.686795242562101009e+02
3.601809891765326199e+01 1.696059535939658645e+02
3.658532605463898335e+01 1.705062956210807101e+02
3.717925662692422151e+01 1.713773570739749346e+02
3.779565742319864796e+01 1.722160001295081031e+02
3.842898558782243867e+01 1.730191377863123137e+02
3.907364988600349420e+01 1.737836849693580916e+02
3.972870730115852922e+01 1.745111403744455458e+02
4.041060924467152660e+01 1.752201559522205514e+02
4.113987520235115625e+01 1.759333953240474955e+02
4.193899090493860626e+01 1.766749466272110851e+02
4.287339080662578539e+01 1.775000137258840311e+02
4.405023102022664006e+01 1.784940272204652842e+02
4.557838842587988637e+01 1.797436643823097029e+02
