4.802459281917029443e+01 6.090675023664672381e+02
4.953368184365992732e+01 6.073224768644483902e+02
5.067787122777675535e+01 6.060027099886907536e+02
5.157948462495659214e+01 6.049663503973357592e+02
5.235697261219173981e+01 6.040760067673049889e+02
5.307575072448007347e+01 6.032553599714365191e+02
5.376278547853283385e+01 6.024723666272318496e+02
5.444411133607220421e+01 6.016960533297188931e+02
5.513676304859731658e+01 6.009053893970512945e+02
5.584007947490894708e+01 6.000988942614670805e+02
5.655133569600253196e+01 5.992773673809823549e+02
5.726780133796336969e+01 5.984416371743753871e+02
5.798671350304582006e+01 5.975927047332772872e+02
5.870529728965649241e+01 5.967316348791622431e+02
5.942077563973333554e+01 5.958594801605229350e+02
6.013032019743879175e+01 5.949769961478649520e+02
6.083105009295985610e+01 5.940846343927670432e+02
6.152008240359538149e+01 5.931828326230636321e+02
6.219484043431079101e+01 5.922719900978423766e+02
6.285362155608710566e+01 5.913523962748015492e+02
6.349487807377884252e+01 5.904243211486302698e+02
6.411718019211420483e+01 5.894880456229160473e+02
6.472017174229945624e+01 5.885439499404783419e+02
6.530407014330788229e+01 5.875924674163809414e+02
6.586910490079716851e+01 5.866340321294546811e+02
6.641584102699512471e+01 5.856690914187797716e+02
6.694532886288617135e+01 5.846981118051193107e+02
6.745865668971383400e+01 5.837215613087516886e+02
6.795688245993434862e+01 5.827398758779941090e+02
6.844093609223845931e+01 5.817533560685451448e+02
6.891171372523345440e+01 5.807622667144792103e+02
6.937011020647372561e+01 5.797668717802919218e+02
6.981700143006256098e+01 5.787674224655634134e+02
7.025324888252885103e+01 5.777641602665505616e+02
7.067971420294381346e+01 5.767573267192926778e+02
7.109733748272310550e+01 5.757472065644101349e+02
7.150722091632707134e+01 5.747341738144787087e+02
7.191048675777614108e+01 5.737186135290975244e+02
7.230826671516820170e+01 5.727009187053668029e+02
7.270175209612688150e+01 5.716815323792517347e+02
7.309215737186303841e+01 5.706609170345165012e+02
7.348069535481276660e+01 5.696395349808574338e+02
7.386853405568673736e+01 5.686178428338038202e+02
7.425679342013195594e+01 5.675962910999570568e+02
7.464659094062866984e+01 5.665753299506017129e+02
7.503891112111679718e+01 5.655553575492228902e+02
7.543433842682109969e+01 5.645366156162492643e+02
7.583338241044809536e+01 5.635193165760872489e+02
7.623653167600680547e+01 5.625036644504889409e+02
7.664407203365290400e+01 5.614897819193134865e+02
7.705617551772340335e+01 5.604777460262230306e+02
7.747301357629743279e+01 5.594676335861497591e+02
7.789479577589401060e+01 5.584595370676387347e+02
7.832178952133317296e+01 5.574535726909522282e+02
7.875426705002134042e+01 5.564498586608887081e+02
7.919255693161179011e+01 5.554485362176581020e+02
7.963723872913888613e+01 5.544498492378120318e+02
8.008896188441121922e+01 5.534540701727663645e+02
8.054836716024250620e+01 5.524614678167281454e+02
8.101595838487749290e+01 5.514722532621407254e+02
8.149213026014250261e+01 5.504865916175380107e+02
8.197727444905110872e+01 5.495046467092031435e+02
8.247178101047684606e+01 5.485265813580575696e+02
8.297603651889934895e+01 5.475525562012508090e+02
8.349042709166621989e+01 5.465827315894340472e+02
8.401530046829488185e+01 5.456172519230195803e+02
8.455074845017048801e+01 5.446561552317763244e+02
8.509675813397757338e+01 5.436994360290721033e+02
8.565330334448903216e+01 5.427470833280740408e+02
8.621998617126004660e+01 5.417989320965706384e+02
8.679599073493830019e+01 5.408546440979408771e+02
8.738047890602607026e+01 5.399138718752097930e+02
8.797259839649350965e+01 5.389762621158790807e+02
8.857145201747295005e+01 5.380414429378781733e+02
8.917613369999810402e+01 5.371090387866074707e+02
8.978576378542462066e+01 5.361786850525306818e+02
9.039973469482109181e+01 5.352501298823992784e+02
9.101759910256062369e+01 5.343231878357349842e+02
9.163891478458963036e+01 5.333976755861091306e+02
9.226343576539053970e+01 5.324734911266026529e+02
9.289122848390924503e+01 5.315506619054834800e+02
9.352238723882052795e+01 5.306292269152557992e+02
9.415704744848486030e+01 5.297092421881595783e+02
9.479553792525165079e+01 5.287908438976703565e+02
9.543824428615782551e+01 5.278741917567642759e+02
9.608554351695340756e+01 5.269594419039549393e+02
9.673766594531346641e+01 5.260466897424258832e+02
9.739471938590074274e+01 5.251359799391957495e+02
9.805680713476220944e+01 5.242273552899370088e+02
9.872385327557576318e+01 5.233207843596776456e+02
9.939537252036180348e+01 5.224160661496932789e+02
1.000708226835219961e+02 5.215129760939861399e+02
1.007496210297258870e+02 5.206112728300597610e+02
1.014308985879347773e+02 5.197105964309457704e+02
1.021136631765080267e+02 5.188105359334156219e+02
1.027969278151592931e+02 5.179106825286403364e+02
1.034798846967122756e+02 5.170107016215596332e+02
1.041619371620103891e+02 5.161103460749357055e+02
1.048425007087717802e+02 5.152093737869276993e+02
1.055211360028536092e+02 5.143076027855018992e+02
1.061978892249076409e+02 5.134050522027512216e+02
1.068729079382860903e+02 5.125017831642962847e+02
1.075463648161169772e+02 5.115978671964441560e+02
1.082187081438519840e+02 5.106934899865100306e+02
1.088905565804318201e+02 5.097889077919816145e+02
1.095625290706589681e+02 5.088843769887371309e+02
1.102350787675768942e+02 5.079800852790866088e+02
1.109083818486966777e+02 5.070761056376960028e+02
1.115825881646232745e+02 5.061725001342101677e+02
1.122577828900955694e+02 5.052693040486104792e+02
1.129337300545021208e+02 5.043664196379054374e+02
1.136100941965189435e+02 5.034637079486354878e+02
1.142865455604492837e+02 5.025610323906849430e+02
1.149628594208262342e+02 5.016582998788117038e+02
1.156389030137708289e+02 5.007554554194473440e+02
1.163145472371468543e+02 4.998524455357647298e+02
1.169898319010822263e+02 4.989492867168318071e+02
1.176652027411727204e+02 4.980461635918962884e+02
1.183411652232061613e+02 4.971432855313123014e+02
1.190181958081547009e+02 4.962408498913056292e+02
1.196965541029636313e+02 4.953389642046695940e+02
1.203764015368687836e+02 4.944376953378608732e+02
1.210578933125201644e+02 4.935371075782132380e+02
1.217409847490879002e+02 4.926371824190297843e+02
1.224253842579739455e+02 4.917377990815845692e+02
1.231107849731000385e+02 4.908388304590434927e+02
1.237968984608882010e+02 4.899401570797747922e+02
1.244835013212421160e+02 4.890416864106374533e+02
1.251703844894575184e+02 4.881433318565678974e+02
1.258573636302402861e+02 4.872450170658295292e+02
1.265445439800887044e+02 4.863467856320717146e+02
1.272322185943873762e+02 4.854487589466062332e+02
1.279206847020070796e+02 4.845510601294708977e+02
1.286103252261472676e+02 4.836538477966100231e+02
1.293016733710010442e+02 4.827573428126631256e+02
1.299952775480553839e+02 4.818617723413649401e+02
1.306916686864336441e+02 4.809673563046833351e+02
1.313912860446853301e+02 4.800742766516390816e+02
1.320945389373520982e+02 4.791827029274663801e+02
1.328018276877305368e+02 4.782928009528853863e+02
1.335133749384438318e+02 4.774046629465458409e+02
1.342292402839044030e+02 4.765183135863491088e+02
1.349494770731001836e+02 4.756337749630986877e+02
1.356740559280693219e+02 4.747510348964903528e+02
1.364027382322944106e+02 4.738699945254347767e+02
1.371352527930579868e+02 4.729905414935727777e+02
1.378712994147911104e+02 4.721125514291487093e+02
1.386103480695360020e+02 4.712358047446870160e+02
1.393517593310022562e+02 4.703600365308105893e+02
1.400948893595840445e+02 4.694849800497428873e+02
1.408389497676195106e+02 4.686103086784599441e+02
1.415829649851263810e+02 4.677356182456138640e+02
1.423259469902154990e+02 4.668604994211187886e+02
1.430667951171803622e+02 4.659844962150937135e+02
1.438039893458670804e+02 4.651069789308984355e+02
1.445359120888687130e+02 4.642272774571752620e+02
1.452609692098066034e+02 4.633447313989253757e+02
1.459778599266042249e+02 4.624588019053184098e+02
1.466854830535616543e+02 4.615690328233924902e+02
1.473827415883019114e+02 4.606749697339995464e+02
1.480685747254321427e+02 4.597761732712540947e+02
1.487419883137618513e+02 4.588722317887961708e+02
1.494019953748295677e+02 4.579627366231935071e+02
1.500476342344645388e+02 4.570472896355018406e+02
1.506780833787362610e+02 4.561255509818224709e+02
1.512925695492895670e+02 4.551972008885780383e+02
1.518903421424058422e+02 4.542619289789771528e+02
1.524711357758518773e+02 4.533196261373802827e+02
1.530351517039022156e+02 4.523703768005838128e+02
1.535826100831682197e+02 4.514142732459838498e+02
1.541137372747597851e+02 4.504514104644850931e+02
1.546287761627135922e+02 4.494818906732159576e+02
1.551279723514234092e+02 4.485058172790405706e+02
1.556115246430978232e+02 4.475232743074777204e+02
1.560792384220466715e+02 4.465341828649834497e+02
1.565307222627088777e+02 4.455383825566904079e+02
1.569655831174474372e+02 4.445357123018852121e+02
1.573834210645958365e+02 4.435260075655697847e+02
1.577838268494946874e+02 4.425090991228027519e+02
1.581663905514555779e+02 4.414848174139540333e+02
1.585307378723990723e+02 4.404530068536071781e+02
1.588766344679387998e+02 4.394135667580748077e+02
1.592038803591759404e+02 4.383664099247332615e+02
1.595122847578527967e+02 4.373114525842188982e+02
1.598017798792435826e+02 4.362486569164209413e+02
1.600723857120895559e+02 4.351780178899230123e+02
1.603241252369660970e+02 4.340995316016407060e+02
1.605571525431695648e+02 4.330132444012938890e+02
1.607718753081672673e+02 4.319192998366896745e+02
1.609687301998474993e+02 4.308178525674053390e+02
1.611481678003054299e+02 4.297090617658761857e+02
1.613107201333715750e+02 4.285931130189081841e+02
1.614569487652563851e+02 4.274702014949224349e+02
1.615874356703216108e+02 4.263405309477124092e+02
1.617032379100589878e+02 4.252045050854470674e+02
1.618058913582804337e+02 4.240627291385271747e+02
1.618969533102346077e+02 4.229158173661604678e+02
1.619782329211704734e+02 4.217645005776162179e+02
1.620522458270914967e+02 4.206098365113089130e+02
1.621216306106929892e+02 4.194529398001359368e+02
1.621889352256516190e+02 4.182948965456818087e+02
1.622558988065312917e+02 4.171365382216941953e+02
1.623238353947582482e+02 4.159785624765151510e+02
1.623940297115573230e+02 4.148216569871341335e+02
1.624665349613442231e+02 4.136660860055692979e+02
1.625396509513132344e+02 4.125115109238834066e+02
1.626115434701220863e+02 4.113575470553569744e+02
1.626802679002991852e+02 4.102038039003654148e+02
1.627434218432574653e+02 4.090498668570160135e+02
1.627984842693020653e+02 4.078953150774642609e+02
1.628429976730059252e+02 4.067397581725014675e+02
1.628754156426643078e+02 4.055832426032103513e+02
1.628948734981808570e+02 4.044261417066531408e+02
1.629005256203452916e+02 4.032688368222175086e+02
1.628919022605767282e+02 4.021117265046700595e+02
1.628692975517477350e+02 4.009552442955713332e+02
1.628330983134423207e+02 3.997998279816581544e+02
1.627838842446323326e+02 3.986458309771976474e+02
1.627234285277957895e+02 3.974930846233045258e+02
1.626539602957713555e+02 3.963412208118001558e+02
1.625777273405031167e+02 3.951898599181147915e+02
1.624974288041263435e+02 3.940383395759249083e+02
1.624162405461054277e+02 3.928856987862786809e+02
1.623373608557557191e+02 3.917309623908888057e+02
1.622634879821894174e+02 3.905733313572247880e+02
1.621958421611247445e+02 3.894125272433515192e+02
1.621353718608229997e+02 3.882483673301346698e+02
1.620829419032883720e+02 3.870807055902740785e+02
1.620386238026491981e+02 3.859097439847950000e+02
1.620020511786849227e+02 3.847358765591895349e+02
1.619728533450401358e+02 3.835595008029386577e+02
1.619506753689258289e+02 3.823810918603815594e+02
1.619351858427727393e+02 3.812012408399259584e+02
1.619260552818191172e+02 3.800205483281711167e+02
1.619230469525296598e+02 3.788396229907153838e+02
1.619263300114363915e+02 3.776591088477873654e+02
1.619361846136152963e+02 3.764796595880274026e+02
1.619529059843231664e+02 3.753019261148399437e+02
1.619770213456042711e+02 3.741265164430915320e+02
1.620092399178065534e+02 3.729540049421782442e+02
1.620502748602769714e+02 3.717849643738285295e+02
1.621006738995474166e+02 3.706198439103096121e+02
1.621606313712649978e+02 3.694588287170852823e+02
1.622302961388941753e+02 3.683020699888352851e+02
1.623096841463174087e+02 3.671496544937013482e+02
1.623979414289841543e+02 3.660012473524865868e+02
1.624938641564965280e+02 3.648563441049230391e+02
1.625962700871191089e+02 3.637144486920624331e+02
1.627046040958379649e+02 3.625753116344972113e+02
1.628190052250529334e+02 3.614389563963978276e+02
1.629396485704932047e+02 3.603054206193669415e+02
1.630668336644912699e+02 3.591747939384785582e+02
1.632012477590314745e+02 3.580473279900989496e+02
1.633436534054683875e+02 3.569233058730063703e+02
1.634947639115129903e+02 3.558029909930130543e+02
1.636547957523563355e+02 3.546864480682377803e+02
1.638236774668581859e+02 3.535736266685298119e+02
1.640013336858670812e+02 3.524644748637938960e+02
1.641876654517609779e+02 3.513589351757758550e+02
1.643825368526378838e+02 3.502569414343377616e+02
1.645858087514536976e+02 3.491584267107672304e+02
1.647973072669460635e+02 3.480633107107401543e+02
1.650166980311743146e+02 3.469714514029649877e+02
1.652436003699783100e+02 3.458826889427994615e+02
1.654776237210944316e+02 3.447968594923191858e+02
1.657182138343094380e+02 3.437137331072990492e+02
1.659646818490366513e+02 3.426330254803546040e+02
1.662163349803944357e+02 3.415544507209614835e+02
1.664724966310440095e+02 3.404777298494200295e+02
1.667325265636351901e+02 3.394025994089237770e+02
1.669957894985141706e+02 3.383287980592183430e+02
1.672616813514518128e+02 3.372560773480325906e+02
1.675298140960456124e+02 3.361842780845724405e+02
1.677998911486284896e+02 3.351132788564184466e+02
1.680716210739223584e+02 3.340429603743228881e+02
1.683448596776152613e+02 3.329732640630825244e+02
1.686196335849856496e+02 3.319042017840632752e+02
1.688959789971348755e+02 3.308357893471603575e+02
1.691739601842006380e+02 3.297680540886344147e+02
1.694537336405767860e+02 3.287010612160315759e+02
1.697354747732671854e+02 3.276348837032372217e+02
1.700193467354965833e+02 3.265695894330650617e+02
1.703053810098766689e+02 3.255051915832022473e+02
1.705935289835809385e+02 3.244416700541231648e+02
1.708837403923719194e+02 3.233790040602880822e+02
1.711759283122027284e+02 3.223171575920072200e+02
1.714699455531779506e+02 3.212560696122835111e+02
1.717656393168280715e+02 3.201956767549808092e+02
1.720629040433151999e+02 3.191359352191811922e+02
1.723618645242795537e+02 3.180768966105600839e+02
1.726627156602927755e+02 3.170186415723937898e+02
1.729656592873276395e+02 3.159612536214172565e+02
1.732710207495200621e+02 3.149048674460065058e+02
1.735792318510505936e+02 3.138496618428384863e+02
1.738907280955606893e+02 3.127958171413499713e+02
1.742060046839459915e+02 3.117435384065985886e+02
1.745256978677711004e+02 3.106930891481364938e+02
1.748504642641464955e+02 3.096447413140015783e+02
1.751809239076028746e+02 3.085987517010697161e+02
1.755174285342347957e+02 3.075552659868552041e+02
1.758602104331122860e+02 3.065143803782998475e+02
1.762094968260713301e+02 3.054761889835958755e+02
1.765653627336938030e+02 3.044407228718305305e+02
1.769276980978738720e+02 3.034079364557260305e+02
1.772963816782176423e+02 3.023777795164961617e+02
1.776712188709557267e+02 3.013501714479393740e+02
1.780517608117766599e+02 3.003249263280823698e+02
1.784375035907800964e+02 2.993018354348402568e+02
1.788279558125495043e+02 2.982806952297872840e+02
1.792227694749598470e+02 2.972613615698319336e+02
1.796216881059722823e+02 2.962437282248145607e+02
1.800244544656017354e+02 2.952276886464746326e+02
1.804306275858509707e+02 2.942130601834483059e+02
1.808394494770716108e+02 2.931995288688952996e+02
1.812501307279578100e+02 2.921867677206179224e+02
1.816618260243287750e+02 2.911744266005032387e+02
1.820734022057264951e+02 2.901620361396456929e+02
1.824836337289294192e+02 2.891490887026380392e+02
1.828913066241802312e+02 2.881350814479345672e+02
1.832954309392057439e+02 2.871196043246110321e+02
1.836952191010255433e+02 2.861023311095760278e+02
1.840898912553693094e+02 2.850829387769171603e+02
1.844788304945423647e+02 2.840611717952838831e+02
1.848618250621417758e+02 2.830369424521859401e+02
1.852387251077518329e+02 2.820101886773870774e+02
1.856094359896924004e+02 2.809808712688510468e+02
1.859742921256074055e+02 2.799491287466798894e+02
1.863338287886096793e+02 2.789151828280100176e+02
1.866885850451063789e+02 2.778792568012121933e+02
1.870391986450193826e+02 2.768416148307286448e+02
1.873864331320716019e+02 2.758025731865274111e+02
1.877310602205289456e+02 2.747624515229277335e+02
1.880738774946531180e+02 2.737215802099657367e+02
1.884157771379144890e+02 2.726803288020021228e+02
1.887576729509486029e+02 2.716390758075320377e+02
1.891004885901969033e+02 2.705982038174619220e+02
1.894452682962130154e+02 2.695581453703070451e+02
1.897931370582020634e+02 2.685193664517929619e+02
1.901452218416870039e+02 2.674823338662633319e+02
1.905026964350671221e+02 2.664475338127502937e+02
1.908668194530404776e+02 2.654154876265225198e+02
1.912388584543764125e+02 2.643867203476078203e+02
1.916200285930999883e+02 2.633617353092870417e+02
1.920112600188612078e+02 2.623409177922119966e+02
1.924133864588785343e+02 2.613246131375723849e+02
1.928272144914666910e+02 2.603131554411133948e+02
1.932529852744038408e+02 2.593066445937295157e+02
1.936904046321548094e+02 2.583049587439995776e+02
1.941391570976686864e+02 2.573079672212685978e+02
1.945988062022093743e+02 2.563154892343262077e+02
1.950685987462557307e+02 2.553272127977347452e+02
1.955477303432869860e+02 2.543428047237006240e+02
1.960354034390681477e+02 2.533619346544544442e+02
1.965308767879377854e+02 2.523842955559919972e+02
1.970334368510716558e+02 2.514095918708522106e+02
1.975423693168029615e+02 2.504375277214522271e+02
1.980569198095253682e+02 2.494677906351922729e+02
1.985762804105613668e+02 2.485000459612201666e+02
1.990996394679874015e+02 2.475339575023234033e+02
1.996261573390308399e+02 2.465691774670917198e+02
2.001548863680862382e+02 2.456053133237026316e+02
2.006848528493713104e+02 2.446419617499893207e+02
2.012151211338979522e+02 2.436787351874238823e+02
2.017452534789981371e+02 2.427154523170104028e+02
2.022751618516966232e+02 2.417520766742378839e+02
2.028047666881579687e+02 2.407885753026273505e+02
2.033341252418491933e+02 2.398249719173035430e+02
2.038635550867155644e+02 2.388613980617026584e+02
2.043934029658817906e+02 2.378979973615350616e+02
2.049239631082176061e+02 2.369348916903972224e+02
2.054552279832729766e+02 2.359720779290958035e+02
2.059870824835664962e+02 2.350095083985769691e+02
2.065194157580716592e+02 2.340471371828666349e+02
2.070522164910526044e+02 2.330849595948274384e+02
2.075855721276726911e+02 2.321230118553956459e+02
2.081195744484081729e+02 2.311613319812512941e+02
2.086543876405139883e+02 2.301999879809564504e+02
2.091903755005454570e+02 2.292391305439864482e+02
2.097279359280285291e+02 2.282789244857349331e+02
2.102674346229954949e+02 2.273195212841292516e+02
2.108089556265577755e+02 2.263609557501515042e+02
2.113524373581253712e+02 2.254032023763005839e+02
2.118978181955300784e+02 2.244462356378526238e+02
2.124450912479146041e+02 2.234900526805272989e+02
2.129943263235074369e+02 2.225346824198338140e+02
2.135455989613781469e+02 2.215801561450728059e+02
2.140989266561634281e+02 2.206264811027588735e+02
2.146540905161334933e+02 2.196735666249898031e+02
2.152108114818057913e+02 2.187212971215699326e+02
2.157688021254085129e+02 2.177695535360433610e+02
2.163276577567380912e+02 2.168181682402512251e+02
2.168868873182930486e+02 2.158669378315181575e+02
2.174459976586626908e+02 2.149156580398432936e+02
2.180044840020821937e+02 2.139641197802560271e+02
2.185618183359995896e+02 2.130121043427848235e+02
2.191174698835444588e+02 2.120593918724388800e+02
2.196709310466436875e+02 2.111057721152013755e+02
2.202218350108004756e+02 2.101510931315332300e+02
2.207698678269403274e+02 2.091952248794740399e+02
2.213147087914888971e+02 2.082380345192582922e+02
2.218558680237044314e+02 2.072793191356416855e+02
2.223926797277699450e+02 2.063188029469689582e+02
2.229244699994525547e+02 2.053562068129686509e+02
2.234506609401977073e+02 2.043912913602175081e+02
2.239709535037677313e+02 2.034239327196856664e+02
2.244850989874462925e+02 2.024540278753100608e+02
2.249928685711742276e+02 2.014814820466945378e+02
2.254942181989649725e+02 2.005062769852405040e+02
2.259892041521240742e+02 1.995284360034232236e+02
2.264778842364858633e+02 1.985479830451984640e+02
2.269603437566909747e+02 1.975649534449006239e+02
2.274367084334103879e+02 1.965793992777310564e+02
2.279071072182118769e+02 1.955913739571727206e+02
2.283717305241476367e+02 1.946009563548861365e+02
2.288310329322780774e+02 1.936083347644927244e+02
2.292855399824744609e+02 1.926137268717124016e+02
2.297357896919179439e+02 1.916173555305373668e+02
2.301825076500477110e+02 1.906195212899492333e+02
2.306265642954809891e+02 1.896205846974361009e+02
2.310688329088219177e+02 1.886209074776762691e+02
2.315100378166161192e+02 1.876207896565579745e+02
2.319505904113237875e+02 1.866204016384300246e+02
2.323908625958414120e+02 1.856198974705285707e+02
2.328312550275457511e+02 1.846194431105831768e+02
2.332723530552714521e+02 1.836192810180120318e+02
2.337148150495812615e+02 1.826196838988167315e+02
2.341593006253619080e+02 1.816209249744153738e+02
2.346064981152686642e+02 1.806232893615353419e+02
2.350571271469484600e+02 1.796270751397358367e+02
2.355119088693725189e+02 1.786325810187303205e+02
2.359714586564454066e+02 1.776400618947652390e+02
2.364360680623204019e+02 1.766496385335546790e+02
2.369059668859513010e+02 1.756614061209717477e+02
2.373813873898726285e+02 1.746754608633379746e+02
2.378625861821296041e+02 1.736919090512158732e+02
2.383498337532436722e+02 1.727108627254777957e+02
2.388434019389108869e+02 1.717324344841860864e+02
2.393436325747708793e+02 1.707567659203310200e+02
2.398509754196303732e+02 1.697840433301461758e+02
2.403658894489272200e+02 1.688144568275189670e+02
2.408887920256967163e+02 1.678481792899141851e+02
2.414199117354779105e+02 1.668853054005929266e+02
2.419594236584287898e+02 1.659259076801602646e+02
2.425074782614350113e+02 1.649700484540673244e+02
2.430638283103022275e+02 1.640176253145385772e+02
2.436279046130606787e+02 1.630684024944854116e+02
2.441991289291030967e+02 1.621221404787488041e+02
2.447769635787769573e+02 1.611786165530143649e+02
2.453609604730959006e+02 1.602376451125184644e+02
2.459506835060685717e+02 1.592990455160010299e+02
2.465457184934719521e+02 1.583626462024751334e+02
2.471458002310844790e+02 1.574283373203518295e+02
2.477507255077138666e+02 1.564960346963379720e+02
2.483602682582380794e+02 1.555656446907291013e+02
2.489735200567425295e+02 1.546367910206282659e+02
2.495887931463728080e+02 1.537087745935812393e+02
2.502043572021119360e+02 1.527808786848175657e+02
2.508184508756333742e+02 1.518523737192762439e+02
2.514292126786955066e+02 1.509224886425386103e+02
2.520347609557535691e+02 1.499904440466054041e+02
2.526333170170777862e+02 1.490555031733482565e+02
2.532241854377706716e+02 1.481173779679779159e+02
2.538073192126004471e+02 1.471760489601367397e+02
2.543826856240092127e+02 1.462315025976287757e+02
2.549506258406356665e+02 1.452838801976943728e+02
2.555120858649103184e+02 1.443335736090708110e+02
2.560680668028985565e+02 1.433809975052718926e+02
2.566194155399152237e+02 1.424265026799705538e+02
2.571662404086831657e+02 1.414701340106656176e+02
2.577084289158936485e+02 1.405118449064138701e+02
2.582458665505445765e+02 1.395515879406605109e+02
2.587784043750769456e+02 1.385893014294130126e+02
2.593058642387129566e+02 1.376249115902964490e+02
2.598280677220735129e+02 1.366583445297501669e+02
2.603450051597091601e+02 1.356895962556172890e+02
2.608570589254907190e+02 1.347188251666193253e+02
2.613646669317454894e+02 1.337462126666669633e+02
2.618682774788557026e+02 1.327719444624462994e+02
2.623684136080351550e+02 1.317962372186042330e+02
2.628656310801088694e+02 1.308193211523861237e+02
2.633604836014719695e+02 1.298414256298503062e+02
2.638534534464809553e+02 1.288627504220086166e+02
2.643449373795122028e+02 1.278834598721865916e+02
2.648353271218545046e+02 1.269037162343048806e+02
2.653249686046298734e+02 1.259236627870721179e+02
2.658140518643784844e+02 1.249433782072746624e+02
2.663027337911283894e+02 1.239629274359530200e+02
2.667911597725045567e+02 1.229823706456960366e+02
2.672793462100589181e+02 1.220017145364545001e+02
2.677672284805155414e+02 1.210209322184190626e+02
2.682547399592780266e+02 1.200399959719075582e+02
2.687417560183456544e+02 1.190588540155338393e+02
2.692280535509397055e+02 1.180774137157024057e+02
2.697133998911114077e+02 1.170955784733621101e+02
2.701975558018295942e+02 1.161132489573220710e+02
2.706802488204086785e+02 1.151303120217500293e+02
2.711611960071530234e+02 1.141466501646580554e+02
2.716401190905829139e+02 1.131621478193869876e+02
2.721168275869546846e+02 1.121767258140317551e+02
2.725912090896081281e+02 1.111903373456301409e+02
2.730631543538098640e+02 1.102029369222399140e+02
2.735327010830226300e+02 1.092145400262018029e+02
2.740002461780206318e+02 1.082253111842076549e+02
2.744662404010847467e+02 1.072354372720954387e+02
2.749311475298603682e+02 1.062451106404518413e+02
2.753955305488960335e+02 1.052545653699943102e+02
2.758599981154659417e+02 1.042640547530953086e+02
2.763251454834255014e+02 1.032738265517886731e+02
2.767910764871477909e+02 1.022839256950225604e+02
2.772572783155048342e+02 1.012941425916986020e+02
2.777231990544530049e+02 1.003042515110207518e+02
2.781881327990620889e+02 9.931396331921159515e+01
2.786508205337680693e+02 9.832276114912485809e+01
2.791098791044148584e+02 9.733007702177877718e+01
2.795639257029235978e+02 9.633534315883164822e+01
2.800115816631989674e+02 9.533799418327978970e+01
2.804514710489272602e+02 9.433746630072604944e+01
2.808822220932945584e+02 9.333319744262132645e+01
2.813028355775397245e+02 9.232477902448599139e+01
2.817129763120072425e+02 9.131207603162172859e+01
2.821123777015507699e+02 9.029498170921357314e+01
2.825008918393773456e+02 8.927343714079660231e+01
2.828790046237973570e+02 8.824763887044377952e+01
2.832474126547663218e+02 8.721786836731830306e+01
2.836068171849250348e+02 8.618440844644547383e+01
2.839580111930744124e+02 8.514756812939670283e+01
2.843018731565032908e+02 8.410768086501721541e+01
2.846392848875086656e+02 8.306508104294044870e+01
2.849711600714728092e+02 8.202010675436129361e+01
2.852984944026980543e+02 8.097310561453166144e+01
2.856222965842924850e+02 7.992442674947301384e+01
2.859435693514614059e+02 7.887441357803594144e+01
2.862632672122654185e+02 7.782336339892724197e+01
2.865823213344724536e+02 7.677155119027736419e+01
2.869016534101781417e+02 7.571924780650478226e+01
2.872218122222597003e+02 7.466656499558487781e+01
2.875428559840869980e+02 7.361340519779612634e+01
2.878648094972841136e+02 7.255965659796119382e+01
2.881876228952305610e+02 7.150519167788861807e+01
2.885109633026351048e+02 7.044982340159329226e+01
2.888344308047832669e+02 6.939335063444637797e+01
2.891576341381761495e+02 6.833558825562775496e+01
2.894802927049711911e+02 6.727655599168213030e+01
2.898022024102201044e+02 6.621641517963118417e+01
2.901231598085832957e+02 6.515533136809531811e+01
2.904428683788134435e+02 6.409361762381149674e+01
2.907608573826303768e+02 6.303186313404297891e+01
2.910766369501786812e+02 6.197068740812088805e+01
2.913896465168876375e+02 6.091077535924975450e+01
2.916989266909571938e+02 5.985318087935859666e+01
2.920033783520883617e+02 5.879908713149750099e+01
2.923019101205759398e+02 5.774969702139116379e+01
2.925936046598640132e+02 5.670664589067706629e+01
2.928777146457850904e+02 5.567199150188548629e+01
2.931535000731344667e+02 5.464780924315480348e+01
2.934203690491526118e+02 5.363619004225852649e+01
2.936781309844129737e+02 5.263926693084069797e+01
2.939266625962481498e+02 5.165918000222383455e+01
2.941665379973879908e+02 5.069520795834711890e+01
2.944043111275072988e+02 4.972209445926839066e+01
2.946495771240664112e+02 4.870210522618143045e+01
2.949122500139564522e+02 4.759618561278912807e+01
2.952154119936906227e+02 4.631071763367222616e+01
2.956003089076459105e+02 4.467682081009769490e+01
2.961095130665136708e+02 4.252011834657771772e+01
