2.183542939631497148e+01 1.245564326926638330e+02
2.232514424503473904e+01 1.230128689045070303e+02
2.270396052724997560e+01 1.217483235046333050e+02
2.300575323457766075e+01 1.206704750933037786e+02
2.326395303179886653e+01 1.196880193086437600e+02
2.349872110143263626e+01 1.187400248493390933e+02
2.371499457594061511e+01 1.178004073647889101e+02
2.391687303215088178e+01 1.168449996197310838e+02
2.410773968365929676e+01 1.158533355879010855e+02
2.428704029795498087e+01 1.148252927088943949e+02
2.445287496447498654e+01 1.137677010902972796e+02
2.460343364618039175e+01 1.126874047371767773e+02
2.474203898139033697e+01 1.115916913897092400e+02
2.487978524212706688e+01 1.104885206690084800e+02
2.502841417425464243e+01 1.093859081722351618e+02
2.519966993109306586e+01 1.082917825045564229e+02
2.540531507247856169e+01 1.072134071625760470e+02
2.565712065460509450e+01 1.061577386320429781e+02
2.596684109270294272e+01 1.051317326098880187e+02
2.634392106760054730e+01 1.041424639446635467e+02
2.679315390592300261e+01 1.031972474330283092e+02
2.731877467656971703e+01 1.023034266703259334e+02
2.792446714338140268e+01 1.014681541260281676e+02
2.860789763947174436e+01 1.006964961528982343e+02
2.936302844061658845e+01 9.999223498490307804e+01
3.018376606180206068e+01 9.935913140503812713e+01
3.106303180402537478e+01 9.879926476159150184e+01
3.199107636462186832e+01 9.831015656492262167e+01
3.295770230803841372e+01 9.788856351063944317e+01
3.395281856270533183e+01 9.753127947993894509e+01
3.496806624766609417e+01 9.723570393991626304e+01
3.599649574481071568e+01 9.699972904576912924e+01
3.703119836569175760e+01 9.682126124451671956e+01
3.806611309144921051e+01 9.669746689741523937e+01
3.909831238677290344e+01 9.662277657503297235e+01
4.012559259745543727e+01 9.659098883977564753e+01
4.114578546982433238e+01 9.659572505098633144e+01
4.215764714606737584e+01 9.662597935607220734e+01
4.316092386645996726e+01 9.666578980745399008e+01
4.415541043168200730e+01 9.669895138064889295e+01
4.514117845157595355e+01 9.671016862382131762e+01
4.611970386714736492e+01 9.668876060440143760e+01
4.709290688923042012e+01 9.662550622474826412e+01
4.806269539105460353e+01 9.651128506622443126e+01
4.903038615785568766e+01 9.634170592608215600e+01
4.999646139685116708e+01 9.611905494854605081e+01
5.096134028143649175e+01 9.584612260301096853e+01
5.192527914221899721e+01 9.552596090060362144e+01
5.288738999362140447e+01 9.516345973818467030e+01
5.384629424455620494e+01 9.476429697391429841e+01
5.480061491609439628e+01 9.433414777566517273e+01
5.574934672159899662e+01 9.387807957064370612e+01
5.669218069770690249e+01 9.340002125297527868e+01
5.762888442891215846e+01 9.290377655614375385e+01
5.855936769285868593e+01 9.239325594595061375e+01
5.948495542965041949e+01 9.187343213043178025e+01
6.040778403321216672e+01 9.134988690706997261e+01
6.132999944496445721e+01 9.082820801644813002e+01
6.225372111509183526e+01 9.031348573780407207e+01
6.318100191129951071e+01 8.980956004216920974e+01
6.411388440640625674e+01 8.932007757973333639e+01
6.505431159537045005e+01 8.884842033264708050e+01
6.600276711365117421e+01 8.839409145080227859e+01
6.695862663648627233e+01 8.795364923612852692e+01
6.792123815234327822e+01 8.752357845617690657e+01
6.888943069794434848e+01 8.709941874286803909e+01
6.986025987874093346e+01 8.667347988431336603e+01
7.083040279510953496e+01 8.623738232007545434e+01
7.179650576126648787e+01 8.578283199542947557e+01
7.275450700974182894e+01 8.530350148703803370e+01
7.369963669137955264e+01 8.479503000295147785e+01
7.462709417086341546e+01 8.425314225693254855e+01
7.553143679258249676e+01 8.367384343148226833e+01
7.640421380686765929e+01 8.305445280517064077e+01
7.723609421811772791e+01 8.239267419498175116e+01
7.801775232794754800e+01 8.168621965675647800e+01
7.874007933405624726e+01 8.093312979189094847e+01
7.939425212071833471e+01 8.013187794843395295e+01
7.997146706573116148e+01 7.928096700244692840e+01
8.046441740296900491e+01 7.837961490853237478e+01
8.087547732683572121e+01 7.743166441270608402e+01
8.121087280494063521e+01 7.644279833125284540e+01
8.147687633260132145e+01 7.541871261452742203e+01
8.168285425734454464e+01 7.436581382398847495e+01
8.184356855537103570e+01 7.329174781547236250e+01
8.197432334659880837e+01 7.220428496703556220e+01
8.209029928200099846e+01 7.111105702226187475e+01
8.220555386811462029e+01 7.001843462594774792e+01
8.233354508515716930e+01 6.893211525754220759e+01
8.248770838359941138e+01 6.785778273613061629e+01
8.267705560772850504e+01 6.679919890594047160e+01
8.290028073126984509e+01 6.575564268776921040e+01
8.315460943550382922e+01 6.472575505657414396e+01
8.343705155803490925e+01 6.370808790681565625e+01
8.374175913122412851e+01 6.270001369274113046e+01
8.406086015333276862e+01 6.169806953273476324e+01
8.438643998034957860e+01 6.069877494203343815e+01
8.471109802106222730e+01 5.969885057081933155e+01
8.502905859848500825e+01 5.869565285422674350e+01
8.533486632414977180e+01 5.768666354761696624e+01
8.562316383248862905e+01 5.666940730486906119e+01
8.589059234684566491e+01 5.564228343774004770e+01
8.613565905449330273e+01 5.460450787417056517e+01
8.635694260139810297e+01 5.355532781512062002e+01
8.655288188775453762e+01 5.249408753789003867e+01
8.672131089248428282e+01 5.142055153673516799e+01
8.685989995128015551e+01 5.033459798295208998e+01
8.696635072289845425e+01 4.923614873906699785e+01
8.703944383265564966e+01 4.812663047433574093e+01
8.707928611392920004e+01 4.700931948606468325e+01
8.708606583499829412e+01 4.588760564670947417e+01
8.705986071408152327e+01 4.476489083120230816e+01
8.700008965723719712e+01 4.364464844204881899e+01
8.690592852773669108e+01 4.253037826903428709e+01
8.677661220947835830e+01 4.142555999415429824e+01
8.661543521359178044e+01 4.033229632102437279e+01
8.643228712342416031e+01 3.925045298140457106e+01
8.623766174974822718e+01 3.817969076013412888e+01
8.604273465019001321e+01 3.711964804003063279e+01
8.586436163711425706e+01 3.606977655224144996e+01
8.572221918095834781e+01 3.502943534183495444e+01
8.563597756681278383e+01 3.399798784063938228e+01
8.562036343453934251e+01 3.297573851800463984e+01
8.567939350699143120e+01 3.196503050772584231e+01
8.581568371761377989e+01 3.096847358801377226e+01
8.603075383165901258e+01 2.998873240108451910e+01
8.631296629880023374e+01 2.902913012224866307e+01
8.664199398914064432e+01 2.809342484651513416e+01
8.699735865651794597e+01 2.718537659224548975e+01
8.736205879399427943e+01 2.630206477530358455e+01
8.772926581326012752e+01 2.542102140773389252e+01
8.809400194622593006e+01 2.451622212493428776e+01
8.845147645038775863e+01 2.355938894250255089e+01
8.880029810294220738e+01 2.248128036355965165e+01
8.914203874716857001e+01 2.117695055498538892e+01
8.947836944421705141e+01 1.954025812874350976e+01
