4.532147428822383262e+01 7.544020752191268286e+01
4.744567835601157668e+01 7.581801641028785355e+01
4.918122291640491994e+01 7.612928840059379354e+01
5.061323577442838229e+01 7.638857455281036835e+01
5.182684473510645518e+01 7.661042592691730135e+01
5.290693604644109627e+01 7.680935259309856633e+01
5.391612769037163133e+01 7.699608592088132752e+01
5.487710351155603661e+01 7.717458085856839034e+01
5.580839019567983428e+01 7.734808692642013739e+01
5.672851442842851810e+01 7.751985364469686601e+01
5.765543347752310410e+01 7.769302925293939666e+01
5.859700377642936076e+01 7.786896538463756201e+01
5.955240902589613938e+01 7.804747107950274199e+01
6.052055121109167146e+01 7.822830526931427642e+01
6.150033231718416715e+01 7.841122688585150513e+01
6.249063920901736680e+01 7.859601668993246903e+01
6.349025955844426505e+01 7.878259864615610297e+01
6.449794105669420219e+01 7.897095443868839482e+01
6.551243128470065358e+01 7.916106591092817268e+01
6.653247793470403337e+01 7.935291491952420984e+01
6.755692566444213298e+01 7.954649486385108048e+01
6.858489351295573044e+01 7.974183180550042493e+01
6.961554871256501542e+01 7.993895754296868006e+01
7.064805849559014916e+01 8.013790387475219745e+01
7.168159451566314999e+01 8.033870304975863519e+01
7.271550450174974856e+01 8.054140525418058871e+01
7.374936736889245026e+01 8.074608422578037903e+01
7.478277773244383297e+01 8.095281530175464013e+01
7.581533020775654563e+01 8.116167381930007707e+01
7.684663362557375876e+01 8.137273617035853590e+01
7.787645709800619898e+01 8.158609063933445782e+01
7.890467083128618242e+01 8.180183301155446429e+01
7.993114661560440481e+01 8.202005918987077848e+01
8.095575624115166136e+01 8.224086507713559513e+01
8.197839833686852273e+01 8.246432648924243836e+01
8.299909467669274932e+01 8.269042707652242541e+01
8.401790233218866888e+01 8.291912407146040209e+01
8.503487837786505565e+01 8.315037470433740907e+01
8.605007997305978051e+01 8.338413614434325893e+01
8.706357644295569287e+01 8.362035679919208064e+01
8.807546183944671725e+01 8.385896726916462285e+01
8.908583321497962970e+01 8.409989599363356660e+01
9.009478762200134838e+01 8.434307141197166402e+01
9.110242023732229200e+01 8.458842567339338814e+01
9.210878556401186756e+01 8.483597137615196004e+01
9.311389875592973908e+01 8.508579894773365027e+01
9.411777335629668073e+01 8.533800200132552050e+01
9.512042290833329616e+01 8.559267415011456137e+01
9.612185328539754892e+01 8.584992271258434471e+01
9.712201217383109508e+01 8.610995898173908358e+01
9.812082058085296410e+01 8.637304192357220245e+01
9.911819937444178663e+01 8.663943075288628393e+01
1.001140694220488427e+02 8.690938468310694986e+01
1.011083497881380850e+02 8.718315821958186973e+01
1.021009537037035955e+02 8.746099063492270886e+01
1.030917932221163653e+02 8.774311812665494870e+01
1.040807803967472722e+02 8.802977689230412750e+01
1.050678275219286917e+02 8.832120238048314320e+01
1.060528597334209877e+02 8.861759012839482352e+01
1.070358211936197961e+02 8.891907653808742396e+01
1.080166576031816277e+02 8.922579323066393897e+01
1.089953146627631213e+02 8.953787182722750515e+01
1.099717450370996943e+02 8.985542679979194247e+01
1.109459943476280159e+02 9.017834371389895409e+01
1.119181744256858195e+02 9.050634509278467021e+01
1.128883985235228096e+02 9.083914996068006076e+01
1.138567798933887616e+02 9.117647734181602459e+01
1.148234403449315977e+02 9.151802560474574477e+01
1.157885467715364314e+02 9.186338429579333820e+01
1.167522808603092841e+02 9.221210725249281381e+01
1.177148243070579952e+02 9.256374829137449467e+01
1.186763588019768321e+02 9.291786124551595094e+01
1.196370646377813927e+02 9.327400406755754148e+01
1.205971188806160654e+02 9.363174422159809751e+01
1.215566981427045050e+02 9.399065050982825653e+01
1.225159790362704086e+02 9.435029173443869865e+01
1.234751372829389595e+02 9.471023889233462967e+01
1.244343245601883865e+02 9.507012223275603446e+01
1.253936663393925528e+02 9.542963658502020508e+01
1.263532867679302711e+02 9.578848004118432868e+01
1.273133099931804395e+02 9.614635069330566353e+01
1.282738577827219046e+02 9.650295249532875630e+01
1.292350309258665106e+02 9.685804107455074075e+01
1.301969192968986704e+02 9.721139894400030812e+01
1.311596126764547989e+02 9.756280884737839187e+01
1.321232008448617137e+02 9.791205352913561910e+01
1.330877531657532984e+02 9.825896515842654821e+01
1.340532633191626530e+02 9.860355911916910543e+01
1.350197074519175260e+02 9.894589323964228811e+01
1.359870617108456372e+02 9.928602534812515046e+01
1.369553019885088361e+02 9.962401388755689879e+01
1.379243852127679588e+02 9.995996314597337573e+01
1.388942365585012908e+02 1.002940541707835820e+02
1.398647781737004152e+02 1.006264753265652274e+02
1.408359322063568015e+02 1.009574149778960930e+02
1.418076212347836815e+02 1.012870604474830998e+02
1.427797747093771648e+02 1.016155824197316093e+02
1.437523276013739348e+02 1.019431382122971428e+02
1.447252150380167279e+02 1.022698847651222422e+02
1.456983721465481949e+02 1.025959790181495208e+02
1.466717379198879598e+02 1.029215685630778125e+02
1.476452747817433817e+02 1.032467443296741294e+02
1.486189539373461912e+02 1.035715760116239466e+02
1.495927466074151653e+02 1.038961332651606995e+02
1.505666240325587069e+02 1.042204856984459127e+02
1.515405676943010462e+02 1.045446781680245323e+02
1.525145860025666025e+02 1.048686904462784923e+02
1.534886917406092834e+02 1.051924917355410116e+02
1.544628976916831675e+02 1.055160512381453231e+02
1.554372170587797655e+02 1.058393371423263147e+02
1.564116774804695638e+02 1.061622827595295888e+02
1.573863243263367053e+02 1.064847785625419050e+02
1.583612040535379037e+02 1.068067123965433893e+02
1.593363631192295600e+02 1.071279721067140827e+02
1.603118488720928951e+02 1.074484433846588871e+02
1.612877178482443696e+02 1.077679897287307682e+02
1.622640319964758646e+02 1.080864615623749785e+02
1.632408533352502502e+02 1.084037091407385844e+02
1.642182438830305955e+02 1.087195827189689226e+02
1.651962600493027082e+02 1.090339460933919611e+02
1.661749343981602465e+02 1.093467206278228900e+02
1.671542931581192022e+02 1.096578429814131397e+02
1.681343625576458294e+02 1.099672498134347336e+02
1.691151686501647191e+02 1.102748782057667825e+02
1.700967180619769863e+02 1.105807121437244689e+02
1.710789805968850033e+02 1.108848245141878834e+02
1.720619219520306729e+02 1.111872981188601557e+02
1.730455078245557274e+02 1.114882157594444578e+02
1.740297054752770123e+02 1.117876564627784575e+02
1.750145124324996857e+02 1.120856261870043511e+02
1.759999536292897062e+02 1.123820647324749871e+02
1.769860549880700944e+02 1.126769095111377226e+02
1.779728424312638708e+02 1.129700979349398580e+02
1.789603415983391415e+02 1.132615680993406215e+02
1.799485761496649729e+02 1.135512628805533097e+02
1.809375689006194534e+02 1.138391271959700077e+02
1.819273426634169368e+02 1.141251059706240909e+02
1.829179202502951966e+02 1.144091441294936544e+02
1.839093245073008234e+02 1.146911865163755522e+02
1.849015783819899070e+02 1.149711777313242749e+02
1.858947048408904266e+02 1.152490623288390452e+02
1.868887268505306736e+02 1.155247848634191996e+02
1.878836670618808569e+02 1.157982906513918522e+02
1.888795338895728264e+02 1.160695593788278046e+02
1.898763160274085919e+02 1.163386183423436648e+02
1.908740007200879631e+02 1.166054983370173659e+02
1.918725752123106076e+02 1.168702301579267129e+02
1.928720282570048141e+02 1.171328409589543185e+02
1.938723669158796383e+02 1.173933136925588911e+02
1.948736104418025548e+02 1.176516018790611611e+02
1.958757783085558515e+02 1.179076585054452408e+02
1.968788899899218166e+02 1.181614365586951152e+02
1.978829758400067647e+02 1.184128627583173170e+02
1.988881192885441465e+02 1.186617356876709266e+02
1.998944199249911264e+02 1.189078149170136953e+02
2.009019773426423683e+02 1.191508600073394888e+02
2.019108912537374181e+02 1.193906302324834883e+02
2.029212828122583971e+02 1.196268331012506536e+02
2.039333192787405551e+02 1.198590648112014492e+02
2.049471738922274824e+02 1.200869071264768451e+02
2.059630198917626558e+02 1.203099418112177119e+02
2.069810317524686525e+02 1.205277476454018597e+02
2.080014134221543998e+02 1.207398322555471992e+02
2.090243989125989685e+02 1.209456306872247211e+02
2.100502235899315906e+02 1.211445747163094779e+02
2.110791228202817535e+02 1.213360961186766787e+02
2.121113117990819603e+02 1.215196753665640301e+02
2.131468422491055890e+02 1.216951875900653590e+02
2.141856865844794129e+02 1.218626993872564697e+02
2.152278166959380030e+02 1.220222786197950882e+02
2.162732044721404350e+02 1.221739931543484516e+02
2.173218034045929130e+02 1.223179552722476160e+02
2.183735037647154797e+02 1.224544298816387027e+02
2.194281822545391094e+02 1.225837146500768711e+02
2.204857155760946341e+02 1.227061072451175221e+02
2.215459798271618297e+02 1.228219067931066206e+02
2.226088139511554118e+02 1.229315021189804611e+02
2.236739987790776354e+02 1.230354223434752612e+02
2.247413100813659526e+02 1.231342088046137917e+02
2.258105236284579291e+02 1.232284028404189087e+02
2.268814171307444099e+02 1.233185411054509757e+02
2.279537963010930923e+02 1.234050926502978314e+02
2.290274878962528362e+02 1.234884757211138719e+02
2.301023191855032337e+02 1.235691073266953026e+02
2.311781174381235928e+02 1.236474044758381012e+02
2.322546759846045461e+02 1.237238661128209287e+02
2.333315979155349567e+02 1.237994504616589779e+02
2.344084200769961512e+02 1.238752756747515775e+02
2.354846792476400026e+02 1.239524600672875181e+02
2.365599122422603102e+02 1.240321218672005301e+02
2.376336679675528103e+02 1.241153501100345551e+02
2.387055249001960533e+02 1.242031624431834729e+02
2.397750659529981760e+02 1.242965658042933939e+02
2.408418740387671164e+02 1.243965671310102863e+02
2.419055377643990141e+02 1.245041596142351494e+02
2.429658163846123102e+02 1.246199244645776929e+02
2.440226652802826379e+02 1.247439694022117180e+02
2.450760506529939562e+02 1.248763760238115168e+02
2.461259387043296840e+02 1.250172259260512817e+02
2.471723055748613547e+02 1.251665767107632234e+02
2.482152212382364951e+02 1.253242594466602498e+02
2.492548072744269234e+02 1.254899806137496512e+02
2.502911857986035784e+02 1.256634453999537868e+02
2.513244789259375409e+02 1.258443589931946605e+02
2.523548098658226024e+02 1.260324239397001520e+02
2.533823061383986897e+02 1.262273323786132408e+02
2.544070963252049467e+02 1.264287738866270558e+02
2.554293090077801480e+02 1.266364380404346690e+02
2.564490726448839268e+02 1.268500147131449864e+02
2.574665048643944942e+02 1.270692199259331119e+02
2.584817041367584238e+02 1.272938159501151461e+02
2.594947669725901278e+02 1.275235697884617991e+02
2.605057898825039047e+02 1.277582484437436250e+02
2.615148695411871813e+02 1.279976185226243217e+02
2.625221054722932195e+02 1.282414397537530704e+02
2.635275996133604508e+02 1.284894660381440872e+02
2.645314539782338557e+02 1.287414510925907791e+02
2.655337705807585849e+02 1.289971486338864679e+02
2.665346519821719085e+02 1.292563110573045719e+02
2.675342042780701490e+02 1.295186822254301546e+02
2.685325349681249918e+02 1.297840026111152838e+02
2.695297515555729433e+02 1.300520126786054789e+02
2.705259615579399224e+02 1.303224528576485000e+02
2.715212835928579693e+02 1.305950367799634364e+02
2.725158672281689860e+02 1.308694033568474993e+02
2.735098673837532601e+02 1.311451785786341020e+02
2.745034389794904541e+02 1.314219884356566581e+02
2.754967367307029917e+02 1.316994594120947966e+02
2.764899074480191530e+02 1.319772370757396516e+02
2.774830877009815708e+02 1.322549917185400261e+02
2.784764133774528432e+02 1.325323952781666037e+02
2.794700203652949426e+02 1.328091196922901531e+02
2.804640412704063692e+02 1.330848448219409477e+02
2.814585723609323509e+02 1.333593382552305400e+02
2.824536872953493685e+02 1.336324221648270054e+02
2.834494593910665117e+02 1.339039195468095613e+02
2.844459619654923017e+02 1.341736533972571976e+02
2.854432558313407071e+02 1.344414769012572322e+02
2.864413452955803905e+02 1.347073796608493979e+02
2.874402187120459189e+02 1.349713897923516868e+02
2.884398644336231428e+02 1.352335354143712607e+02
2.894402708107262470e+02 1.354938446514840109e+02
2.904414258577568262e+02 1.357523464394779751e+02
2.914433169156883991e+02 1.360090713399542892e+02
2.924459312451318738e+02 1.362640501085293465e+02
2.934492561066978169e+02 1.365173135008193128e+02
2.944532795194878076e+02 1.367688904412817976e+02
2.954580055743567186e+02 1.370187710537292105e+02
2.964634537059629338e+02 1.372669084187565716e+02
2.974696439617673036e+02 1.375132541375227220e+02
2.984765963892303944e+02 1.377577598111862756e+02
2.994843315041849792e+02 1.380003759101549861e+02
3.004928733180758513e+02 1.382410444656671302e+02
3.015022474225171436e+02 1.384797036940890109e+02
3.025124794168688709e+02 1.387162917930867536e+02
3.035235948949161866e+02 1.389507469737850442e+02
3.045356037344532751e+02 1.391830453890621015e+02
3.055484657222019678e+02 1.394132841223239154e+02
3.065621306870677927e+02 1.396415842972691621e+02
3.075765484579560507e+02 1.398680670375964041e+02
3.085916684847713327e+02 1.400928543819932770e+02
3.096074207014638091e+02 1.403161154848468186e+02
3.106237065134038176e+02 1.405380883746524603e+02
3.116404250625839154e+02 1.407590165441852150e+02
3.126574754909964895e+02 1.409791434862202379e+02
3.136747597595786488e+02 1.411987058880002621e+02
3.146922167398434453e+02 1.414178513267676180e+02
3.157098112424517353e+02 1.416366647571351791e+02
3.167275086167720133e+02 1.418552298331580346e+02
3.177452742121737401e+02 1.420736302088915295e+02
3.187630760684164670e+02 1.422919430432068566e+02
3.197808961821854723e+02 1.425102117999461768e+02
3.207987210621493546e+02 1.427284690500515580e+02
3.218165372192424911e+02 1.429467473589931501e+02
3.228343311427886988e+02 1.431650793444149770e+02
3.238520842972891955e+02 1.433835097549559805e+02
3.248697667102725859e+02 1.436021109505515483e+02
3.258873468261386961e+02 1.438209591131489162e+02
3.269047930892867839e+02 1.440401304246952066e+02
3.279220724524697061e+02 1.442597046682905670e+02
3.289391126066382753e+02 1.444798564133932643e+02
3.299557990140429524e+02 1.447008621785437299e+02
3.309720150509198788e+02 1.449230035183637426e+02
3.319876440935061055e+02 1.451465619874753372e+02
3.330025656695331691e+02 1.453718284316174731e+02
3.340166259519237997e+02 1.455991742221991672e+02
3.350296539991915097e+02 1.458290120484880106e+02
3.360414787301816659e+02 1.460617549369385131e+02
3.370519290643205750e+02 1.462978159126052731e+02
3.380608563827233866e+02 1.465375537732396083e+02
3.390681940756611539e+02 1.467811293290247647e+02
3.400738942445022417e+02 1.470286582175685908e+02
3.410779089906154695e+02 1.472802560764791053e+02
3.420801911475464294e+02 1.475360367757313611e+02
3.430807460170881313e+02 1.477959875157277736e+02
3.440796655574869192e+02 1.480598862896547416e+02
3.450770498411475273e+02 1.483274915013830082e+02
3.460729989404752018e+02 1.485985615547832595e+02
3.470676134200760998e+02 1.488728536654465415e+02
3.480610015452006110e+02 1.491501064579512388e+02
3.490532776856794044e+02 1.494300438191032470e+02
3.500445563789243693e+02 1.497123892311327893e+02
3.510349521623469968e+02 1.499968661762702880e+02
3.520245787614501864e+02 1.502832000968657837e+02
3.530135450572537366e+02 1.505711281308856826e+02
3.540019581415253924e+02 1.508603917359293121e+02
3.549899251031800986e+02 1.511507323764861610e+02
3.559775530465965971e+02 1.514418914797105344e+02
3.569649563336404867e+02 1.517335929516367230e+02
3.579522681334912022e+02 1.520255152934296916e+02
3.589396246219222348e+02 1.523173297476959078e+02
3.599271619747071895e+02 1.526087075570417539e+02
3.609150156301655556e+02 1.528993217444433697e+02
3.619032963696466823e+02 1.531889048600413332e+02
3.628920850890878000e+02 1.534772616037090529e+02
3.638814608891461830e+02 1.537642010095073033e+02
3.648715028704793895e+02 1.540495321114969443e+02
3.658622852702364412e+02 1.543330756852856211e+02
3.668538330849270324e+02 1.546147713839067137e+02
3.678461426964543648e+02 1.548946279421683982e+02
3.688392101333839719e+02 1.551726549479098480e+02
3.698330314242815575e+02 1.554488619889702932e+02
3.708275845975313132e+02 1.557233021094712058e+02
3.718227723146565040e+02 1.559962103052266968e+02
3.728184775149592269e+02 1.562678691857037734e+02
3.738145831376749584e+02 1.565385613605301387e+02
3.748109720086553125e+02 1.568085697130666460e+02
3.758075149581498522e+02 1.570782060866509084e+02
3.768040603931708574e+02 1.573478364591605327e+02
3.778004542623722273e+02 1.576178327434822108e+02
3.787965425144076335e+02 1.578885668525026631e+02
3.797921734304965184e+02 1.581604050677993030e+02
3.807872394553772892e+02 1.584336070508291812e+02
3.817816724935173625e+02 1.587083371988768192e+02
3.827754058374500801e+02 1.589847565581407025e+02
3.837683727797090114e+02 1.592630261748194869e+02
3.847605127660486346e+02 1.595432922399273821e+02
3.857518075932537727e+02 1.598255987000904668e+02
3.867422568825316489e+02 1.601099464699903763e+02
3.877318603171422637e+02 1.603963363145000187e+02
3.887206175926782521e+02 1.606847689687192542e+02
3.897085441074561913e+02 1.609752072580315314e+02
3.906957017108843502e+02 1.612675018650054710e+02
3.916821608006322890e+02 1.615614828348890057e+02
3.926679917743691703e+02 1.618569802129298125e+02
3.936532644800319645e+02 1.621538253715468727e+02
3.946380247419630791e+02 1.624519076811991738e+02
3.956222855492649728e+02 1.627511957835633325e+02
3.966060575248627629e+02 1.630516640327687696e+02
3.975893512916816235e+02 1.633532867829449629e+02
3.985721720736421503e+02 1.636560514225591305e+02
3.995544607642300434e+02 1.639601006473469340e+02
4.005361159970232734e+02 1.642656791773925420e+02
4.015170356664920632e+02 1.645730335171436138e+02
4.024971176671062381e+02 1.648824101710478942e+02
4.034762860603359513e+02 1.651939924707389764e+02
4.044545906111987961e+02 1.655076602722219263e+02
4.054321187853469723e+02 1.658232024139900602e+02
4.064089580555751127e+02 1.661404077172957159e+02
4.073851966005271379e+02 1.664590632993163979e+02
4.083610425026352573e+02 1.667786668034620732e+02
4.093369580566488253e+02 1.670981021494409902e+02
4.103134379815127204e+02 1.674161749779139541e+02
4.112909769961723896e+02 1.677316909295419691e+02
4.122700724892429207e+02 1.680434491997916666e+02
4.132512839897755725e+02 1.683500989628990965e+02
4.142352335800580363e+02 1.686501383752733432e+02
4.152225460946098679e+02 1.689420589488072721e+02
4.162138463679499978e+02 1.692243521953936920e+02
4.172097221322537735e+02 1.694955991998351124e+02
4.182104653775139695e+02 1.697550950311390636e+02
4.192162266200822387e+02 1.700024763056168240e+02
4.202271554938711233e+02 1.702373817699762810e+02
4.212434016193576554e+02 1.704594502033600634e+02
4.222650238370490570e+02 1.706685395478007194e+02
4.232917737056567944e+02 1.708652495914288068e+02
4.243233378313910293e+02 1.710503369320530282e+02
4.253594028204619804e+02 1.712245581674817743e+02
4.263996552122001162e+02 1.713886700570552364e+02
4.274437775816207363e+02 1.715434389349865967e+02
4.284914463867503969e+02 1.716896459096356864e+02
4.295423375626477878e+02 1.718280733524690334e+02
4.305961270443714284e+02 1.719595036349532506e+02
4.316524953483985882e+02 1.720847080689513859e+02
4.327111878275845811e+02 1.722043014504617986e+02
4.337719979115469187e+02 1.723187825175516537e+02
4.348347201651356499e+02 1.724286472678236350e+02
4.358991491532001987e+02 1.725343916988799435e+02
4.369650970784845185e+02 1.726364692306149209e+02
4.380324734861754337e+02 1.727350982991966077e+02
4.391012213196219136e+02 1.728304167179489923e+02
4.401712835521344687e+02 1.729225622278687808e+02
4.412426032022090112e+02 1.730116724608908498e+02
4.423151372783472652e+02 1.730978512815693193e+02
4.433888765110589247e+02 1.731811211603633183e+02
4.444638166095962220e+02 1.732614925506494217e+02
4.455399532832104228e+02 1.733389759058041761e+02
4.466172834426483291e+02 1.734135787781991667e+02
4.476958390630229587e+02 1.734852240574232951e+02
4.487756918877406633e+02 1.735537386126703154e+02
4.498569158071637730e+02 1.736189441293162190e+02
4.509395847116547884e+02 1.736806622927370825e+02
4.520237493752789533e+02 1.737387705859734695e+02
4.531092460687073071e+02 1.737936642561511746e+02
4.541957947102790740e+02 1.738460193993736311e+02
4.552831140657867763e+02 1.738965148937380718e+02
4.563709229010062245e+02 1.739458296173820315e+02
4.574589235085418295e+02 1.739946821534375374e+02
4.585467542647002119e+02 1.740439451413631105e+02
4.596340380460775350e+02 1.740945285792960817e+02
4.607203977292694503e+02 1.741473424653737254e+02
4.618054574319586436e+02 1.742032937989897903e+02
4.628889461267567640e+02 1.742630362264514190e+02
4.639707757177394569e+02 1.743267813905146397e+02
4.650508764981271383e+02 1.743946965016271804e+02
4.661291787611399968e+02 1.744669487702368258e+02
4.672056194194827299e+02 1.745436894067925380e+02
4.682802479177528312e+02 1.746247976201570395e+02
4.693532077881102964e+02 1.747099251995211944e+02
4.704246454562380677e+02 1.747987169401237395e+02
4.714947073478182915e+02 1.748908176372032131e+02
4.725635352449484117e+02 1.749858832938303124e+02
4.736312414192266829e+02 1.750836411400861437e+02
4.746979265876992713e+02 1.751838462943022705e+02
4.757636914404936306e+02 1.752862539397838759e+02
4.768286366644690020e+02 1.753906192683457448e+02
4.778928606717014418e+02 1.754967033965190240e+02
4.789564556241299442e+02 1.756042837194322033e+02
4.800195126196620095e+02 1.757131404035038713e+02
4.810821227562056492e+02 1.758230536151525882e+02
4.821443761527797278e+02 1.759338059460619093e+02
4.832063262087472708e+02 1.760452709634650716e+02
4.842679793813933316e+02 1.761574385369193578e+02
4.853293390658925546e+02 1.762703061225761871e+02
4.863904086574203234e+02 1.763838711765872631e+02
4.874511939776302825e+02 1.764981258376961080e+02
4.885117272324777105e+02 1.766130044258529210e+02
4.895720568223613895e+02 1.767284057723585988e+02
4.906322313827250241e+02 1.768442281934349580e+02
4.916922995490120911e+02 1.769603700053039574e+02
4.927523080776810502e+02 1.770767360620983482e+02
4.938122953631428231e+02 1.771932603136106650e+02
4.948722974744878229e+02 1.773098848005644754e+02
4.959323504807123300e+02 1.774265515640103672e+02
4.969924903933703604e+02 1.775432028009759051e+02
4.980527458153292173e+02 1.776598008258400512e+02
4.991131307074196002e+02 1.777763477115762498e+02
5.001736573123031349e+02 1.778928501966310307e+02
5.012343378726405945e+02 1.780093150194508382e+02
5.022951844550581200e+02 1.781257489185584006e+02
5.033562054806932906e+02 1.782421586340551585e+02
5.044174059361138802e+02 1.783585509075302014e+02
5.054787906740830294e+02 1.784749324806303434e+02
5.065403645473635379e+02 1.785913100950027115e+02
5.076021231302870547e+02 1.787077063514581710e+02
5.086639938690879603e+02 1.788242602987951102e+02
5.097258738481712044e+02 1.789411628817860276e+02
5.107876600124021707e+02 1.790586052837112163e+02
5.118492493125622218e+02 1.791767786588996216e+02
5.129105526332230056e+02 1.792958059729201352e+02
5.139715246095261136e+02 1.794155960861338599e+02
5.150321284411346596e+02 1.795360159461042429e+02
5.160923273277119279e+02 1.796569325003947029e+02
5.171520845156055657e+02 1.797782106669023108e+02
5.182113655751396664e+02 1.798996143245817620e+02
5.192701394283853915e+02 1.800207616294065645e+02
5.203283752583319028e+02 1.801412593934795439e+02
5.213860422479683621e+02 1.802607144289036967e+02
5.224431148699341065e+02 1.803787109756846974e+02
5.234996355475506107e+02 1.804945433134281245e+02
5.245556938186343814e+02 1.806073046738887342e+02
5.256113801674367778e+02 1.807160842501798186e+02
5.266667850782088180e+02 1.808199712354144708e+02
5.277220055116601998e+02 1.809180524984648173e+02
5.287771715125132914e+02 1.810094030351682477e+02
5.298324236621692762e+02 1.810930940600081556e+02
5.308879025465023460e+02 1.811681967858625626e+02
5.319437488186963492e+02 1.812337834904538454e+02
5.330001177773694963e+02 1.812891581466278694e+02
5.340571975836414822e+02 1.813341446217187354e+02
5.351151808742069989e+02 1.813686375879935326e+02
5.361742602857606244e+02 1.813925317177192937e+02
5.372346275911654629e+02 1.814057559639874739e+02
5.382964523900116092e+02 1.814091192167954887e+02
5.393598807469504663e+02 1.814043643402172279e+02
5.404250575901646698e+02 1.813932792986202003e+02
5.414921278478367412e+02 1.813776520563717440e+02
5.425612167351220023e+02 1.813592628243638387e+02
5.436322814751511032e+02 1.813398257393118627e+02
5.447051942891913541e+02 1.813210215052241381e+02
5.457798267394609866e+02 1.813045305668934191e+02
5.468560503870540970e+02 1.812920333599063554e+02
5.479337089989113565e+02 1.812849824965672099e+02
5.490125463918855075e+02 1.812840113177352919e+02
5.500922839236461641e+02 1.812895690707097742e+02
5.511726429518627128e+02 1.813021050027896592e+02
5.522533463945516132e+02 1.813220623278617722e+02
5.533342246767301731e+02 1.813494685610446027e+02
5.544152833759001169e+02 1.813836739529904776e+02
5.554965441777724209e+02 1.814239664685225080e+02
5.565780287680584024e+02 1.814696340724640891e+02
5.576597574339883749e+02 1.815199734158646834e+02
5.587417290241179444e+02 1.815744143094298124e+02
5.598239256169572400e+02 1.816324907257807126e+02
5.609063288439535881e+02 1.816937394143317306e+02
5.619889203365540880e+02 1.817576971244970423e+02
5.630716570589960384e+02 1.818239910793433296e+02
5.641543510799672276e+02 1.818927799454771161e+02
5.652367617323444620e+02 1.819644158123266777e+02
5.663186482732598961e+02 1.820392510471358776e+02
5.673997700940852837e+02 1.821176377655206693e+02
5.684799442054071505e+02 1.821998200780314789e+02
5.695591347781497689e+02 1.822857662486589447e+02
5.706373291394573926e+02 1.823754011359236245e+02
5.717145146164751850e+02 1.824686495983461043e+02
5.727906815664367741e+02 1.825654267631797154e+02
5.738659188748360975e+02 1.826653313297828731e+02
5.749404332702835063e+02 1.827675835390960231e+02
5.760144384132964888e+02 1.828713813699310435e+02
5.770881479643923058e+02 1.829759228010997560e+02
5.781617697022462607e+02 1.830803863305310415e+02
5.792354528941623357e+02 1.831837566642972206e+02
5.803093132691708433e+02 1.832849074284471271e+02
5.813834661593351711e+02 1.833827109342614676e+02
5.824580268967185930e+02 1.834760394930209770e+02
5.835330832914510211e+02 1.835637028653357277e+02
5.846086096612114034e+02 1.836442528710413455e+02
5.856845510732273397e+02 1.837161748508012806e+02
5.867608525946968712e+02 1.837779541452114529e+02
5.878374577257657165e+02 1.838280779941739809e+02
5.889141517688821068e+02 1.838652253771097662e+02
5.899904283783404253e+02 1.838884287582114609e+02
5.910657497785113037e+02 1.838967586955162119e+02
5.921395781937652600e+02 1.838892857470615922e+02
5.932113763999326466e+02 1.838651002462460440e+02
5.942806173875987952e+02 1.838236588275518670e+02
5.953467831538691826e+02 1.837647410992307755e+02
5.964093560044613014e+02 1.836881377363627621e+02
5.974678182450920758e+02 1.835936394140279617e+02
5.985216899218237359e+02 1.834811118949241973e+02
5.995707467035895206e+02 1.833509295251395770e+02
6.006148703077390110e+02 1.832036776430831253e+02
6.016539427941371514e+02 1.830399422686267030e+02
6.026878462318942411e+02 1.828603093683340148e+02
6.037164729964686103e+02 1.826653054862982231e+02
6.047397455022475015e+02 1.824552839735964653e+02
6.057575916065010233e+02 1.822305667997210037e+02
6.067699391664991708e+02 1.819914759341643276e+02
6.077767160604657875e+02 1.817383304410239475e+02
6.087778510539983472e+02 1.814713263417167752e+02
6.097732741094085895e+02 1.811904937221544287e+02
6.107629152735704565e+02 1.808958509430414097e+02
6.117467045933567533e+02 1.805874163650823618e+02
6.127245821990027252e+02 1.802652243636316314e+02
6.136966061625394104e+02 1.799294966321870106e+02
6.146629109920655765e+02 1.795805762619407346e+02
6.156236324851852260e+02 1.792188083921108444e+02
6.165789064395023615e+02 1.788445381619152954e+02
6.175289017307467248e+02 1.784581819199266306e+02
6.184739437229354735e+02 1.780604928968710396e+02
6.194144040112734046e+02 1.776523238482500346e+02
6.203506541978067617e+02 1.772345275442942238e+02
6.212830663683046168e+02 1.768079579138290853e+02
6.222120901594577163e+02 1.763736546327506289e+02
6.231383373235179306e+02 1.759330456700942591e+02
6.240624399509501927e+02 1.754876077082223844e+02
6.249850301322188670e+02 1.750388174294976409e+02
6.259067403919455046e+02 1.745881528930701450e+02
6.268282131223462557e+02 1.741371234499802085e+02
6.277501005181150049e+02 1.736872695366569985e+02
6.286730551950778363e+02 1.732401329250165531e+02
6.295977297690608339e+02 1.727972553869748253e+02
6.305247462605075270e+02 1.723601061771796878e+02
6.314544868158138797e+02 1.719295860000997322e+02
6.323872204404909780e+02 1.715063273933369601e+02
6.333232154740103397e+02 1.710909613158477782e+02
6.342627402460636858e+02 1.706841187034364395e+02
6.352060114550802155e+02 1.702863082673922577e+02
6.361530736476752281e+02 1.698976311912572896e+02
6.371039355345892545e+02 1.695181038258156150e+02
6.380586058265624843e+02 1.691477425218511996e+02
6.390170941348773113e+02 1.687865658425388062e+02
6.399794615609858965e+02 1.684347188486661082e+02
6.409458475876086823e+02 1.680925391628844636e+02
6.419163982757016811e+02 1.677603805688170837e+02
6.428912596862211331e+02 1.674385968500872934e+02
6.438705766246304165e+02 1.671275388205955608e+02
6.448544764740285018e+02 1.668275160836557518e+02
6.458430738706049397e+02 1.665388080912438227e+02
6.468364831588614834e+02 1.662616936053816232e+02
6.478348186832996589e+02 1.659964513880909749e+02
6.488381779452868159e+02 1.657433194863321262e+02
6.498465669209159614e+02 1.655023147021850036e+02
6.508599606462926204e+02 1.652733790462173147e+02
6.518783341332234613e+02 1.650564544702580179e+02
6.529016622971471406e+02 1.648514826925769228e+02
6.539298923722744803e+02 1.646583383425502802e+02
6.549629058219029503e+02 1.644767366455817239e+02
6.560005745534127755e+02 1.643063696671204923e+02
6.570427704741830439e+02 1.641469294726157671e+02
6.580893642804775254e+02 1.639981051907409437e+02
6.591401922391274866e+02 1.638595024639441533e+02
6.601950520833770497e+02 1.637306334964885934e+02
6.612537395112595959e+02 1.636110055575527724e+02
6.623160502208069147e+02 1.635001259163150849e+02
6.633817645430207222e+02 1.633974647127383264e+02
6.644505226427835396e+02 1.633021534229341967e+02
6.655218897012896377e+02 1.632131423503813323e+02
6.665954301909777087e+02 1.631293800860928229e+02
6.676707085842384686e+02 1.630498152209657974e+02
6.687472751091395367e+02 1.629733619271032978e+02
6.698246255602234669e+02 1.628988028479939203e+02
6.709022427314475863e+02 1.628248892135982828e+02
6.719796094167692218e+02 1.627503722538770035e+02
6.730562093716588379e+02 1.626740055200428401e+02
6.741316042186844015e+02 1.625947305473154074e+02
6.752054895758112707e+02 1.625118123578958489e+02
6.762775742957577449e+02 1.624245479248586719e+02
6.773475672312417828e+02 1.623322342212785827e+02
6.784151746679657435e+02 1.622341620243876150e+02
6.794800601593900637e+02 1.621295189713490288e+02
6.805418520027250224e+02 1.620174076035731900e+02
6.816001774407175162e+02 1.618969279173817881e+02
6.826546637161144417e+02 1.617671799090966829e+02
6.837049691447849682e+02 1.616273385972457390e+02
6.847509464160406196e+02 1.614770482909771374e+02
6.857925232252554224e+02 1.613161343922913886e+02
6.868296274276299300e+02 1.611444226890721438e+02
6.878621870011901365e+02 1.609617392657390837e+02
6.888902069286682490e+02 1.607680961197150964e+02
6.899139006867704893e+02 1.605640086168793630e+02
6.909335166946289064e+02 1.603500764848549238e+02
6.919493033713757768e+02 1.601268994512649897e+02
6.929615096393667955e+02 1.598950784587752310e+02
6.939704027522520846e+02 1.596552587112957724e+02
6.949762730877555441e+02 1.594081412462325602e+02
6.959794125016193220e+02 1.591544306696948183e+02
6.969801128495856801e+02 1.588948315877917707e+02
6.979786640964865683e+02 1.586300440417355446e+02
6.989753360128723898e+02 1.583607193211919366e+02
6.999703861421772899e+02 1.580874791980232033e+02
7.009640718572102287e+02 1.578109450321801148e+02
7.019566505307802800e+02 1.575317381836133563e+02
7.029483616172182110e+02 1.572504367530112859e+02
7.039393660356847704e+02 1.569674292393810049e+02
7.049298031951499297e+02 1.566830522112579729e+02
7.059198125040271634e+02 1.563976422358367984e+02
7.069095330787732792e+02 1.561115351754564813e+02
7.078990682602212701e+02 1.558249805216857453e+02
7.088884516649719671e+02 1.555380594353910055e+02
7.098777088647873370e+02 1.552508336553054846e+02
7.108668654314296873e+02 1.549633649201625758e+02
7.118559448730254644e+02 1.546757099865906184e+02
7.128449289220129685e+02 1.543878247548221339e+02
7.138337604702142016e+02 1.540995713546486741e+02
7.148223809338057890e+02 1.538108083533056742e+02
7.158107317289643561e+02 1.535213943180285128e+02
7.167987497276648128e+02 1.532311768452863987e+02
7.177863389732809765e+02 1.529399242756259412e+02
7.187733890859743724e+02 1.526473701285844697e+02
7.197597896238742123e+02 1.523532477739389606e+02
7.207454301485489623e+02 1.520572905897707869e+02
7.217302070694148597e+02 1.517592484862356059e+02
7.227140379783438675e+02 1.514589225121855236e+02
7.236968445504206784e+02 1.511561235741654912e+02
7.246785484607307808e+02 1.508506625787203745e+02
7.256590728160870185e+02 1.505423538888932171e+02
7.266384096619156026e+02 1.502311783002057837e+02
7.276166491410843946e+02 1.499173534362766418e+02
7.285938888883849813e+02 1.496011150078220453e+02
7.295702265386084946e+02 1.492826987255581912e+02
7.305457695765160224e+02 1.489623640801420379e+02
7.315207496400854552e+02 1.486406702947333258e+02
7.324954832985650910e+02 1.483183816348044388e+02
7.334702887705732337e+02 1.479962663477587057e+02
7.344454842747276189e+02 1.476750926809995974e+02
7.354213796252075781e+02 1.473556085918689291e+02
7.363982423591169209e+02 1.470384599720683241e+02
7.373763267491981424e+02 1.467242606903730575e+02
7.383558870634874438e+02 1.464136246041993559e+02
7.393371772004045397e+02 1.461071646786286067e+02
7.403203756561335922e+02 1.458053118416688392e+02
7.413054941238136735e+02 1.455080943232151469e+02
7.422925219469060494e+02 1.452154863962739739e+02
7.432814484688717585e+02 1.449274623338519632e+02
7.442722600345299497e+02 1.446439891695913218e+02
7.452648679064863018e+02 1.443648526725849877e+02
7.462591047030350637e+02 1.440896487477085657e+02
7.472547993309287904e+02 1.438179643393808647e+02
7.482517806969204912e+02 1.435493863920208923e+02
7.492498780976068247e+02 1.432835027912101964e+02
7.502489240964118835e+02 1.430199093093122826e+02
7.512487528867694664e+02 1.427582056538634276e+02
7.522491986741060828e+02 1.424979915613525918e+02
7.532500956634727345e+02 1.422388667673624241e+02
7.542512717462864202e+02 1.419804157650391403e+02
7.552525324511734652e+02 1.417221690590644982e+02
7.562536783578857467e+02 1.414636452064980858e+02
7.572545100461743459e+02 1.412043627643995194e+02
7.582548272245948056e+02 1.409438381865747942e+02
7.592543718494248424e+02 1.406814485004940707e+02
7.602527930587707488e+02 1.404163466507329758e+02
7.612497316075605340e+02 1.401476653430842703e+02
7.622448282507219801e+02 1.398745372833405725e+02
7.632377224460013849e+02 1.395960920456137728e+02
7.642280341632049385e+02 1.393114121558689646e+02
7.652153683301588671e+02 1.390195438254441740e+02
7.661993294854330543e+02 1.387195323259268775e+02
7.671795221675969287e+02 1.384104229289043815e+02
7.681555838786932782e+02 1.380913404867894201e+02
7.691273427446753885e+02 1.377618700586020566e+02
7.700946952576116473e+02 1.374217617536859564e+02
7.710575379975798569e+02 1.370707658938577538e+02
7.720157678596142432e+02 1.367086335613076642e+02
7.729694057846023725e+02 1.363354153114375151e+02
7.739187849635748080e+02 1.359519155382664906e+02
7.748642869480290756e+02 1.355590553883208997e+02
7.758062932894619053e+02 1.351577560081269382e+02
7.767451860933349508e+02 1.347489398816020696e+02
7.776813649891598743e+02 1.343335717996277481e+02
7.786152502890561209e+02 1.339126664855040190e+02
7.795472634962601433e+02 1.334872415381545636e+02
7.804778261140088489e+02 1.330583145565032055e+02
7.814073518287522120e+02 1.326268842680845239e+02
7.823361779175688753e+02 1.321937649319129378e+02
7.832645984585921042e+02 1.317596665155354572e+02
7.841929070402486559e+02 1.313252978042457357e+02
7.851213972509666519e+02 1.308913675833373986e+02
7.860503282916753278e+02 1.304585016193488514e+02
7.869798197025813806e+02 1.300269885080395511e+02
7.879099555729549138e+02 1.295970312590466449e+02
7.888408199920619381e+02 1.291688328819963942e+02
7.897724966830325002e+02 1.287425955025863686e+02
7.907050340646003406e+02 1.283184360141040372e+02
7.916384163633607614e+02 1.278963163362089830e+02
7.925726210065495252e+02 1.274761819734435733e+02
7.935076254214027358e+02 1.270579784303499196e+02
7.944434071140852893e+02 1.266416514020221911e+02
7.953799450213745104e+02 1.262271500373210102e+02
7.963172193248102531e+02 1.258144264902020097e+02
7.972552102474674030e+02 1.254034330148933520e+02
7.981938980124205045e+02 1.249941218656230433e+02
7.991332705697714118e+02 1.245864639513131635e+02
8.000733673758006717e+02 1.241805545277986624e+02
8.010142489489455784e+02 1.237765396994600451e+02
8.019559758705972854e+02 1.233745657226618846e+02
8.028986087387395401e+02 1.229747788938265387e+02
8.038422244522607798e+02 1.225773648632426358e+02
8.047869467227195628e+02 1.221826222969924345e+02
8.057329076130538397e+02 1.217908700231703136e+02
8.066802391862000832e+02 1.214024268698705669e+02
8.076290733293627682e+02 1.210176112409300657e+02
8.085795347143267691e+02 1.206367241206934580e+02
8.095317384115301138e+02 1.202600433138964888e+02
8.104857988262494928e+02 1.198878450194399079e+02
8.114418303637619374e+02 1.195204054362245785e+02
8.123999397087152374e+02 1.191579821239075159e+02
8.133601448867943873e+02 1.188006186005431601e+02
8.143224072392811195e+02 1.184482215359697506e+02
8.152866871855837871e+02 1.181006953744283692e+02
8.162529451451111981e+02 1.177579445601600554e+02
8.172211095945144734e+02 1.174197964207652092e+02
8.181909601884299263e+02 1.170857189957031750e+02
8.191622332740321326e+02 1.167550757709705351e+02
8.201346651936112266e+02 1.164272302207710084e+02
8.211079919799431082e+02 1.161015450720734634e+02
8.220819027656846174e+02 1.157772698248764982e+02
8.230559900119767462e+02 1.154534205933515665e+02
8.240298342517761512e+02 1.151289846944709154e+02
8.250030160180396024e+02 1.148029494452068064e+02
8.259751185548035437e+02 1.144743087076429617e+02
8.269457852868191594e+02 1.141422016327229585e+02
8.279147186359501802e+02 1.138059098027790270e+02
8.288816234983877393e+02 1.134647207736900043e+02
8.298462047703231974e+02 1.131179221013344858e+02
8.308081950054023537e+02 1.127648681125634340e+02
8.317675400529268472e+02 1.124054280752641546e+02
8.327242849548368895e+02 1.120397107294308370e+02
8.336784753033290372e+02 1.116678261434933006e+02
8.346301567012126270e+02 1.112898844115026691e+02
8.355794194447232712e+02 1.109061035269587023e+02
8.365265006229254823e+02 1.105170558725072141e+02
8.374716674169179669e+02 1.101233864793722006e+02
8.384151870077997728e+02 1.097257403787773740e+02
8.393573275022179132e+02 1.093247648364181259e+02
8.402984080831059828e+02 1.089212304270544962e+02
8.412388246401808374e+02 1.085160929120028470e+02
8.421789793820582872e+02 1.081103233077539727e+02
8.431192745173559615e+02 1.077048926307983692e+02
8.440601099966627316e+02 1.073007664463143129e+02
8.450018550410876514e+02 1.068988361325898353e+02
8.459448566883270360e+02 1.064999395128789956e+02
8.468894614843670752e+02 1.061049132233534493e+02
8.478360159751949823e+02 1.057145939001848376e+02
8.487848299393625666e+02 1.053297294154354091e+02
8.497360164320853073e+02 1.049505927107841927e+02
8.506896229875630979e+02 1.045772985467741734e+02
8.516456970952812071e+02 1.042099615759945124e+02
8.526042858720954882e+02 1.038486955514363501e+02
8.535653368988407692e+02 1.034933739262359040e+02
8.545285646277006890e+02 1.031433073343609408e+02
8.554936501800912083e+02 1.027977259426433818e+02
8.564602746774281741e+02 1.024558599179151344e+02
8.574281163031234883e+02 1.021169323341465400e+02
8.583967718591494531e+02 1.017799697961381327e+02
8.593657482648561654e+02 1.014437819161626635e+02
8.603345477960895096e+02 1.011071670962531073e+02
8.613026727286949153e+02 1.007689237384425383e+02
8.622696368951940258e+02 1.004278781453700020e+02
8.632350577513942653e+02 1.000831067913145915e+02
8.641986074235480828e+02 9.973381813821498554e+01
8.651599585304979882e+02 9.937922183723908631e+01
8.661187836915688649e+02 9.901852754072189100e+01
8.670748168643555118e+02 9.865109298366000701e+01
8.680280228670295628e+02 9.827683324394857323e+01
8.689784208214044838e+02 9.789579449917052045e+01
8.699260298492951051e+02 9.750802292690893580e+01
8.708708702196668128e+02 9.711356747408386525e+01
8.718130513226457197e+02 9.671269223479256993e+01
8.727528338219538000e+02 9.630602649235706281e+01
8.736904930605082882e+02 9.589423496710769257e+01
8.746263043812257365e+02 9.547798237937476529e+01
8.755605414102233226e+02 9.505792930249872086e+01
8.764934497841179564e+02 9.463466870020421595e+01
8.774252523520754039e+02 9.420873849232791031e+01
8.783561713006786249e+02 9.378067499821777631e+01
8.792864288165119433e+02 9.335101453722164422e+01
8.802162261677990500e+02 9.292024291477552822e+01
8.811456358197691543e+02 9.248853490126100496e+01
8.820746812536573316e+02 9.205594697990518682e+01
8.830033858555618735e+02 9.162253540420130093e+01
8.839317730011239291e+02 9.118835640233693596e+01
8.848598601360395151e+02 9.075345185360392009e+01
8.857876488837747502e+02 9.031782535169281800e+01
8.867151382574015770e+02 8.988147417382904791e+01
8.876423272699913696e+02 8.944439559723777222e+01
8.885692155104105723e+02 8.900658828877269002e+01
8.894958229441513140e+02 8.856810009235580594e+01
8.904221949005709575e+02 8.812904006521101508e+01
8.913483782972814424e+02 8.768952109766692615e+01
8.922744200518948219e+02 8.724965608005190632e+01
8.932003763987047478e+02 8.680958040983435353e+01
8.941264013068830536e+02 8.636966559137404431e+01
8.950527071184728811e+02 8.593042414559670306e+01
8.959795069581421103e+02 8.549237048408362227e+01
8.969070139505573707e+02 8.505601901841578183e+01
8.978354160793714982e+02 8.462182360317694929e+01
8.987647928048659196e+02 8.418997669342192580e+01
8.996951943116508801e+02 8.376060022808539429e+01
9.006266707838913135e+02 8.333381614503244350e+01
9.015592718999575936e+02 8.290974516611115064e+01
9.024929883858490030e+02 8.248836628180393404e+01
9.034276976633543654e+02 8.206938608030274906e+01
9.043632643008954801e+02 8.165248024815566907e+01
9.052995528668949419e+02 8.123732447191071060e+01
9.062364293877016053e+02 8.082359802558841011e+01
9.071737887467182873e+02 8.041105119078450514e+01
9.081115523037428829e+02 7.999949939867050830e+01
9.090496423992642576e+02 7.958876049356703675e+01
9.099879813737703671e+02 7.917865231979472185e+01
9.109264971350085034e+02 7.876900636344475970e+01
9.118651571640647262e+02 7.835975107939360385e+01
9.128039460818606585e+02 7.795085692122640353e+01
9.137428485781647396e+02 7.754229451122847649e+01
9.146818493437295956e+02 7.713403447390790291e+01
9.156209347415762068e+02 7.672605121249749516e+01
9.165600962309503075e+02 7.631833064586136572e+01
9.174993262384170976e+02 7.591086087865951981e+01
9.184386171905418905e+02 7.550363001555186315e+01
9.193779629868355414e+02 7.509662963129044044e+01
9.203174261612767850e+02 7.469001299567386809e+01
9.212571656085635823e+02 7.428416039346231514e+01
9.221973474424927417e+02 7.387946911679799200e+01
9.231381377768620951e+02 7.347633645782309486e+01
9.240797101849819910e+02 7.307517656541045881e+01
9.250223305063317412e+02 7.267661208807936646e+01
9.259663268525338253e+02 7.228140639461871331e+01
9.269120285037087115e+02 7.189032549434479336e+01
9.278597647399769812e+02 7.150413539657412798e+01
9.288098415343331453e+02 7.112353988453671150e+01
9.297624494056716458e+02 7.074893449853691152e+01
9.307177431887597550e+02 7.038061950828986824e+01
9.316758777079289757e+02 7.001889515564920430e+01
9.326370073791633786e+02 6.966406061260045135e+01
9.336012083773429140e+02 6.931621005934552215e+01
9.345683862339376446e+02 6.897499059016205081e+01
9.355384239872286116e+02 6.863999036714778867e+01
9.365112046754966286e+02 6.831079755240048712e+01
9.374866079341900331e+02 6.798699157687197214e+01
9.384644302647880068e+02 6.766793856258894380e+01
9.394443822364355583e+02 6.735278414247309797e+01
9.404261704555767665e+02 6.704066378177094521e+01
9.414095015286569605e+02 6.673071294572892498e+01
9.423940808231864139e+02 6.642207065239691133e+01
9.433796034969692528e+02 6.611390519747619976e+01
9.443657596845089301e+02 6.580539928163170771e+01
9.453522394852818707e+02 6.549573570596999161e+01
9.463387329977705349e+02 6.518409727444512214e+01
9.473249183881106319e+02 6.486970092743527516e+01
9.483104321933312804e+02 6.455188269915662147e+01
9.492949018776353114e+02 6.423000457964811005e+01
9.502779549052253287e+02 6.390342855894877516e+01
9.512592175212646453e+02 6.357151767579017587e+01
9.522382381673013469e+02 6.323370190036832383e+01
9.532144419298366529e+02 6.288951732049009280e+01
9.541872429549854360e+02 6.253850943555719510e+01
9.551560553888632512e+02 6.218022374497119387e+01
9.561202849721094026e+02 6.181422347058311573e+01
9.570792136752777424e+02 6.144033279619170429e+01
9.580320292034703016e+02 6.105857465875039480e+01
9.589779168947537755e+02 6.066897698597244926e+01
9.599160620871939500e+02 6.027156770557098753e+01
9.608456393679516623e+02 5.986645751698371498e+01
9.617657621155094603e+02 5.945422836821164481e+01
9.626755220773929977e+02 5.903562874502947011e+01
9.635740109762975862e+02 5.861140732438095569e+01
9.644603207096953383e+02 5.818231302639283342e+01
9.653336065293455022e+02 5.774918292147046373e+01
9.661931808706743823e+02 5.731307278320437604e+01
9.670383801291495729e+02 5.687507172285465629e+01
9.678685407002383272e+02 5.643626885168124119e+01
9.686832408126922473e+02 5.599760796481991321e+01
9.694895036347129462e+02 5.555555923936279328e+01
9.703030232000593287e+02 5.510138258294538360e+01
9.711399823483159253e+02 5.462604418280801610e+01
9.720165639190672664e+02 5.412051022619098006e+01
9.729524848763451246e+02 5.357350305271566526e+01
9.740014113816509962e+02 5.295219034906644850e+01
9.752359405115712434e+02 5.221172039249109531e+01
9.767288746975001459e+02 5.130711107861009168e+01
9.785530163708306191e+02 5.019338030304429310e+01
