2.177044163455451198e+01 1.134162667920228103e+02
2.194276461700081882e+01 1.118027630297259520e+02
2.213909370300861923e+01 1.104752460340562124e+02
2.235279564932240959e+01 1.093409636929031024e+02
2.257730314755691481e+01 1.083079738105403180e+02
2.280844253656971077e+01 1.073137367533837221e+02
2.304505489740517277e+01 1.063327447206532668e+02
2.328617354105005433e+01 1.053418511838256819e+02
2.353030932078695514e+01 1.043207000146936849e+02
2.377239071318427932e+01 1.032680682417351221e+02
2.400584355771082556e+01 1.021907583450653192e+02
2.422409179545429581e+01 1.010955860513674338e+02
2.442101558611583556e+01 9.998736769660727930e+01
2.459141776051137640e+01 9.886687598501926288e+01
2.473021245565275095e+01 9.773439581834968237e+01
2.483293621598523870e+01 9.659033350449557531e+01
2.490290123644561504e+01 9.543661206170469313e+01
2.494870526510425179e+01 9.427618550275767006e+01
2.497904718449179029e+01 9.311202759784286798e+01
2.500337007919709009e+01 9.194743342841056233e+01
2.503361383937578921e+01 9.078677607850255527e+01
2.508224139080987669e+01 8.963465445421422828e+01
2.516147648116662339e+01 8.849557736006494224e+01
2.527720043377083314e+01 8.737166432499192581e+01
2.542844622983484726e+01 8.626245501639927227e+01
2.561390630204442331e+01 8.516736081253303325e+01
2.583145229621188577e+01 8.408546234122778174e+01
2.607426995548986781e+01 8.301395196396940435e+01
2.633388472318370788e+01 8.194935299541158713e+01
2.660183742797686790e+01 8.088819382951614045e+01
2.687107589415777653e+01 7.982747886713966068e+01
2.713697108970694671e+01 7.876503229357861358e+01
2.739513356561684887e+01 7.769875934851606303e+01
2.764164183005151898e+01 7.662674404050042654e+01
2.787730731217470748e+01 7.554887844721316981e+01
2.810568960629885282e+01 7.446610449960343203e+01
2.833038593285531448e+01 7.337937901204765012e+01
2.855821504583903092e+01 7.229132428963208667e+01
2.880508790793147966e+01 7.120926319039423902e+01
2.908850808116632436e+01 7.014134192540311119e+01
2.942562883550594677e+01 6.909567018662815485e+01
2.982655915865645468e+01 6.807962327646539791e+01
3.029488414881557290e+01 6.709989636039152572e+01
3.083394288286347518e+01 6.616315895535231562e+01
3.144565358305947456e+01 6.527558787029454379e+01
3.212515176404534145e+01 6.444100788303570937e+01
3.286555127524552233e+01 6.366254272104693257e+01
3.365996547762887303e+01 6.294323780467995988e+01
3.450150032413636580e+01 6.228204713885958199e+01
3.538325086965647870e+01 6.167190579055426980e+01
3.629831129673532075e+01 6.110526703659423475e+01
3.723971551803889213e+01 6.057425931023615817e+01
3.819999783992624032e+01 6.006831825859184448e+01
3.917144553631658255e+01 5.957554806933789848e+01
4.014634867012701136e+01 5.908404955695817762e+01
4.111832570256452613e+01 5.858370353446085943e+01
4.208416207580737023e+01 5.806863443779350575e+01
4.304110510797237765e+01 5.753358559747428558e+01
4.398651657339444654e+01 5.697351118600164455e+01
4.491955326327758513e+01 5.638667201065202050e+01
4.584079717765395401e+01 5.577395428304118496e+01
4.675086957503856411e+01 5.513631653358421403e+01
4.765033247546411843e+01 5.447459505357623044e+01
4.853951094503413799e+01 5.378913717783302673e+01
4.941867081136982165e+01 5.308016800205049890e+01
5.028809516404226088e+01 5.234795833698566270e+01
5.114869375676061480e+01 5.159443859672200716e+01
5.200216561192014808e+01 5.082362942654852134e+01
5.285026007830040840e+01 5.003968475181569175e+01
5.369493647451493246e+01 4.924727553428913041e+01
5.453959383580465214e+01 4.845461793987086452e+01
5.538823509024186365e+01 4.767141517942941675e+01
5.624485928840367421e+01 4.690736117674634897e+01
5.711262920832605516e+01 4.617012731229292655e+01
5.799301632371219029e+01 4.546329451026411306e+01
5.888728807819605038e+01 4.478995024369957889e+01
5.979658798253242935e+01 4.415288169351253345e+01
6.072051127105525126e+01 4.355112453236648662e+01
6.165760072630725830e+01 4.298116431879556387e+01
6.260637900403468592e+01 4.243943784338559055e+01
6.356528440867639063e+01 4.192217592548709604e+01
6.453247224516644565e+01 4.142491834883567492e+01
6.550603853515903552e+01 4.094306013769880082e+01
6.648409193071924506e+01 4.047202676416438294e+01
6.746507601182129577e+01 4.000805110277647714e+01
6.844779600262768327e+01 3.954823783481164412e+01
6.943107511083537986e+01 3.908973499400951823e+01
7.041373468308543693e+01 3.862968898839348952e+01
7.139458544118259908e+01 3.816523694471302264e+01
7.237243434236033579e+01 3.769351270119479125e+01
7.334609929598178724e+01 3.721167685861017560e+01
7.431528770723930677e+01 3.671906302100961028e+01
7.528123888106958361e+01 3.621874716318723131e+01
7.624534358563286673e+01 3.571417527862715247e+01
7.720892593374109936e+01 3.520863403040084449e+01
7.817263588570403954e+01 3.470379861304841995e+01
7.913673195595453080e+01 3.420040852375601048e+01
8.010146780355204044e+01 3.369919154142834827e+01
8.106706836184854126e+01 3.320071104753571944e+01
8.203367749096754835e+01 3.270506644086664494e+01
8.300142485017374838e+01 3.221227584859085624e+01
8.397047366055872430e+01 3.172241069491995447e+01
8.494166206280466724e+01 3.123661419368696102e+01
8.591645325784467957e+01 3.075702217043633269e+01
8.689633401815581237e+01 3.028580788292851977e+01
8.788272761315215575e+01 2.982499957977496763e+01
8.887675416884351876e+01 2.937593328207495347e+01
8.987944345580763184e+01 2.893973868443354291e+01
9.089178334798121739e+01 2.851749979183031058e+01
9.191257013366956130e+01 2.810791158294286873e+01
9.293737602917244089e+01 2.770615450673560076e+01
9.396151517766968198e+01 2.730712768916059474e+01
9.497997805763966994e+01 2.690619238697800242e+01
9.598507213365975588e+01 2.650254068365537208e+01
9.696777824279882907e+01 2.609725883103828536e+01
9.791909586726418979e+01 2.569144249414341274e+01
9.883823032653830865e+01 2.528500383271175167e+01
9.974395014693807582e+01 2.487503345912454833e+01
1.006578769740762169e+02 2.445821048823686539e+01
1.016038572864121647e+02 2.403093390455280343e+01
1.026406296159398295e+02 2.358520940828173096e+01
1.038546361132598150e+02 2.310955451650239212e+01
1.053330820466392765e+02 2.259239066158313847e+01
