4.771386939846146902e+01 4.871187749978874137e+01
4.943933810758949221e+01 5.063703255513873813e+01
5.074327579769301622e+01 5.208831679737966880e+01
5.176417634517372335e+01 5.322083190346371850e+01
5.263686081567446706e+01 5.418557949587130906e+01
5.343815382581921369e+01 5.506881824794726299e+01
5.419862629174522795e+01 5.590517262044919988e+01
5.494753559256297137e+01 5.672780190467449302e+01
5.570583323244281360e+01 5.756095176717007433e+01
5.647447763885260485e+01 5.840741188283627139e+01
5.725147999092217788e+01 5.926680902490188174e+01
5.803483830144519118e+01 6.013874134501045887e+01
5.882243959067508854e+01 6.102256571413216335e+01
5.961211522174090049e+01 6.191751801322802606e+01
6.040170308341938465e+01 6.282283212270021266e+01
6.118942162900731319e+01 6.373768198410289898e+01
6.197405936333772303e+01 6.466115175596902986e+01
6.275445158204136220e+01 6.559231822728870043e+01
6.352953382962860474e+01 6.653028298793773843e+01
6.429873262971111103e+01 6.747426909265644213e+01
6.506162457710237845e+01 6.842353672277175747e+01
6.581780107395377399e+01 6.937735061253349045e+01
6.656716440869054452e+01 7.033507113436388636e+01
6.730991254287674508e+01 7.129614961882995772e+01
6.804625522835689821e+01 7.226004104035430942e+01
6.877647696538842581e+01 7.322624250115015343e+01
6.950108064467647750e+01 7.419437418707467202e+01
7.022060882857643094e+01 7.516407864270686900e+01
7.093561767918372141e+01 7.613500287925030818e+01
7.164680760165231277e+01 7.710684128231322632e+01
7.235496587903635657e+01 7.807931677120832603e+01
7.306088095793832338e+01 7.905215291463139238e+01
7.376533847471077365e+01 8.002509706752573493e+01
7.446911902134704064e+01 8.099793928081791705e+01
7.517300266410580889e+01 8.197047405530713604e+01
7.587774263876951863e+01 8.294250443805283624e+01
7.658393077928110415e+01 8.391388488713380411e+01
7.729209885258796930e+01 8.488448899365400280e+01
7.800277749783460024e+01 8.585418917463735511e+01
7.871646741056048313e+01 8.682282267080108795e+01
7.943363533872579296e+01 8.779018684287939323e+01
8.015474619908978582e+01 8.875607689802247080e+01
8.088027201728900195e+01 8.972024961335188209e+01
8.161071016043352699e+01 9.068232477198887409e+01
8.234656364003649287e+01 9.164189164385807373e+01
8.308835309228996380e+01 9.259852121168107431e+01
8.383683842602619052e+01 9.355153619110974716e+01
8.459295198993557108e+01 9.450008037580082032e+01
8.535763014763895740e+01 9.544329303572362733e+01
8.613184750646604471e+01 9.638020796699494497e+01
8.691666129130261709e+01 9.730963111147156042e+01
8.771313949755742101e+01 9.823033870655520161e+01
8.852228730521217415e+01 9.914111539426113495e+01
8.934464277161364976e+01 1.000408083169408684e+02
9.018053345711230406e+01 1.009282927811409678e+02
9.103027880261898019e+01 1.018024486698411124e+02
9.189389530426078068e+01 1.026623452717574594e+02
9.277098964182462737e+01 1.035073080990825218e+02
9.366113940512569513e+01 1.043366808515064577e+02
9.456387309408516728e+01 1.051499067892682149e+02
9.547850509051093582e+01 1.059468634313727904e+02
9.640429141275268421e+01 1.067275466653416629e+02
9.734049094231323807e+01 1.074919577194796858e+02
9.828641351962698991e+01 1.082401927892400977e+02
9.924141281754924648e+01 1.089724297562475783e+02
1.002048439642662458e+02 1.096888493746373854e+02
1.011760751347729581e+02 1.103897361367281462e+02
1.021545086042422810e+02 1.110756456732107154e+02
1.031395521499235315e+02 1.117471773630542913e+02
1.041306287910174717e+02 1.124049235813507579e+02
1.051273030753213931e+02 1.130494116689381769e+02
1.061292163603790755e+02 1.136811336715647940e+02
1.071360126778950956e+02 1.143005781900202180e+02
1.081474652151656528e+02 1.149080247719659837e+02
1.091635561261110894e+02 1.155034147286320376e+02
1.101842866065497901e+02 1.160866585497538637e+02
1.112096556686742872e+02 1.166576887782601375e+02
1.122396506516601988e+02 1.172165558469164353e+02
1.132742550101834809e+02 1.177633494193948422e+02
1.143134480111271358e+02 1.182981701148383991e+02
1.153571081730762273e+02 1.188213816412621355e+02
1.164050107071560802e+02 1.193336174784154480e+02
1.174569261120145427e+02 1.198355234082359857e+02
1.185125827445342281e+02 1.203278450376403583e+02
1.195715749538604342e+02 1.208116454096920336e+02
1.206334705121420541e+02 1.212880505227698222e+02
1.216978392062138710e+02 1.217581801854343553e+02
1.227642745181632904e+02 1.222230814061637858e+02
1.238323853487120090e+02 1.226837538220120507e+02
1.249017809068196669e+02 1.231411960844679356e+02
1.259720758819345292e+02 1.235963853423720025e+02
1.270428956074290454e+02 1.240502569832233064e+02
1.281138666395945620e+02 1.245037415964092844e+02
1.291846237498155006e+02 1.249577481086670190e+02
1.302548557761314214e+02 1.254130428765814003e+02
1.313242734123597302e+02 1.258703346245134043e+02
1.323925874248872674e+02 1.263303317599660147e+02
1.334595089641759103e+02 1.267937374036679188e+02
1.345247496502724687e+02 1.272612482125319389e+02
1.355880211318440161e+02 1.277335604497831554e+02
1.366490623853276247e+02 1.282113037056431892e+02
1.377077185904236387e+02 1.286948484606236889e+02
1.387638607226602971e+02 1.291845022597926800e+02
1.398173630800638421e+02 1.296805646118081938e+02
1.408681504402989617e+02 1.301832129259005058e+02
1.419161868354869398e+02 1.306925296631821425e+02
1.429614373211128111e+02 1.312085948105204238e+02
1.440038644167328528e+02 1.317314947697823868e+02
1.450434247015508333e+02 1.322613309698213584e+02
1.460800739053374855e+02 1.327982069882552594e+02
1.471137718372562233e+02 1.333422166577739745e+02
1.481445116228713914e+02 1.338933742242404605e+02
1.491723026563661278e+02 1.344516550707449767e+02
1.501971556914331245e+02 1.350170313091326761e+02
1.512191456262953295e+02 1.355893206087743579e+02
1.522384410168459681e+02 1.361681151370017346e+02
1.532552178373565539e+02 1.367529891997218101e+02
1.542696538050509503e+02 1.373435129867988564e+02
1.552819349290984974e+02 1.379392371063772771e+02
1.562922496818893023e+02 1.385397063496199053e+02
1.573007847164146540e+02 1.391444699079314944e+02
1.583076899978786969e+02 1.397531657022001355e+02
1.593130814637814865e+02 1.403655139493796753e+02
1.603170736904719149e+02 1.409812381580760245e+02
1.613197144235166149e+02 1.416002232013838977e+02
1.623208615458663360e+02 1.422228123801323534e+02
1.633203394521424627e+02 1.428494298535063081e+02
1.643179708957514720e+02 1.434805037415623872e+02
1.653135618003040861e+02 1.441165027810163792e+02
1.663069082121301108e+02 1.447579195461965469e+02
1.672978072583987625e+02 1.454052440017001686e+02
1.682861587595269555e+02 1.460587181675234092e+02
1.692720421228322039e+02 1.467181504655106323e+02
1.702555548635023968e+02 1.473833055975079844e+02
1.712367927314492135e+02 1.480539525205176403e+02
1.722158411679920675e+02 1.487298850401652714e+02
1.731927818831819650e+02 1.494109059562113089e+02
1.741676914740286293e+02 1.500968304116469767e+02
1.751405047698105761e+02 1.507878157869502047e+02
1.761109998631051212e+02 1.514843978362537769e+02
1.770789467385843636e+02 1.521871318867553668e+02
1.780441489619175854e+02 1.528964921890471942e+02
1.790065264228958881e+02 1.536126721454537574e+02
1.799660241815525410e+02 1.543358043882826678e+02
1.809225959689111960e+02 1.550660006158302906e+02
1.818763090100149782e+02 1.558030985225138636e+02
1.828273102679387421e+02 1.565467432945457915e+02
1.837757480820085050e+02 1.572965767955071783e+02
1.847217249840817885e+02 1.580523514792267861e+02
1.856652471623650342e+02 1.588140523962828183e+02
1.866063086313462236e+02 1.595816939875376193e+02
1.875449073090612728e+02 1.603552812712596563e+02
1.884810692611557670e+02 1.611347513215005449e+02
1.894148328995465818e+02 1.619200114102179100e+02
1.903462397483094719e+02 1.627109612962401286e+02
1.912754544251012305e+02 1.635072035750109762e+02
1.922028038976165760e+02 1.643079489085655496e+02
1.931286262333826471e+02 1.651123811625474218e+02
1.940532633811653227e+02 1.659196748378784037e+02
1.949770737369006213e+02 1.667289647514569992e+02
1.959004200524028931e+02 1.675393752102401663e+02
1.968236672595937478e+02 1.683500252590838215e+02
1.977472175405353312e+02 1.691599440325717580e+02
1.986715043217107564e+02 1.699680852509592626e+02
1.995969621035590080e+02 1.707734000422583733e+02
2.005240699626837113e+02 1.715747319221729583e+02
2.014534203162200470e+02 1.723706507885127621e+02
2.023856233290971147e+02 1.731596836937443697e+02
2.033212772856747961e+02 1.739403863695734458e+02
2.042608736802019394e+02 1.747115723349483005e+02
2.052048475526965206e+02 1.754721913871698575e+02
2.061536324486036733e+02 1.762211969307008133e+02
2.071076001574836027e+02 1.769576914035693278e+02
2.080670250927606162e+02 1.776810122386184503e+02
2.090321730950128654e+02 1.783905175572758992e+02
2.100032765587251049e+02 1.790856461811582960e+02
2.109803942415579741e+02 1.797662558903689956e+02
2.119635287276901181e+02 1.804323400028322055e+02
2.129526808312959361e+02 1.810838960975104897e+02
2.139478113105215584e+02 1.817210181790578361e+02
2.149488408674853019e+02 1.823438966778196857e+02
2.159556884270916726e+02 1.829527263025391903e+02
2.169682025007759876e+02 1.835478715897951929e+02
2.179860139461829363e+02 1.841302220278905111e+02
2.190087116962733944e+02 1.847007682218375066e+02
2.200358792091586224e+02 1.852605139589947498e+02
2.210670377559352744e+02 1.858106127606472455e+02
2.221016691687346452e+02 1.863523131092435960e+02
2.231392549050224829e+02 1.868868643879180524e+02
2.241793042726354770e+02 1.874154487636097031e+02
2.252213792618089485e+02 1.879391212555693755e+02
2.262650477237779398e+02 1.884589227376658584e+02
2.273098899177573458e+02 1.889758643222482988e+02
2.283555653425004834e+02 1.894907670593678972e+02
2.294017646612050214e+02 1.900043772486919238e+02
2.304481797659673532e+02 1.905174382951180121e+02
2.314945398348349386e+02 1.910306058770498225e+02
2.325406184988140694e+02 1.915444310838422552e+02
2.335861919905831598e+02 1.920594588836368644e+02
2.346310435343147560e+02 1.925762191175213616e+02
2.356749827530556445e+02 1.930951845090061170e+02
2.367178254995161524e+02 1.936168143028727400e+02
2.377593888965624274e+02 1.941415652210414180e+02
2.387995086448067070e+02 1.946698570851847023e+02
2.398380345304832986e+02 1.952020817392565561e+02
2.408748168176516913e+02 1.957386300426118453e+02
2.419097357009046618e+02 1.962798250828683422e+02
2.429427396118731508e+02 1.968258354384488200e+02
2.439737864453909140e+02 1.973768082602366007e+02
2.450028561885718545e+02 1.979328380230928133e+02
2.460301036683708276e+02 1.984936023201787521e+02
2.470557668409406631e+02 1.990585805344464347e+02
2.480800867768385274e+02 1.996272444082468382e+02
2.491034302329142918e+02 2.001987556562004329e+02
2.501263428598570044e+02 2.007718347192649162e+02
2.511493839759194771e+02 2.013451683249048756e+02
2.521731212550321288e+02 2.019174131615328633e+02
2.531981609868382179e+02 2.024870870922622714e+02
2.542251206087474884e+02 2.030526679034628046e+02
2.552546109258119884e+02 2.036126454508065819e+02
2.562871145611586599e+02 2.041657428872974833e+02
2.573229981978662408e+02 2.047108943824609923e+02
2.583626242051950612e+02 2.052470419532392043e+02
2.594062559933037164e+02 2.057733048689776751e+02
2.604538835722385102e+02 2.062892921046270374e+02
2.615054501341531932e+02 2.067946964938613235e+02
2.625608905889125140e+02 2.072892098470882161e+02
2.636200577058171461e+02 2.077725138263538156e+02
2.646827572836970148e+02 2.082442842905625184e+02
2.657487945406304561e+02 2.087041957880107645e+02
2.668179724231801515e+02 2.091518252272244069e+02
2.678900900074970082e+02 2.095865831493430278e+02
2.689649459922954406e+02 2.100078638716244370e+02
2.700423031745318667e+02 2.104151528790387431e+02
2.711217208055742844e+02 2.108084525333507884e+02
2.722026864896641882e+02 2.111879471346192361e+02
2.732846850857192749e+02 2.115538428214774171e+02
2.743671309650338230e+02 2.119069178581385131e+02
2.754493625009757807e+02 2.122485673597719824e+02
2.765307142989057638e+02 2.125802171091136472e+02
2.776105312152098463e+02 2.129037260367621798e+02
2.786881926143262831e+02 2.132224111800047410e+02
2.797630851142249071e+02 2.135398960675726698e+02
2.808346123409137363e+02 2.138598354605888119e+02
2.819023926483617402e+02 2.141862784318317665e+02
2.829661914540316729e+02 2.145235441113631794e+02
2.840257771896315830e+02 2.148759516285105349e+02
2.850809404183047491e+02 2.152470430822615697e+02
2.861315170260207879e+02 2.156387692960806248e+02
2.871773484482565664e+02 2.160528862513210413e+02
2.882182889480467338e+02 2.164909466990072815e+02
2.892542824955664855e+02 2.169530821366482769e+02
2.902853113568464778e+02 2.174388173305750058e+02
2.913113632569343281e+02 2.179476554658205032e+02
2.923326279509432197e+02 2.184783657768030309e+02
2.933495549964538895e+02 2.190287736672220262e+02
2.943626110508750457e+02 2.195966424191862245e+02
2.953722814917271648e+02 2.201797049301081586e+02
2.963791287685671136e+02 2.207755690014396350e+02
2.973837351627988141e+02 2.213818102454744121e+02
2.983866765042696443e+02 2.219960304160158842e+02
2.993884226813023020e+02 2.226162605380241359e+02
3.003893569323320207e+02 2.232408827386092298e+02
3.013898598388838650e+02 2.238682899818986698e+02
3.023902718305453163e+02 2.244970633562172679e+02
3.033908340093495326e+02 2.251262493300806398e+02
3.043917723851237156e+02 2.257549650836382682e+02
3.053933101038645646e+02 2.263823540849394647e+02
3.063956453856399094e+02 2.270077886041256079e+02
3.073989636163150863e+02 2.276307587200742546e+02
3.084034500925045563e+02 2.282507565913001031e+02
3.094092910969242212e+02 2.288673392309822816e+02
3.104166744277237058e+02 2.294801633205068754e+02
3.114257880119022275e+02 2.300888940155371358e+02
3.124367883704281326e+02 2.306932835555477368e+02
3.134496736673564214e+02 2.312935232779577746e+02
3.144643922678271792e+02 2.318899426044702636e+02
3.154808850849874489e+02 2.324828884189318217e+02
3.164989295333703012e+02 2.330730905573244911e+02
3.175181435791282638e+02 2.336616523211663434e+02
3.185381384991501363e+02 2.342496926558715131e+02
3.195584285656259453e+02 2.348385223549208263e+02
3.205782365492456734e+02 2.354300287199466197e+02
3.215967306906478598e+02 2.360262068977180547e+02
3.226130732824311167e+02 2.366290430432201504e+02
3.236263613431439694e+02 2.372404246352070345e+02
3.246356515475305855e+02 2.378621781638076698e+02
3.256400006314001985e+02 2.384961253331617854e+02
3.266385316685108364e+02 2.391436965327432347e+02
3.276304899660251522e+02 2.398056011209324367e+02
3.286151339950572492e+02 2.404824708045173338e+02
3.295916940880191532e+02 2.411749105960351471e+02
3.305592261823010176e+02 2.418833600652683060e+02
3.315167194913444746e+02 2.426081954832091583e+02
3.324631571834550527e+02 2.433497946237021665e+02
3.333973411323240725e+02 2.441085852786436021e+02
3.343178624411764872e+02 2.448850533901856465e+02
3.352233003663130262e+02 2.456796881668288961e+02
3.361122632633461649e+02 2.464928735236457271e+02
3.369834662445789490e+02 2.473246070855398955e+02
3.378356488979394499e+02 2.481747979144099077e+02
3.386675885257063783e+02 2.490433240685351564e+02
3.394785937458053127e+02 2.499296268305948843e+02
3.402683659357660417e+02 2.508328246096373562e+02
3.410366177511158980e+02 2.517520275186134882e+02
3.417834902070464977e+02 2.526861952858176323e+02
3.425100749094882531e+02 2.536339539147024027e+02
3.432175912932510755e+02 2.545938845317074026e+02
3.439073188655056015e+02 2.555645680127819048e+02
3.445809979310777180e+02 2.565445833124341561e+02
3.452405820982616547e+02 2.575325084957364652e+02
3.458880229108538060e+02 2.585269256873816062e+02
3.465251258496193145e+02 2.595266011169525200e+02
3.471534937224173518e+02 2.605305564727389651e+02
3.477747144083424473e+02 2.615378322599654553e+02
3.483902512514126215e+02 2.625475556438356648e+02
3.490010084749935686e+02 2.635592428637403941e+02
3.496077334560012559e+02 2.645725193035008260e+02
3.502111565868487446e+02 2.655870212683162777e+02
3.508116936038792346e+02 2.666025873857755641e+02
3.514094826997255723e+02 2.676192347427823961e+02
3.520046525322494517e+02 2.686369865739096667e+02
3.525973214228198458e+02 2.696558827849574413e+02
3.531875799183372919e+02 2.706760080778195174e+02
3.537755139486408780e+02 2.716974546010242193e+02
3.543612217336059302e+02 2.727203063877462341e+02
3.549449194144990543e+02 2.737445696053334245e+02
3.555268888274655978e+02 2.747702070415073194e+02
3.561074131034151264e+02 2.757971798946545618e+02
3.566868178877209061e+02 2.768253678527084958e+02
3.572654994123646475e+02 2.778545152720964211e+02
3.578438605644798827e+02 2.788843537497177181e+02
3.584222119705152068e+02 2.799146119611285712e+02
3.590003563664675994e+02 2.809450025000377877e+02
3.595779226528677555e+02 2.819752324558262444e+02
3.601545226182240640e+02 2.830050066936421445e+02
3.607293403681206883e+02 2.840339741095921227e+02
3.613011103198426213e+02 2.850617247509911181e+02
3.618685455101559683e+02 2.860878458472343482e+02
3.624302927898929738e+02 2.871118365311025400e+02
3.629847824732704566e+02 2.881329077148766942e+02
3.635304006617212167e+02 2.891502114615263963e+02
3.640655614012763976e+02 2.901628720314390648e+02
3.645890191865585166e+02 2.911696749665914581e+02
3.650997557945443077e+02 2.921691796816697320e+02
3.655967597378399319e+02 2.931599414841728617e+02
3.660793648920592886e+02 2.941405181108099214e+02
3.665475938625673962e+02 2.951094721426665046e+02
3.670015509543409280e+02 2.960653667354862364e+02
3.674429671751203159e+02 2.970104536431367706e+02
3.678846085013334459e+02 2.979720067475064980e+02
3.683438252498398811e+02 2.989876950622164600e+02
3.688386630153901251e+02 3.000968806011676406e+02
3.694116282983593464e+02 3.013985774381998795e+02
3.701358985649275155e+02 3.030665959902935356e+02
3.710865936183503777e+02 3.052794833922529847e+02
