2.255799015909311933e+01 7.677101608150675816e+01
2.402877204002011169e+01 7.733225570834002838e+01
2.525753046684842218e+01 7.778476910644405962e+01
2.632474394364031056e+01 7.816056936968767843e+01
2.731023166904239119e+01 7.849135432625375586e+01
2.826910404333739990e+01 7.879700658776563671e+01
2.922489712939164264e+01 7.908231059600441881e+01
3.019908864876704513e+01 7.935106653815861932e+01
3.121034423066855368e+01 7.960637231030173666e+01
3.225736070463762672e+01 7.984633880637483117e+01
3.333019382807103881e+01 8.006691890151260793e+01
3.441887678416824059e+01 8.026404972673171301e+01
3.551546751745701869e+01 8.043246667649057713e+01
3.661631106311097739e+01 8.056436067075279084e+01
3.771829841892056834e+01 8.065159858969184370e+01
3.881847037898211994e+01 8.068660233083257083e+01
3.991590137204140376e+01 8.066932870726272142e+01
4.101113143390141147e+01 8.060516482183636811e+01
4.210473294626216756e+01 8.049961765228550803e+01
4.319691518359788063e+01 8.035787545321703362e+01
4.428656483214844286e+01 8.018396555644301316e+01
4.537226753656626244e+01 7.998165104974857798e+01
4.645266315988465777e+01 7.975477243746911427e+01
4.752809794246138608e+01 7.950960670108464967e+01
4.860092705002847424e+01 7.925529929711281341e+01
4.967362088213629079e+01 7.900116022045361319e+01
5.074872102909498750e+01 7.875694679756799133e+01
5.182922714635441963e+01 7.853529463567662106e+01
5.291832028600990867e+01 7.834997915908975585e+01
5.401916257298934454e+01 7.821473370844363160e+01
5.513257123987786201e+01 7.813785575700302388e+01
5.625480938950407506e+01 7.811708551495605946e+01
5.738161688425640961e+01 7.814895023035010979e+01
5.850879981983350575e+01 7.822903678573598540e+01
5.963296410510508139e+01 7.834157649789713673e+01
6.075124619484828514e+01 7.846326811330830253e+01
6.186079204218083305e+01 7.857067539715876592e+01
6.295864561232636447e+01 7.864119156726914639e+01
6.404151241363699398e+01 7.865496246171210259e+01
6.510602783648913316e+01 7.859270417780464868e+01
6.614883030475522219e+01 7.843555195247273559e+01
6.716663942585039138e+01 7.817585819209109843e+01
6.815626288822842582e+01 7.781814550281201548e+01
6.911451279621434196e+01 7.736754663386857089e+01
7.003876891072634692e+01 7.683023169018454723e+01
7.092972590858964566e+01 7.621842857099318280e+01
7.178927832385980423e+01 7.554655783697288030e+01
7.261935385792850184e+01 7.482904815205186821e+01
7.342473339923486719e+01 7.408078803212336538e+01
7.421528593693479081e+01 7.331748604906519517e+01
7.500140640104933709e+01 7.255493554134636724e+01
7.579330148905970077e+01 7.180853295048618179e+01
7.659914722148208455e+01 7.108939294241957896e+01
7.742588062162599272e+01 7.040601770060411013e+01
7.828041972175860508e+01 6.976687068426068095e+01
7.916760232644699613e+01 6.917811873696507519e+01
8.008597088472556891e+01 6.863897849582836841e+01
8.103288154138991217e+01 6.814735689283928366e+01
8.200567664152511327e+01 6.770109667993828850e+01
8.300138113687189900e+01 6.729656446795563340e+01
8.401670258582664985e+01 6.692865072661150805e+01
8.504833474707521646e+01 6.659218174557780401e+01
8.609259181099345426e+01 6.628072502936461774e+01
8.714377371446153120e+01 6.598116809275026640e+01
8.819551480750043027e+01 6.567819112487390498e+01
8.924145652248301985e+01 6.535651207197184931e+01
9.027576613088606905e+01 6.500359287057797530e+01
9.129347273773203142e+01 6.461139276993958447e+01
9.228968533525343787e+01 6.417228789535535327e+01
9.325937535372794684e+01 6.367899275177681773e+01
9.419618341016584395e+01 6.312749542464315766e+01
9.509300385899561547e+01 6.251561968189413676e+01
9.594272428164312316e+01 6.184121221780835498e+01
9.673929741669282123e+01 6.110404237384943116e+01
9.747961877485147397e+01 6.030919130156600971e+01
9.816108779635067094e+01 5.946264976351984899e+01
9.878141744936431223e+01 5.857048017354659208e+01
9.934457447730909507e+01 5.764017413536420520e+01
9.986028967496297071e+01 5.668054052482898442e+01
1.003385092160589096e+02 5.570043743885355525e+01
1.007895327482859926e+02 5.470832488024032614e+01
1.012253661250284722e+02 5.371074126626602663e+01
1.016585293340857845e+02 5.271364597895204440e+01
1.021014601611390589e+02 5.172295590507604146e+01
1.025620090371390489e+02 5.074222604223799493e+01
1.030411108242193308e+02 4.977145077236566806e+01
1.035391276995026431e+02 4.881032961932401548e+01
1.040555376039460498e+02 4.785820726114285151e+01
1.045821223489172240e+02 4.691133990284241406e+01
1.051067010577823311e+02 4.596439351440410803e+01
1.056170676228328915e+02 4.501202406601267114e+01
1.061040325040423511e+02 4.405014843113983147e+01
1.065660236368536005e+02 4.307786753243846789e+01
1.070026528360724427e+02 4.209477714549942107e+01
1.074140391334958622e+02 4.110067283047151676e+01
1.078091441133794319e+02 4.009883308570363170e+01
1.082044402069208218e+02 3.909549481050986230e+01
1.086166384947389503e+02 3.809698890434627572e+01
1.090602815563289738e+02 3.710879531770720519e+01
1.095403849350820877e+02 3.613265546418174523e+01
1.100593485941511176e+02 3.516928436854905016e+01
1.106194533034041427e+02 3.421937606552589273e+01
1.112175841155014524e+02 3.328267511159076264e+01
1.118431391394389607e+02 3.235760859423552205e+01
1.124849650004423864e+02 3.144250655697839392e+01
1.131318350772970973e+02 3.053614344985048490e+01
1.137719475919568310e+02 2.964078335925346863e+01
1.143932291240408574e+02 2.876033850113802970e+01
1.149836261359343723e+02 2.789870389101855608e+01
1.155364585539034863e+02 2.705303453401726443e+01
1.160574639327146684e+02 2.620490983132669527e+01
1.165541285310519584e+02 2.533371576052347152e+01
1.170340347105265977e+02 2.441637532917550146e+01
1.175062390227920019e+02 2.339203032463555942e+01
1.179809516609549718e+02 2.217025648066261212e+01
1.184684136007627018e+02 2.065984061935087013e+01
