4.864976688570140340e+01 4.364006529217265751e+01
4.921951080643232501e+01 4.571264731087147482e+01
4.964845757609528221e+01 4.728025711009279064e+01
4.998303500941037214e+01 4.850965159428326956e+01
5.026837140092068523e+01 4.956294287887619987e+01
5.052994212537046792e+01 5.053199894799143976e+01
5.077798648073244436e+01 5.145423048431996449e+01
5.102233278707939235e+01 5.236557922616213290e+01
5.126989850628494594e+01 5.329157980914777681e+01
5.152100798798734616e+01 5.423419471552247728e+01
5.177507800602496957e+01 5.519214159941422082e+01
5.203151220968618418e+01 5.616411324706335506e+01
5.228961470144546553e+01 5.714861382727345074e+01
5.254864394960736007e+01 5.814406104299533240e+01
5.280786467699329023e+01 5.914887375619285592e+01
5.306681078334666068e+01 6.016153757532894986e+01
5.332537586923514539e+01 6.118062730213961231e+01
5.358347861082594932e+01 6.220472395623594508e+01
5.384114522974341099e+01 6.323246117075309769e+01
5.409884980759824913e+01 6.426269168145316257e+01
5.435718299065304393e+01 6.529432525000413534e+01
5.461675545244562358e+01 6.632627966218700521e+01
5.487849751380899477e+01 6.735760077304409776e+01
5.514359619951498104e+01 6.838743728811684264e+01
5.541324616053354646e+01 6.941494096184476348e+01
5.568874521906892738e+01 7.043930308351684744e+01
5.597163388908589354e+01 7.145980794104016809e+01
5.626348755180125494e+01 7.247575318332853556e+01
5.656587062699018986e+01 7.348645226902768002e+01
5.688026069351314362e+01 7.449134390778773707e+01
5.720809400389559585e+01 7.548992641439986073e+01
5.755080275665314105e+01 7.648170035543489576e+01
5.790964786124973784e+01 7.746625135475514412e+01
5.828565307787201277e+01 7.844328279783690050e+01
5.867982475441665713e+01 7.941250671660657190e+01
5.909305357239088607e+01 8.037367858970138457e+01
5.952572872762054601e+01 8.132674226425146458e+01
5.997810353878374912e+01 8.227169262568071417e+01
6.045041235894493781e+01 8.320852998966202563e+01
6.094256975218472405e+01 8.413734623043825422e+01
6.145422426468692123e+01 8.505830938565848953e+01
6.198501616509633294e+01 8.597158978431031073e+01
6.253452476934936044e+01 8.687734902148041272e+01
6.310218045282736199e+01 8.777572735059457898e+01
6.368739126580139498e+01 8.866686182611807965e+01
6.428957319792061753e+01 8.955087207795963877e+01
6.490820796663041392e+01 9.042773348320159243e+01
6.554280975333492165e+01 9.129735017026004584e+01
6.619289370222232094e+01 9.215962370641950940e+01
6.685801096794779141e+01 9.301435461297660368e+01
6.753776436500909597e+01 9.386119845282435392e+01
6.823176069913799324e+01 9.469979958938456832e+01
6.893965200649945757e+01 9.552975710169239676e+01
6.966129449945989904e+01 9.635046564902751243e+01
7.039660197639122430e+01 9.716126223597204614e+01
7.114547502846032501e+01 9.796149037666047832e+01
7.190757858594315621e+01 9.875060976779558075e+01
7.268237453244985602e+01 9.952818020959341538e+01
7.346931791380663412e+01 1.002937651529786081e+02
7.426778280180258207e+01 1.010470837972577840e+02
7.507693768527573752e+01 1.017882507673972441e+02
7.589591891306588423e+01 1.025174425075947227e+02
7.672387051418994020e+01 1.032348512004797385e+02
7.756000299078397120e+01 1.039408052472417978e+02
7.840356091415861783e+01 1.046357028645679037e+02
7.925379063630029464e+01 1.053199428560577076e+02
8.011001934239359912e+01 1.059939250725477677e+02
8.097169438714286116e+01 1.066580509217347270e+02
8.183827288611873030e+01 1.073127219377722668e+02
8.270918156557350187e+01 1.079584530388856791e+02
8.358370431136833645e+01 1.085962920879655371e+02
8.446108307860920661e+01 1.092274433936530613e+02
8.534055538189495849e+01 1.098531204129273959e+02
8.622127494016773142e+01 1.104747090634414093e+02
8.710232069491173945e+01 1.110937491630777174e+02
8.798276881057466881e+01 1.117117861272788275e+02
8.886161486845634272e+01 1.123304691527297621e+02
8.973764182931908806e+01 1.129517212653738056e+02
9.060959799505845069e+01 1.135775101275374652e+02
9.147622699409845382e+01 1.142097817930717412e+02
9.233623014439450571e+01 1.148502866872209296e+02
9.318828626594360287e+01 1.155006712126453721e+02
9.403107556001782541e+01 1.161625761877949117e+02
9.486337208306139246e+01 1.168373695744918308e+02
9.568409450063100508e+01 1.175259989256041138e+02
9.649217381706230867e+01 1.182293759225869820e+02
9.728663878563602907e+01 1.189482904310380320e+02
9.806699661491323639e+01 1.196829360600908103e+02
9.883290067282682401e+01 1.204333242733914489e+02
9.958402150723027546e+01 1.211994427473652820e+02
1.003203732115599394e+02 1.219808033862303773e+02
1.010422873904034162e+02 1.227764783767739516e+02
1.017501075413203893e+02 1.235855233720562296e+02
1.024441541196904950e+02 1.244069824361957615e+02
1.031246843830395932e+02 1.252398678482868206e+02
1.037919448503349855e+02 1.260831864865229619e+02
1.044462155294214085e+02 1.269359453970482008e+02
1.050880937345603883e+02 1.277971532173349942e+02
1.057183517945106246e+02 1.286658194625736940e+02
1.063377612566326462e+02 1.295409563208373527e+02
1.069469234389358405e+02 1.304217494701418332e+02
1.075461677890463932e+02 1.313076616663212803e+02
1.081357994053820590e+02 1.321981804808060019e+02
1.087160983865448856e+02 1.330928316571144876e+02
1.092872173870704557e+02 1.339913355324478630e+02
1.098492685542372556e+02 1.348934742943271203e+02
1.104023749496675606e+02 1.357990287334682193e+02
1.109468922981367882e+02 1.367077493643890591e+02
1.114833990227543978e+02 1.376193577221208955e+02
1.120124825094146246e+02 1.385335741840942774e+02
1.125347540637710608e+02 1.394501240959492918e+02
1.130508932018309451e+02 1.403687469708317224e+02
1.135615915184118592e+02 1.412891848306942677e+02
1.140675051817028134e+02 1.422111953954302805e+02
1.145689388553884669e+02 1.431346921405623789e+02
1.150659961319251039e+02 1.440596776385529267e+02
1.155587789165596178e+02 1.449861551967510991e+02
1.160474380308758668e+02 1.459141055279498573e+02
1.165322052867378204e+02 1.468434719353657840e+02
1.170133201042888373e+02 1.477741942079357216e+02
1.174910909962547834e+02 1.487061817791436908e+02
1.179661933629496673e+02 1.496391828923946719e+02
1.184394239130794517e+02 1.505728924949070802e+02
1.189115756530713526e+02 1.515070067903037341e+02
1.193833560191443297e+02 1.524412511957294782e+02
1.198553876231250825e+02 1.533753800872311785e+02
1.203282893728165277e+02 1.543091491093645686e+02
1.208025839476212582e+02 1.552423519202826014e+02
1.212785086583202343e+02 1.561748949087648555e+02
1.217562481633950426e+02 1.571067052630985472e+02
1.222359944347366820e+02 1.580377068991498675e+02
1.227180154792205258e+02 1.589677897105609645e+02
1.232026244045288905e+02 1.598968234103982127e+02
1.236901343555177988e+02 1.608246776702366105e+02
1.241808138352806452e+02 1.617512401383966107e+02
1.246748547100620073e+02 1.626764293240123322e+02
1.251724412999620455e+02 1.636001667749670219e+02
1.256736907020586500e+02 1.645224018889841489e+02
1.261783481233247386e+02 1.654432381342187455e+02
1.266860308832451238e+02 1.663628319613605413e+02
1.271963514506249595e+02 1.672813418421960705e+02
1.277088080958079104e+02 1.681989738374368244e+02
1.282227818517737603e+02 1.691159828630943309e+02
1.287376484179676197e+02 1.700326260578714539e+02
1.292527989817313312e+02 1.709491542879814006e+02
1.297676725049024355e+02 1.718657990713009269e+02
1.302817171318568228e+02 1.727827882068431222e+02
1.307943796904533258e+02 1.737003500647300314e+02
1.313050926569608237e+02 1.746187192408437738e+02
1.318132796818345014e+02 1.755381341597294238e+02
1.323183664926046958e+02 1.764588323891243249e+02
1.328199774528190744e+02 1.773809693110430317e+02
1.333180905499477547e+02 1.783045539954765104e+02
1.338127202455626161e+02 1.792295804212431563e+02
1.343039110870364254e+02 1.801560301184597392e+02
1.347918810582395963e+02 1.810838128538482010e+02
1.352769101608445794e+02 1.820128127328185315e+02
1.357592764493427353e+02 1.829429146677099993e+02
1.362392058277219746e+02 1.838740251812201336e+02
1.367168687532984279e+02 1.848060737722850604e+02
1.371924329767852839e+02 1.857389910614103314e+02
1.376660005908754272e+02 1.866727348608122838e+02
1.381374629814714012e+02 1.876073502451335742e+02
1.386066693522046194e+02 1.885428997584459125e+02
1.390734503868499701e+02 1.894794536144971460e+02
1.395374249344502573e+02 1.904171697546993016e+02
1.399980768010316581e+02 1.913562620461775055e+02
1.404548868401880100e+02 1.922969455787570041e+02
1.409072573949720493e+02 1.932394679561723478e+02
1.413544458401519535e+02 1.941841368185008605e+02
1.417956938970366707e+02 1.951312662884543272e+02
1.422302638473411491e+02 1.960811619720164458e+02
1.426575415082082827e+02 1.970340783031433034e+02
1.430769586201630545e+02 1.979902506929678623e+02
1.434879562461291584e+02 1.989499106913231401e+02
1.438902300512200156e+02 1.999131843929110062e+02
1.442837560492845910e+02 2.008800817731936945e+02
1.446685246593248735e+02 2.018506068410817420e+02
1.450444997137016685e+02 2.028247746203657584e+02
1.454115562635644494e+02 2.038026369170083854e+02
1.457695508504426414e+02 2.047842532055325933e+02
1.461183324507615566e+02 2.057696860936227381e+02
1.464576591781095374e+02 2.067590358206981875e+02
1.467872291086371774e+02 2.077524274912714475e+02
1.471067389423263307e+02 2.087499867796550177e+02
1.474158496818742492e+02 2.097518541268370598e+02
1.477141539514791191e+02 2.107581982595170587e+02
1.480012366501946133e+02 2.117691911000076459e+02
1.482766598480374682e+02 2.127850140110127484e+02
1.485398426142403991e+02 2.138059074897235519e+02
1.487901487658365056e+02 2.148321348815308056e+02
1.490269485745448037e+02 2.158639568539467177e+02
1.492498062727810861e+02 2.169015536100287420e+02
1.494585072917498110e+02 2.179450135886771420e+02
1.496528491271962480e+02 2.189944202238289677e+02
1.498327848426855553e+02 2.200497924369254861e+02
1.499988081508336393e+02 2.211109249473897194e+02
1.501515301371964313e+02 2.221775638012024388e+02
1.502915324215092312e+02 2.232494672336144674e+02
1.504190247044772661e+02 2.243265473334336662e+02
1.505339620094947577e+02 2.254088215430720652e+02
1.506362951617152248e+02 2.264963090414115072e+02
1.507260750921915644e+02 2.275889875648240945e+02
1.508035516916458505e+02 2.286867524830279024e+02
1.508689983564921420e+02 2.297894894346971455e+02
1.509227741444722994e+02 2.308970486890625580e+02
1.509657976755546542e+02 2.320090494728866020e+02
1.509992122319199268e+02 2.331250182502151631e+02
1.510241617810320065e+02 2.342444812447086804e+02
1.510417927929919983e+02 2.353669649954840111e+02
1.510532546939880945e+02 2.364919964142712843e+02
1.510596970784433779e+02 2.376191024352451961e+02
1.510622045097925934e+02 2.387478379787652329e+02
1.510616263096218290e+02 2.398778592018779818e+02
1.510587586248074388e+02 2.410088451454471397e+02
1.510543819700773724e+02 2.421404816575015104e+02
1.510490693326895837e+02 2.432725449558410276e+02
1.510432464438821683e+02 2.444048753822721380e+02
1.510373353769852542e+02 2.455373148745837284e+02
1.510316781986392130e+02 2.466697406830765260e+02
1.510264519550200077e+02 2.478021028930482430e+02
1.510218133147032233e+02 2.489343605838481892e+02
1.510179045687766575e+02 2.500664787094458177e+02
1.510147700383330971e+02 2.511984622542104830e+02
1.510124131798827989e+02 2.523303328997207018e+02
1.510108362080880511e+02 2.534621125638911110e+02
1.510100036153341989e+02 2.545938293325783093e+02
1.510098337420546954e+02 2.557255188379106698e+02
1.510102421150654379e+02 2.568572171720126107e+02
1.510111308122460230e+02 2.579889552885081798e+02
1.510123512674969390e+02 2.591207447912284465e+02
1.510137429960130362e+02 2.602525927301666684e+02
1.510151417296268335e+02 2.613845032785595777e+02
1.510163303247456383e+02 2.625164404047359312e+02
1.510170527636078077e+02 2.636483385182572761e+02
1.510170519565293716e+02 2.647801311522950982e+02
1.510160403523066464e+02 2.659117178245538753e+02
1.510136651832312111e+02 2.670429252274191185e+02
1.510095652680145975e+02 2.681735706580836336e+02
1.510033767454623899e+02 2.693034592066020423e+02
1.509947166988026197e+02 2.704323091636805430e+02
1.509831939556146949e+02 2.715598012150314844e+02
1.509684197845179483e+02 2.726856149390065980e+02
1.509500965083441031e+02 2.738093947288242020e+02
1.509280418463271189e+02 2.749307403862695196e+02
1.509020809462454906e+02 2.760492488426124851e+02
1.508721609887767272e+02 2.771645380883439316e+02
1.508387075568514319e+02 2.782763086718446175e+02
1.508022634499172057e+02 2.793842813695530367e+02
1.507634227303639989e+02 2.804881967331843953e+02
1.507235344054369648e+02 2.815880865432210385e+02
1.506845225130832659e+02 2.826842044049329274e+02
1.506483256040633876e+02 2.837768099750039141e+02
1.506168969555047852e+02 2.848662629899967556e+02
1.505922225776407686e+02 2.859531456395276336e+02
1.505762928906521836e+02 2.870380700830631895e+02
1.505708174565426418e+02 2.881216250402852666e+02
1.505754211502740532e+02 2.892042252476324506e+02
1.505887909625050440e+02 2.902862071678508755e+02
1.506095829710602345e+02 2.913679059576631403e+02
1.506354015959980472e+02 2.924496197262251371e+02
1.506624705595859837e+02 2.935315979437779674e+02
1.506869198307118438e+02 2.946140867778392476e+02
1.507050573936421358e+02 2.956972211948392442e+02
1.507139177766545970e+02 2.967806823100584097e+02
1.507107208379898111e+02 2.978640354684796421e+02
1.506927619851242071e+02 2.989468431919306113e+02
1.506585102263497333e+02 3.000286241471413291e+02
1.506073606066112802e+02 3.011088623967181661e+02
1.505387359431784375e+02 3.021870418323838408e+02
1.504527076229624640e+02 3.032628376307131930e+02
1.503508440527191112e+02 3.043363664894400813e+02
1.502349241745177437e+02 3.054078072001951796e+02
1.501067741171075909e+02 3.064773640763212370e+02
1.499685857691525825e+02 3.075454392585875212e+02
1.498227218595499437e+02 3.086125272895873763e+02
1.496715462055669548e+02 3.096791249170838682e+02
1.495174279368097814e+02 3.107458016013298447e+02
1.493627434085617551e+02 3.118132257038261628e+02
1.492098694931204363e+02 3.128820726626927353e+02
1.490610561257610698e+02 3.139529906276247289e+02
1.489180138714575321e+02 3.150265117965967647e+02
1.487823100608450773e+02 3.161031375756252828e+02
1.486554628123950295e+02 3.171833523326850468e+02
1.485381830026788919e+02 3.182673609532710657e+02
1.484305217094608338e+02 3.193551398879973817e+02
1.483325087287491328e+02 3.204466581353003676e+02
1.482435913090550912e+02 3.215416577178078796e+02
1.481618200817670470e+02 3.226393364994283957e+02
1.480850407191391582e+02 3.237388124866078556e+02
1.480110611272066308e+02 3.248391893630621325e+02
1.479373833762413710e+02 3.259394548251772221e+02
1.478613612584993575e+02 3.270385403353292872e+02
1.477803589627280303e+02 3.281353816753028241e+02
1.476922754947111684e+02 3.292291351637039725e+02
1.475957635762870837e+02 3.303192679210234246e+02
1.474895327034713546e+02 3.314052704791170072e+02
1.473726402142797554e+02 3.324867761452221089e+02
1.472456822796750089e+02 3.335640498566295378e+02
1.471096804703855128e+02 3.346375311604070930e+02
1.469656808196780275e+02 3.357076694916241308e+02
1.468151533313755124e+02 3.367750856569007283e+02
1.466599269447588085e+02 3.378405455468134164e+02
1.465018416563262633e+02 3.389048195147504430e+02
1.463426372036790326e+02 3.399686349487815278e+02
1.461838036113446151e+02 3.410326122240139739e+02
1.460267926761922581e+02 3.420973553333326436e+02
1.458730038683337398e+02 3.431634463801287893e+02
1.457233937475297694e+02 3.442312821881421314e+02
1.455786960246629178e+02 3.453011663582686310e+02
1.454396308337115613e+02 3.463733968535680106e+02
1.453063078530235828e+02 3.474480184110976211e+02
1.451779452796247938e+02 3.485247059683103998e+02
1.450536906816493286e+02 3.496031051647526056e+02
1.449326362904135408e+02 3.506828387316601834e+02
1.448136194420431764e+02 3.517634238788738799e+02
1.446954041284323864e+02 3.528443474532230653e+02
1.445767665181726329e+02 3.539251013587322632e+02
1.444567064171684478e+02 3.550052703797439335e+02
1.443344197302693033e+02 3.560845207437743056e+02
1.442091086561830764e+02 3.571625212929517375e+02
1.440798115221561773e+02 3.582388731217570239e+02
1.439451425320947919e+02 3.593130019838380349e+02
1.438036481816936316e+02 3.603843056409518795e+02
1.436539457474330561e+02 3.614522111962260169e+02
1.434952790162356280e+02 3.625164054655733707e+02
1.433272188474529401e+02 3.635767108490667283e+02
1.431493447185428920e+02 3.646329533171953585e+02
1.429615614719876078e+02 3.656850935973823198e+02
1.427642663695054921e+02 3.667332963630843210e+02
1.425578976709034578e+02 3.677777432680001084e+02
1.423429563665429214e+02 3.688186418777133895e+02
1.421202443332722964e+02 3.698563240439099218e+02
1.418906535521517469e+02 3.708911588372994856e+02
1.416550517591097673e+02 3.719235052555451944e+02
1.414138346754391762e+02 3.729535261907012114e+02
1.411669693564728618e+02 3.739812064390738442e+02
1.409144070383407552e+02 3.750065242242120576e+02
1.406559476992443933e+02 3.760293946690024995e+02
1.403909844285162762e+02 3.770495631534481618e+02
1.401188425956422066e+02 3.780667468066874335e+02
1.398388520314780976e+02 3.790806644734856263e+02
1.395503838840861022e+02 3.800910508871957632e+02
1.392528316777069222e+02 3.810976493859616312e+02
1.389455940978988906e+02 3.821002054335434650e+02
1.386283760596172101e+02 3.830985909828704052e+02
1.383013628434352711e+02 3.840928764036405028e+02
1.379647817263559944e+02 3.850831494123307266e+02
1.376189929970810226e+02 3.860695531527518369e+02
1.372650213577571776e+02 3.870525076365887571e+02
1.369040985473872070e+02 3.880325191499005655e+02
1.365374666871464342e+02 3.890100985067538204e+02
1.361665808854459954e+02 3.899858494389951034e+02
1.357930965763653148e+02 3.909604630725166317e+02
1.354186769736050167e+02 3.919346339331955846e+02
1.350449853769424351e+02 3.929090613907919192e+02
1.346736853268735103e+02 3.938844583612759038e+02
1.343064404056511592e+02 3.948615401104596572e+02
1.339448917550295448e+02 3.958410146578567037e+02
1.335904629515076749e+02 3.968235197686134370e+02
1.332444553618215934e+02 3.978096537449145558e+02
1.329081642941134191e+02 3.988000127229390728e+02
1.325825629006214967e+02 3.997950744476015075e+02
1.322681004782768923e+02 4.007951241486649678e+02
1.319651782690911261e+02 4.018004293958633752e+02
1.316741495080825644e+02 4.028112417944544745e+02
1.313951176616508576e+02 4.038277298904414465e+02
1.311281052243199383e+02 4.048500353030509018e+02
1.308731186882627924e+02 4.058782924381761745e+02
1.306298142435628336e+02 4.069124776882485435e+02
1.303975068583724237e+02 4.079524135280947235e+02
1.301754972541912139e+02 4.089979159754324201e+02
1.299629739800007542e+02 4.100487168360381247e+02
1.297587993929848835e+02 4.111043030317819102e+02
1.295617768877517904e+02 4.121641172192087765e+02
1.293708240348437926e+02 4.132276272110077571e+02
1.291860179484152695e+02 4.142945562996756053e+02
1.290081111888539169e+02 4.153647765973590253e+02
1.288378723756258921e+02 4.164381622415423294e+02
1.286766530492016898e+02 4.175146006321519963e+02
1.285267874905451322e+02 4.185940015281278761e+02
1.283907045053162506e+02 4.196762768390071301e+02
1.282708757690895425e+02 4.207612537736521290e+02
1.281700053068053649e+02 4.218483004742743105e+02
1.280908754933210218e+02 4.229366302824300305e+02
1.280362578946447911e+02 4.240254371955825263e+02
1.280086701066039723e+02 4.251134659833583669e+02
1.280103735218196164e+02 4.261990082377252520e+02
1.280436181201725674e+02 4.272803355425806444e+02
1.281105009534749968e+02 4.283557308139467068e+02
1.282126565547520443e+02 4.294235112409550084e+02
1.283516323550977916e+02 4.304820004670789899e+02
1.285288475769223737e+02 4.315295887038316209e+02
1.287443566587229213e+02 4.325653747807948548e+02
1.289973897397134976e+02 4.335888855171832574e+02
1.292871558859880281e+02 4.345996589815931088e+02
1.296120434635457741e+02 4.355976855395616099e+02
1.299690061240198702e+02 4.365837462436558098e+02
1.303548529203469286e+02 4.375587018363907532e+02
1.307662808104835221e+02 4.385234889569009056e+02
1.311993537398637386e+02 4.394794728407708817e+02
1.316499136713860310e+02 4.404281690222335897e+02
1.321138229028704245e+02 4.413710876047953207e+02
1.325874564194521099e+02 4.423095993251701543e+02
1.330677248341952748e+02 4.432449293171991940e+02
1.335515640450083197e+02 4.441782958310708409e+02
1.340361983060781199e+02 4.451108138337422133e+02
1.345197590990743493e+02 4.460432733421254170e+02
1.350005558701683981e+02 4.469764006299445214e+02
1.354769578463676112e+02 4.479108983638408290e+02
1.359480017358752946e+02 4.488472056262615411e+02
1.364131421846250021e+02 4.497855964586296409e+02
1.368718437439894160e+02 4.507263409040028819e+02
1.373239041948859835e+02 4.516695691269956114e+02
1.377697254731710643e+02 4.526151576885013128e+02
1.382097732778950672e+02 4.535629563837908336e+02
1.386445226980329721e+02 4.545128094725981782e+02
1.390745040835211057e+02 4.554645286372834789e+02
1.395002679326543955e+02 4.564179136823707381e+02
1.399223630118925428e+02 4.573727648883699999e+02
1.403412912017661540e+02 4.583288956677148462e+02
1.407575036524494010e+02 4.592861336415193705e+02
1.411714489650017583e+02 4.602443071467361619e+02
1.415835051387538215e+02 4.612032718307908112e+02
1.419938190570320273e+02 4.621629727424223120e+02
1.424024903859066171e+02 4.631233731951577965e+02
1.428096044750968474e+02 4.640844421946112561e+02
1.432150788882892698e+02 4.650462154570351458e+02
1.436187222915582140e+02 4.660087719956641195e+02
1.440203411881666966e+02 4.669721916837725075e+02
1.444197076794521877e+02 4.679365680855194114e+02
1.448165291692558014e+02 4.689020205126338396e+02
1.452105059151516002e+02 4.698686711208344491e+02
1.456013443043808877e+02 4.708366395216818319e+02
1.459887883276397815e+02 4.718060297191790937e+02
1.463725962273277332e+02 4.727769398020682274e+02
1.467525377856794364e+02 4.737494630869211392e+02
1.471287108721688242e+02 4.747235572146846607e+02
1.475015810109931067e+02 4.756990277881326392e+02
1.478716331885512147e+02 4.766756723617368721e+02
1.482393808067867269e+02 4.776532767718646255e+02
1.486054340674140235e+02 4.786315869362447302e+02
1.489704237663158324e+02 4.796103402799084279e+02
1.493349596116621569e+02 4.805892829469154321e+02
1.496993916932436832e+02 4.815682684244072789e+02
1.500638954660185505e+02 4.825472224048945122e+02
1.504286428591766480e+02 4.835260720363547193e+02
1.507937717254681331e+02 4.845047582713355609e+02
1.511593534303497108e+02 4.854832489967876086e+02
1.515254516574630372e+02 4.864615152116101058e+02
1.518921066997329490e+02 4.874395374761397761e+02
1.522592092317615311e+02 4.884173575102796576e+02
1.526265909971961605e+02 4.893950411231737689e+02
1.529940793439295135e+02 4.903726559372075826e+02
1.533613715961990351e+02 4.913503232255404214e+02
1.537280141696304554e+02 4.923282265297222011e+02
1.540935450200184391e+02 4.933065528820495729e+02
1.544574972610850239e+02 4.942854917335658342e+02
1.548193868385617691e+02 4.952652411111893116e+02
1.551787258950160151e+02 4.962460009416221283e+02
1.555350147382028752e+02 4.972279763726256192e+02
1.558876004940456426e+02 4.982114401298325106e+02
1.562357235101844992e+02 4.991967120453041389e+02
1.565786230296900783e+02 5.001841125008575659e+02
1.569156893383152749e+02 5.011739040696901952e+02
1.572466185287141798e+02 5.021662322834147858e+02
1.575711436325027535e+02 5.031612285359823318e+02
1.578890378126528162e+02 5.041590100515929862e+02
1.582003419659285726e+02 5.051595995218543180e+02
1.585052065569666411e+02 5.061629809516805381e+02
1.588037791844185449e+02 5.071691399442766510e+02
1.590961024518202009e+02 5.081781184448110480e+02
1.593820927445778466e+02 5.091900261290049912e+02
1.596616589635991090e+02 5.102049766889460898e+02
1.599347165792814280e+02 5.112230843215521645e+02
1.602012053082265481e+02 5.122444650869293810e+02
1.604610704593611388e+02 5.132692354749235619e+02
1.607142563205613044e+02 5.142975112709237919e+02
1.609606932733522058e+02 5.153293986658592303e+02
1.612003016549282677e+02 5.163649969207378945e+02
1.614330019363990800e+02 5.174044047621202935e+02
1.616587730230805278e+02 5.184476585848990453e+02
1.618777166107545327e+02 5.194946638035871729e+02
1.620899498943547314e+02 5.205453092997778413e+02
1.622956005601339200e+02 5.215994529594598816e+02
1.624948693186444757e+02 5.226567369252654771e+02
1.626879879239613160e+02 5.237167116246888554e+02
1.628751903417375786e+02 5.247789202830258546e+02
1.630567848352765736e+02 5.258426629517066431e+02
1.632331721831855873e+02 5.269069368824896173e+02
1.634047589604352027e+02 5.279707203554594344e+02
1.635719349201687578e+02 5.290328923043831537e+02
1.637350251833848347e+02 5.300919499586279926e+02
1.638943393508442057e+02 5.311462988881696674e+02
1.640501864729660895e+02 5.321943271961004029e+02
1.642028677057119523e+02 5.332341724291125047e+02
1.643526782973393665e+02 5.342637846336303937e+02
1.644999129986665025e+02 5.352811100326513269e+02
1.646447984945245082e+02 5.362842288992782187e+02
1.647874129899505817e+02 5.372715139247947036e+02
1.649278151139614010e+02 5.382413763537729210e+02
1.650665625093757569e+02 5.391956495759651489e+02
1.652078379200828238e+02 5.401610272597472431e+02
1.653574245716258133e+02 5.411751788832921193e+02
1.655213307331482326e+02 5.422773190970133328e+02
1.657139065534141764e+02 5.435639409777687661e+02
1.659602623193525517e+02 5.452054206851798881e+02
1.662862198160715081e+02 5.473770197881497097e+02
