5.104492889156137636e+01 4.977593844202193196e+01
5.289595431902708356e+01 5.131324818909823904e+01
5.430534524192775336e+01 5.248858121770766871e+01
5.541715566755510736e+01 5.341970283721600765e+01
5.637227756140734414e+01 5.422180827366410227e+01
5.725403079318942900e+01 5.496329859506404603e+01
5.809550307150691140e+01 5.567174655403968586e+01
5.892809033143888087e+01 5.637334965356494365e+01
5.977579029475610639e+01 5.708806953806101347e+01
6.064090382875604490e+01 5.781757985322601456e+01
6.152177487078508022e+01 5.856021899955092636e+01
6.241674207114849082e+01 5.931430927793294217e+01
6.332408034475456304e+01 6.007797890831096055e+01
6.424202238093823780e+01 6.084922752933118062e+01
6.516880133368978534e+01 6.162605247892853555e+01
6.610288172378116656e+01 6.240645087230470978e+01
6.704323150839088896e+01 6.318841934001084581e+01
6.798888482627037888e+01 6.396995444888606386e+01
6.893891206221778134e+01 6.474911819521238954e+01
6.989268756494607260e+01 6.552452127482391120e+01
7.084973744352507197e+01 6.629504833330908298e+01
7.180958955327051285e+01 6.705959239940551697e+01
7.277181538215506862e+01 6.781748925941934658e+01
7.373605775167000331e+01 6.856879854865867685e+01
7.470196607369102537e+01 6.931364677763049542e+01
7.566925049392976632e+01 7.005209982130246260e+01
7.663798618522329775e+01 7.078385911830649491e+01
7.760838405576318166e+01 7.150849059160513832e+01
7.858066096612198237e+01 7.222554912995549614e+01
7.955523449321962914e+01 7.293421074035977369e+01
8.053277096581831529e+01 7.363318187397264580e+01
8.151395218409867027e+01 7.432113977736126742e+01
8.249947543806916883e+01 7.499672088584406993e+01
8.349010578481173184e+01 7.565838308795997591e+01
8.448662680868072528e+01 7.630453545820506633e+01
8.548981610891399896e+01 7.693359889876757052e+01
8.650032707699458001e+01 7.754423977539637747e+01
8.751869594405440012e+01 7.813535599008314136e+01
8.854545431458257099e+01 7.870585460374043407e+01
8.958097853986269854e+01 7.925499599148876939e+01
9.062514791792908397e+01 7.978317168689784467e+01
9.167774248086175248e+01 8.029099912593945021e+01
9.273851876309181819e+01 8.077914968333710988e+01
9.380691656001845047e+01 8.124902180690055786e+01
9.488214852183375569e+01 8.170253535528550515e+01
9.596342259247718687e+01 8.214162093159841049e+01
9.705001686414668427e+01 8.256803159112853052e+01
9.814137542457012842e+01 8.298310024838647792e+01
9.923696636943336102e+01 8.338809905286045421e+01
1.003362722070303903e+02 8.378426497589993005e+01
1.014389090130197815e+02 8.417250897907433682e+01
1.025445652387349753e+02 8.455356537018801077e+01
1.036529304528532975e+02 8.492816575723445283e+01
1.047637299740663366e+02 8.529695692038984589e+01
1.058767524719916509e+02 8.566043532042797892e+01
1.069917931123617763e+02 8.601908200410728966e+01
1.081086505074178774e+02 8.637337031293631640e+01
1.092271460033530133e+02 8.672372276284536952e+01
1.103471101550786386e+02 8.707054128212445221e+01
1.114683712760649996e+02 8.741423326081179823e+01
1.125906629761512932e+02 8.775543663515341564e+01
1.137135919110952642e+02 8.809509839799474662e+01
1.148367558448320835e+02 8.843418718840450765e+01
1.159597029017283631e+02 8.877379182947777281e+01
1.170817436138928258e+02 8.911557638690388217e+01
1.182021175114229123e+02 8.946137683172570121e+01
1.193200651500111746e+02 8.981302667562896147e+01
1.204348518243879198e+02 9.017230009955348180e+01
1.215457680546643076e+02 9.054091078731430287e+01
1.226521054997889451e+02 9.092056969144046263e+01
1.237531971817601004e+02 9.131288789722819388e+01
1.248485208200268488e+02 9.171912713144696738e+01
1.259375857564594980e+02 9.214047277147365378e+01
1.270199214134197803e+02 9.257806170499792131e+01
1.280953612579523337e+02 9.303229662295900937e+01
1.291639746564405016e+02 9.350301057460316656e+01
1.302258374038475495e+02 9.399002108564249625e+01
1.312811397350603215e+02 9.449286932789229354e+01
1.323303667143239863e+02 9.501038450797801715e+01
1.333740502388719449e+02 9.554128273843642205e+01
1.344127094680702896e+02 9.608431087373810442e+01
1.354467327446382967e+02 9.663853148499147494e+01
1.364764315467065217e+02 9.720319265050270019e+01
1.375021148035720273e+02 9.777754860102322709e+01
1.385239086316231010e+02 9.836129489195498365e+01
1.395415877147828496e+02 9.895497546413783141e+01
1.405548868599413481e+02 9.955923052468656920e+01
1.415635439714674249e+02 1.001746928012029798e+02
1.425673194122415737e+02 1.008019407904973832e+02
1.435659834438419580e+02 1.014415290868966224e+02
1.445593081144245957e+02 1.020940079715950191e+02
1.455471535324139722e+02 1.027597151330103031e+02
1.465295075533059617e+02 1.034386798559508662e+02
1.475063680593161735e+02 1.041309072189828129e+02
1.484777667519338706e+02 1.048363206554273859e+02
1.494439125229296792e+02 1.055544158323563408e+02
1.504050720973399962e+02 1.062845487979009675e+02
1.513615108299651979e+02 1.070260789083681203e+02
1.523134553784189507e+02 1.077784589469597876e+02
1.532610897452751431e+02 1.085412446792458638e+02
1.542045957367024300e+02 1.093139971735930089e+02
1.551441357890619201e+02 1.100963242613924962e+02
1.560797982513012983e+02 1.108880126375325688e+02
1.570116537616611367e+02 1.116888917544882958e+02
1.579397682314701399e+02 1.124988024764079171e+02
1.588641267568709168e+02 1.133177807708226652e+02
1.597846466229100031e+02 1.141460263142753604e+02
1.607012431315055778e+02 1.149837435709586941e+02
1.616139282151799250e+02 1.158309037179597141e+02
1.625229851419196052e+02 1.166868228700720067e+02
1.634287444513175842e+02 1.175507030182417196e+02
1.643315511264403312e+02 1.184217112844281417e+02
1.652319150600253295e+02 1.192986166707505049e+02
1.661304511327318210e+02 1.201799347207271040e+02
1.670277760949266508e+02 1.210641764641550395e+02
1.679245356989351592e+02 1.219497829261556774e+02
1.688214362347644055e+02 1.228350490065193981e+02
1.697191915740353920e+02 1.237182513046035268e+02
1.706185127438711788e+02 1.245976732933910114e+02
1.715200880586431822e+02 1.254716533304027735e+02
1.724245949516606515e+02 1.263385560668507139e+02
1.733327089444969431e+02 1.271967507701492792e+02
1.742449908831584366e+02 1.280448836031658288e+02
1.751618214871217276e+02 1.288820356620196605e+02
1.760835656996347609e+02 1.297073261360882839e+02
1.770105417522061373e+02 1.305199870004603611e+02
1.779427997544779032e+02 1.313198976117168684e+02
1.788802943299453432e+02 1.321071678781833896e+02
1.798229796121362369e+02 1.328819088909467609e+02
1.807707976789224915e+02 1.336442608408975730e+02
1.817236762406152479e+02 1.343943985991807324e+02
1.826815421671609556e+02 1.351324990654024703e+02
1.836443126468369087e+02 1.358587624523576096e+02
1.846118643675693534e+02 1.365734864965483268e+02
1.855840634286573447e+02 1.372769944315938631e+02
1.865607722695923201e+02 1.379696182988939768e+02
1.875417822536457777e+02 1.386518611935780427e+02
1.885268202628514018e+02 1.393243813928633017e+02
1.895156108290406394e+02 1.399878428298803783e+02
1.905078544997097083e+02 1.406429669084951399e+02
1.915031783388488407e+02 1.412906511121278754e+02
1.925011953850813029e+02 1.419318265314749397e+02
1.935015225772743293e+02 1.425674147207744511e+02
1.945038265459994875e+02 1.431982157334531962e+02
1.955078081759584165e+02 1.438249458684224749e+02
1.965131693238942034e+02 1.444483190545722096e+02
1.975196791629600455e+02 1.450688861628829613e+02
1.985272595961359627e+02 1.456868281128422780e+02
1.995358535909060436e+02 1.463022748002128708e+02
2.005454011696429291e+02 1.469153633856347483e+02
2.015558163997355052e+02 1.475262950544145610e+02
2.025669998469568611e+02 1.481353042970788749e+02
2.035788519207383445e+02 1.487426260406454332e+02
2.045912698520176889e+02 1.493485070336488150e+02
2.056041454622215383e+02 1.499532141437869939e+02
2.066173700460419980e+02 1.505570161977993564e+02
2.076308316423586575e+02 1.511601927763285005e+02
2.086443977936215788e+02 1.517630911594430643e+02
2.096579280864589521e+02 1.523660849051819639e+02
2.106712812112153870e+02 1.529695502624458641e+02
2.116842822935105914e+02 1.535739640476729164e+02
2.126967131982405022e+02 1.541799326962529619e+02
2.137083529331662248e+02 1.547880712042000937e+02
2.147189714584501132e+02 1.553990241242678678e+02
2.157282973343728258e+02 1.560135712545420006e+02
2.167360472866915302e+02 1.566325310541855345e+02
2.177419390379361630e+02 1.572567199989204028e+02
2.187457124732848683e+02 1.578869104373858647e+02
2.197471292132710516e+02 1.585238314419052870e+02
2.207459517917357630e+02 1.591682102624315291e+02
2.217419487362439270e+02 1.598207402945267006e+02
2.227349086310081816e+02 1.604820016476487581e+02
2.237246242506276417e+02 1.611525507626677722e+02
2.247108806663388521e+02 1.618329501616922244e+02
2.256933529636806099e+02 1.625238491924600908e+02
2.266716341824251231e+02 1.632259619718147974e+02
2.276453150576739120e+02 1.639400044843462751e+02
2.286138663962534281e+02 1.646668044442822918e+02
2.295764629329877664e+02 1.654074653975311264e+02
2.305322345176473391e+02 1.661631327065850314e+02
2.314803135311828441e+02 1.669348846824257464e+02
2.324198570389298482e+02 1.677231457413275848e+02
2.333500360360458501e+02 1.685279712955648961e+02
2.342700217755232472e+02 1.693494094692767078e+02
2.351789957266402098e+02 1.701871913549351234e+02
2.360761582125561517e+02 1.710404629715841907e+02
2.369607115908618198e+02 1.719083072058240873e+02
2.378318609601953710e+02 1.727898090972652199e+02
2.386888303713141113e+02 1.736840685718378836e+02
2.395308518839748331e+02 1.745901918463006268e+02
2.403571625994826491e+02 1.755072868768903049e+02
2.411672293988058584e+02 1.764345403256698717e+02
2.419608395755208221e+02 1.773712486047931804e+02
2.427378041933810380e+02 1.783167162683504330e+02
2.434979317428966681e+02 1.792703098913036115e+02
2.442410178296063918e+02 1.802317066049975551e+02
2.449668540344640348e+02 1.812006805422033153e+02
2.456752423919915884e+02 1.821770073830327874e+02
2.463662526994550035e+02 1.831605016037144651e+02
2.470402386232701417e+02 1.841510188102488996e+02
2.476975675107004520e+02 1.851484165908880755e+02
2.483386560708649426e+02 1.861525611211122850e+02
2.489641015633935410e+02 1.871633499858459118e+02
2.495745425171663783e+02 1.881806879494124587e+02
2.501706108112867639e+02 1.892044813366641449e+02
2.507528314087192030e+02 1.902346615628708264e+02
2.513216430024465922e+02 1.912711802886077805e+02
2.518774818840349781e+02 1.923139896069976373e+02
2.524208199031874642e+02 1.933629549061318187e+02
2.529522245345428644e+02 1.944177084020698771e+02
2.534722791629800440e+02 1.954778435153112923e+02
2.539815716610693528e+02 1.965429176923414616e+02
2.544807384756099395e+02 1.976120990013075698e+02
2.549704457648561515e+02 1.986843173388515709e+02
2.554513603322907613e+02 1.997584969014374678e+02
2.559241785751124212e+02 2.008332530724202911e+02
2.563896561643771292e+02 2.019065827070780585e+02
2.568485558392267762e+02 2.029764089045737308e+02
2.573015773016329035e+02 2.040406054112539778e+02
2.577489407363086684e+02 2.050966705516795514e+02
2.581906459538277545e+02 2.061419301159475026e+02
2.586266844666017164e+02 2.071737128303086592e+02
2.590566487522898456e+02 2.081895624629316615e+02
2.594795289843941646e+02 2.091873473668498491e+02
2.598942653734922601e+02 2.101649628203781788e+02
2.603016767431990957e+02 2.111248723969642924e+02
2.607128828307643289e+02 2.120945887954916884e+02
2.611425157884021360e+02 2.131101659885749484e+02
2.616060037366159463e+02 2.142095835215417878e+02
2.621424078965143849e+02 2.154879920154891693e+02
2.628178758637952228e+02 2.171060670177515703e+02
2.637000429036128821e+02 2.192280829120861085e+02
