2.241808513458904173e+01 2.313004240491105179e+01
2.401374825689833870e+01 2.433833859646415476e+01
2.527672912343817657e+01 2.531559658466146345e+01
2.630929063684732938e+01 2.613447517514872942e+01
2.721314755597927970e+01 2.686727487006470128e+01
2.805969187363024275e+01 2.756647517984391982e+01
2.887473413798858246e+01 2.825476052849211683e+01
2.968032517901950484e+01 2.895235773626045628e+01
3.049699050690323432e+01 2.967821435357378590e+01
3.132892536753699630e+01 3.043758190818764575e+01
3.217041881747439902e+01 3.122740370997053816e+01
3.301562093170500134e+01 3.204450649533584539e+01
3.385903816842388636e+01 3.288571721108979773e+01
3.469646259771196384e+01 3.374786356300687373e+01
3.552397608532833573e+01 3.462777342794411339e+01
3.633769137155803719e+01 3.552228678695531983e+01
3.713508227383576354e+01 3.642877722428889342e+01
3.791548981092486770e+01 3.734535035073129450e+01
3.867839028350866926e+01 3.827016481363983047e+01
3.942330252641108501e+01 3.920147611876513594e+01
4.015014934086068621e+01 4.013845968081429305e+01
4.085907676228377028e+01 4.108079926156371187e+01
4.155023328723873988e+01 4.202818396319645444e+01
4.222417513433745739e+01 4.298024906767328446e+01
4.288278591032388931e+01 4.393645463875473212e+01
4.352821889475276862e+01 4.489622514278750742e+01
4.416264969505196802e+01 4.585897543576803059e+01
4.478905515075702937e+01 4.682377550782864262e+01
4.541141587367932431e+01 4.778926330601463945e+01
4.603377595759815222e+01 4.875404945349920638e+01
4.666016232838912003e+01 4.971673960407068193e+01
4.729445670867574592e+01 5.067589738129443333e+01
4.794046780912195516e+01 5.163006527485002550e+01
4.860200293255628878e+01 5.257778594896548441e+01
4.928183537567274186e+01 5.351800684073332093e+01
4.997969685514856053e+01 5.445086604658040130e+01
5.069476263659477411e+01 5.537671949171085828e+01
5.142615940900327587e+01 5.629594273853146547e+01
5.217157005015440063e+01 5.720949501323370612e+01
5.292702488202809263e+01 5.811900359124221893e+01
5.368846366227472089e+01 5.902613235880648546e+01
5.445170343074683217e+01 5.993259621845754026e+01
5.521163390960732897e+01 6.084049557752812376e+01
5.596272109311543375e+01 6.175210699564848227e+01
5.669942879681905623e+01 6.266970794206618933e+01
5.741622077501919819e+01 6.359557807624533865e+01
5.810756061900980285e+01 6.453200288685071939e+01
5.876791189326435472e+01 6.548126882166071994e+01
5.939183451218251264e+01 6.644562253755375991e+01
5.997629471552514246e+01 6.742631691948169248e+01
6.052077577953583898e+01 6.842356535863767419e+01
6.102487948665384465e+01 6.943753230514798247e+01
6.148848166091869416e+01 7.046826894364238569e+01
6.191331323972299572e+01 7.151505971262521655e+01
6.230187439586575238e+01 7.257687111408991143e+01
6.265666711563213198e+01 7.365266890087642082e+01
6.297998711405753625e+01 7.474150420117672411e+01
6.327363265566130934e+01 7.584263403718331631e+01
6.353932852043132584e+01 7.695534584622284058e+01
6.377881985354934358e+01 7.807891854582383928e+01
6.399428435087991573e+01 7.921245009552670524e+01
6.418831323335362526e+01 8.035486545626831401e+01
6.436351427955803217e+01 8.150508266207413044e+01
6.452251327602223796e+01 8.266201140636422906e+01
6.466804545607044474e+01 8.382451069089435691e+01
6.480288717567422907e+01 8.499142047094714769e+01
6.492981648229857683e+01 8.616157998319920353e+01
6.505192606494813390e+01 8.733369534333296258e+01
6.517299719759729726e+01 8.850618133513697217e+01
6.529690227901180322e+01 8.967741418861295699e+01
6.542745142562714022e+01 9.084579618610266039e+01
6.556731826861165757e+01 9.201020499518637052e+01
6.571818351038056960e+01 9.316993361982049748e+01
6.588169444654242568e+01 9.432428903783609542e+01
6.605949779312156522e+01 9.547258672848144556e+01
6.625323709811564754e+01 9.661418864003375973e+01
6.646455483252962892e+01 9.774847251823752003e+01
6.669508970571531847e+01 9.887481802030407607e+01
6.694598391860318998e+01 9.999285543745429550e+01
6.721739223612188141e+01 1.011027135117584947e+02
6.750935267508430115e+01 1.022045799189264557e+02
6.782197760686567278e+01 1.032986159734267204e+02
6.815655509179117644e+01 1.043845661676901386e+02
6.851531164979283517e+01 1.054618422780445997e+02
6.890049995278383221e+01 1.065298468090440451e+02
6.931411191682578021e+01 1.075880568993342905e+02
6.975685596105779496e+01 1.086363170527667990e+02
7.022904626423957097e+01 1.096745846135089124e+02
7.073098483098077338e+01 1.107028177090420940e+02
7.126182801491280827e+01 1.117210459484513621e+02
7.181865899041729051e+01 1.127294282945079686e+02
7.239834264417471843e+01 1.137281373297986136e+02
7.299768695677249752e+01 1.147172697519507523e+02
7.361271447396217127e+01 1.156958748717975141e+02
7.423887520687293318e+01 1.166622385183713249e+02
7.487160617932073592e+01 1.176146292019663662e+02
7.550616496838765102e+01 1.185510856348610389e+02
7.613701307698491405e+01 1.194686270832794577e+02
7.675839132908642171e+01 1.203639902138086200e+02
7.736464812793478529e+01 1.212340498206564945e+02
7.795779965893676433e+01 1.220855258318702852e+02
7.855250237762325582e+01 1.229413677903285844e+02
7.916459339733785328e+01 1.238260411575856921e+02
7.981239760291272489e+01 1.247677501824320672e+02
8.054440070814997910e+01 1.258400267986581582e+02
8.142915272645471703e+01 1.271465568941468121e+02
8.253556637300913223e+01 1.287915714489570576e+02
