5.130036611002447700e+01 9.738565607880661901e+01
5.275080119758727193e+01 9.627474308024466154e+01
5.388704933769270156e+01 9.541478874557897427e+01
5.481548735639734105e+01 9.472127758123815511e+01
5.563960247774934942e+01 9.411206655632403795e+01
5.641937410091513527e+01 9.354073406116610556e+01
5.718115016383780613e+01 9.298847107293599379e+01
5.795036796843453430e+01 9.243721252906911445e+01
5.874419796133107496e+01 9.187486322689665030e+01
5.956120246184781308e+01 9.130276571111772910e+01
6.039740042322407731e+01 9.072409920297059216e+01
6.124891748166673011e+01 9.014197468787909884e+01
6.211267979848237530e+01 8.955899112499459136e+01
6.298597711127548138e+01 8.897751492533639350e+01
6.386612018629714527e+01 8.839990131949969054e+01
6.475119509002554707e+01 8.782810125819017344e+01
6.564031187293971925e+01 8.726353173620276493e+01
6.653265074087900643e+01 8.670757316585724084e+01
6.742748668655181632e+01 8.616132480547648242e+01
6.832448291333383850e+01 8.562473441442757860e+01
6.922340199696532181e+01 8.509745499672051494e+01
7.012400696383699028e+01 8.457910860966129007e+01
7.102606784161190490e+01 8.406883647647943292e+01
7.192936018311556268e+01 8.356540036275831085e+01
7.283365967535043239e+01 8.306755183765673678e+01
7.373873808299615007e+01 8.257407135007355237e+01
7.464435814419610438e+01 8.208380581054844072e+01
7.555028133190343453e+01 8.159561144511272346e+01
7.645627580510563348e+01 8.110838695427129608e+01
7.736216118575158873e+01 8.062135796807707777e+01
7.826778098854805421e+01 8.013390190047348938e+01
7.917297926126281027e+01 7.964539998635339657e+01
8.007761704921387036e+01 7.915535984031922112e+01
8.098157831821843899e+01 7.866345949482983713e+01
8.188474865343314946e+01 7.816938902241165010e+01
8.278714318642570902e+01 7.767316246267188262e+01
8.368932030683279777e+01 7.717615242416070487e+01
8.459198078724671177e+01 7.668008758388351964e+01
8.549580328433046361e+01 7.618664317270035724e+01
8.640111171153148462e+01 7.569663713561577367e+01
8.730794418317088912e+01 7.521019674466941751e+01
8.821632979378277639e+01 7.472742745789638263e+01
8.912605313868814960e+01 7.424783937098661113e+01
9.003632350098759218e+01 7.376954167846373878e+01
9.094626748160713703e+01 7.329044224146997522e+01
9.185501152166057182e+01 7.280844748938049804e+01
9.276168080030186047e+01 7.232145254560035141e+01
9.366539989780949327e+01 7.182734716817682852e+01
9.456530364060918714e+01 7.132404578364028680e+01
9.546098256760690504e+01 7.081056103879892305e+01
9.635265463567841948e+01 7.028741759333513528e+01
9.724058349698239567e+01 6.975525022787019225e+01
9.812515795900034732e+01 6.921499582931225802e+01
9.900730422723533763e+01 6.866888848325918104e+01
9.988809271639347287e+01 6.811951037482116078e+01
1.007685835640253487e+02 6.756941890422599784e+01
1.016496666407985714e+02 6.702076084783280407e+01
1.025320917794507807e+02 6.647534525974013775e+01
1.034166047213040258e+02 6.593497132746027489e+01
1.043039724374828268e+02 6.540148958124336787e+01
1.051950129794399516e+02 6.487687408541130196e+01
1.060905519249568840e+02 6.436311710616624282e+01
1.069913692100452920e+02 6.386210068979656285e+01
1.078978749656085370e+02 6.337481384344393121e+01
1.088102999515857476e+02 6.290181241286524738e+01
1.097288672837997154e+02 6.244363378723909364e+01
1.106534980691384362e+02 6.200008618337464839e+01
1.115836888644966649e+02 6.156995278177027586e+01
1.125189043625379384e+02 6.115193982971371156e+01
1.134586331481251591e+02 6.074481162514319266e+01
1.144024688511314736e+02 6.034758769286457891e+01
1.153500339620213850e+02 5.995935767998909682e+01
1.163009759974359270e+02 5.957927189579419291e+01
1.172553707472591782e+02 5.920751876181684281e+01
1.182136535818135314e+02 5.884515830403661596e+01
1.191762712218925913e+02 5.849327806946556763e+01
1.201437380195021092e+02 5.815313233434165596e+01
1.211167347330461155e+02 5.782638561167122759e+01
1.220959672554652542e+02 5.751476437788979013e+01
1.230820428356497729e+02 5.721975740774968244e+01
1.240747485127734109e+02 5.694087702401005657e+01
1.250734647309174790e+02 5.667665578088421796e+01
1.260775624904300400e+02 5.642560313527469873e+01
1.270860917743110150e+02 5.618543822448780389e+01
1.280976417827963019e+02 5.595274577471523259e+01
1.291107660877819967e+02 5.572402279796335733e+01
1.301241290400135995e+02 5.549601367363258930e+01
1.311368937110828483e+02 5.526657641677584820e+01
1.321483634554791422e+02 5.503388229190682068e+01
1.331578637253054183e+02 5.479614912048330666e+01
1.341651107014919830e+02 5.455241792436476089e+01
1.351701554548753847e+02 5.430243528252849217e+01
1.361730602794361289e+02 5.404597145909605160e+01
1.371740385089959489e+02 5.378313059912979810e+01
1.381736835470364895e+02 5.351485701022369312e+01
1.391726476391276606e+02 5.324222507327990428e+01
1.401716492863218662e+02 5.296651337254395031e+01
1.411719724353735614e+02 5.269074322959852452e+01
1.421751874880088451e+02 5.241881883731255698e+01
1.431828683286796036e+02 5.215467069783593246e+01
1.441966537333883878e+02 5.190323674191822079e+01
1.452182775892221116e+02 5.167093148124549629e+01
1.462494813572553767e+02 5.146428701217919865e+01
1.472915211655755456e+02 5.128926380270931418e+01
1.483434157978022654e+02 5.114918716185609782e+01
1.494035397509540530e+02 5.104662355366068027e+01
1.504702070481633882e+02 5.098406933318269552e+01
1.515406267445810897e+02 5.096273985676781848e+01
1.526110411310479549e+02 5.098272970273163196e+01
1.536776612270604687e+02 5.104409408818741412e+01
1.547373042184475764e+02 5.114619317133060150e+01
1.557883473684775595e+02 5.128659825195360611e+01
1.568294154831304468e+02 5.146259678569556684e+01
1.578593641870376416e+02 5.167120380893848619e+01
1.588790713300872994e+02 5.190704766574644680e+01
1.598904616355001735e+02 5.216352114814351637e+01
1.608954774889744499e+02 5.243400044340458521e+01
1.618965448599240631e+02 5.271152297934690978e+01
1.628968134991468446e+02 5.298861916136119987e+01
1.638994925003671597e+02 5.325777782400587057e+01
1.649074290081373135e+02 5.351241611441582080e+01
1.659217615442602778e+02 5.375033338614993283e+01
1.669431249321846735e+02 5.397062085790523867e+01
1.679721411314411625e+02 5.417237800786712398e+01
1.690091900712710924e+02 5.435485710012924443e+01
1.700544355192274111e+02 5.451744685468106155e+01
1.711080333311571167e+02 5.465954066097670960e+01
1.721699764342918115e+02 5.478046620049255466e+01
1.732398288438242844e+02 5.487937817746185942e+01
1.743170848306273228e+02 5.495540316871860398e+01
1.754011319006653480e+02 5.500778581304563630e+01
1.764903971553179076e+02 5.503683277642915073e+01
1.775827996656836945e+02 5.504341251098846755e+01
1.786762579435527698e+02 5.502839957524739134e+01
1.797689251475387380e+02 5.499272621704756858e+01
1.808593130786206018e+02 5.493741285859040602e+01
1.819459638047974863e+02 5.486348736340428900e+01
1.830277424805299802e+02 5.477255979421723708e+01
1.841050761065123140e+02 5.466905464808618120e+01
1.851788630052373890e+02 5.455824574015130679e+01
1.862499805049694146e+02 5.444537908727267705e+01
1.873188929068117261e+02 5.433515290192755742e+01
1.883856879637874613e+02 5.423176597498529361e+01
1.894504387327403379e+02 5.413939690492954071e+01
1.905126633045316566e+02 5.406106521968882817e+01
1.915703852988445419e+02 5.399666917923342169e+01
1.926213793208478080e+02 5.394558696590610936e+01
1.936636045558530270e+02 5.390722664780512474e+01
1.946967253226398782e+02 5.388127237474103737e+01
1.957213275281027620e+02 5.386755751277606663e+01
1.967380154884393164e+02 5.386590173499997292e+01
1.977479677154205717e+02 5.387519809477191046e+01
1.987532589874620328e+02 5.389289327700902277e+01
1.997560419179209248e+02 5.391630835891562157e+01
2.007582419000653999e+02 5.394277921606175141e+01
2.017606594510060631e+02 5.396971498483202367e+01
2.027637476207547707e+02 5.399454743141126301e+01
2.037680082690150698e+02 5.401481740564116762e+01
2.047749349749314547e+02 5.403027742673233291e+01
2.057869442272479432e+02 5.404273822795070714e+01
2.068064865587970758e+02 5.405408976081070449e+01
2.078352442723440276e+02 5.406684810870977032e+01
2.088727832772308091e+02 5.408525428284558245e+01
2.099183081625761815e+02 5.411384378186345145e+01
2.109709537498110876e+02 5.415684568698147672e+01
2.120291928583772005e+02 5.421558158811305361e+01
2.130911327516514575e+02 5.428976756477128873e+01
2.141548865432216076e+02 5.437907296989362749e+01
2.152191953474784043e+02 5.448123260608826968e+01
2.162838014037617427e+02 5.459089732035512554e+01
2.173485363934915426e+02 5.470244243424146902e+01
2.184130313049600147e+02 5.481073832522980638e+01
2.194758995929926755e+02 5.491316535202339821e+01
2.205354330054211971e+02 5.500789743790105035e+01
2.215899566206655891e+02 5.509309385350620403e+01
2.226384982837751636e+02 5.516659958684172693e+01
2.236807534248828233e+02 5.522596107672754329e+01
2.247164447228669530e+02 5.526871327197874706e+01
2.257459998961342365e+02 5.529266337979646551e+01
2.267718338366768194e+02 5.529638597524009924e+01
2.277967090166491175e+02 5.527858985508305523e+01
2.288232138813766312e+02 5.523812997458681906e+01
2.298522404308156979e+02 5.517528606869977637e+01
2.308837236368748620e+02 5.509114164368345001e+01
2.319175817627976528e+02 5.498679083765084386e+01
2.329533249664378332e+02 5.486343663622379552e+01
2.339897989405127987e+02 5.472245924732167310e+01
2.350257883210812508e+02 5.456525516354263061e+01
2.360602367180265162e+02 5.439339583161611813e+01
2.370929132505536359e+02 5.420936118912830182e+01
2.381238541589827946e+02 5.401592514622851127e+01
2.391531057492656203e+02 5.381583978572157179e+01
2.401809305340019591e+02 5.361137869718260873e+01
2.412078006721389443e+02 5.340435149575146312e+01
2.422341968998505877e+02 5.319654837950511705e+01
2.432605588495374036e+02 5.298940832258055877e+01
2.442872076165367048e+02 5.278335742242629181e+01
2.453144430557460964e+02 5.257864028096685161e+01
2.463425374294221513e+02 5.237543096954304644e+01
2.473714866073655969e+02 5.217319706237890387e+01
2.484011271740632196e+02 5.197099897853748018e+01
2.494312964785815723e+02 5.176790471771428770e+01
2.504620279454086642e+02 5.156389483109184368e+01
2.514936810734870392e+02 5.136046744776044903e+01
2.525266461709116754e+02 5.115926408519381852e+01
2.535613453235600900e+02 5.096237307504753744e+01
2.545983696319252942e+02 5.077425919316524983e+01
2.556383661664971214e+02 5.060017418623064600e+01
2.566819554826008698e+02 5.044538062959176017e+01
2.577291585994277625e+02 5.031537415004839175e+01
2.587794031260592647e+02 5.021588104454646384e+01
2.598320910535848611e+02 5.015263641518288296e+01
2.608862608812783606e+02 5.013008112267516481e+01
2.619398784793628465e+02 5.014883684711190881e+01
2.629907128305368929e+02 5.020882423496889402e+01
2.640366546417343443e+02 5.030965625286781773e+01
2.650768477992326098e+02 5.044777823169251008e+01
2.661111739287992464e+02 5.061777073333886534e+01
2.671395274971959566e+02 5.081419586717849768e+01
2.681620651023886239e+02 5.103204369610989488e+01
2.691793886179650599e+02 5.126703123682305829e+01
2.701921431681738568e+02 5.151494611672674750e+01
2.712008799905292449e+02 5.177206442013212495e+01
2.722056388343793287e+02 5.203732330937201311e+01
2.732062861163039997e+02 5.231056173112089169e+01
2.742026747360091008e+02 5.259166768692196570e+01
2.751943441436135345e+02 5.288166160337466692e+01
2.761805171037768218e+02 5.318270802263861441e+01
2.771604024772042294e+02 5.349702186730220177e+01
2.781333965261290473e+02 5.382637117595828613e+01
2.790994614159283174e+02 5.417117451550427631e+01
2.800586657119321217e+02 5.453159672792610024e+01
2.810111515539778679e+02 5.490761559630637834e+01
2.819578397715287679e+02 5.529722913066670742e+01
2.829001194364839762e+02 5.569724486188297874e+01
2.838393844486353146e+02 5.610445732865130708e+01
2.847768977355007110e+02 5.651593444437921931e+01
2.857136949610318197e+02 5.692921848326803058e+01
2.866507891011443689e+02 5.734189907561280819e+01
2.875890480966389191e+02 5.775191015267101591e+01
2.885285304871584913e+02 5.815910709484123231e+01
2.894690141453439765e+02 5.856401156198663216e+01
2.904102747782175129e+02 5.896715033320982968e+01
2.913520421184093721e+02 5.936915879766628734e+01
2.922939984855156581e+02 5.977078435321491412e+01
2.932358241103558498e+02 6.017277932865530943e+01
2.941773742796869442e+02 6.057547542021804787e+01
2.951190452719726522e+02 6.097790440403640133e+01
2.960613375480506306e+02 6.137884772197815408e+01
2.970047802566023165e+02 6.177701796797464340e+01
2.979502147493120106e+02 6.217037848019161572e+01
2.988986741286737470e+02 6.255643241416163391e+01
2.998511874789493845e+02 6.293269267871949069e+01
3.008081793192436635e+02 6.329813284419969222e+01
3.017690025054392891e+02 6.365431567614700725e+01
3.027328999587555813e+02 6.400306954808830540e+01
3.036990502946358674e+02 6.434637814018643098e+01
3.046662644817150181e+02 6.468711304646966198e+01
3.056332230493270572e+02 6.502846088848944817e+01
3.065986336791241911e+02 6.537354272765763596e+01
3.075618942083981437e+02 6.572381322025208306e+01
3.085231290010865450e+02 6.607897279833633775e+01
3.094824970494249214e+02 6.643863828270286831e+01
3.104402633347648361e+02 6.680217051661435335e+01
3.113970280735460392e+02 6.716812070689954339e+01
3.123534576022730107e+02 6.753488037181328707e+01
3.133102138330662569e+02 6.790085169954114974e+01
3.142679091559361382e+02 6.826455630677497766e+01
3.152271248959139029e+02 6.862459072712660202e+01
3.161884389910004529e+02 6.897955966983607823e+01
3.171521526873438006e+02 6.932873582381401434e+01
3.181180661573163775e+02 6.967260155252860443e+01
3.190859267656566089e+02 7.001176670576778349e+01
3.200554534396369490e+02 7.034690979027787705e+01
3.210261985372023332e+02 7.067911146337944217e+01
3.219976539532648871e+02 7.100959835910963136e+01
3.229693141141310093e+02 7.133959100070401860e+01
3.239407421939192204e+02 7.167014395305717755e+01
3.249115752402267390e+02 7.200213344928219783e+01
3.258814539413275497e+02 7.233642693383977473e+01
3.268500097440372656e+02 7.267391416472564458e+01
3.278168441772428423e+02 7.301555713688613025e+01
3.287815527265397577e+02 7.336233243681725469e+01
3.297436918397532963e+02 7.371531089649943169e+01
3.307023684461489097e+02 7.407664858138738850e+01
3.316564014897493280e+02 7.444919681460352479e+01
3.326046098332943188e+02 7.483580711545495490e+01
3.335462852501545399e+02 7.523818929144520951e+01
3.344815944986638101e+02 7.565594074110018141e+01
3.354107990539931166e+02 7.608843019536153918e+01
3.363341169230467926e+02 7.653513132433793942e+01
3.372515052360770369e+02 7.699614759500187233e+01
3.381628242478197421e+02 7.747181634690927865e+01
3.390679440324665848e+02 7.796245121321362603e+01
3.399670074311699182e+02 7.846770730580598752e+01
3.408604564770562320e+02 7.898651741934466486e+01
3.417487485139783416e+02 7.951777738492727110e+01
3.426324928420829110e+02 8.006001619058258711e+01
3.435128023078531783e+02 8.061054719529876422e+01
3.443908939223185257e+02 8.116643229074546184e+01
3.452680358721203220e+02 8.172460982906331139e+01
3.461461027379983193e+02 8.228055430805932247e+01
3.470273658425803092e+02 8.282878247820566742e+01
3.479140992954891090e+02 8.336380436383845449e+01
3.488081287359855196e+02 8.388121280403474600e+01
3.497104319936459547e+02 8.437864764231539993e+01
3.506218926499304871e+02 8.485397628071709164e+01
3.515431868374746500e+02 8.530556697393565457e+01
3.524737149248331889e+02 8.573486810900197952e+01
3.534123926626054981e+02 8.614449810701384536e+01
3.543581288062591170e+02 8.653709226558302703e+01
3.553096596708522839e+02 8.691570186743871318e+01
3.562655284946647498e+02 8.728384396238897125e+01
3.572242683200304327e+02 8.764506019623431143e+01
3.581844737290056742e+02 8.800274300084349477e+01
3.591449480559056724e+02 8.835977865134196918e+01
3.601045388564555765e+02 8.871894620023148548e+01
3.610622042130049749e+02 8.908275758114351106e+01
3.620182502559008526e+02 8.945046678818286523e+01
3.629738837936150730e+02 8.981915107184478586e+01
3.639303290842555043e+02 9.018584550022895030e+01
3.648889271033804107e+02 9.054730182510347447e+01
3.658512442874219346e+02 9.089972452148029447e+01
3.668188728071236824e+02 9.123925559769895699e+01
3.677933345956810172e+02 9.156220770365682426e+01
3.687757089313071788e+02 9.186596891596398962e+01
3.697669030991204977e+02 9.214834516706871170e+01
3.707677996627307380e+02 9.240720288144345318e+01
3.717785598266927423e+02 9.264217380292204496e+01
3.727985203147133006e+02 9.285490735570959941e+01
3.738269727780585754e+02 9.304716326810682858e+01
3.748632795062230798e+02 9.322055265034140348e+01
3.759070480864457409e+02 9.337617052271571083e+01
3.769579393168535830e+02 9.351499995340823546e+01
3.780156465741795273e+02 9.363794942649040820e+01
3.790802723441509556e+02 9.374499082889430213e+01
3.801521982357666047e+02 9.383545703432804430e+01
3.812318078406257200e+02 9.390867631557821937e+01
3.823190479752724968e+02 9.396496891455529976e+01
3.834130032873158029e+02 9.400661316338818096e+01
3.845126574006609417e+02 9.403611683128744403e+01
3.856169835081998940e+02 9.405591465679336238e+01
3.867248874273766432e+02 9.406796966265800108e+01
3.878352482006051787e+02 9.407405741158261492e+01
3.889469466831490081e+02 9.407592002047420010e+01
3.900589218467202954e+02 9.407428096398196260e+01
3.911701804697077023e+02 9.406867522797847414e+01
3.922797331643546954e+02 9.405857058999768583e+01
3.933865975430458093e+02 9.404312725319638844e+01
3.944898161044254152e+02 9.402041196061384198e+01
3.955884368750220119e+02 9.398824856940549921e+01
3.966815489038525016e+02 9.394453286581047280e+01
3.977687717854372522e+02 9.388809089782357375e+01
3.988500947338310425e+02 9.381839680660939962e+01
3.999255198785965604e+02 9.373495103600630785e+01
4.009958020120664628e+02 9.363908321725995165e+01
4.020632142462213778e+02 9.353581293585261847e+01
4.031302122965842045e+02 9.343060355649126336e+01
4.041991358893010897e+02 9.332870126266659838e+01
4.052715568280898424e+02 9.323391436198903648e+01
4.063487348161393697e+02 9.314946677775498074e+01
4.074318969508784107e+02 9.307852568928986159e+01
4.085212483615293877e+02 9.302248358048404953e+01
4.096157769764021168e+02 9.298061920909518108e+01
4.107143995959633003e+02 9.295208782520727198e+01
4.118159290795707648e+02 9.293618527852132161e+01
4.129187999681100223e+02 9.293271916460356863e+01
4.140213607549678159e+02 9.294161347421285768e+01
4.151219801998324783e+02 9.296283151333959438e+01
4.162192970848516325e+02 9.299686041298645023e+01
4.173121422760189603e+02 9.304455993361438004e+01
4.183993548901760846e+02 9.310679095785366144e+01
4.194804021120286279e+02 9.318337546842275287e+01
4.205560459997626026e+02 9.327199357130936619e+01
4.216272084263309239e+02 9.337006101962323612e+01
4.226948725324356815e+02 9.347489887317379953e+01
4.237604372759631133e+02 9.358318551920999084e+01
4.248254744350772398e+02 9.369133223997583571e+01
4.258915256466943333e+02 9.379582381950515924e+01
4.269590990931153556e+02 9.389564826317209167e+01
4.280274464178185099e+02 9.399283714957935842e+01
4.290957434098373824e+02 9.408960579081019659e+01
4.301633436998875482e+02 9.418771908106366197e+01
4.312302636487040672e+02 9.428726342471567534e+01
4.322966739610765217e+02 9.438793432046801968e+01
4.333627835928200511e+02 9.448933147266740207e+01
4.344293267045333096e+02 9.458973928359714023e+01
4.354974189287923991e+02 9.468648681222144603e+01
4.365681803245619790e+02 9.477689158487336840e+01
4.376420429640446628e+02 9.485991999515670159e+01
4.387179891824583251e+02 9.493801295682310126e+01
4.397948177230064175e+02 9.501405139044052817e+01
4.408713622354974291e+02 9.509082982903761661e+01
4.419466992539751686e+02 9.517054171106268257e+01
4.430200085347032655e+02 9.525512501862792192e+01
4.440904919518800398e+02 9.534646415731342017e+01
4.451581160597779672e+02 9.544459193652123474e+01
4.462237965585682673e+02 9.554724290396697484e+01
4.472885083216364137e+02 9.565200832537182407e+01
4.483528852448044404e+02 9.575730921987840816e+01
4.494162602338154784e+02 9.586473250692722559e+01
4.504776559577035755e+02 9.597662005290700904e+01
4.515361123366815264e+02 9.609527884861478242e+01
4.525909134680762804e+02 9.622252224778583241e+01
4.536415245278491284e+02 9.635979752920492558e+01
4.546874189465615359e+02 9.650853427309772314e+01
4.557287923336521658e+02 9.666851856824771971e+01
4.567673958102378720e+02 9.683599656311046999e+01
4.578051825884974733e+02 9.700675449940439421e+01
4.588441539008811105e+02 9.717649142225083381e+01
4.598866535818379475e+02 9.734028427015813634e+01
4.609351743375048045e+02 9.749293965612048396e+01
4.619921842727525245e+02 9.762931743595666489e+01
4.630592240729250761e+02 9.774627682897687464e+01
4.641366592331539778e+02 9.784321057070252436e+01
4.652247796129019548e+02 9.791967445449066076e+01
4.663234011203343243e+02 9.797585080753584919e+01
4.674304881131341176e+02 9.801436959044184505e+01
4.685435528679682875e+02 9.803845838651346867e+01
4.696600233730991363e+02 9.805131318122776918e+01
4.707760973476090953e+02 9.805566875980773034e+01
4.718870410233961934e+02 9.805391071387433044e+01
4.729880952685066404e+02 9.804841378687542885e+01
4.740740443709757983e+02 9.804111389297645474e+01
4.751386673174462771e+02 9.803298072864076573e+01
4.761756091218273923e+02 9.802485522613464752e+01
4.771818584175313163e+02 9.801749685721875949e+01
4.781788668902370318e+02 9.801106910101596270e+01
4.791989541926019456e+02 9.800547066068281765e+01
4.802756381745873000e+02 9.800059941880311953e+01
4.814866899539703695e+02 9.799636784904154752e+01
4.829671295267066853e+02 9.799270730102492166e+01
4.848557791122325966e+02 9.798955037803993662e+01
