2.278037902227942979e+01 9.533846187110839310e+01
2.302090225994878026e+01 9.378087096252914989e+01
2.327165135177247279e+01 9.244515684084581153e+01
2.352901776667501110e+01 9.126488740749407214e+01
2.378939449232980508e+01 9.017364060165648709e+01
2.405092658308387854e+01 8.911657415821719042e+01
2.431688563011964632e+01 8.807272822652829802e+01
2.459147592627383005e+01 8.702730738722181059e+01
2.487889227463099218e+01 8.596555233685866426e+01
2.518156334643500571e+01 8.487942528496796513e+01
2.549809166348659772e+01 8.377544993219046887e+01
2.582657931143821273e+01 8.266205453010867643e+01
2.616512374520500828e+01 8.154762149344647071e+01
2.651150596455143216e+01 8.043740083938016028e+01
2.686299287165264005e+01 7.933155384494713758e+01
2.721680426808315545e+01 7.822977556691442658e+01
2.757023310781989522e+01 7.713176864509435404e+01
2.792309195932484300e+01 7.603749690485780377e+01
2.827829036659601414e+01 7.494724520691241310e+01
2.863892804130252756e+01 7.386131812492180870e+01
2.900821470147419845e+01 7.278008293416851870e+01
2.939160298482925526e+01 7.170518533324144528e+01
2.979663961016832729e+01 7.063946460874585398e+01
3.023095149092899447e+01 6.958580575676707269e+01
3.070165523132032703e+01 6.854689696904412699e+01
3.120911085867726342e+01 6.752282071588183499e+01
3.174889307004630368e+01 6.651181397127299988e+01
3.231647526845463858e+01 6.551207464445886330e+01
3.290722630923612968e+01 6.452175563620353671e+01
3.351556402185980232e+01 6.353860042431271182e+01
3.413539858511474989e+01 6.256013393959888447e+01
3.476063541523112832e+01 6.158387906256130861e+01
3.538592012822596899e+01 6.060766036134742762e+01
3.601068560392367601e+01 5.963125357780786118e+01
3.663626943546742609e+01 5.865521076917707433e+01
3.726401409524709152e+01 5.768008598135322984e+01
3.789484348509736122e+01 5.670625849250963313e+01
3.852772035451792476e+01 5.573328873169752740e+01
3.916103356923631651e+01 5.476049751158821266e+01
3.979317196374248056e+01 5.378720563206616134e+01
4.042284848026022814e+01 5.281287126570416746e+01
4.104988364528388445e+01 5.183742203338762522e+01
4.167433437804206875e+01 5.086088575078911589e+01
4.229625656654666699e+01 4.988328983930485805e+01
4.291530354232782685e+01 4.890450780651102036e+01
4.353011686046814077e+01 4.792402631643473399e+01
4.413918163664328631e+01 4.694127221991462307e+01
4.474097830800683795e+01 4.595567038659836356e+01
4.533348861868758206e+01 4.496643450702543277e+01
4.591376006809853294e+01 4.397238265167219851e+01
4.647873745273614787e+01 4.297228939991085639e+01
4.702551086978139239e+01 4.196498608084296222e+01
4.755803470880971418e+01 4.095198499329406161e+01
4.808995529630686860e+01 3.993858379194723796e+01
4.863565096920403619e+01 3.893036603099690751e+01
4.920934331397696582e+01 3.793284082691044290e+01
4.982116077352169725e+01 3.694957354228164093e+01
5.047684772346981674e+01 3.598204763185995603e+01
5.118193351825207316e+01 3.503164444102971942e+01
5.194138971856192200e+01 3.409958741970942953e+01
5.275110393539478082e+01 3.318452861126842635e+01
5.359957332703682198e+01 3.228302803312585212e+01
5.447508048348460363e+01 3.139158496455021208e+01
5.536596809333887848e+01 3.050713503151410322e+01
5.626123481448965435e+01 2.963137653361915014e+01
5.715028308975928439e+01 2.876893945626508398e+01
5.802252127061758813e+01 2.792449668466416313e+01
5.886928035962993988e+01 2.710132470137780558e+01
5.969659123754478713e+01 2.629202361148534806e+01
6.051727017687308319e+01 2.548426535651820757e+01
6.134416990928727387e+01 2.466569539807608891e+01
6.219429534144656202e+01 2.381971937850962462e+01
6.310747355247953294e+01 2.290643903644418700e+01
6.413133142264493358e+01 2.187799167088581953e+01
6.531350259332506880e+01 2.068650767700303561e+01
