4.596665777892317806e+01 4.941661781947045284e+01
4.777334320555632274e+01 5.068518894549532661e+01
4.917568429794548734e+01 5.166763973702153834e+01
5.030338589222881751e+01 5.245689485458245116e+01
5.128415995915388237e+01 5.314447061929566019e+01
5.219800573063484705e+01 5.378816520400417289e+01
5.307614311760714543e+01 5.441130488960527600e+01
5.394758581650192042e+01 5.503565684574839878e+01
5.483613027821832020e+01 5.567944081256581512e+01
5.574361520924595936e+01 5.634594651584201586e+01
5.666610363766446312e+01 5.703453654932450689e+01
5.759967120430044218e+01 5.774457621619063019e+01
5.854072214381638872e+01 5.847550173042898791e+01
5.948601182125168663e+01 5.922682508024286818e+01
6.043231275465910812e+01 5.999806195546950249e+01
6.137678816362790002e+01 6.078841630891221826e+01
6.231833148274951384e+01 6.159571157130707064e+01
6.325631494075456374e+01 6.241738914810784422e+01
6.419013333934906029e+01 6.325088282714668253e+01
6.511982015598231044e+01 6.409341108465947912e+01
6.604612223234347823e+01 6.494195190615624824e+01
6.696982396121724435e+01 6.579347061784937978e+01
6.789166165327141300e+01 6.664524112721295523e+01
6.881214754543731260e+01 6.749597540145941821e+01
6.973172865210470661e+01 6.834480399282871588e+01
7.065084224240140998e+01 6.919088543037996430e+01
7.156962428493437756e+01 7.003424240916598364e+01
7.248785896389506433e+01 7.087590658409234834e+01
7.340531055281152817e+01 7.171696671623242025e+01
7.432182988390680123e+01 7.255828643122461585e+01
7.523769234660068150e+01 7.339962509973584304e+01
7.615330328723527487e+01 7.424040408007869019e+01
7.706906953451725428e+01 7.508003890523806945e+01
7.798544708844858064e+01 7.591775037574878127e+01
7.890295196510294318e+01 7.675252161126726946e+01
7.982210382561999040e+01 7.758332129594172955e+01
8.074332027143742607e+01 7.840935153108563327e+01
8.166649193451310396e+01 7.923101963142951831e+01
8.259133986322601118e+01 8.004912076036008273e+01
8.351758541483725651e+01 8.086444876804705473e+01
8.444496451402994808e+01 8.167774151742860056e+01
8.537323167468774443e+01 8.248966542723847795e+01
8.630214261996654557e+01 8.330088226859312783e+01
8.723143919722434703e+01 8.411207431259121847e+01
8.816078781336643999e+01 8.492403528539567503e+01
8.908982935992416685e+01 8.573759660935908755e+01
9.001820012513069003e+01 8.655359757539274312e+01
9.094534703601192405e+01 8.737320134823134765e+01
9.187046435554178458e+01 8.819800323641507589e+01
9.279272877192489943e+01 8.902962860747965124e+01
9.371136951436368179e+01 8.986950830361656983e+01
9.462591669080740076e+01 9.071795920755073439e+01
9.553600732517344341e+01 9.157490236130379913e+01
9.644127838765285787e+01 9.244025315261575315e+01
9.734135849764216175e+01 9.331368916698691862e+01
9.823586462211066817e+01 9.419455616840441792e+01
9.912441286274463437e+01 9.508217528053320677e+01
1.000066152281068952e+02 9.597588867385211131e+01
1.008820590294750872e+02 9.687516551212019067e+01
1.017503223608774334e+02 9.777952235413310689e+01
1.026109906814738508e+02 9.868847529338317770e+01
1.034640279859006000e+02 9.960151239379021604e+01
1.043099507307361478e+02 1.005180808108968478e+02
1.051493191050280984e+02 1.014376244619694489e+02
1.059826987251758794e+02 1.023596096912050797e+02
1.068106897267944362e+02 1.032836454832825268e+02
1.076339057711539056e+02 1.042093967136623860e+02
1.084529449095065274e+02 1.051365355652726237e+02
1.092675037656050705e+02 1.060651478118339242e+02
1.100759026604609403e+02 1.069959506989740987e+02
1.108763459340560189e+02 1.079297146864573449e+02
1.116671139906919876e+02 1.088671805387438525e+02
1.124469974266123273e+02 1.098088898427444065e+02
1.132149966448276643e+02 1.107553022773773108e+02
1.139701239654770575e+02 1.117068725206322028e+02
1.147121264021143645e+02 1.126637457096658466e+02
1.154419246922750375e+02 1.136255724685622397e+02
1.161605447372070330e+02 1.145919591138579534e+02
1.168689148323410052e+02 1.155625507653108031e+02
1.175672725031320454e+02 1.165372671584833597e+02
1.182555572503860049e+02 1.175161465087242050e+02
1.189336984507056769e+02 1.184992311532222118e+02
1.196009607060127422e+02 1.194868349128173435e+02
1.202554971191975994e+02 1.204797255272842023e+02
1.208953550304383668e+02 1.214787139282460231e+02
1.215186886298156850e+02 1.224845664446805245e+02
1.221244504472175265e+02 1.234977161524088274e+02
1.227119542447147893e+02 1.245184453371192461e+02
1.232805274682953467e+02 1.255470306096601547e+02
1.238305137002845981e+02 1.265833275936980584e+02
1.243640350814701918e+02 1.276264550528076711e+02
1.248833932880563538e+02 1.286754573687055938e+02
1.253908804223272000e+02 1.297293829750806538e+02
1.258887130188335419e+02 1.307873122881706536e+02
1.263790717640238199e+02 1.318483408962139265e+02
1.268641304311503006e+02 1.329115672562458315e+02
1.273453998017972140e+02 1.339763647730146374e+02
1.278231755328041146e+02 1.350426107727899137e+02
1.282976232843434161e+02 1.361102364924525716e+02
1.287689185727580536e+02 1.371791691120129713e+02
1.292373191561167403e+02 1.382493019601950550e+02
1.297031236817783793e+02 1.393205115353965766e+02
1.301666312957961225e+02 1.403926741285734181e+02
1.306281645780826466e+02 1.414656561326243605e+02
1.310880910944367486e+02 1.425393049391864224e+02
1.315467835065665554e+02 1.436134657874729328e+02
1.320046265063492967e+02 1.446879788104308204e+02
1.324621109861107016e+02 1.457626390636879705e+02
1.329197831596690662e+02 1.468372181213841827e+02
1.333781896319579232e+02 1.479114873849226797e+02
1.338378652256325552e+02 1.489852223301404592e+02
1.342993210653354197e+02 1.500582066278928153e+02
1.347630654356464959e+02 1.511302249311582386e+02
1.352296194120676489e+02 1.522010565202135695e+02
1.356996236313650002e+02 1.532704304547980598e+02
1.361737839648596378e+02 1.543380483935152085e+02
1.366528049422493041e+02 1.554036125567926945e+02
1.371370592174283445e+02 1.564669642823212712e+02
1.376262198507162680e+02 1.575282381667220761e+02
1.381198712686643262e+02 1.585876059605368766e+02
1.386175362515787697e+02 1.596452661726054885e+02
1.391181268843774035e+02 1.607016823914831036e+02
1.396202063459466842e+02 1.617574696526058347e+02
1.401223343774059344e+02 1.628132445524703655e+02
1.406232027878086512e+02 1.638695803482913220e+02
1.411217952624419922e+02 1.649269545154681680e+02
1.416171345513457709e+02 1.659858317099497924e+02
1.421083582809731638e+02 1.670466315017969805e+02
1.425958113560244271e+02 1.681092996369777950e+02
1.430805607403193846e+02 1.691734984727651749e+02
1.435636852469743303e+02 1.702388856578513128e+02
1.440468037202143421e+02 1.713048921653937668e+02
1.445327867036699558e+02 1.723704235735742145e+02
1.450246816061335551e+02 1.734343112222491357e+02
1.455255170191038587e+02 1.744953844478033602e+02
1.460381115157365173e+02 1.755524502260330451e+02
1.465651522080462144e+02 1.766043015361068456e+02
1.471093233678678587e+02 1.776497310711475563e+02
1.476730420354196838e+02 1.786875083769741082e+02
1.482580754176510140e+02 1.797163467115752553e+02
1.488660938381198662e+02 1.807349509410086341e+02
1.494987136549579247e+02 1.817420097869990059e+02
1.501569108391199450e+02 1.827360203926153872e+02
1.508412419315951638e+02 1.837153544239781695e+02
1.515522560025613927e+02 1.846783810926723959e+02
1.522904197282110204e+02 1.856233511379138292e+02
1.530559895046612837e+02 1.865482129421557715e+02
1.538491886663305763e+02 1.874508673492142066e+02
1.546701672616413816e+02 1.883292746711290704e+02
1.555181495343613847e+02 1.891821464679503038e+02
1.563917253860903429e+02 1.900087090392997027e+02
1.572894720769965318e+02 1.908081991912256115e+02
1.582098078150745266e+02 1.915801277663489657e+02
1.591507246337930610e+02 1.923247398783402105e+02
1.601101439359866276e+02 1.930424023328679368e+02
1.610860133500800089e+02 1.937334945437952740e+02
1.620766336741923794e+02 1.943985657145702817e+02
1.630805588080076234e+02 1.950382867295508049e+02
1.640963482541584995e+02 1.956533314034111868e+02
1.651226365470588178e+02 1.962446070297442304e+02
1.661582693726341518e+02 1.968136779494076904e+02
1.672021292891756730e+02 1.973622232402397003e+02
1.682531062677375644e+02 1.978919407517145714e+02
1.693101968491254752e+02 1.984047982041437308e+02
1.703724774437444580e+02 1.989029655748155676e+02
1.714390264267111945e+02 1.993886177106405171e+02
1.725089622273853536e+02 1.998638969302708119e+02
1.735815217021698231e+02 2.003308493771467340e+02
1.746559634898089541e+02 2.007915035051566122e+02
1.757315658976729651e+02 2.012478404415420528e+02
1.768079095836108081e+02 2.017011137978457782e+02
1.778848121423429518e+02 2.021520070681282562e+02
1.789620975276120021e+02 2.026011884468598225e+02
1.800396260148580154e+02 2.030492418478765444e+02
1.811173707467340250e+02 2.034964892886544590e+02
1.821953267252125954e+02 2.039432020644449040e+02
1.832734925636906951e+02 2.043896472868084402e+02
1.843519263377316690e+02 2.048360231827710436e+02
1.854307348403785625e+02 2.052824715421127166e+02
1.865100262810098570e+02 2.057291325467676586e+02
1.875898333140648901e+02 2.061763624006786699e+02
1.886699417630130995e+02 2.066252230316301564e+02
1.897500871274411054e+02 2.070769202503391000e+02
1.908300017560332265e+02 2.075326605258049426e+02
1.919093623268844624e+02 2.079936619576500050e+02
1.929877978366780837e+02 2.084611526070317495e+02
1.940649357422092578e+02 2.089363608246273429e+02
1.951404136396897968e+02 2.094202288191183357e+02
1.962139039595617760e+02 2.099127157509255994e+02
1.972850866070543816e+02 2.104135698363310780e+02
1.983536169333117982e+02 2.109225147135504699e+02
1.994186838315517321e+02 2.114388071072951050e+02
2.004790585747265368e+02 2.119612857141314066e+02
2.015334976762756014e+02 2.124887744633399791e+02
2.025804618503788106e+02 2.130199896272968374e+02
2.036173428835197399e+02 2.135532584393820343e+02
2.046412911865763249e+02 2.140868202837004901e+02
2.056494467607255103e+02 2.146188931463126721e+02
2.066387365155851796e+02 2.151472569850830325e+02
2.076058879460334765e+02 2.156692818435692800e+02
2.085476209043532663e+02 2.161823220126001672e+02
2.094666963211878965e+02 2.166869243653796673e+02
2.103888418585635236e+02 2.171957732077770800e+02
2.113452421632701430e+02 2.177244367469021995e+02
2.123693907729170292e+02 2.182897067078487794e+02
2.135458307156100659e+02 2.189354267530180209e+02
2.150090382895129437e+02 2.197319009791468147e+02
2.168955754053144744e+02 2.207505386822351738e+02
