5.070190529464940710e+01 3.716245816561238371e+02
5.260813337073975759e+01 3.725361104030777710e+02
5.405217267026774408e+01 3.732226952141072047e+02
5.518787655237543532e+01 3.737590194874128429e+02
5.616446824143245919e+01 3.742175131209781966e+02
5.706543842577996628e+01 3.746386137940977505e+02
5.792543212067879210e+01 3.750389858532597600e+02
5.877786738789646392e+01 3.754346960140766214e+02
5.964570160402753629e+01 3.758366473976243469e+02
6.053023321405652268e+01 3.762450518615396504e+02
6.143007395274106841e+01 3.766587950518375578e+02
6.234385463385654447e+01 3.770766477224519235e+02
6.327033020131724328e+01 3.774966331271036211e+02
6.420830525522958965e+01 3.779164754945158506e+02
6.515659265480825013e+01 3.783339004124872531e+02
6.611424021823295050e+01 3.787466956036563488e+02
6.708056096999479223e+01 3.791527189244054625e+02
6.805488214111787215e+01 3.795498320698453654e+02
6.903653651259324420e+01 3.799362281770326035e+02
7.002487503891254050e+01 3.803111856976751142e+02
7.101925238859895728e+01 3.806742048840535517e+02
7.201902198612822303e+01 3.810248587300166037e+02
7.302352349223647821e+01 3.813635250186559915e+02
7.403208800854625338e+01 3.816910819989782908e+02
7.504404729693938236e+01 3.820084165792115414e+02
7.605879734826042693e+01 3.823165069500263371e+02
7.707584485990335565e+01 3.826164886386563353e+02
7.809470748667240514e+01 3.829095127450481186e+02
7.911491837531279714e+01 3.831967255210374219e+02
8.013609264198997550e+01 3.834792475666187102e+02
8.115787241201289248e+01 3.837581910294360910e+02
8.217990696190332756e+01 3.840346510943131761e+02
8.320199480598151354e+01 3.843093682372314106e+02
8.422407588035937920e+01 3.845827468024394875e+02
8.524609578401688736e+01 3.848551776385266407e+02
8.626805599402777602e+01 3.851268970346534388e+02
8.729010839144353895e+01 3.853977252609032575e+02
8.831242990562078887e+01 3.856674133034686633e+02
8.933519085153645278e+01 3.859357218835116896e+02
9.035850347687517115e+01 3.862024971849796771e+02
9.138244991856063848e+01 3.864676297084976682e+02
9.240711182021956915e+01 3.867310104091302492e+02
9.343255900819272597e+01 3.869925341517891866e+02
9.445884428430569812e+01 3.872521014340894681e+02
9.548601912718351059e+01 3.875096131914375519e+02
9.651413703208720563e+01 3.877649604289745184e+02
9.754326020952906617e+01 3.880179912364280881e+02
9.857345322384423980e+01 3.882685421128937833e+02
9.960477959572671125e+01 3.885164517476738411e+02
1.006372864377914169e+02 3.887615932660676776e+02
1.016710078141902756e+02 3.890038671784708981e+02
1.027059772016146724e+02 3.892431753079173404e+02
1.037421806246156422e+02 3.894795357475161950e+02
1.047794985412086106e+02 3.897132252558224081e+02
1.058177971727856033e+02 3.899445554748180598e+02
1.068569381022061862e+02 3.901738508994584436e+02
1.078967501759130698e+02 3.904015267344868221e+02
1.089370481513613242e+02 3.906280372240153156e+02
1.099776486693336608e+02 3.908538324659871250e+02
1.110184326626178404e+02 3.910792199823653164e+02
1.120593586956084380e+02 3.913043351368112326e+02
1.131003899723732502e+02 3.915293030035609263e+02
1.141415507466757617e+02 3.917541078021843077e+02
1.151830811044641649e+02 3.919782357813784301e+02
1.162252688050893710e+02 3.922010631971347721e+02
1.172684029174092046e+02 3.924219642458025419e+02
1.183127884174502213e+02 3.926402881043320576e+02
1.193587408784168247e+02 3.928553672820306133e+02
1.204065758071733683e+02 3.930665345318980712e+02
1.214565823641298010e+02 3.932731782420480044e+02
1.225090010063288020e+02 3.934747896462123435e+02
1.235640669244885430e+02 3.936708710988816051e+02
1.246219948347505664e+02 3.938609583314156453e+02
1.256828822360066056e+02 3.940447781582382731e+02
1.267467849850704340e+02 3.942221252770907540e+02
1.278137577286216953e+02 3.943927907785457592e+02
1.288838277689070537e+02 3.945564788311634175e+02
1.299569946935570499e+02 3.947128055047591033e+02
1.310332567769263790e+02 3.948613830165032255e+02
1.321125279153937981e+02 3.950018995999876097e+02
1.331944772569250119e+02 3.951342639835272621e+02
1.342787298255916539e+02 3.952584246468116476e+02
1.353649358037645243e+02 3.953742273847104229e+02
1.364529863553342466e+02 3.954805344143180150e+02
1.375429067160689272e+02 3.955756607318520537e+02
1.386347219883177786e+02 3.956579174471191322e+02
1.397283638071870371e+02 3.957257345626499045e+02
1.408236195967454591e+02 3.957777255211022407e+02
1.419202644530005557e+02 3.958125194467430106e+02
1.430180262859013283e+02 3.958290038566236717e+02
1.441164126438345363e+02 3.958272729767109013e+02
1.452148667995977860e+02 3.958077730087216537e+02
1.463128491845694441e+02 3.957710030248447310e+02
1.474101203065036714e+02 3.957183855849368115e+02
1.485066959876688770e+02 3.956521289815028695e+02
1.496026002484299227e+02 3.955744661729816585e+02
1.506978742515090630e+02 3.954875151178010242e+02
1.517926001686900008e+02 3.953931186638934037e+02
1.528868661755426217e+02 3.952930793826141667e+02
1.539807214763451952e+02 3.951890428438372851e+02
1.550739165296625401e+02 3.950814510771469941e+02
1.561660635809791700e+02 3.949701893007559192e+02
1.572567791890308513e+02 3.948551457626881529e+02
1.583458743669956448e+02 3.947364411039166043e+02
1.594334113647655613e+02 3.946144962189860621e+02
1.605194690861459605e+02 3.944897519055051021e+02
1.616041534948778065e+02 3.943626625605803042e+02
1.626876738890707088e+02 3.942337345140179536e+02
1.637702642291760640e+02 3.941034864901649257e+02
1.648521558806235987e+02 3.939724257611359803e+02
1.659335454945150445e+02 3.938409063993517520e+02
1.670146049584219270e+02 3.937091731919470021e+02
1.680955057621538629e+02 3.935774688625704698e+02
1.691764371408114584e+02 3.934460741413726055e+02
1.702576235343057078e+02 3.933153451594481567e+02
1.713392935327002249e+02 3.931856469366040301e+02
1.724216389076648284e+02 3.930572632054239648e+02
1.735046231714704561e+02 3.929299737500380161e+02
1.745881224789312967e+02 3.928033654877960998e+02
1.756720191765411982e+02 3.926770433614382227e+02
1.767563657687896352e+02 3.925511043614225741e+02
1.778413992198623532e+02 3.924261788823073402e+02
1.789273656985909327e+02 3.923029239820393741e+02
1.800144438761418542e+02 3.921819058396773130e+02
1.811026012714094975e+02 3.920634063387625474e+02
1.821917642257975274e+02 3.919476519214433665e+02
1.832818629423487096e+02 3.918349085686384115e+02
1.843728680706353771e+02 3.917258563874771653e+02
1.854647743882826489e+02 3.916214225287591830e+02
1.865575786189365886e+02 3.915225440387073377e+02
1.876513941730980832e+02 3.914306319155665506e+02
1.887465273710330393e+02 3.913478807074777706e+02
1.898433026196885294e+02 3.912765584260336027e+02
1.909419581701426694e+02 3.912187411512214226e+02
1.920422973320623612e+02 3.911755360330643612e+02
1.931439864777568403e+02 3.911477451627760047e+02
1.942466887852493755e+02 3.911361317552381820e+02
1.953500060507691387e+02 3.911407021299960434e+02
1.964534842048957159e+02 3.911607737305158707e+02
1.975566675458903489e+02 3.911956379435358713e+02
1.986592828912253879e+02 3.912441647485935619e+02
1.997615269681399184e+02 3.913041391799266648e+02
2.008636710943290211e+02 3.913731740545308639e+02
2.019659997513627445e+02 3.914488988646602365e+02
2.030689071993045332e+02 3.915290821638080843e+02
2.041728422520364461e+02 3.916115616111857776e+02
2.052782472571550727e+02 3.916941970193926750e+02
2.063852562812009523e+02 3.917758210327476149e+02
2.074935770834215703e+02 3.918566115785462216e+02
2.086028861760265727e+02 3.919368451892664211e+02
2.097128297386161933e+02 3.920168877841261974e+02
2.108229288089948170e+02 3.920974740609439664e+02
2.119326721569364054e+02 3.921794338077424413e+02
2.130415685841330173e+02 3.922635290230965097e+02
2.141494229887790368e+02 3.923495196939791185e+02
2.152562663568683661e+02 3.924364007101860921e+02
2.163621360816873676e+02 3.925231442148078713e+02
2.174671904728386380e+02 3.926081286535779213e+02
2.185718454713786798e+02 3.926884675055344474e+02
2.196765500692716842e+02 3.927611119702398810e+02
2.207816684051838365e+02 3.928231055624011674e+02
2.218869943771346129e+02 3.928721121833162897e+02
2.229920869747880658e+02 3.929060513000579817e+02
2.240964968665820720e+02 3.929228580897420215e+02
2.251995431132926910e+02 3.929209228291396698e+02
2.263002762093834122e+02 3.928991635169279562e+02
2.273977316293455715e+02 3.928565277335446808e+02
2.284910297379908855e+02 3.927922369298153171e+02
2.295795775095415934e+02 3.927064372065135558e+02
2.306628423434519846e+02 3.925994696063295351e+02
2.317403119871748913e+02 3.924717030182968642e+02
2.328117078078586246e+02 3.923238260412340423e+02
2.338769005172913467e+02 3.921567316528860374e+02
2.349357639514915093e+02 3.919713156758220407e+02
2.359882337746142866e+02 3.917684315100373169e+02
2.370343552364298603e+02 3.915488573647781436e+02
2.380741848267840339e+02 3.913133637370585802e+02
2.391078212486056884e+02 3.910627740716956282e+02
2.401355936924630328e+02 3.907982009137854789e+02
2.411579096234189024e+02 3.905208549879983480e+02
2.421751816191107878e+02 3.902319544419599424e+02
2.431879329384096309e+02 3.899328783992696117e+02
2.441967945843649090e+02 3.896251626878162142e+02
2.452024020036642469e+02 3.893103495566595029e+02
2.462053777555435943e+02 3.889899314233530276e+02
2.472063086611414917e+02 3.886652625180623772e+02
2.482057753973516583e+02 3.883376733131933634e+02
2.492043453704841909e+02 3.880084619004210253e+02
2.502024653804648437e+02 3.876786320872353144e+02
2.512005178961251204e+02 3.873490307107986155e+02
2.521988829324666028e+02 3.870204988353781914e+02
2.531978419914569827e+02 3.866936485628430091e+02
2.541975307137226423e+02 3.863687529864947123e+02
2.551980729587507142e+02 3.860460578181022129e+02
2.561995460377958693e+02 3.857257002444896443e+02
2.572018197660209466e+02 3.854073336854166882e+02
2.582047061632028999e+02 3.850904768135060294e+02
2.592080177194293356e+02 3.847746500332779078e+02
2.602115746752658083e+02 3.844594022359388532e+02
2.612152036038293659e+02 3.841443055878291943e+02
2.622187315729255488e+02 3.838289336945621812e+02
2.632220596466391953e+02 3.835130414334651618e+02
2.642252583437402791e+02 3.831967988019426912e+02
2.652284218025057498e+02 3.828804336590720254e+02
2.662316537198933588e+02 3.825641972169288465e+02
2.672351275095439291e+02 3.822485110137639595e+02
2.682390474728720164e+02 3.819338720503459967e+02
2.692436170276730536e+02 3.816207751971239190e+02
2.702490036936605406e+02 3.813096286214268957e+02
2.712553304563978145e+02 3.810007329291320843e+02
2.722627175260652166e+02 3.806943820228465256e+02
2.732712409859183822e+02 3.803907630455246363e+02
2.742808160355883160e+02 3.800896739020304267e+02
2.752913212196293102e+02 3.797908238147907127e+02
2.763026355670377257e+02 3.794939231194053946e+02
2.773146442206672191e+02 3.791986962001864185e+02
2.783272365095459122e+02 3.789048770606352150e+02
2.793403016901149272e+02 3.786121995171603203e+02
2.803537117301784747e+02 3.783203553816138651e+02
2.813673057249147860e+02 3.780289565983557054e+02
2.823809190891432763e+02 3.777376061699294496e+02
2.833943974222561337e+02 3.774459316404914944e+02
2.844076465112385677e+02 3.771537055873541249e+02
2.854205941735109491e+02 3.768607536742432558e+02
2.864331685143149002e+02 3.765669022572725453e+02
2.874453039491216373e+02 3.762719928692392841e+02
2.884569414634140117e+02 3.759758828444224150e+02
2.894680223792022957e+02 3.756784303267547784e+02
2.904785297329576679e+02 3.753795941722175940e+02
2.914885712604959167e+02 3.750796343008898930e+02
2.924982778981002980e+02 3.747788666461979687e+02
2.935077880963567054e+02 3.744776252865614765e+02
2.945173148809182635e+02 3.741764243788612134e+02
2.955271139446300594e+02 3.738758811096177510e+02
2.965374407446192322e+02 3.735766120968753512e+02
2.975485036001786057e+02 3.732791201795708389e+02
2.985604360689489454e+02 3.729837277404503197e+02
2.995733650748259151e+02 3.726907411500338867e+02
3.005874249334171964e+02 3.724004846293223068e+02
3.016027855704924718e+02 3.721133683954240041e+02
3.026196276218101957e+02 3.718298285293395793e+02
3.036381283432431246e+02 3.715502929527980314e+02
3.046584032312630370e+02 3.712750404961607273e+02
3.056805137990715480e+02 3.710042196705259130e+02
3.067045196297191296e+02 3.707379743274635757e+02
3.077304412281461055e+02 3.704763539768513851e+02
3.087582028365807219e+02 3.702191757328060362e+02
3.097877141388770497e+02 3.699662215628707713e+02
3.108188738305684069e+02 3.697172469063084463e+02
3.118514935042074399e+02 3.694717969161741848e+02
3.128853432813765494e+02 3.692293166252632659e+02
3.139201932653146514e+02 3.689892510220474833e+02
3.149558231728942701e+02 3.687510683029211123e+02
3.159920254836129629e+02 3.685142674740645816e+02
3.170285935580704404e+02 3.682783496686953981e+02
3.180653613908107218e+02 3.680429141185770163e+02
3.191023230181319263e+02 3.678079464285781910e+02
3.201395118728016200e+02 3.675735273146005397e+02
3.211769620376543912e+02 3.673397390618821419e+02
3.222147166419639461e+02 3.671066857948149504e+02
3.232528254465626105e+02 3.668744876471436100e+02
3.242913378839144229e+02 3.666432639598450578e+02
3.253302332767300982e+02 3.664129648137697473e+02
3.263693478421648706e+02 3.661831948019686251e+02
3.274085003433081056e+02 3.659535163795979997e+02
3.284475007076462703e+02 3.657234706707561145e+02
3.294861022969927831e+02 3.654924622377614014e+02
3.305240361757028609e+02 3.652598418120414863e+02
3.315610321464358776e+02 3.650249570790232383e+02
3.325967860168346419e+02 3.647870736529714009e+02
3.336309557365597129e+02 3.645453657509724508e+02
3.346631972674317126e+02 3.642990027910474282e+02
3.356931507563203922e+02 3.640471160105396393e+02
3.367204053477028651e+02 3.637887135161014385e+02
3.377445399242126882e+02 3.635227786400980676e+02
3.387651541288159365e+02 3.632483448347700801e+02
3.397820731110811039e+02 3.629649899734498035e+02
3.407952603275292063e+02 3.626726258319865224e+02
3.418046819472542097e+02 3.623711707349594349e+02
3.428103595042445590e+02 3.620606766696693057e+02
3.438124086412592533e+02 3.617414228221571761e+02
3.448109541498441217e+02 3.614137104655960684e+02
3.458061209210546849e+02 3.610778411134024850e+02
3.467980343642705066e+02 3.607341175303683940e+02
3.477868200570931094e+02 3.603828428874195993e+02
3.487726063040303757e+02 3.600243269388206500e+02
3.497555771416659240e+02 3.596590139880727861e+02
3.507359687140641995e+02 3.592874741373618122e+02
3.517140191355076695e+02 3.589102822454038346e+02
3.526899498332078906e+02 3.585279728849883440e+02
3.536639379810325181e+02 3.581409737924804517e+02
3.546361534996080422e+02 3.577496951934702452e+02
3.556067303687622143e+02 3.573544605448731204e+02
3.565754924255316496e+02 3.569548445534452981e+02
3.575421049433554117e+02 3.565500391199489059e+02
3.585062318395446255e+02 3.561392328711784216e+02
3.594675332424074554e+02 3.557216052870146541e+02
3.604256638957193672e+02 3.552963228487031984e+02
3.613802781327983098e+02 3.548625510466174546e+02
3.623310987052219616e+02 3.544196205476326327e+02
3.632781395048027093e+02 3.539675648942238126e+02
3.642214918503597119e+02 3.535066045544336930e+02
3.651612600512356721e+02 3.530369913581824903e+02
3.660977484495150520e+02 3.525594600568070973e+02
3.670314183229589844e+02 3.520751242776171352e+02
3.679627354064105020e+02 3.515851084082552234e+02
3.688922137014740201e+02 3.510906533611365035e+02
3.698204730504796771e+02 3.505932555675095159e+02
3.707481473344852816e+02 3.500944453506737659e+02
3.716758381244063116e+02 3.495956750290320088e+02
3.726039226648159115e+02 3.490978553401706677e+02
3.735326830506612055e+02 3.486016673062909490e+02
3.744623973741892087e+02 3.481077822858518402e+02
3.753932257583696810e+02 3.476165868227988085e+02
3.763251877906444633e+02 3.471281281646192269e+02
3.772582948425628047e+02 3.466424337230815809e+02
3.781925447346492319e+02 3.461594981882046795e+02
3.791278881105774872e+02 3.456792023317528901e+02
3.800642653539443359e+02 3.452014021504149355e+02
3.810016184755564836e+02 3.447259575679561863e+02
3.819399088822445378e+02 3.442527753181296362e+02
3.828791107260179842e+02 3.437817928936559611e+02
3.838191985780982804e+02 3.433129487991882343e+02
3.847601660782668205e+02 3.428462275799103622e+02
3.857020416242170882e+02 3.423816977030608086e+02
3.866448573067780785e+02 3.419194365528552453e+02
3.875886457880639568e+02 3.414595229067003856e+02
3.885334429494604933e+02 3.410020433928273746e+02
3.894792857990046286e+02 3.405470873870277728e+02
3.904262085484101021e+02 3.400947375205319076e+02
3.913741810664517971e+02 3.396449212326070892e+02
3.923231088789664227e+02 3.391974107705578945e+02
3.932728946794321701e+02 3.387519715502377835e+02
3.942234083276085812e+02 3.383082898469898510e+02
3.951744258648475352e+02 3.378658258016561717e+02
3.961257066836778904e+02 3.374239994257114290e+02
3.970770331019141963e+02 3.369822861235443270e+02
3.980284031985013939e+02 3.365406826294880602e+02
3.989799334212344206e+02 3.360994716850250370e+02
3.999317421222800135e+02 3.356589406351195066e+02
4.008839868954815984e+02 3.352194717601461207e+02
4.018368850539296773e+02 3.347815918162432922e+02
4.027906589208015475e+02 3.343458396801996741e+02
4.037454587712386456e+02 3.339125802280043445e+02
4.047011035963786298e+02 3.334813782627369392e+02
4.056573172297191832e+02 3.330515687754467535e+02
4.066138155599426227e+02 3.326224674933565666e+02
4.075701786994358713e+02 3.321930609249846498e+02
4.085258727863354693e+02 3.317620592238712334e+02
4.094803606185099056e+02 3.313281644359178699e+02
4.104331585346006364e+02 3.308902060965853593e+02
4.113839091018651857e+02 3.304473143128388983e+02
4.123322730685047190e+02 3.299986624835189559e+02
4.132779314339254597e+02 3.295434719695937815e+02
4.142207178753498624e+02 3.290813257279334607e+02
4.151605356959754545e+02 3.286119716147213694e+02
4.160972907769183848e+02 3.281351635344292390e+02
4.170309718464765183e+02 3.276508494735910517e+02
4.179616732312993577e+02 3.271592247988623399e+02
4.188894961155839383e+02 3.266605009417351084e+02
4.198145559155049114e+02 3.261549219796306716e+02
4.207370215621726857e+02 3.256428547448567770e+02
4.216570745627635119e+02 3.251246949172480072e+02
4.225748855976435721e+02 3.246008124909923822e+02
4.234904833170556913e+02 3.240712405064186328e+02
4.244037964271068972e+02 3.235357748952661723e+02
4.253147516354876529e+02 3.229942069904475943e+02
4.262232860741657987e+02 3.224463705147794599e+02
4.271293572644959795e+02 3.218921821036952906e+02
4.280329250906501102e+02 3.213315680009313837e+02
4.289339423479927973e+02 3.207644509224111857e+02
4.298323185817860121e+02 3.201907320602299478e+02
4.307279470285234311e+02 3.196103044902682768e+02
4.316207162861779807e+02 3.190230540253639333e+02
4.325103949346986383e+02 3.184286777195536615e+02
4.333966231875600670e+02 3.178266707380162188e+02
4.342790349550118663e+02 3.172165183445271737e+02
4.351572210159423548e+02 3.165976608976430384e+02
4.360306392535765099e+02 3.159694003946742669e+02
4.368987220373427931e+02 3.153310122698326836e+02
4.377609100777607978e+02 3.146818036499448681e+02
4.386167298857786818e+02 3.140214076671419434e+02
4.394657584493792228e+02 3.133496492449189077e+02
4.403075743165960603e+02 3.126663570998941282e+02
4.411418190846828793e+02 3.119714521243612921e+02
4.419682371513335966e+02 3.112650055011319523e+02
4.427865823781385757e+02 3.105471022488919743e+02
4.435966648528273026e+02 3.098178260421373693e+02
4.443985741126671201e+02 3.090772538746048212e+02
4.451924863473486198e+02 3.083254606684441228e+02
4.459786102577197653e+02 3.075625502217550320e+02
4.467577747151353833e+02 3.067891776199621745e+02
4.475313654802887982e+02 3.060064929833725387e+02
4.483007879087084007e+02 3.052156640431257415e+02
4.490673699893329740e+02 3.044178690879018063e+02
4.498322434423970435e+02 3.036143131894519911e+02
4.505965093308095106e+02 3.028062056030638587e+02
4.513611586575407841e+02 3.019946974414627334e+02
4.521262800462206997e+02 3.011804631076078635e+02
4.528915200300746164e+02 3.003639434565437796e+02
4.536565147552781241e+02 2.995455724660884016e+02
4.544205804043551780e+02 2.987255546183213255e+02
4.551825966815032984e+02 2.979037813287749259e+02
4.559414119260911207e+02 2.970801215163799611e+02
4.566958906198849490e+02 2.962544187500151338e+02
4.574449628205123304e+02 2.954264136180910327e+02
4.581875752350444486e+02 2.945958205627003395e+02
4.589227167775053431e+02 2.937623670360703727e+02
4.596499877265639498e+02 2.929259689413487422e+02
4.603694488802630644e+02 2.920866841350988352e+02
4.610811737201503320e+02 2.912445744293494272e+02
4.617854656593619893e+02 2.903997800003891143e+02
4.624831110446699540e+02 2.895526056157966650e+02
4.631749571464786186e+02 2.887033768068721429e+02
4.638618929946270555e+02 2.878524351239493058e+02
4.645450837402069055e+02 2.870002280382303752e+02
4.652258066264849958e+02 2.861472460197832675e+02
4.659053402648457336e+02 2.852939802019085391e+02
4.665849943351288971e+02 2.844409377461553277e+02
4.672661140609492918e+02 2.835886441511432281e+02
4.679500465856329470e+02 2.827376259090846702e+02
4.686380040856631126e+02 2.818883561167951939e+02
4.693307499797506352e+02 2.810411303341567191e+02
4.700289545365515096e+02 2.801962072691544563e+02
4.707332545687748961e+02 2.793538322975605865e+02
4.714439098439547706e+02 2.785141005424400191e+02
4.721609423995515726e+02 2.776770123912942836e+02
4.728843714079615665e+02 2.768425671291677190e+02
4.736142887882438117e+02 2.760107963677949670e+02
4.743509136083723661e+02 2.751817882205203318e+02
4.750944777480484618e+02 2.743556364938806951e+02
4.758450829145324974e+02 2.735323814628707737e+02
4.766021311559821356e+02 2.727117756777550994e+02
4.773647904703899485e+02 2.718934754390381272e+02
4.781322042582656877e+02 2.710771268784414474e+02
4.789029928014833786e+02 2.702621598587906533e+02
4.796752739476425518e+02 2.694477965253912544e+02
4.804471451258704633e+02 2.686332505819605103e+02
4.812166191892289362e+02 2.678177006750892133e+02
4.819814779272612100e+02 2.670002296745892636e+02
4.827394640303708684e+02 2.661799042435188198e+02
4.834883576357902939e+02 2.653558065403664727e+02
4.842262733524011651e+02 2.645271571273875679e+02
4.849515016971203067e+02 2.636932493572660974e+02
4.856623458818178847e+02 2.628533818410549543e+02
4.863576807945553924e+02 2.620070900165907233e+02
4.870372162497057502e+02 2.611542552044237482e+02
4.877007282184154064e+02 2.602947861316956732e+02
4.883481024825418331e+02 2.594286370782367044e+02
4.889797067966135273e+02 2.585559622602092986e+02
4.895960411099179055e+02 2.576769707320209477e+02
4.901976019940985907e+02 2.567918701630343321e+02
4.907848317421126012e+02 2.559008459646961171e+02
4.913581288939609522e+02 2.550040656067947111e+02
4.919178909209638277e+02 2.541016961209512033e+02
4.924645547927411826e+02 2.531939207499281110e+02
4.929986466303823818e+02 2.522809593265984347e+02
4.935207047783127337e+02 2.513630367006137192e+02
4.940312881005611985e+02 2.504403859479235166e+02
4.945311026760370510e+02 2.495132991628422872e+02
4.950209188684079891e+02 2.485820942114089860e+02
4.955015034502791309e+02 2.476470873743553227e+02
4.959734914582265901e+02 2.467085371481548748e+02
4.964373566956827517e+02 2.457666313065056443e+02
4.968935631296385509e+02 2.448215533084227502e+02
4.973425327393402995e+02 2.438734668134707420e+02
4.977845367602915871e+02 2.429224643975364302e+02
4.982198126111910597e+02 2.419686226900873862e+02
4.986485917131107044e+02 2.410120150597776103e+02
4.990710312309832943e+02 2.400526745033869815e+02
4.994872381780199362e+02 2.390906067510066748e+02
4.998973160371250515e+02 2.381258159119184654e+02
5.003010917760373104e+02 2.371581876637935693e+02
5.006978739585279072e+02 2.361873856515759940e+02
5.010869141072491288e+02 2.352130490894642207e+02
5.014673521409326895e+02 2.342347723666198362e+02
5.018376788323043343e+02 2.332518891466531272e+02
5.021961508667193357e+02 2.322636390734038230e+02
5.025410192597178138e+02 2.312692608189520627e+02
5.028704056691727828e+02 2.302679726309237651e+02
5.031822988690619241e+02 2.292589717757297763e+02
5.034746816885813132e+02 2.282414546423890442e+02
5.037456791014576538e+02 2.272147148366723286e+02
5.039938346412225201e+02 2.261783322294965899e+02
5.042177684993135927e+02 2.251319391203356304e+02
5.044161790882060359e+02 2.240752183031307254e+02
5.045885274398337401e+02 2.230083448698586039e+02
5.047347048555600395e+02 2.219317716667445666e+02
5.048546161105564352e+02 2.208459605341872987e+02
5.049486967026774096e+02 2.197517341419816717e+02
5.050182123388311197e+02 2.186504796050481048e+02
5.050645010361488403e+02 2.175436332008077898e+02
5.050888703118212106e+02 2.164326490552389259e+02
5.050924830154910978e+02 2.153190659537278293e+02
5.050764591479838259e+02 2.142044477567770855e+02
5.050419113818057326e+02 2.130903414519965224e+02
5.049898215873683966e+02 2.119779925234486768e+02
5.049210588332675229e+02 2.108683864429451660e+02
5.048364893570994809e+02 2.097624992264721868e+02
5.047372577678034418e+02 2.086610064982490940e+02
5.046251844214862672e+02 2.075638546806952434e+02
5.045021902271972749e+02 2.064708816890974674e+02
5.043701860456849886e+02 2.053818939697355574e+02
5.042310044113019671e+02 2.042964526683281008e+02
5.040864410968208631e+02 2.032140038016380856e+02
5.039382884057447427e+02 2.021339916686903564e+02
5.037882096698058945e+02 2.010558188417278984e+02
5.036376993125051058e+02 1.999788332453998692e+02
5.034882403299687326e+02 1.989023791073052791e+02
5.033411753940335416e+02 1.978258459512834406e+02
5.031973029712207222e+02 1.967487989689424808e+02
5.030572896203447044e+02 1.956708459312840773e+02
5.029217919312698086e+02 1.945915985130315562e+02
5.027913304862059363e+02 1.935107216478735381e+02
5.026663275144046565e+02 1.924279187833367359e+02
5.025472018995586154e+02 1.913428947335185626e+02
5.024342129041775138e+02 1.902554246151474899e+02
5.023272985855205093e+02 1.891654250147370249e+02
5.022263584841426791e+02 1.880728294828755622e+02
5.021311345000456186e+02 1.869776391139812404e+02
5.020403754190997461e+02 1.858802805194536631e+02
5.019524442884227824e+02 1.847813455871538508e+02
5.018657166952029911e+02 1.836814218811221053e+02
5.017789355641092470e+02 1.825809683436939679e+02
5.016912474279977232e+02 1.814803025954614952e+02
5.016018196297118266e+02 1.803797349708326010e+02
5.015101969232016472e+02 1.792794445921477404e+02
5.014171227982628807e+02 1.781791938250451892e+02
5.013235781976575254e+02 1.770786624814327581e+02
5.012305022726648644e+02 1.759775614393550711e+02
5.011383884330176102e+02 1.748759329235016935e+02
5.010474604692347498e+02 1.737740195828267531e+02
5.009579390353924850e+02 1.726720684671815889e+02
5.008700908373448897e+02 1.715704472885595635e+02
5.007842597788295507e+02 1.704697260282753177e+02
5.007007971340647714e+02 1.693704939793411768e+02
5.006203508440597716e+02 1.682732704197766225e+02
5.005450901146106162e+02 1.671782156007527647e+02
5.004776704442716664e+02 1.660853750056771219e+02
5.004207555987582055e+02 1.649947917214219615e+02
5.003771701760524024e+02 1.639064619799182481e+02
5.003498871366079470e+02 1.628203387909565549e+02
5.003418835638276505e+02 1.617363736756907429e+02
5.003554296876150147e+02 1.606545819361263909e+02
5.003909487752794121e+02 1.595751455295221604e+02
5.004485661778267627e+02 1.584982732947402155e+02
5.005283154073280230e+02 1.574241753675279938e+02
5.006294509268548723e+02 1.563530728848159299e+02
5.007508345130565885e+02 1.552851925287762924e+02
5.008913296887557749e+02 1.542207624965448076e+02
5.010500203979980824e+02 1.531600793498245423e+02
5.012262995785224575e+02 1.521035354860087239e+02
5.014195832664651107e+02 1.510515304665557892e+02
5.016292386121802451e+02 1.500044067754636785e+02
5.018544279362686211e+02 1.489622677441250289e+02
5.020942599210304707e+02 1.479251540775849207e+02
5.023478514239602077e+02 1.468931020830932823e+02
5.026144426350250569e+02 1.458660817268383596e+02
5.028933692021635125e+02 1.448440116277584764e+02
5.031839690605246460e+02 1.438268087626752560e+02
5.034855435958086218e+02 1.428143338703221161e+02
5.037973151925743878e+02 1.418063261315629120e+02
5.041184959297049772e+02 1.408025088700726712e+02
5.044482574996708308e+02 1.398025825020653201e+02
5.047854957342107696e+02 1.388060909735839346e+02
5.051289911514438700e+02 1.378125128239651360e+02
5.054775208505072328e+02 1.368213248616793294e+02
5.058297668536525862e+02 1.358319565032093692e+02
5.061842994373218971e+02 1.348437814642651063e+02
5.065396825028689705e+02 1.338561702814747321e+02
5.068946279302967923e+02 1.328685557260158419e+02
5.072483549276078065e+02 1.318805839331546679e+02
5.076001913370348007e+02 1.308919467258461680e+02
5.079494987066559020e+02 1.299023504506548079e+02
5.082960328683490161e+02 1.289116713482383716e+02
5.086398052004519172e+02 1.279198957724114791e+02
5.089808326521177833e+02 1.269270124925015608e+02
5.093192490767911522e+02 1.259330620522193271e+02
5.096553984523245617e+02 1.249381780548327185e+02
5.099896466934090995e+02 1.239425038189612565e+02
5.103223857362197577e+02 1.229461941717311930e+02
5.106541518540769857e+02 1.219494677761772721e+02
5.109855310810988840e+02 1.209525653030141115e+02
5.113171138089804231e+02 1.199557292883775688e+02
5.116495872238710376e+02 1.189592436900172885e+02
5.119837340134923238e+02 1.179634333340284655e+02
5.123203409505921400e+02 1.169686247943838282e+02
5.126602220417200897e+02 1.159751560960952474e+02
5.130042679531777594e+02 1.149833974974206967e+02
5.133533827415817541e+02 1.139937248868651665e+02
5.137084543027901873e+02 1.130065074664176024e+02
5.140702210767354927e+02 1.120220526006602597e+02
5.144393406540400520e+02 1.110406342027631581e+02
5.148164667893139494e+02 1.100625246008874711e+02
5.152020855553859064e+02 1.090879268628534930e+02
5.155964313219972155e+02 1.081169400914495782e+02
5.159997177382347218e+02 1.071496548308748231e+02
5.164120826958154566e+02 1.061861304602024774e+02
5.168333211094942499e+02 1.052262852643775943e+02
5.172631308805109711e+02 1.042699976188496294e+02
5.177011850844445462e+02 1.033171356832356622e+02
5.181467411718044787e+02 1.023673965862001864e+02
5.185987123857574943e+02 1.014203358140619287e+02
5.190560012304631528e+02 1.004755044347906363e+02
5.195174171853016105e+02 9.953241543777903644e+01
5.199815535822556285e+02 9.859049333507833524e+01
5.204469731266601684e+02 9.764915010208918034e+01
5.209122285806419086e+02 9.670779345854991504e+01
5.213757989760592864e+02 9.576579956787446690e+01
5.218361302030261868e+02 9.482253040891427531e+01
5.222916697665220909e+02 9.387734851698552063e+01
5.227409293232219625e+02 9.292963901131412285e+01
5.231825011987749576e+02 9.197881540976389658e+01
5.236149828521853351e+02 9.102429303741196520e+01
5.240371102044604186e+02 9.006554042129440063e+01
5.244481318452526466e+02 8.910222307372566775e+01
5.248474149914331974e+02 8.813405208775958499e+01
5.252343536406312978e+02 8.716074785731228758e+01
5.256086863560869915e+02 8.618215044271627789e+01
5.259703908755670909e+02 8.519818296876982799e+01
5.263194493466351105e+02 8.420876992455023924e+01
5.266557957831154226e+02 8.321379935565224173e+01
5.269792713750110806e+02 8.221308902799951568e+01
5.272897067388687447e+02 8.120644870203796017e+01
5.275869398357407363e+02 8.019368742675304418e+01
5.278708527271860476e+02 7.917460997912797893e+01
5.281413438589852376e+02 7.814901954901129955e+01
5.283983317116322951e+02 7.711672852667209099e+01
5.286422427520321889e+02 7.607778296631573767e+01
5.288740395085640102e+02 7.503247550006926758e+01
5.290947100651567325e+02 7.398111055106275558e+01
5.293051250906077030e+02 7.292399711332203083e+01
5.295057989132691318e+02 7.186145805297866218e+01
5.296971785143632587e+02 7.079381885794511220e+01
5.298796066999987033e+02 6.972139381833711980e+01
5.300523737586592006e+02 6.864438408901420985e+01
5.302141593364099208e+02 6.756292518680251646e+01
5.303636321151484481e+02 6.647715524549062138e+01
5.304992309616317243e+02 6.538743970021280916e+01
5.306190251814792873e+02 6.429450950485748706e+01
5.307210506772088365e+02 6.319912865104012667e+01
5.308035320125029557e+02 6.210228406377358823e+01
5.308656169079285974e+02 6.100605352585780849e+01
5.309067350049815559e+02 5.991284795484534698e+01
5.309263453102089443e+02 5.882510359523173094e+01
5.309244537624532541e+02 5.774572799638806941e+01
5.309015508540553583e+02 5.667804625923288597e+01
5.308581447413092747e+02 5.562539722711616719e+01
5.307950848307888236e+02 5.459085421544636318e+01
5.307140735836931071e+02 5.357682677507833091e+01
5.306169445771992059e+02 5.258562243510280609e+01
5.305050425546213546e+02 5.161647297585552252e+01
5.303757715219774127e+02 5.064381500949264137e+01
5.302246322144801525e+02 4.963010974454439150e+01
5.300468134479943956e+02 4.853647130093048645e+01
5.298248798257955059e+02 4.727051946667789650e+01
5.295244073121153860e+02 4.566788570665755742e+01
5.291097752082678198e+02 4.355913069951534311e+01
