5.042268480440995404e+01 2.576778331522003214e+02
5.186327473224299212e+01 2.562234111807670729e+02
5.298175905597075541e+01 2.550824397529202372e+02
5.388509210026757756e+01 2.541483347870600937e+02
5.467737947626569195e+01 2.533172764377203521e+02
5.541827263130259951e+01 2.525285807535905747e+02
5.613224188061977316e+01 2.517557016336950255e+02
5.684277089065916044e+01 2.509730563850216924e+02
5.756645793782515597e+01 2.501634403142018925e+02
5.830360079335438428e+01 2.493294828441243567e+02
5.905213851035579609e+01 2.484766834369241337e+02
5.981028546149482850e+01 2.476106100623081545e+02
6.057851054319257855e+01 2.467373916815472512e+02
6.135838602002723263e+01 2.458634318062364628e+02
6.215148341387735087e+01 2.449951217434076511e+02
6.295895520279312052e+01 2.441381401187774145e+02
6.378134546011346373e+01 2.432971308246034994e+02
6.461915045004032265e+01 2.424766564426068385e+02
6.547275161800007481e+01 2.416809307941992984e+02
6.634199244250511640e+01 2.409125336343574304e+02
6.722655897906896882e+01 2.401735665480591706e+02
6.812614542753665603e+01 2.394661089310338298e+02
6.904060486840083399e+01 2.387918095160140979e+02
6.996993469821526901e+01 2.381519258516067907e+02
7.091413738398192379e+01 2.375477005083774884e+02
7.187309399577868874e+01 2.369798351897622126e+02
7.284635148870447097e+01 2.364475429963281385e+02
7.383339983450997579e+01 2.359497831472509688e+02
7.483373837034250187e+01 2.354855141438825399e+02
7.584695796360716713e+01 2.350536874721138929e+02
7.687270122192782651e+01 2.346532506521365065e+02
7.791061029271853045e+01 2.342831486919552617e+02
7.896024970085230166e+01 2.339421435897534138e+02
8.002105424915987442e+01 2.336286914994647930e+02
8.109244640474445021e+01 2.333412194912125130e+02
8.217404723882724227e+01 2.330786461200684698e+02
8.326656943785457088e+01 2.328425913576634514e+02
8.437109876325858693e+01 2.326355984230521585e+02
8.548868640855997114e+01 2.324601283533653771e+02
8.661951828291523725e+01 2.323165842741246081e+02
8.776287862323087552e+01 2.322032248576888094e+02
8.891800934601533868e+01 2.321182081217750692e+02
9.008369616139016500e+01 2.320585954817767060e+02
9.125726013079948018e+01 2.320179277159596438e+02
9.243572897607742789e+01 2.319890404899322789e+02
9.361614135203966214e+01 2.319647958015539757e+02
9.479566464151383798e+01 2.319383656920475687e+02
9.597155005927017157e+01 2.319031241131366414e+02
9.714105643944435542e+01 2.318524633846143104e+02
9.830217202551691003e+01 2.317815345901228739e+02
9.945429148576346279e+01 2.316888800079801172e+02
1.005969696636572905e+02 2.315734281335833771e+02
1.017299254759173550e+02 2.314345031376464306e+02
1.028539389877860799e+02 2.312739882325831502e+02
1.039702124647037778e+02 2.310947847992243283e+02
1.050799363511656423e+02 2.308997656764333897e+02
1.061838817910293500e+02 2.306907913948167845e+02
1.072823185708261917e+02 2.304685120690744213e+02
1.083754869970399994e+02 2.302335066408886632e+02
1.094634323531401492e+02 2.299858842621986241e+02
1.105454675519740135e+02 2.297239898818446591e+02
1.116207336226725175e+02 2.294457543990370709e+02
1.126883991811342867e+02 2.291491757750015381e+02
1.137480288931960217e+02 2.288332147480212200e+02
1.147994839685927673e+02 2.284975529393649083e+02
1.158426344642731749e+02 2.281418934627188833e+02
1.168777077454759450e+02 2.277668049125383334e+02
1.179057283794269892e+02 2.273747868851829992e+02
1.189278288000058268e+02 2.269686002542259473e+02
1.199450614699160838e+02 2.265508112121836177e+02
1.209578674218702616e+02 2.261224974923177626e+02
1.219664054554918096e+02 2.256840497623896340e+02
1.229708293429771260e+02 2.252358456623747429e+02
1.239711377279217288e+02 2.247778503243000046e+02
1.249671162357273175e+02 2.243094624359798388e+02
1.259585350367061238e+02 2.238300395880536371e+02
1.269451230919169689e+02 2.233388104095166966e+02
1.279264281357020678e+02 2.228344363922932985e+02
1.289019480989277042e+02 2.223154231716102913e+02
1.298711919924000711e+02 2.217802979500760046e+02
1.308338657979075776e+02 2.212279713693063172e+02
1.317898448324957315e+02 2.206576837120769596e+02
1.327390104745212227e+02 2.200686874584962709e+02
1.336814999375760351e+02 2.194609193209647913e+02
1.346181131112184062e+02 2.188360883412287023e+02
1.355497557695246371e+02 2.181961867495735419e+02
1.364772965302884984e+02 2.175432111131879651e+02
1.374012660164165709e+02 2.168791974502241544e+02
1.383220144316061919e+02 2.162062028374708689e+02
1.392398703243616183e+02 2.155262550329436522e+02
1.401539016664306132e+02 2.148395179268311495e+02
1.410611855304055666e+02 2.141432116989420251e+02
1.419586233294459134e+02 2.134342968019687703e+02
1.428429179662994954e+02 2.127097148967852718e+02
1.437097490306710483e+02 2.119663107732102674e+02
1.445544673193255960e+02 2.112008980961595057e+02
1.453724730036634867e+02 2.104103730201329938e+02
1.461602777546332845e+02 2.095934832090461839e+02
1.469154895860356191e+02 2.087508025885678649e+02
1.476357634203951363e+02 2.078829827391067226e+02
1.483193871202465743e+02 2.069909836238682601e+02
1.489665584665560232e+02 2.060766957618423589e+02
1.495778340673393814e+02 2.051421845007348850e+02
1.501538119731700931e+02 2.041894849870425901e+02
1.506955425753247653e+02 2.032203027245694500e+02
1.512043547054938699e+02 2.022361403040345067e+02
1.516815816574470546e+02 2.012384949615332914e+02
1.521285942441193129e+02 2.002286330434023398e+02
1.525468315770066283e+02 1.992074005924372102e+02
1.529377400124734834e+02 1.981755990671269103e+02
1.533028143735705271e+02 1.971340075553331701e+02
1.536438430570563582e+02 1.960832696409574396e+02
1.539627244191740658e+02 1.950239781542228741e+02
1.542613219617374511e+02 1.939567079166388339e+02
1.545404808940206181e+02 1.928815131036568005e+02
1.547998941055305124e+02 1.917978587174592917e+02
1.550391924865610633e+02 1.907051780614948484e+02
1.552577390135033113e+02 1.896027832603398906e+02
1.554539519429828260e+02 1.884895591368333498e+02
1.556260414046166147e+02 1.873642963768697314e+02
1.557723868260061977e+02 1.862258810745531719e+02
1.558936091675016939e+02 1.850744625441459732e+02
1.559919169499521274e+02 1.839110847727298506e+02
1.560695508193807370e+02 1.827368138773596229e+02
1.561285079457782672e+02 1.815532411840860902e+02
1.561702732689598463e+02 1.803630629650758976e+02
1.561962669833900179e+02 1.791691151565116513e+02
1.562073581618516869e+02 1.779743203373637925e+02
1.562004776446664209e+02 1.767822202229037885e+02
1.561708425838691596e+02 1.755966259402874243e+02
1.561136314641470335e+02 1.744213477486022725e+02
1.560227932697621895e+02 1.732601191330994084e+02
1.558906798204373558e+02 1.721165738471001418e+02
1.557095361947006609e+02 1.709943389786729995e+02
1.554729319961520275e+02 1.698964030387868149e+02
1.551799049179851693e+02 1.688231182751422637e+02
1.548309035278095962e+02 1.677741567277853676e+02
1.544265513146169155e+02 1.667491165854958410e+02
1.539703204235323426e+02 1.657463933448057674e+02
1.534680005883004981e+02 1.647634040247704093e+02
1.529254458000237662e+02 1.637975385647733049e+02
1.523475106044295444e+02 1.628466252128995677e+02
1.517366117693784986e+02 1.619095613094314672e+02
1.510948013880653207e+02 1.609854041234310102e+02
1.504240544388132719e+02 1.600732482960512471e+02
1.497256921046813432e+02 1.591725053164883832e+02
1.490007061652886478e+02 1.582827463123466600e+02
1.482500994898135787e+02 1.574035382250953319e+02
1.474756143742568213e+02 1.565341542340336218e+02
1.466800971352012368e+02 1.556734289091592416e+02
1.458664843041142944e+02 1.548201609795737568e+02
1.450376933416545171e+02 1.539731577956199828e+02
1.441965494712856071e+02 1.531312684048297683e+02
1.433458500681599617e+02 1.522933544439765114e+02
1.424883798921592302e+02 1.514582823993733598e+02
1.416266666095401945e+02 1.506250175807450091e+02
1.407629978534912709e+02 1.497926175633743924e+02
1.398996522959215270e+02 1.489601433485828181e+02
1.390391143843906150e+02 1.481265603069662973e+02
1.381844524760310549e+02 1.472905624471018200e+02
1.373388377911565499e+02 1.464507959736563691e+02
1.365055175480986520e+02 1.456058710193105696e+02
1.356885092664987269e+02 1.447540320980164665e+02
1.348922784897550287e+02 1.438933110720350328e+02
1.341212888239171264e+02 1.430217400048497325e+02
1.333793993719816910e+02 1.421375798643409212e+02
1.326694298958693707e+02 1.412394851809047793e+02
1.319940976159882950e+02 1.403261493138612650e+02
1.313557681675023332e+02 1.393964270315373426e+02
1.307548113889535841e+02 1.384500893510387982e+02
1.301908937799298087e+02 1.374872301848257052e+02
1.296636872992939971e+02 1.365079531758705969e+02
1.291730270778303691e+02 1.355126065900764161e+02
1.287189230158282385e+02 1.345018007030608373e+02
1.283013936302919262e+02 1.334761586836630727e+02
1.279206717151455308e+02 1.324365071041132182e+02
1.275776997770840779e+02 1.313843462348826279e+02
1.272735670618317840e+02 1.303213156391678922e+02
1.270095194929179030e+02 1.292490501889240306e+02
1.267887203661906312e+02 1.281691273462108995e+02
1.266156171533041856e+02 1.270830861223408590e+02
1.264946692404353144e+02 1.259924640472825956e+02
1.264288014552993502e+02 1.248986972311747081e+02
1.264178928557937098e+02 1.238030204875185234e+02
1.264614632525696436e+02 1.227066448869633319e+02
1.265583108470140559e+02 1.216107004986095035e+02
1.267024100255973167e+02 1.205157759122570553e+02
1.268857574968506583e+02 1.194222377208664341e+02
1.271003917394053957e+02 1.183304539411538201e+02
1.273399964184077646e+02 1.172408648068534092e+02
1.276002773743876020e+02 1.161539993170002134e+02
1.278770646194303140e+02 1.150703919213966060e+02
1.281672984112485381e+02 1.139907492180764876e+02
1.284722219579054467e+02 1.129164449955359686e+02
1.287941207630453277e+02 1.118490146545636321e+02
1.291353449490848391e+02 1.107899954486262004e+02
1.294992115267395434e+02 1.097409523527463477e+02
1.298897818192519367e+02 1.087034716820551381e+02
1.303111320496290375e+02 1.076791388721598821e+02
1.307663047895765374e+02 1.066691916554325132e+02
1.312559671734817073e+02 1.056740687063419699e+02
1.317804539137576398e+02 1.046940968780923953e+02
1.323399665573269033e+02 1.037296268270912947e+02
1.329336531178142877e+02 1.027811975278115000e+02
1.335601608376686045e+02 1.018494374670925566e+02
1.342181213961103197e+02 1.009349783801603877e+02
1.349055750093267250e+02 1.000385797628667603e+02
1.356197267859542990e+02 9.916118150080367855e+01
1.363577187608134409e+02 9.830373710399922516e+01
1.371171122690673201e+02 9.746725159574880593e+01
1.378973719131398639e+02 9.665296382580839918e+01
1.386985020446791452e+02 9.586217895498404573e+01
1.395204904598245434e+02 9.509617661818353440e+01
1.403630165035885398e+02 9.435576180834662807e+01
1.412254869460521718e+02 9.364132008242928862e+01
1.421072986666767690e+02 9.295322197951287535e+01
1.430075586477931893e+02 9.229150680627780901e+01
1.439245998941521805e+02 9.165532953346168199e+01
1.448566276329568439e+02 9.104369913496577738e+01
1.458018935954064830e+02 9.045564946785640359e+01
1.467590879134688180e+02 8.989044896686074537e+01
1.477271415504105505e+02 8.934749492971617713e+01
1.487049959214326407e+02 8.882619805678392311e+01
1.496921366758204499e+02 8.832679397758650452e+01
1.506889335989846757e+02 8.785085846129092602e+01
1.516958374791329049e+02 8.740009005799811348e+01
1.527132710047176829e+02 8.697603427877156435e+01
1.537415072984334188e+02 8.657942205818652326e+01
1.547807699174271363e+02 8.621071438313757085e+01
1.558312469922542505e+02 8.587028227430481309e+01
1.568922921051145636e+02 8.555637961502978328e+01
1.579624127524062942e+02 8.526511388236285427e+01
1.590400786898890715e+02 8.499249680980636867e+01
1.601236773870885770e+02 8.473433009195765919e+01
1.612113402113881762e+02 8.448576171244586419e+01
1.623011488494383912e+02 8.424181284284161109e+01
1.633912131826275242e+02 8.399757683179940670e+01
1.644799626475097227e+02 8.374896507282718972e+01
1.655660290132452417e+02 8.349240692053859902e+01
1.666480491217088229e+02 8.322434621758338835e+01
1.677248589885044225e+02 8.294189679799430337e+01
1.687956677585859211e+02 8.264342764852949585e+01
1.698597255955735363e+02 8.232744573676026789e+01
1.709165202865735864e+02 8.199318452646026856e+01
1.719670267801388093e+02 8.164442424216680649e+01
1.730127941640963058e+02 8.128670044838558795e+01
1.740553741820743312e+02 8.092558616307800889e+01
1.750963624537978944e+02 8.056768929270388924e+01
1.761374056357223594e+02 8.022082152731501026e+01
1.771801532459734290e+02 7.989286225619211734e+01
1.782259202171191248e+02 7.959084391016418181e+01
1.792748039795191346e+02 7.931871697656005438e+01
1.803266251149640311e+02 7.907973113769763529e+01
1.813812348298683332e+02 7.887686050484957434e+01
1.824389064312150026e+02 7.870928098116991123e+01
1.835002206169635599e+02 7.857340245860449102e+01
1.845657678323533162e+02 7.846556838846112214e+01
1.856366578191567953e+02 7.838140773083114254e+01
1.867151253235749380e+02 7.831500157145870844e+01
1.878035522352725764e+02 7.826022854391307249e+01
1.889041670214688224e+02 7.821158307932100229e+01
1.900180642616215323e+02 7.816811073763324202e+01
1.911458303233379183e+02 7.813089690820999067e+01
1.922880202939728349e+02 7.810101410609479444e+01
1.934439933200993096e+02 7.807860336266159607e+01
1.946115113066173592e+02 7.806256166396241269e+01
1.957882249029234174e+02 7.805169934235679818e+01
1.969717351254045923e+02 7.804449303380104652e+01
1.981594315116725795e+02 7.803799754414885115e+01
1.993486472846439028e+02 7.802888906003481395e+01
2.005367381576655248e+02 7.801383379231126014e+01
2.017214423619061563e+02 7.798932834363677102e+01
2.029008180400184926e+02 7.795172746809218722e+01
2.040729342439853440e+02 7.789738342807773108e+01
2.052362758461116243e+02 7.782337972925695624e+01
2.063903728321890299e+02 7.772863776773813527e+01
2.075349167819408933e+02 7.761236311158459955e+01
2.086695259845143937e+02 7.747357013493365230e+01
2.097931751981911930e+02 7.730959442592825326e+01
2.109045054290122039e+02 7.711690090959719157e+01
2.120021558072367327e+02 7.689195016750151979e+01
2.130848213419621402e+02 7.663138072875149476e+01
2.141512828469506644e+02 7.633210436954698253e+01
2.152003284234292835e+02 7.599105607319968669e+01
2.162309696764233991e+02 7.560572734601278455e+01
2.172433341684779862e+02 7.517638842118452658e+01
2.182378970587696472e+02 7.470417504524507990e+01
2.192151391282580448e+02 7.419023774887226352e+01
2.201756589489430382e+02 7.363603716552157152e+01
2.211201681302890449e+02 7.304333151691781723e+01
2.220493831142564716e+02 7.241389167550508432e+01
2.229643369300633253e+02 7.175023942518555486e+01
2.238669889393910921e+02 7.105709371239453276e+01
2.247594670371530583e+02 7.033957322655075473e+01
2.256438615867203623e+02 6.960269405252536501e+01
2.265218682711938811e+02 6.885039328967211247e+01
2.273949466065207901e+02 6.808596239843691933e+01
2.282645488669839153e+02 6.731267294726158923e+01
2.291317692098108125e+02 6.653280912888345711e+01
2.299970682706251353e+02 6.574690843386244410e+01
2.308608418629763435e+02 6.495532962979606850e+01
2.317235824990679873e+02 6.415864685059094086e+01
2.325863496719784678e+02 6.335869700448976261e+01
2.334504088809177915e+02 6.255777581460414183e+01
2.343170148975272014e+02 6.175816786627196819e+01
2.351871191483738812e+02 6.096183323593978542e+01
2.360613391009259203e+02 6.017037474125368135e+01
2.369402750060498875e+02 5.938537678954507726e+01
2.378240773787329658e+02 5.860800229789231963e+01
2.387113598363991969e+02 5.783797381054158393e+01
2.396004079750058509e+02 5.707470645163451906e+01
2.404894439411231986e+02 5.631772840900129751e+01
2.413758824434916335e+02 5.556800668499779761e+01
2.422565820612987579e+02 5.482749927750649732e+01
2.431283875331477589e+02 5.409818560956172462e+01
2.439877257751578838e+02 5.338231554022272007e+01
2.448301699623739012e+02 5.268269151332181366e+01
2.456511890120731323e+02 5.200218345363672512e+01
2.464491509911793230e+02 5.134153979544966262e+01
2.472424592574983819e+02 5.068684788811637532e+01
2.480579801453404514e+02 5.001800218776302387e+01
2.489236293817220940e+02 4.931412598665410485e+01
2.499045933089008145e+02 4.852695023314954170e+01
2.511131526613820597e+02 4.757359346634048336e+01
2.526646060784410395e+02 4.636895619149184000e+01
