4.757946089339618823e+01 4.819045107076105694e+01
4.842338113668403565e+01 5.052578814914563310e+01
4.905794520180540985e+01 5.228460296492715287e+01
4.955152310164772445e+01 5.365495699633423499e+01
4.997072818805493455e+01 5.482009168327813597e+01
5.035368844735995708e+01 5.588508850774393011e+01
5.071542085031362035e+01 5.689161547700371102e+01
5.107026509324167307e+01 5.787948266503230599e+01
5.142870168481057647e+01 5.887806768198656471e+01
5.179156964102721616e+01 5.989068448623898888e+01
5.215822702083083584e+01 6.091664359492317260e+01
5.252798620927462281e+01 6.195524193161875104e+01
5.289974851381326459e+01 6.300565407416244312e+01
5.327219769829922313e+01 6.406698985462588780e+01
5.364401579837862499e+01 6.513835935931564336e+01
5.401390158449824952e+01 6.621892852754950809e+01
5.438058070826417634e+01 6.730795301550075749e+01
5.474278124738170703e+01 6.840469657653783031e+01
5.509927844479238956e+01 6.950845193735948158e+01
5.544910264978420855e+01 7.061866853500970365e+01
5.579137006660889142e+01 7.173484854673745303e+01
5.612520838362920017e+01 7.285649662842237717e+01
5.645003434969554235e+01 7.398317917167452151e+01
5.676556925775911111e+01 7.511452761072763451e+01
5.707154894053405769e+01 7.625017648231023770e+01
5.736782485407290721e+01 7.738976949633514835e+01
5.765463501918071643e+01 7.853298103152108922e+01
5.793229814794806742e+01 7.967949186837424236e+01
5.820115671038251293e+01 8.082898026281402792e+01
5.846185790541756688e+01 8.198109208935962045e+01
5.871525999230929926e+01 8.313545079463392540e+01
5.896222626147303458e+01 8.429167917593740356e+01
5.920375369039583546e+01 8.544936672370559450e+01
5.944112133431386269e+01 8.660803265138022766e+01
5.967564402528697087e+01 8.776718725894701834e+01
5.990865027950246713e+01 8.892633652259088706e+01
6.014156974740257056e+01 9.008495446290667985e+01
6.037587740810175063e+01 9.124250077789903912e+01
6.061304397237257291e+01 9.239843684229438736e+01
6.085434340856318158e+01 9.355230059532296139e+01
6.110078027402663992e+01 9.470373482050175085e+01
6.135333965856641214e+01 9.585238987736143201e+01
6.161290028207051961e+01 9.699795713800131125e+01
6.187986108409303654e+01 9.814031296126124460e+01
6.215448579497554960e+01 9.927938583798763261e+01
6.243703210504671119e+01 1.004151062858666279e+02
6.272764191863191741e+01 1.015474436693674818e+02
6.302635283209981765e+01 1.026764023488008206e+02
6.333319871889123220e+01 1.038019879294119505e+02
6.364821825456212423e+01 1.049242010671657965e+02
6.397146357549570439e+01 1.060430285446801548e+02
6.430298915889741806e+01 1.071584547320137801e+02
6.464286482500095588e+01 1.082704572478614864e+02
6.499131878955860486e+01 1.093789440124339194e+02
6.534867271317959592e+01 1.104837818275758679e+02
6.571524996300622945e+01 1.115848367465947177e+02
6.609141956061540668e+01 1.126819549518755252e+02
6.647763222017165674e+01 1.137749470694094356e+02
6.687434713643143880e+01 1.148636200340416167e+02
6.728198277743726408e+01 1.159477976045536423e+02
6.770070849376983801e+01 1.170274064485045358e+02
6.813059947542923567e+01 1.181024121305669041e+02
6.857172515802395196e+01 1.191727826085893014e+02
6.902398174008754950e+01 1.202385579026843061e+02
6.948706279749058012e+01 1.212998623188939860e+02
6.996065040480905850e+01 1.223568249475102050e+02
7.044439784750770173e+01 1.234095869710100146e+02
7.093784995774795732e+01 1.244583351251143171e+02
7.144052603367877907e+01 1.255032668705018324e+02
7.195195069680951860e+01 1.265445774924393021e+02
7.247172822189433816e+01 1.275824297255843049e+02
7.299952420091295835e+01 1.286169612470710604e+02
7.353500588413822925e+01 1.296483090564684346e+02
7.407786301803776041e+01 1.306766009886636937e+02
7.462783844835684022e+01 1.317019432465314424e+02
7.518468267883375233e+01 1.327244389131714115e+02
7.574812990828564807e+01 1.337441978491209227e+02
7.631777705945582113e+01 1.347613869762207344e+02
7.689315229106151151e+01 1.357762017993331938e+02
7.747378289698237097e+01 1.367888381832156597e+02
7.805917606639468431e+01 1.377995003729547534e+02
7.864880837566661853e+01 1.388084053741044670e+02
7.924215383099742382e+01 1.398157712635533301e+02
7.983870021101704140e+01 1.408218104170985043e+02
8.043800538920169174e+01 1.418267061948091907e+02
8.103964948296894022e+01 1.428306327488855914e+02
8.164321605787576175e+01 1.438337628022329966e+02
8.224836777840789637e+01 1.448362362901936820e+02
8.285484640797974976e+01 1.458381603605467944e+02
8.346239716035441347e+01 1.468396407308487710e+02
8.407079291982543623e+01 1.478407716317560983e+02
8.467989376573623872e+01 1.488416110965403902e+02
8.528957690975666139e+01 1.498422100463104698e+02
8.589972056924739263e+01 1.508426189755238056e+02
8.651021494016941915e+01 1.518428832968732820e+02
8.712095808532824037e+01 1.528430450856455423e+02
8.773184803945757437e+01 1.538431464266307671e+02
8.834276066512025238e+01 1.548432384887288720e+02
8.895352756178483844e+01 1.558433905757705986e+02
8.956397507158513349e+01 1.568436741455573156e+02
9.017393383145984842e+01 1.578441588380286476e+02
9.078326425782618969e+01 1.588449016883664058e+02
9.139183938356202930e+01 1.598459543915839163e+02
9.199953594663658407e+01 1.608473671027084606e+02
9.260637295445212658e+01 1.618491308573034928e+02
9.321255422743637098e+01 1.628511598926579893e+02
9.381829593738258666e+01 1.638533633135031096e+02
9.442385789633235049e+01 1.648556321066729424e+02
9.502968527415426081e+01 1.658577803049487898e+02
9.563627244426321283e+01 1.668596015135294124e+02
9.624411991233577623e+01 1.678608868072218172e+02
9.685383621393110332e+01 1.688613826838351031e+02
9.746612224733090102e+01 1.698607975290117622e+02
9.808168192690845899e+01 1.708588384844964594e+02
9.870124155081461481e+01 1.718552038038920386e+02
9.932558663720300274e+01 1.728495682257448038e+02
9.995551238574898889e+01 1.738416026442657483e+02
1.005917997375270403e+02 1.748309840795966466e+02
1.012350922821133707e+02 1.758174485622775478e+02
1.018859568493047476e+02 1.768007651011938606e+02
1.025449563910698458e+02 1.777807043513550980e+02
1.032124187129697788e+02 1.787571364534506699e+02
1.038882730310828890e+02 1.797301001833022553e+02
1.045724099520008537e+02 1.806996506516231875e+02
1.052646638824466834e+02 1.816658671816693129e+02
1.059645460535091956e+02 1.826289683301852449e+02
1.066714524042102425e+02 1.835892223251007636e+02
1.073847794404065610e+02 1.845468973053818331e+02
1.081039435104144388e+02 1.855022572039738975e+02
1.088283829884739760e+02 1.864555612849717363e+02
1.095575373995823156e+02 1.874070685679501764e+02
1.102909030555928496e+02 1.883570156143841814e+02
1.110281777725045913e+02 1.893055592947686705e+02
1.117691040408841019e+02 1.902528388116737403e+02
1.125134283959715020e+02 1.911989914806873685e+02
1.132609533471566294e+02 1.921441285034905491e+02
1.140115222800002215e+02 1.930883420115945341e+02
1.147649797116881842e+02 1.940317235810093734e+02
1.155212126421328804e+02 1.949743391256025120e+02
1.162802028558204768e+02 1.959161973036128757e+02
1.170419449622112040e+02 1.968572990262176745e+02
1.178064402055210564e+02 1.977976373798289274e+02
1.185737421408418584e+02 1.987371437575087327e+02
1.193439291153229362e+02 1.996757203135599070e+02
1.201170825201004249e+02 2.006132669266422681e+02
1.208934282558954862e+02 2.015495786504679927e+02
1.216734008663902671e+02 2.024842991924740545e+02
1.224574511619278638e+02 2.034170604605209576e+02
1.232460486972615143e+02 2.043474639819555136e+02
1.240397528252960342e+02 2.052749657413233706e+02
1.248391497579862630e+02 2.061989781906324595e+02
1.256448271532719048e+02 2.071189086946731379e+02
1.264574028976419555e+02 2.080340580751113464e+02
1.272775235692566724e+02 2.089436260273473351e+02
1.281058367915832434e+02 2.098468082653587317e+02
1.289428731926370517e+02 2.107428185466092714e+02
1.297888157643630791e+02 2.116309242423292005e+02
1.306437832261485141e+02 2.125104026361088074e+02
1.315078761274299382e+02 2.133805415782251202e+02
1.323809936947396295e+02 2.142407459977584381e+02
1.332629098215233228e+02 2.150904937109148136e+02
1.341533958414318022e+02 2.159292651757407384e+02
1.350521499258808262e+02 2.167567100336754891e+02
1.359587319965032464e+02 2.175727976207036818e+02
1.368726866143165353e+02 2.183775327933349786e+02
1.377935508903493371e+02 2.191709639241957746e+02
1.387208134338778791e+02 2.199534226894113260e+02
1.396539434404452606e+02 2.207253541626278945e+02
1.405924099598493058e+02 2.214872077118789946e+02
1.415356787760242696e+02 2.222395710740330230e+02
1.424832116475807311e+02 2.229832025317674322e+02
1.434344700848919842e+02 2.237188708851311958e+02
1.443888927268346833e+02 2.244474443671201982e+02
1.453458267262994354e+02 2.251701889425181946e+02
1.463045963646802079e+02 2.258884700090557374e+02
1.472645275367681563e+02 2.266036550028736656e+02
1.482249722996078560e+02 2.273171444142194559e+02
1.491853039364501399e+02 2.280303655511102932e+02
1.501448963991557832e+02 2.287447464302924516e+02
1.511031447447138589e+02 2.294616904464800768e+02
1.520594967575150918e+02 2.301825394806281508e+02
1.530134083210093934e+02 2.309086259650262036e+02
1.539643543535979973e+02 2.316412397272698627e+02
1.549119810935043233e+02 2.323812871409314482e+02
1.558560254419589910e+02 2.331294716544670678e+02
1.567962261444062619e+02 2.338864925109593287e+02
1.577323893668877304e+02 2.346528929146967926e+02
1.586644295733480021e+02 2.354289654243959546e+02
1.595922710019177089e+02 2.362149799773152381e+02
1.605158610304740705e+02 2.370111512990961273e+02
1.614352721946713416e+02 2.378173954879382848e+02
1.623506191514854606e+02 2.386335281402367627e+02
1.632620207714840319e+02 2.394593546063216536e+02
1.641697017807348686e+02 2.402944227941910924e+02
1.650739984309879844e+02 2.411380093795340542e+02
1.659752522918752220e+02 2.419893781041078284e+02
1.668738105933976783e+02 2.428477747845390695e+02
1.677700394899297009e+02 2.437123853081718039e+02
1.686643090861076928e+02 2.445823830527490941e+02
1.695569854461051591e+02 2.454569486171903918e+02
1.704483828094399200e+02 2.463353552222292251e+02
1.713387795210111904e+02 2.472169402400080855e+02
1.722284529348947046e+02 2.481010427693443319e+02
1.731176351565177072e+02 2.489870754273463547e+02
1.740064628173259109e+02 2.498746059536311463e+02
1.748950604394945572e+02 2.507632217625003364e+02
1.757835365546395394e+02 2.516525310781356666e+02
1.766718815141465768e+02 2.525422959227392141e+02
1.775600327006731334e+02 2.534323472512412820e+02
1.784479253237981311e+02 2.543225182221497107e+02
1.793354101738947861e+02 2.552127244465932847e+02
1.802222224411426623e+02 2.561029944429329817e+02
1.811080889624898020e+02 2.569933648881693671e+02
1.819927052408695829e+02 2.578838956635468094e+02
1.828756254474875789e+02 2.587747513127951606e+02
1.837563639241724900e+02 2.596661258750850720e+02
1.846344308701304726e+02 2.605582159377881339e+02
1.855092570134153505e+02 2.614512669669364868e+02
1.863802014890279395e+02 2.623455684618060104e+02
1.872466208771488141e+02 2.632414114962006124e+02
1.881078754242241189e+02 2.641390874689677730e+02
1.889633356536213000e+02 2.650388886900841499e+02
1.898123738758527281e+02 2.659411076279710642e+02
1.906543800170847476e+02 2.668460292089913537e+02
1.914889258607171314e+02 2.677538604982006518e+02
1.923156904761593182e+02 2.686647626266606039e+02
1.931343540353786068e+02 2.695788962168080047e+02
1.939445707059250594e+02 2.704964296773414389e+02
1.947459481238747117e+02 2.714175453494477779e+02
1.955380890948234764e+02 2.723424270206598976e+02
1.963205704607095186e+02 2.732712683593122165e+02
1.970928102487788465e+02 2.742043234726956484e+02
1.978541664580349106e+02 2.751418693126151993e+02
1.986040062582620180e+02 2.760841789407836586e+02
1.993419850809321190e+02 2.770314032948458021e+02
2.000680955160078724e+02 2.779835504729065860e+02
2.007823492916829764e+02 2.789406204650287009e+02
2.014848585665005771e+02 2.799025709573559197e+02
2.021761138365976649e+02 2.808692002702330228e+02
2.028566946731009182e+02 2.818402692032638015e+02
2.035271859601811570e+02 2.828155362866404516e+02
2.041882520808912318e+02 2.837947260934359974e+02
2.048406186166804446e+02 2.847775370564652349e+02
2.054850126907738854e+02 2.857636669490541408e+02
2.061221524114339445e+02 2.867528171353135917e+02
2.067527346083026032e+02 2.877446974549253014e+02
2.073774530422132614e+02 2.887390189699204939e+02
2.079969725295704848e+02 2.897355047457123760e+02
2.086117141948615199e+02 2.907339789078281456e+02
2.092219770929588947e+02 2.917343162046031466e+02
2.098280559176605493e+02 2.927363931943420425e+02
2.104300479858725907e+02 2.937401683692455663e+02
2.110277500748304647e+02 2.947457249797162149e+02
2.116209337292695807e+02 2.957531567505188832e+02
2.122093361042730066e+02 2.967625717118039006e+02
2.127925193286374679e+02 2.977741507010451869e+02
2.133699899882111879e+02 2.987880976604375292e+02
2.139412673162259182e+02 2.998046113005013353e+02
2.145061619558132122e+02 3.008237697869254816e+02
2.150647759600035727e+02 3.018455307405659482e+02
2.156172241233230977e+02 3.028698465115958243e+02
2.161637968701867294e+02 3.038965967328319948e+02
2.167053380678496524e+02 3.049254318910143979e+02
2.172428003255576527e+02 3.059559574496232699e+02
2.177771382489876544e+02 3.069877780406702072e+02
2.183093302229394794e+02 3.080204883926915613e+02
2.188403702489511886e+02 3.090536767302002659e+02
2.193712520407971738e+02 3.100869313954154904e+02
2.199028942227760410e+02 3.111198717169730230e+02
2.204360655153921584e+02 3.121521788827950559e+02
2.209715168343749951e+02 3.131835414281202361e+02
2.215099575275543486e+02 3.142136650441618713e+02
2.220518087177048585e+02 3.152423743788697834e+02
2.225973694173342210e+02 3.162695444777514808e+02
2.231469324479554359e+02 3.172950529406164151e+02
2.237005670486209112e+02 3.183188696113221567e+02
2.242580520168591534e+02 3.193410841620079736e+02
2.248191467395025711e+02 3.203617942731389689e+02
2.253836020036985417e+02 3.213811010521989147e+02
2.259511320702454213e+02 3.223991201626105294e+02
2.265214415039606308e+02 3.234159711316942776e+02
2.270942321780340762e+02 3.244317745922922995e+02
2.276691585466177514e+02 3.254466706534805667e+02
2.282458345218276463e+02 3.264608160760060969e+02
2.288238727916458686e+02 3.274743681236605539e+02
2.294029296825925996e+02 3.284874662767213636e+02
2.299827769741916654e+02 3.295002029662228438e+02
2.305632053206834087e+02 3.305126629314019056e+02
2.311440331953863563e+02 3.315249196375193605e+02
2.317253470496704040e+02 3.325369379488913069e+02
2.323073830961848216e+02 3.335486220374893946e+02
2.328903811411104812e+02 3.345598746399876973e+02
2.334747324350899476e+02 3.355705387449120849e+02
2.340610849376394640e+02 3.365803560635282565e+02
2.346501114744559118e+02 3.375890584968511234e+02
2.352424636223155971e+02 3.385963883053410655e+02
2.358386707667269775e+02 3.396021473211370676e+02
2.364392187017814706e+02 3.406061586284190525e+02
2.370445891951471538e+02 3.416082472750479155e+02
2.376551528900681376e+02 3.426082925043612022e+02
2.382711570772331413e+02 3.436062337188419633e+02
2.388928426167938994e+02 3.446020134570441655e+02
2.395203798969878619e+02 3.455956067228098050e+02
2.401536892414461590e+02 3.465871037207616610e+02
2.407926355331134971e+02 3.475766201961635602e+02
2.414370744534056143e+02 3.485642759465962399e+02
2.420867343439780939e+02 3.495502468495643598e+02
2.427412505542420149e+02 3.505347497359871909e+02
2.434002560556187404e+02 3.515180024450921792e+02
2.440633288152505997e+02 3.525002387826739323e+02
2.447299240784683434e+02 3.534817281780458984e+02
2.453994804855372820e+02 3.544627448806170378e+02
2.460714107537232849e+02 3.554435674347962504e+02
2.467449232137507806e+02 3.564245082483672604e+02
2.474191293300067116e+02 3.574058957782175412e+02
2.480931363771346980e+02 3.583880587749976030e+02
2.487658715324567709e+02 3.593713358421123303e+02
2.494360019487562283e+02 3.603560798083770464e+02
2.501021745062363379e+02 3.613426446116780539e+02
2.507630295612174507e+02 3.623313491608193999e+02
2.514171762162951893e+02 3.633223445520792438e+02
2.520632142259286468e+02 3.643157316882183068e+02
2.526997509526556769e+02 3.653115996182253866e+02
2.533255533807144673e+02 3.663097889389072179e+02
2.539395400005664385e+02 3.673099044266804185e+02
2.545406353890643913e+02 3.683115414362782758e+02
2.551278982787509051e+02 3.693141552773536205e+02
2.557007860275530788e+02 3.703167851346507859e+02
2.562588296930949809e+02 3.713183932578248800e+02
2.568015832949141668e+02 3.723179234059421674e+02
2.573288552703610890e+02 3.733141144624992762e+02
2.578406124439801488e+02 3.743055777662024752e+02
2.583368253551496991e+02 3.752909235195429574e+02
2.588176097046243171e+02 3.762688487596310551e+02
2.592833554949055497e+02 3.772382146091496793e+02
2.597344832055309780e+02 3.781979004219525677e+02
2.601731225660917630e+02 3.791506916796055293e+02
2.606125310574204264e+02 3.801248039740350464e+02
2.610704202507879472e+02 3.811586317741879384e+02
2.615652559595295656e+02 3.822923961734155114e+02
2.621412270582495694e+02 3.836286702770913166e+02
2.628742272507799385e+02 3.853468788480388980e+02
2.638421054427690819e+02 3.876311860059526566e+02
