2.355182484912001684e+01 1.324503662409399851e+02
2.489729164016500107e+01 1.310522392029822640e+02
2.600964670944458845e+01 1.299079727214581510e+02
2.696570859259602315e+01 1.289386000675094408e+02
2.784164547462988537e+01 1.280658967969009154e+02
2.869001572713531090e+01 1.272385857777063052e+02
2.953364171914061131e+01 1.264393293816091841e+02
3.039344975370705626e+01 1.256529540754028602e+02
3.128781861013367660e+01 1.248664252053105628e+02
3.221765926174780503e+01 1.240813739398858502e+02
3.317655576586670207e+01 1.233055830644681521e+02
3.415807227315055172e+01 1.225468356512631232e+02
3.515649897440471250e+01 1.218099939220356021e+02
3.616759442724460172e+01 1.210940128772041788e+02
3.718729432534327373e+01 1.203971349010387257e+02
3.821158244295476436e+01 1.197173289750596581e+02
3.923704321842065212e+01 1.190491484978288099e+02
4.026066939572250902e+01 1.183848251013587145e+02
4.127946160733417713e+01 1.177165462204291089e+02
4.229092043134718892e+01 1.170374997136553930e+02
4.329422376854768117e+01 1.163442298719214989e+02
4.428890088850187112e+01 1.156339840979903357e+02
4.527450483017287297e+01 1.149040854985204732e+02
4.625121893936329087e+01 1.141538646641362789e+02
4.721990714656067922e+01 1.133848198009103214e+02
4.818146722578840269e+01 1.125985569042508416e+02
4.913691796490417119e+01 1.117970430834358240e+02
5.008796902422768227e+01 1.109843070601998676e+02
5.103657485265544125e+01 1.101651080227630501e+02
5.198468031943612289e+01 1.093441824802099660e+02
5.293342929224726134e+01 1.085243562673348663e+02
5.388258614483087428e+01 1.077051646341297015e+02
5.483177885649514849e+01 1.068858174812394708e+02
5.578067649071957845e+01 1.060656197236247067e+02
5.672936363648297231e+01 1.052448372514743369e+02
5.767816615716858308e+01 1.044242939441412972e+02
5.862741254808575775e+01 1.036048197221189469e+02
5.957714114070822120e+01 1.027865344965991312e+02
6.052657133040527526e+01 1.019675543031003144e+02
6.147477906697049832e+01 1.011456441764976262e+02
6.242089062555374568e+01 1.003186907170260724e+02
6.336504431110385838e+01 9.948702517262771039e+01
6.430831569518490198e+01 9.865324284185294346e+01
6.525181569446729668e+01 9.782002440248987796e+01
6.619653817996021417e+01 9.698977230801325788e+01
6.714291828394941319e+01 9.616356085760097017e+01
6.809122460011887767e+01 9.534206847853194233e+01
6.904172640162560981e+01 9.452597537315119780e+01
6.999473001289052831e+01 9.371605818518442277e+01
7.095059626496272642e+01 9.291323543460943313e+01
7.190969035191284320e+01 9.211843699798890839e+01
7.287236969771643658e+01 9.133256435861241584e+01
7.383892731625709871e+01 9.055628363413978832e+01
7.480962437357761985e+01 8.979014456470525829e+01
7.578472130774532900e+01 8.903469448187767910e+01
7.676433193290961299e+01 8.829001846484668192e+01
7.774822050303015430e+01 8.755509955548330936e+01
7.873610029182964354e+01 8.682876007334131430e+01
7.972765953351351698e+01 8.610975420650314049e+01
8.072219376753815823e+01 8.539576763718700647e+01
8.171868674129132160e+01 8.468363767453055857e+01
8.271611361360623960e+01 8.397017825857678019e+01
8.371309754187063845e+01 8.325166734135488866e+01
8.470685367769000607e+01 8.252223892283925011e+01
8.569424517122425300e+01 8.177549101499042195e+01
8.667213932625674033e+01 8.100509784277099357e+01
8.763755423642123787e+01 8.020750040753199528e+01
8.858769791160801788e+01 7.938262440016022481e+01
8.951979047139657553e+01 7.853061770688368881e+01
9.043101699957031769e+01 7.765185262344027706e+01
9.131832234722197938e+01 7.674824017185426328e+01
9.217855059922612782e+01 7.582233679683650962e+01
9.300855880089866901e+01 7.487670166674698180e+01
9.380707607814632354e+01 7.391396648773005040e+01
9.457661771253600591e+01 7.293690966866586223e+01
9.532015572756219512e+01 7.194832731588165586e+01
9.604084379525333759e+01 7.095101911650704096e+01
9.674410489779691602e+01 6.994782949214121004e+01
9.743690459692871286e+01 6.894163327295396471e+01
9.812623777618381382e+01 6.793530579659343971e+01
9.881818519295478609e+01 6.693129329371112135e+01
9.951576070201434732e+01 6.593060233656683522e+01
1.002213356974832550e+02 6.493393791501510748e+01
1.009372219311614600e+02 6.394198318220266231e+01
1.016641495849492998e+02 6.295484223467056495e+01
1.024011411133606373e+02 6.197199392259923911e+01
1.031471340504954810e+02 6.099288600445036934e+01
1.039007984344901132e+02 6.001686962875100306e+01
1.046592771591157742e+02 5.904274439433280008e+01
1.054191720233452543e+02 5.806911447602031018e+01
1.061770724001716815e+02 5.709457913999517586e+01
1.069286103477588199e+02 5.611735774041609659e+01
1.076677692258789421e+02 5.513501534267309978e+01
1.083883693828711188e+02 5.414505232079085317e+01
1.090844498529499731e+02 5.314505875941544133e+01
1.097522614602880964e+02 5.213353207683332613e+01
1.103893393023598719e+02 5.110949653356831135e+01
1.109932349908486628e+02 5.007198311124022183e+01
1.115620931633224018e+02 4.902022044374753307e+01
1.120957321680188130e+02 4.795399500358595191e+01
1.125942635218237058e+02 4.687319097475557328e+01
1.130579145095055082e+02 4.577772851137816446e+01
1.134892404777809105e+02 4.466825111734887344e+01
1.138929528509291345e+02 4.354607220924159350e+01
1.142738443607137242e+02 4.241253046659645065e+01
1.146363599676154053e+02 4.126884212344620551e+01
1.149832844827281662e+02 4.011563889795358762e+01
1.153169078902330114e+02 3.895337828649990541e+01
1.156395257624627106e+02 3.778254545332431746e+01
1.159537305354590586e+02 3.660507495011135859e+01
1.162625513655819987e+02 3.542503354250997916e+01
1.165690523667775693e+02 3.424665867074143932e+01
1.168760958011399964e+02 3.307463041708641072e+01
1.171848706827318551e+02 3.191729813883089406e+01
1.174957386810887101e+02 3.078482548172029354e+01
1.178090639789605518e+02 2.968735910456168980e+01
1.181276640856851685e+02 2.862631144899997437e+01
1.184602053879125805e+02 2.758227206059468983e+01
1.188162072789017714e+02 2.653279365116320321e+01
1.192067017837564435e+02 2.545330964974726840e+01
1.196664435328019067e+02 2.428601677361890410e+01
1.202490224480946068e+02 2.294672243092833241e+01
1.210085472844137797e+02 2.135050711583377137e+01
