2.177255440012350007e+01 1.897501006199466644e+02
2.261804886854117669e+01 1.880172598087837912e+02
2.329612148912726610e+01 1.866279032400362894e+02
2.386674509469130356e+01 1.854689038662222345e+02
2.438891606316142457e+01 1.844293011846094146e+02
2.490180668449056611e+01 1.834421201080083677e+02
2.542612684858849548e+01 1.824813496701944473e+02
2.598188224273064861e+01 1.815225411808606850e+02
2.658533927644420913e+01 1.805481034386891679e+02
2.724005853492410978e+01 1.795637465471374412e+02
2.794690439013055538e+01 1.785801252149623792e+02
2.870651788526196668e+01 1.776076840183159220e+02
2.951594538235972109e+01 1.766534852564334415e+02
3.036933065110736152e+01 1.757218601459592264e+02
3.126073447380294112e+01 1.748170604620436563e+02
3.218415087625228921e+01 1.739418538689601519e+02
3.313338072480559759e+01 1.730947137662641353e+02
3.410219015231419348e+01 1.722733413684891843e+02
3.508447614711121076e+01 1.714753578009662078e+02
3.607583720029562357e+01 1.706973427958935190e+02
3.707306171039394371e+01 1.699351478107656135e+02
3.807296477446932670e+01 1.691846117205510609e+02
3.907317308071606732e+01 1.684424130401307593e+02
4.007332002577276597e+01 1.677073063451476003e+02
4.107334374586767467e+01 1.669783614827064184e+02
4.207326254400017973e+01 1.662547789900735324e+02
4.307394920376624015e+01 1.655371524032056527e+02
4.407679310465081812e+01 1.648269174274425382e+02
4.508318911645986304e+01 1.641255169232994717e+02
4.609424515147470913e+01 1.634336206489325320e+02
4.711046057683348920e+01 1.627502588596254611e+02
4.813225711783574923e+01 1.620742526330540443e+02
4.915987530854421550e+01 1.614040926013263402e+02
5.019195450362555277e+01 1.607353492628626555e+02
5.122629927303639619e+01 1.600620706864542910e+02
5.226069910136457963e+01 1.593782972434162843e+02
5.329217498397886033e+01 1.586786022441553996e+02
5.431634533596225367e+01 1.579585316735737877e+02
5.532867930590298755e+01 1.572137350312984836e+02
5.632423720505796183e+01 1.564401058018367507e+02
5.729505778128191906e+01 1.556353406704503755e+02
5.823182550876937569e+01 1.547979445223166124e+02
5.912521060016879204e+01 1.539264464871666576e+02
5.996538957149974891e+01 1.530206568785000627e+02
6.074176121022249220e+01 1.520824042800425104e+02
6.144365591996469789e+01 1.511136947372465045e+02
6.206152317254785089e+01 1.501166584411118379e+02
6.259277451998262620e+01 1.490941979316881145e+02
6.303749460013736439e+01 1.480495122919066375e+02
6.339591908285524369e+01 1.469857966948284229e+02
6.367459898850843558e+01 1.459060500525487214e+02
6.388869189827607187e+01 1.448130038126842578e+02
6.405397295684852566e+01 1.437093702309462628e+02
6.418565176104550574e+01 1.425976993287789298e+02
6.429596256033975976e+01 1.414796876131486840e+02
6.439616459967503204e+01 1.403567518991456211e+02
6.449747195138263578e+01 1.392302772683093508e+02
6.460968618560525556e+01 1.381006490826516426e+02
6.474094097355539645e+01 1.369670722237970892e+02
6.489927385731797926e+01 1.358286835365439629e+02
6.509123085604112191e+01 1.346848709814787526e+02
6.531670366684377882e+01 1.335361428541687587e+02
6.557372895296794013e+01 1.323833197673993709e+02
6.586033674646574809e+01 1.312272400960518439e+02
6.617439977317353339e+01 1.300691684014768725e+02
6.651362967745062349e+01 1.289108056597320342e+02
6.687573080516816049e+01 1.277538726443300732e+02
6.725976660435276244e+01 1.266005897601144881e+02
6.766994845174880879e+01 1.254550698866522254e+02
6.811170637465875188e+01 1.243218739022111521e+02
6.859046362390895979e+01 1.232056145591699448e+02
6.911151642277172868e+01 1.221118770093280546e+02
6.968004817874161461e+01 1.210471100123675399e+02
7.030123794343893451e+01 1.200177922442430827e+02
7.097887280908115315e+01 1.190300707627957593e+02
7.171225832903724040e+01 1.180890249514384038e+02
7.249979989040156170e+01 1.171995197394544022e+02
7.333977219598655495e+01 1.163660655697471071e+02
7.422849452453598929e+01 1.155878687186434917e+02
7.516078086547331338e+01 1.148600523045367652e+02
7.613140511378911413e+01 1.141776313125925242e+02
7.713419253624427085e+01 1.135334789869484524e+02
7.816036475627805657e+01 1.129145902628867617e+02
7.920070065398003578e+01 1.123069604832599993e+02
8.024616394320582913e+01 1.116968260774659143e+02
8.128996437153008969e+01 1.110733530722438331e+02
8.232680834245242352e+01 1.104276596463338791e+02
8.335143479580622738e+01 1.097509089610422279e+02
8.436003417403611593e+01 1.090368459155010612e+02
8.535220543657314352e+01 1.082852780209013019e+02
8.632803629361200137e+01 1.074968821126256131e+02
8.728777470908548253e+01 1.066726653766288706e+02
8.823327150309044953e+01 1.058169391617357604e+02
8.916730015083217609e+01 1.049359167982586030e+02
9.009264279763871741e+01 1.040358289169309813e+02
9.101174833530012620e+01 1.031221395463050214e+02
9.192639366088768327e+01 1.021987668870313968e+02
9.283827489093015117e+01 1.012694433156568152e+02
9.374898902495807818e+01 1.003376814684901603e+02
9.465930853103267850e+01 9.940516601343638570e+01
9.556959697812442300e+01 9.847267509797529783e+01
9.648021325737025222e+01 9.754097656504742986e+01
9.739137129223198031e+01 9.661052238023863481e+01
9.830303316522972068e+01 9.568121576024657315e+01
9.921513577979801823e+01 9.475290505779386763e+01
1.001276560150432857e+02 9.382552711390837885e+01
1.010408495378839291e+02 9.289963588147546147e+01
1.019550907358547676e+02 9.197604810786734220e+01
1.028707602236605680e+02 9.105559420175318053e+01
1.037885574406284945e+02 9.013980353918495325e+01
1.047096602866596839e+02 8.923125443758092956e+01
1.056352860358057342e+02 8.833261153531775278e+01
1.065666367966235697e+02 8.744650522124918268e+01
1.075048254938603378e+02 8.657536447286707926e+01
1.084509325584577368e+02 8.572154488414624041e+01
1.094060067774666436e+02 8.488733595763639528e+01
1.103698686101973436e+02 8.407246202121888246e+01
1.113407428747791386e+02 8.327331515015117702e+01
1.123167477499555105e+02 8.248606471963907438e+01
1.132956799562124104e+02 8.170644099331788368e+01
1.142737358122984404e+02 8.092798808808785793e+01
1.152466145545266016e+02 8.014357110687490149e+01
1.162100280140269888e+02 7.934612253688619887e+01
1.171600548113637643e+02 7.853051947105063846e+01
1.180931865622117414e+02 7.769382857642624174e+01
1.190059369140917056e+02 7.683323332619877988e+01
1.198955119602879336e+02 7.594678396371371321e+01
1.207620428831586707e+02 7.503619221752822455e+01
1.216064331164048866e+02 7.410413648312830048e+01
1.224296849442005026e+02 7.315333169292202342e+01
1.232349799248056570e+02 7.218729819290035721e+01
1.240276278149913338e+02 7.121034286618522913e+01
1.248130270032553284e+02 7.022680535323624440e+01
1.255966353043355070e+02 6.924106871604236346e+01
1.263841237050008601e+02 6.825767177700376465e+01
1.271812109731424130e+02 6.728118827120225376e+01
1.279935217087658117e+02 6.631618823957907694e+01
1.288250466416897382e+02 6.536717762748719451e+01
1.296783928176422194e+02 6.443860809931727829e+01
1.305561230519925857e+02 6.353492919758016910e+01
1.314598806224995258e+02 6.265988762843174698e+01
1.323885027237600696e+02 6.181508530564800452e+01
1.333402931758871546e+02 6.100171646530490932e+01
1.343134706524257354e+02 6.022076427966354828e+01
1.353050671973639965e+02 5.947027046877289536e+01
1.363112441257467253e+02 5.874611836419183675e+01
1.373281413171396821e+02 5.804413877306521385e+01
1.383512336893667225e+02 5.735880987643841422e+01
1.393742642604111950e+02 5.668108692647582814e+01
1.403906976667995252e+02 5.600135890814101458e+01
1.413940095658445273e+02 5.531009380811017451e+01
1.423778009541393885e+02 5.459865809864917452e+01
1.433357523927720649e+02 5.385898860436765290e+01
1.442615562418867796e+02 5.308304512010848697e+01
1.451511372562392523e+02 5.226572878526811650e+01
1.460054009578084617e+02 5.140850326742177856e+01
1.468259267990221417e+02 5.051372018721735913e+01
1.476146846873528773e+02 4.958408103780534759e+01
1.483773134350026908e+02 4.862557488383862392e+01
1.491214620875691708e+02 4.764599208668204255e+01
1.498548031553470992e+02 4.665314011020996077e+01
1.505853417591661696e+02 4.565467045241313571e+01
1.513217209916938941e+02 4.465793545707362000e+01
1.520726561391987559e+02 4.367025361535131367e+01
1.528463216188442573e+02 4.269859130736334407e+01
1.536466525964712559e+02 4.174715511942379464e+01
1.544755852324574334e+02 4.081885026586652288e+01
1.553350159530851045e+02 3.991654957258411685e+01
1.562248275024630857e+02 3.904134560119445041e+01
1.571415718735636347e+02 3.819138624938761950e+01
1.580814885706196833e+02 3.736454314854623959e+01
1.590410457396731658e+02 3.655897197579980684e+01
1.600182171317633788e+02 3.577469884788733623e+01
1.610115854232899153e+02 3.501250636024951746e+01
1.620197288776532503e+02 3.427315595586905772e+01
1.630409272399020324e+02 3.355627455004175630e+01
1.640730333901123004e+02 3.285986674530781215e+01
1.651138673799550531e+02 3.218181237889915280e+01
1.661608388041852038e+02 3.151980601098174262e+01
1.672090746302017692e+02 3.087051184145218841e+01
1.682529129424848975e+02 3.023023797458096595e+01
1.692866571336047343e+02 2.959533275472104918e+01
1.703034226460240177e+02 2.896356496489342547e+01
1.712948537194530445e+02 2.833446251357844403e+01
1.722525031913677083e+02 2.770766259942538667e+01
1.731726054588985733e+02 2.707988940587971882e+01
1.740734566292078682e+02 2.643413961925198663e+01
1.749798454902359879e+02 2.574936997352571666e+01
1.759178510177856083e+02 2.500315335529293748e+01
1.769473789293965069e+02 2.413676967834174292e+01
1.781646565639870516e+02 2.305252910799547195e+01
1.796677003175329901e+02 2.165082231642517030e+01
