5.422473947809309180e+01 1.524199275534914193e+02
5.592493869316744082e+01 1.517084164195428002e+02
5.724542211253839952e+01 1.511575017602787341e+02
5.831353863280513394e+01 1.507138085149596236e+02
5.925344024913415808e+01 1.503252855938617927e+02
6.013743918592145121e+01 1.499613509313838904e+02
6.099578853549456881e+01 1.496088409131930348e+02
6.185750474332502336e+01 1.492551041856524421e+02
6.274303769044060175e+01 1.488910799095231141e+02
6.365143522316773783e+01 1.485166775059591941e+02
6.457845778248282897e+01 1.481331842502496272e+02
6.551995756150260775e+01 1.477419118508194344e+02
6.647261254796637786e+01 1.473443919210691320e+02
6.743353774281368374e+01 1.469422724488281347e+02
6.839986224498690603e+01 1.465372004994994199e+02
6.936938488397156277e+01 1.461306919392317241e+02
7.034098027938678399e+01 1.457240518884265725e+02
7.131362014389551973e+01 1.453185664470973393e+02
7.228636562303711344e+01 1.449153562631884427e+02
7.325876158502848057e+01 1.445146470909441803e+02
7.423051569291098417e+01 1.441163635119125956e+02
7.520134193366446596e+01 1.437204235982409273e+02
7.617111126724012138e+01 1.433265863940920894e+02
7.713986003486569132e+01 1.429344433972622426e+02
7.810763246799851345e+01 1.425435781299784708e+02
7.907450516119276074e+01 1.421536402614681549e+02
8.004066290889281277e+01 1.417645006109374606e+02
8.100631309112064571e+01 1.413760761603012952e+02
8.197166424607787860e+01 1.409882982930759283e+02
8.293693976725828065e+01 1.406012831137063870e+02
8.390237333717814749e+01 1.402152746674252057e+02
8.486819895041526252e+01 1.398305202150761488e+02
8.583466824258087513e+01 1.394473756702991807e+02
8.680207007160657895e+01 1.390664262025318294e+02
8.777069801645001235e+01 1.386882860584580897e+02
8.874084220276546375e+01 1.383135702341765239e+02
8.971276723413703280e+01 1.379428992644277798e+02
9.068672627508145467e+01 1.375768961663882806e+02
9.166296684697594799e+01 1.372161706824600174e+02
9.264149113635423305e+01 1.368607493502633758e+02
9.362196537829228760e+01 1.365098600907452067e+02
9.460403153212452310e+01 1.361626731170750020e+02
9.558728938576184930e+01 1.358182552888069665e+02
9.657114851337303207e+01 1.354752072901497684e+02
9.755496488407371203e+01 1.351319984301869397e+02
9.853810072710510326e+01 1.347871127500345096e+02
9.952003848886022297e+01 1.344393172050566818e+02
1.005003689155710731e+02 1.340876336191370228e+02
1.014786868075007362e+02 1.337310933653967311e+02
1.024547345847372526e+02 1.333690822116651020e+02
1.034286684610644897e+02 1.330019793309337217e+02
1.044007166085111038e+02 1.326303366482017907e+02
1.053711104923140454e+02 1.322547138813000913e+02
1.063401155755275624e+02 1.318757511982551875e+02
1.073080173780936661e+02 1.314941362283921933e+02
1.082751013077074731e+02 1.311105563178284399e+02
1.092416187692727050e+02 1.307256167402666449e+02
1.102077603241836954e+02 1.303397759116508894e+02
1.111737102176072085e+02 1.299534770024696968e+02
1.121396362227061445e+02 1.295671235021030725e+02
1.131056053565687023e+02 1.291808761782351098e+02
1.140716465528408321e+02 1.287948040554194620e+02
1.150377853873193601e+02 1.284089680606978732e+02
1.160039453700631640e+02 1.280231829822448901e+02
1.169699306323452390e+02 1.276369757177082249e+02
1.179355385291966627e+02 1.272498568233407212e+02
1.189005431667795420e+02 1.268612807755060032e+02
1.198646310689537273e+02 1.264704907884286200e+02
1.208274681393902199e+02 1.260766803372293765e+02
1.217887222811314558e+02 1.256790477255735397e+02
1.227480913137413268e+02 1.252768635064594065e+02
1.237052960865809865e+02 1.248694538505649092e+02
1.246600579703414269e+02 1.244561461876195807e+02
1.256120785958293169e+02 1.240362202815755666e+02
1.265610130004785532e+02 1.236088433876533088e+02
1.275065095020132446e+02 1.231731665350316405e+02
1.284482480265829452e+02 1.227284170593159871e+02
1.293861746212501487e+02 1.222744647430453426e+02
1.303203686377746635e+02 1.218115011818509430e+02
1.312509167790055642e+02 1.213397357182232952e+02
1.321782694065313422e+02 1.208602556362714466e+02
1.331034306138225531e+02 1.203754850345742540e+02
1.340274509841850943e+02 1.198879602470479995e+02
1.349512969962376303e+02 1.194000145601003879e+02
1.358755070774232081e+02 1.189129478489510632e+02
1.368004838171630411e+02 1.184277320454817186e+02
1.377266184845812234e+02 1.179453117519680490e+02
1.386540432538692471e+02 1.174660060604084038e+02
1.395826312042858603e+02 1.169895085525237732e+02
1.405122441335969654e+02 1.165154855741114375e+02
1.414427033191429928e+02 1.160435056464866932e+02
1.423737023507771369e+02 1.155728290276082362e+02
1.433049097299594052e+02 1.151026554069919996e+02
1.442359932904939228e+02 1.146321828623688219e+02
1.451666129138577332e+02 1.141605902737952647e+02
1.460964232589043093e+02 1.136870439134174262e+02
1.470250794017629801e+02 1.132107110607868634e+02
1.479523045245257435e+02 1.127309234179898709e+02
1.488779577716427411e+02 1.122473409296730154e+02
1.498019144364491524e+02 1.117596625273866664e+02
1.507241059993701526e+02 1.112677227903245125e+02
1.516448535329717799e+02 1.107722968563688539e+02
1.525646431655625008e+02 1.102745583432387946e+02
1.534839584037140128e+02 1.097756745392246103e+02
1.544031577302137919e+02 1.092765108986334894e+02
1.553224372175313590e+02 1.087775407827523964e+02
1.562419820839812417e+02 1.082792113486317334e+02
1.571618244653849104e+02 1.077816001794510896e+02
1.580813462941526950e+02 1.072832151283280524e+02
1.589997569051082849e+02 1.067821473609008791e+02
1.599162656687564095e+02 1.062764881289377001e+02
1.608300826071422591e+02 1.057643302569601644e+02
1.617404182993612380e+02 1.052437679141532243e+02
1.626464837429238628e+02 1.047128962798396543e+02
1.635477045593354433e+02 1.041703286814777414e+02
1.644440741935418941e+02 1.036160492935157436e+02
1.653356789205246287e+02 1.030502664019223005e+02
1.662226373394236703e+02 1.024732663300945887e+02
1.671053794243624111e+02 1.018860871272007103e+02
1.679845091634014409e+02 1.012901869492512787e+02
1.688606347796365412e+02 1.006870341765362866e+02
1.697345450739818773e+02 1.000785331427201754e+02
1.706073349392871989e+02 9.946732715269715186e+01
1.714801289180871322e+02 9.885613109202556359e+01
1.723541312163653458e+02 9.824785217087007538e+01
1.732310041423438634e+02 9.764650355619153288e+01
1.741125734310267887e+02 9.705649296216154198e+01
1.750006422611202197e+02 9.648217364724439449e+01
1.758963771905883959e+02 9.592636193185435900e+01
1.768002381029145909e+02 9.539016807371046980e+01
1.777126480511696798e+02 9.487461341407188797e+01
1.786337932089884362e+02 9.438014741650398776e+01
1.795630192000705563e+02 9.390519027699681942e+01
1.804994852936131053e+02 9.344771229185695915e+01
1.814423570359424787e+02 9.300569891171716108e+01
1.823908868424392722e+02 9.257734530759955760e+01
1.833443905662381610e+02 9.216099980276818826e+01
1.843021865405933397e+02 9.175501670802465526e+01
1.852638124955266221e+02 9.135828000475541444e+01
1.862292956642244519e+02 9.097085543937822649e+01
1.871987295128596998e+02 9.059296865886472006e+01
1.881722120927690298e+02 9.022485637980308582e+01
1.891498776064198637e+02 8.986684259574337830e+01
1.901318773896368839e+02 8.951929266401401719e+01
1.911183568389433276e+02 8.918255760319985370e+01
1.921091597555664521e+02 8.885626031630583554e+01
1.931036944973992604e+02 8.853897245295073049e+01
1.941013354733863139e+02 8.822918370272761024e+01
1.951014934143467769e+02 8.792547144398426440e+01
1.961037530569598744e+02 8.762683314233777310e+01
1.971077511838770704e+02 8.733239191348607733e+01
1.981131331809506548e+02 8.704129164308655220e+01
1.991197246955748597e+02 8.675311140655438180e+01
2.001275224718395975e+02 8.646784334317089815e+01
2.011365301147818059e+02 8.618549615600564096e+01
2.021468862201926413e+02 8.590640444469008230e+01
2.031591304905265361e+02 8.563187116616020944e+01
2.041738767866855540e+02 8.536337831171036328e+01
2.051917258354553439e+02 8.510237616408116423e+01
2.062131328377208206e+02 8.484996367549598517e+01
2.072384623975701174e+02 8.460702107821541063e+01
2.082680764387921499e+02 8.437442213368655075e+01
2.093021928601187085e+02 8.415269289609973669e+01
2.103407574057611953e+02 8.394170238049213140e+01
2.113836855814687397e+02 8.374124659979243290e+01
2.124308616841247783e+02 8.355104622207832676e+01
2.134819668311594967e+02 8.337033139693542694e+01
2.145366008136290361e+02 8.319813593475393532e+01
2.155943600079752969e+02 8.303348540230979324e+01
2.166547299566070137e+02 8.287513778913059070e+01
2.177170595940054341e+02 8.272152128375816460e+01
2.187806894301915008e+02 8.257104373627160498e+01
2.198450493379468753e+02 8.242232873760696066e+01
2.209099266410947848e+02 8.227486284212788803e+01
2.219751980262188908e+02 8.212834834505487436e+01
2.230407369763518659e+02 8.198247980753993147e+01
2.241063650269303764e+02 8.183682637793960168e+01
2.251718615667770962e+02 8.169085545351782685e+01
2.262370048743315465e+02 8.154403175083216126e+01
2.273016132248707777e+02 8.139591654748512894e+01
2.283656048186426801e+02 8.124631236164310621e+01
2.294289132046173734e+02 8.109505876661837931e+01
2.304914572488136741e+02 8.094195988790636420e+01
2.315530236666298833e+02 8.078650081085316970e+01
2.326133292389260987e+02 8.062799778372010451e+01
2.336720912072026408e+02 8.046576816685298184e+01
2.347290994553410428e+02 8.029930469496727596e+01
2.357842605528925048e+02 8.012838180714226155e+01
2.368374916006133333e+02 7.995279936705750856e+01
2.378887220355735792e+02 7.977238702085105615e+01
2.389379480192391725e+02 7.958713550140166149e+01
2.399851881688895787e+02 7.939708975465033802e+01
2.410304613517847372e+02 7.920229533004712152e+01
2.420737923346035814e+02 7.900281201957434973e+01
2.431152120994484278e+02 7.879871462065239029e+01
2.441547519221487619e+02 7.859007863982597542e+01
2.451924288325121211e+02 7.837694519070754495e+01
2.462282122314664718e+02 7.815924040064791711e+01
2.472620615779172795e+02 7.793686639483735235e+01
2.482939480547876201e+02 7.770975360273642707e+01
2.493239932221313495e+02 7.747819549615223877e+01
2.503524227937039370e+02 7.724273699605910792e+01
2.513794651018688171e+02 7.700392934530817968e+01
2.524054370726093453e+02 7.676253767073438894e+01
2.534308425631402883e+02 7.651977839122322678e+01
2.544562091397629615e+02 7.627692516447527282e+01
2.554820484897278732e+02 7.603521331279252138e+01
2.565087549441762462e+02 7.579559483592197466e+01
2.575366702348937338e+02 7.555889474760280677e+01
2.585661314618358801e+02 7.532592687934641162e+01
2.595972833033586653e+02 7.509704051579254269e+01
2.606300069435828277e+02 7.487194881017569514e+01
2.616641645266225851e+02 7.465031894908486265e+01
2.626996386878386716e+02 7.443186758933681801e+01
2.637364044881334735e+02 7.421653452266663464e+01
2.647744630352975719e+02 7.400432242353815582e+01
2.658138240298077903e+02 7.379525471099003653e+01
2.668546620741128095e+02 7.358975291253796058e+01
2.678973003256441530e+02 7.338859719906272971e+01
2.689420672590618437e+02 7.319258057836684372e+01
2.699892966853240637e+02 7.300250894117120026e+01
2.710393373735864770e+02 7.281922429035410005e+01
2.720925406942179166e+02 7.264357490865633338e+01
2.731492133417470427e+02 7.247630122179170087e+01
2.742092007945199725e+02 7.231703018103519298e+01
2.752720764380829337e+02 7.216473184748888059e+01
2.763374087851825607e+02 7.201836451826932262e+01
2.774046422252251887e+02 7.187658682966504387e+01
2.784729990452744914e+02 7.173752121444636032e+01
2.795416784757209712e+02 7.159923444154264871e+01
2.806099500698747420e+02 7.145996305461076759e+01
2.816775135327964108e+02 7.131898207660471201e+01
2.827442311568588593e+02 7.117595905139087620e+01
2.838099623306994772e+02 7.103055451266952502e+01
2.848744668513241436e+02 7.088218856087158315e+01
2.859373880307334161e+02 7.073000007931909749e+01
2.869983625695237492e+02 7.057311199013921055e+01
2.880570813832413251e+02 7.041077810401156967e+01
2.891134396240371416e+02 7.024274531025560009e+01
2.901673805290891437e+02 7.006887658756559745e+01
2.912188477848404773e+02 6.988903599973157554e+01
2.922677918000695172e+02 6.970310384678973037e+01
2.933141681584215235e+02 6.951097292747077461e+01
2.943579327909072276e+02 6.931253687925507734e+01
2.953991011314878961e+02 6.910783299110319433e+01
2.964378290629301205e+02 6.889723762220022252e+01
2.974742927235674870e+02 6.868117603253618597e+01
2.985086915015648970e+02 6.846012960754082144e+01
2.995414205324622685e+02 6.823505226973290405e+01
3.005729730051410797e+02 6.800713464386107887e+01
3.016038406231583053e+02 6.777756376754639689e+01
3.026343882098819904e+02 6.754722030001752842e+01
3.036647873921525616e+02 6.731651838762857665e+01
3.046951935765507073e+02 6.708583300957084816e+01
3.057257335625160977e+02 6.685547004797152226e+01
3.067563885533166399e+02 6.662538371514571622e+01
3.077870935486425878e+02 6.639541662429554947e+01
3.088177858597211412e+02 6.616541696707898268e+01
3.098484563957636624e+02 6.593536228458455639e+01
3.108791496639651086e+02 6.570535946733158994e+01
3.119099124647176495e+02 6.547552094009868995e+01
3.129407003453339939e+02 6.524573896556620412e+01
3.139711812974942973e+02 6.501521203420054462e+01
3.150009668131477270e+02 6.478300232217111443e+01
3.160296828742154389e+02 6.454820709796977951e+01
3.170571280500197986e+02 6.431034160828941992e+01
3.180832142552010851e+02 6.406919560347807874e+01
3.191078560412062188e+02 6.382456522448307368e+01
3.201310557931986978e+02 6.357645995909749104e+01
3.211529912419192101e+02 6.332531520701853367e+01
3.221738609447221506e+02 6.307161695549191194e+01
3.231938743355736960e+02 6.281587778543046596e+01
3.242133162650954432e+02 6.255879467390817439e+01
3.252325035351491351e+02 6.230114271981428686e+01
3.262517545260751035e+02 6.204370078066803984e+01
3.272714445091614266e+02 6.178738289558230434e+01
3.282920226590503034e+02 6.153327870934147370e+01
3.293139430894699444e+02 6.128248960275249146e+01
3.303376672316090890e+02 6.103613006059342183e+01
3.313636875968808795e+02 6.079537022552011649e+01
3.323925049469956434e+02 6.056139501466540764e+01
3.334246107927446019e+02 6.033536507229720769e+01
3.344603336637919710e+02 6.011801340839025443e+01
3.354998627452038136e+02 5.990970741678886213e+01
3.365433826209800827e+02 5.971080240544367257e+01
3.375910168873012935e+02 5.952148642944666079e+01
3.386427277869364616e+02 5.934150504866097720e+01
3.396984511839564789e+02 5.917053148206903757e+01
3.407581017916760402e+02 5.900818864735745706e+01
3.418213905805490640e+02 5.885361491548847823e+01
3.428879146580054567e+02 5.870567786533185739e+01
3.439572710901111918e+02 5.856324655732335316e+01
3.450291499873533212e+02 5.842553357312195317e+01
3.461033991769719478e+02 5.829233378670407717e+01
3.471798817634868897e+02 5.816349847596178080e+01
3.482583413823701903e+02 5.803870654766861037e+01
3.493378346659753788e+02 5.791664569372653659e+01
3.504171731600794146e+02 5.779564999270994718e+01
3.514951824628262784e+02 5.767411267602433611e+01
3.525710897350300002e+02 5.755209389102675033e+01
3.536445678881258914e+02 5.743150412843782249e+01
3.547153130500610700e+02 5.731435027017238326e+01
3.557829056095596343e+02 5.720247088044552441e+01
3.568465152628953092e+02 5.709710726001161163e+01
3.579052206535867526e+02 5.699936829305985242e+01
3.589581481480433354e+02 5.691032778483577204e+01
3.600050845487139100e+02 5.683057408384529197e+01
3.610462989538337979e+02 5.676034102471918885e+01
3.620820735836762196e+02 5.669984771188215689e+01
3.631131431614165876e+02 5.664790266025688936e+01
3.641412520039697256e+02 5.660016717328286973e+01
3.651682810329001541e+02 5.655187671605941802e+01
3.661960588231931979e+02 5.649846245236295772e+01
3.672260012299864798e+02 5.643689850693400700e+01
3.682593285052261649e+02 5.636489027074627955e+01
3.692972472187474295e+02 5.628017172843603788e+01
3.703403396261945772e+02 5.618168493499484839e+01
3.713882865982885733e+02 5.607011615757929945e+01
3.724406987300840797e+02 5.594628764928006603e+01
3.734971771824984899e+02 5.581112797711246287e+01
3.745572779206754035e+02 5.566607502227125792e+01
3.756205433914896048e+02 5.551271900422150907e+01
3.766865088612760246e+02 5.535262642120714816e+01
3.777545590297175409e+02 5.518686561813811409e+01
3.788239356849453543e+02 5.501603211367266510e+01
3.798938747949039225e+02 5.484070261125135914e+01
3.809633808619143451e+02 5.466127322395509935e+01
3.820307706196826985e+02 5.447760346517548413e+01
3.830942336440859890e+02 5.428945363928218626e+01
3.841518412972469037e+02 5.409652893000919960e+01
3.852003551338499960e+02 5.389792378489701008e+01
3.862357212911310853e+02 5.369235243914747713e+01
3.872538725728772988e+02 5.347852874741309392e+01
3.882506304323757718e+02 5.325575557394314785e+01
3.892216059113202959e+02 5.302444879503642028e+01
3.901623866730560621e+02 5.278514795119949810e+01
3.910719963462248643e+02 5.253733004660775663e+01
3.919718277657805743e+02 5.227355464234398852e+01
3.928922274596367288e+02 5.198361246358984999e+01
3.938647576387578511e+02 5.165670240924006862e+01
3.949622777400852556e+02 5.126177270976159406e+01
3.963085478878260233e+02 5.074281173654621568e+01
3.980304671953768434e+02 5.004226861403208204e+01
