2.221411225436328607e+01 2.082560537111208987e+01
2.247758991398365680e+01 2.286708674101244299e+01
2.265889183752134173e+01 2.445174483469468640e+01
2.278213836371752876e+01 2.572694107602703895e+01
2.287102389486409493e+01 2.683764999381602223e+01
2.293944629491904408e+01 2.787394753044922879e+01
2.299150688950648913e+01 2.887101104189529366e+01
2.303088106780123923e+01 2.986163098906118663e+01
2.306090435323419285e+01 3.087261695142622386e+01
2.308355280626062012e+01 3.190685498275918519e+01
2.310046262159188757e+01 3.296125025540123943e+01
2.311335160263131883e+01 3.403271595186564014e+01
2.312581455269735287e+01 3.511834948862438921e+01
2.314332327502355113e+01 3.621543251610815872e+01
2.317143118153545345e+01 3.732125469491977299e+01
2.321535457438178440e+01 3.843308854117122308e+01
2.327896131660420664e+01 3.954813799301130928e+01
2.336578216146756048e+01 4.066358984409798438e+01
2.347924270306299377e+01 4.177667330966241366e+01
2.362034987448585355e+01 4.288559330111867496e+01
2.378769194783571805e+01 4.398953042606379427e+01
2.397975203603844818e+01 4.508770771366797447e+01
2.419473234730870104e+01 4.617956675227053154e+01
2.442971147101641805e+01 4.726542336688717683e+01
2.468148709182034395e+01 4.834581194170270635e+01
2.494689427295590178e+01 4.942126222760221310e+01
2.522362778492195901e+01 5.049219740957752833e+01
2.551024210548081683e+01 5.155893410672709365e+01
2.580532909097145478e+01 5.262178430484969738e+01
2.610772874326723425e+01 5.368100290090730198e+01
2.641727364637898745e+01 5.473661643651457354e+01
2.673404452985195690e+01 5.578859436444938069e+01
2.705809290029721836e+01 5.683691987178540472e+01
2.738879813684066633e+01 5.788189203440012420e+01
2.772486749112297844e+01 5.892412581697481500e+01
2.806497899185075084e+01 5.996424991848665798e+01
2.840769254919175779e+01 6.100293975880448016e+01
2.875109559915877711e+01 6.204105764136406265e+01
2.909315745922581442e+01 6.307951259049290371e+01
2.943188207442396020e+01 6.411919859577547243e+01
2.976606982359727738e+01 6.516066384770658715e+01
3.009531751940277644e+01 6.620411073769139421e+01
3.041925660205460957e+01 6.724972662239213150e+01
3.073768734005453496e+01 6.829762471925215550e+01
3.105108531505494796e+01 6.934762168884007849e+01
3.136009493699591388e+01 7.039946005250573080e+01
3.166537876164160537e+01 7.145287457802369602e+01
3.196801669871100415e+01 7.250742170093624850e+01
3.226950601187787981e+01 7.356247952455352390e+01
3.257136211064016607e+01 7.461741839861032588e+01
3.287512637710242558e+01 7.567159749388298451e+01
3.318244408379581500e+01 7.672433126531406344e+01
3.349498647585816968e+01 7.777492298888762434e+01
3.381442641460895260e+01 7.882267529755644375e+01
3.414247393354621352e+01 7.986687603455376916e+01
3.448087623834647530e+01 8.090679825339331899e+01
3.483138215086797373e+01 8.194171436455752655e+01
3.519563052983621532e+01 8.297094261853075636e+01
3.557482038144585346e+01 8.399398462580516878e+01
3.597004074875885493e+01 8.501038783687486955e+01
3.638237882146713531e+01 8.601970049354716252e+01
3.681287916175196528e+01 8.702148903783219680e+01
3.726254370428402751e+01 8.801533811194317991e+01
3.773237253036394634e+01 8.900083314940636114e+01
3.822331677206588552e+01 8.997757993446386138e+01
3.873613176455803853e+01 9.094526565422070519e+01
3.927152389378213115e+01 9.190359784649771768e+01
3.983016950506657139e+01 9.285229649367929028e+01
4.041205400963357874e+01 9.379136780311145571e+01
4.101647188459920557e+01 9.472110420710203016e+01
4.164268756646613667e+01 9.564181058252231082e+01
4.228953797297245387e+01 9.655396888110222164e+01
4.295414994679763510e+01 9.745876935400598029e+01
4.363322281185649132e+01 9.835757932725630326e+01
4.432343565111874284e+01 9.925177451064925549e+01
4.502100200581743650e+01 1.001429234407669355e+02
4.572166987544886751e+01 1.010327874809776603e+02
4.642116701856429017e+01 1.019231363784229387e+02
4.711569840536571974e+01 1.028155422286285159e+02
4.780337785265824380e+01 1.037107865206569102e+02
4.848279638889774645e+01 1.046094530919549186e+02
4.915255887736355334e+01 1.055121200531771848e+02
4.981158838227446495e+01 1.064192337987624910e+02
5.045912616878877799e+01 1.073311090069336302e+02
5.109442733688820226e+01 1.082480546291213841e+02
5.171674732853921341e+01 1.091703794890737811e+02
5.232534295364718702e+01 1.100983918998083197e+02
5.291947136410225028e+01 1.110324000466596033e+02
5.349841660996190740e+01 1.119727009649054992e+02
5.406208139913289301e+01 1.129193352385140372e+02
5.461098709737125034e+01 1.138720870001437788e+02
5.514568196860041382e+01 1.148307292323962940e+02
5.566680000528685923e+01 1.157949991542434987e+02
5.617531811406948350e+01 1.167644909301389617e+02
5.667229893013023911e+01 1.177387629609066693e+02
5.715879807197792672e+01 1.187173764898856092e+02
5.763570977463835732e+01 1.196999581382607118e+02
5.810376688965441616e+01 1.206861999050630203e+02
5.856369525189577274e+01 1.216757966318385087e+02
5.901630376572147441e+01 1.226684081121422025e+02
5.946273361344788100e+01 1.236635539475651484e+02
5.990420904688073023e+01 1.246607186917072738e+02
6.034198509613473504e+01 1.256593741315448938e+02
6.077802469243194139e+01 1.266586984217089054e+02
6.121499866810169976e+01 1.276575760844848730e+02
6.165560863378237855e+01 1.286548788755345640e+02
6.210230538709787140e+01 1.296495842036421209e+02
6.255653647361411629e+01 1.306410920900812016e+02
6.301949862588264750e+01 1.316289082092476121e+02
6.349231105752688364e+01 1.326125710079901410e+02
6.397431004682592004e+01 1.335923726995725929e+02
6.446304893671447189e+01 1.345693592636742437e+02
6.495600355119927372e+01 1.355446094524269540e+02
6.545058138476193221e+01 1.365192403883553425e+02
6.594391661378395497e+01 1.374945226755545207e+02
6.643307508512172888e+01 1.384717652885121879e+02
6.691515605135668920e+01 1.394522648079029068e+02
6.738802709674422431e+01 1.404370327566960839e+02
6.785032413721398825e+01 1.414267956001565381e+02
6.830071649442041348e+01 1.424222674097355252e+02
6.873861748293185769e+01 1.434238536374785440e+02
6.916641638897185373e+01 1.444307252578079783e+02
6.958724649167776022e+01 1.454417446257401139e+02
7.000429237848527464e+01 1.464557476979028650e+02
7.042191872769305405e+01 1.474709632679909816e+02
7.084567030846275770e+01 1.484850129667662486e+02
7.128114319825431267e+01 1.494954920266016529e+02
7.173368338574759662e+01 1.504999827924794431e+02
7.220763650450187754e+01 1.514960160598180892e+02
7.270709809929631717e+01 1.524811097366452373e+02
7.323610211884872001e+01 1.534527832682911992e+02
7.379726580246607170e+01 1.544085914580503527e+02
7.439178968004452486e+01 1.553461244671811983e+02
7.502081268541893166e+01 1.562629739942448737e+02
7.568527850313537897e+01 1.571566279839921663e+02
7.638534982058502010e+01 1.580241593659317516e+02
7.712099407587031408e+01 1.588625373157617560e+02
7.789214688982848145e+01 1.596687511942787694e+02
7.869801208619531963e+01 1.604402546195404682e+02
7.953706169160557238e+01 1.611749654668662117e+02
8.040773591542858867e+01 1.618708217966734537e+02
8.130821161664378849e+01 1.625263010637990817e+02
8.223561225267118857e+01 1.631420383007574628e+02
8.318679793054074878e+01 1.637192079344823128e+02
8.415860816855581561e+01 1.642590245168142360e+02
8.514740894430519802e+01 1.647636254724500873e+02
8.614909269466340902e+01 1.652360710989433414e+02
8.715953126777813509e+01 1.656794618187542483e+02
8.817436183039008313e+01 1.660971713763939306e+02
8.918828282361207016e+01 1.664936668045776287e+02
9.019575800714989100e+01 1.668736884580716833e+02
9.119125354357119306e+01 1.672419697960935991e+02
9.216929086126729942e+01 1.676030856802431117e+02
9.312444665445326564e+01 1.679614523745021017e+02
9.405130002020588620e+01 1.683214792473037846e+02
9.495029562912669974e+01 1.686894722461287870e+02
9.584534044591579516e+01 1.690793236346476647e+02
9.676620700879784920e+01 1.695068222555784985e+02
9.774472707078109579e+01 1.699890205276790880e+02
9.886009432489339588e+01 1.705720331186235512e+02
1.002388644041823085e+02 1.713310369450022677e+02
1.020096521564789214e+02 1.723424724994455062e+02
