4.759811702610243600e+01 4.981219882857971726e+01
4.838825189406109217e+01 5.169897714202409134e+01
4.898130383009867472e+01 5.313277755688131521e+01
4.944073028801855685e+01 5.426371792677105077e+01
4.982824449686524559e+01 5.523792709948365598e+01
5.017834106507521597e+01 5.613928550228891368e+01
5.050397371930139911e+01 5.700241001280976860e+01
5.081749439151363390e+01 5.786053695438884148e+01
5.112769211370512323e+01 5.873755256044499617e+01
5.143492109149553926e+01 5.963520761698046613e+01
5.173831499300172254e+01 6.055204986318692306e+01
5.203706518166140427e+01 6.148657897687165530e+01
5.233083547362511467e+01 6.243690107305207704e+01
5.261952090428774653e+01 6.340092965637755640e+01
5.290302372493295735e+01 6.437657905086355470e+01
5.318153150179890787e+01 6.536187164301055930e+01
5.345564604648604501e+01 6.635498671394542214e+01
5.372600172246848160e+01 6.735411587375405418e+01
5.399325083449054574e+01 6.835754504212849270e+01
5.425812974854669335e+01 6.936400201290175005e+01
5.452139942912187109e+01 7.037234388368099758e+01
5.478381380283445878e+01 7.138144435521408582e+01
5.504598977193288079e+01 7.239049992862464933e+01
5.530841977531756015e+01 7.339900031430644844e+01
5.557159152753350639e+01 7.440644605513784882e+01
5.583584971191855573e+01 7.541246521128978486e+01
5.610114535382407297e+01 7.641703680271170640e+01
5.636736234018631109e+01 7.742019970558396835e+01
5.663433399167579552e+01 7.842202025551570443e+01
5.690139943277704049e+01 7.942283315566925239e+01
5.716761842878356958e+01 8.042312481200190177e+01
5.743204747552879041e+01 8.142338341955556302e+01
5.769373534842060991e+01 8.242410237776570625e+01
5.795171792056628135e+01 8.342578378360005331e+01
5.820502983814765230e+01 8.442893056110540329e+01
5.845273724683619321e+01 8.543402880413756861e+01
5.869407942729551309e+01 8.644147210045038321e+01
5.892835483152841647e+01 8.745162242252541773e+01
5.915487345712421074e+01 8.846483629766881052e+01
5.937323035359505496e+01 8.948133589559135714e+01
5.958331760969159063e+01 9.050120337825559602e+01
5.978504125333815011e+01 9.152451433845347140e+01
5.997844988127429389e+01 9.255128019533900385e+01
6.016404980681860337e+01 9.358130633887323313e+01
6.034243901469522342e+01 9.461435689552246231e+01
6.051421853211468260e+01 9.565019410677840028e+01
6.068002520938242128e+01 9.668855801991136900e+01
6.084051922598901285e+01 9.772917422857995007e+01
6.099636122029553320e+01 9.877176804321366888e+01
6.114821892366558131e+01 9.981606050525678597e+01
6.129677374397336820e+01 1.008617644248271290e+02
6.144270864668637699e+01 1.019085916745915767e+02
6.158667485565371891e+01 1.029562672941629273e+02
6.172911830487790752e+01 1.040046014807630996e+02
6.187040324949003889e+01 1.050534383133549881e+02
6.201089557482698922e+01 1.061026212201539494e+02
6.215102094374461217e+01 1.071519696609980627e+02
6.229127649501462116e+01 1.082012744367621764e+02
6.243216357015541007e+01 1.092503246631893319e+02
6.257420322186568740e+01 1.102989015889976940e+02
6.271799052430953481e+01 1.113467569198384126e+02
6.286413792411839552e+01 1.123936354277530256e+02
6.301326596953167325e+01 1.134392785721507835e+02
6.316611151967354942e+01 1.144833802545762182e+02
6.332349852188580996e+01 1.155255987674416360e+02
6.348625130155700447e+01 1.165655922584907813e+02
6.365482843941922653e+01 1.176031705239981449e+02
6.382887249157016640e+01 1.186384817081399916e+02
6.400791560062639007e+01 1.196717197357812381e+02
6.419144457731920284e+01 1.207030973203829092e+02
6.437859964157527770e+01 1.217329708260535455e+02
6.456836102870360605e+01 1.227617629253368534e+02
6.475970798967384212e+01 1.237898966983614457e+02
6.495161426511084812e+01 1.248177974917999506e+02
6.514304602899028396e+01 1.258458937646790474e+02
6.533296890630541043e+01 1.268746142018358114e+02
6.552039365830469819e+01 1.279043687783254057e+02
6.570452954280293056e+01 1.289354851888402607e+02
6.588464036707195248e+01 1.299682685163511451e+02
6.605999791049450209e+01 1.310030205393349547e+02
6.623001562865765379e+01 1.320399843105241473e+02
6.639422877568034664e+01 1.330793523963364748e+02
6.655217686505227448e+01 1.341213155977118561e+02
6.670353645516830454e+01 1.351660079377064108e+02
6.684833908431866689e+01 1.362134163707408732e+02
6.698667301063420609e+01 1.372635043521315765e+02
6.711862229303790173e+01 1.383162370750909531e+02
6.724423279204648907e+01 1.393715955417327450e+02
6.736352997814566379e+01 1.404295691928469125e+02
6.747653928287797953e+01 1.414901474852586603e+02
6.758329575805649370e+01 1.425533158891399523e+02
6.768384964932391767e+01 1.436190535783193241e+02
6.777825254289294321e+01 1.446873391710914518e+02
6.786673409209912222e+01 1.457580775282980312e+02
6.795044187900485610e+01 1.468307932941313538e+02
6.803081841837828847e+01 1.479048889482607194e+02
6.810929421911647808e+01 1.489797719434405678e+02
6.818702725456145686e+01 1.500549626223744895e+02
6.826490667886561425e+01 1.511300926783188459e+02
6.834381000004053419e+01 1.522047986286044647e+02
6.842423745638976129e+01 1.532788732613367984e+02
6.850555086178867725e+01 1.543525809171030687e+02
6.858689814795289408e+01 1.554262745296907156e+02
6.866747711888193351e+01 1.565002863751440145e+02
6.874702992876640906e+01 1.575747232526379094e+02
6.882563380907666328e+01 1.586495531680168938e+02
6.890337412775288328e+01 1.597247407568946471e+02
6.898064921123106785e+01 1.608001210234262430e+02
6.905842708451116607e+01 1.618752929952501916e+02
6.913773620419318888e+01 1.629498306684543536e+02
6.921948054973101705e+01 1.640233595995536007e+02
6.930381011427974158e+01 1.650958176582616375e+02
6.939059248169704119e+01 1.661672596927451195e+02
6.947968464831977542e+01 1.672377449367884878e+02
6.957065040527450606e+01 1.683074540772899468e+02
6.966272174693366992e+01 1.693767052398680448e+02
6.975511283794226358e+01 1.704458239356716831e+02
6.984729730193087960e+01 1.715150282077061092e+02
6.993966366850921190e+01 1.725841571441012547e+02
7.003280202615300709e+01 1.736529663471246181e+02
7.012728256095644497e+01 1.747212196639781041e+02
7.022341194825682464e+01 1.757887901061327227e+02
7.032131023249387169e+01 1.768556280004062273e+02
7.042109271368148882e+01 1.779216856390812893e+02
7.052274406028030285e+01 1.789869694306210022e+02
7.062597411524626523e+01 1.800515996342861058e+02
7.073045798388326943e+01 1.811157108999574632e+02
7.083598616377122426e+01 1.821793900801500854e+02
7.094317372829968349e+01 1.832423824746076377e+02
7.105299455799332975e+01 1.843042847592968769e+02
7.116641640627504728e+01 1.853646961473104398e+02
7.128411153049317761e+01 1.864233382191852684e+02
7.140636832814351465e+01 1.874800915150963476e+02
7.153344954272175471e+01 1.885348471987586549e+02
7.166557438480350584e+01 1.895875144328682609e+02
7.180278234627687084e+01 1.906380766860312406e+02
7.194506654808196799e+01 1.916865365992363479e+02
7.209241913483712949e+01 1.927328972052210361e+02
7.224481635212708852e+01 1.937771679161911891e+02
7.240222151051810329e+01 1.948193633345135822e+02
7.256459747759025447e+01 1.958594982407708471e+02
7.273188487230859778e+01 1.968975964972075303e+02
7.290397004635916289e+01 1.979337041174282490e+02
7.308073123341930000e+01 1.989678704287274513e+02
7.326202974322656303e+01 2.000001517377515370e+02
7.344758340098087501e+01 2.010306635234840655e+02
7.363703773967873190e+01 2.020595510778678658e+02
7.383003693567424364e+01 2.030869602556834366e+02
7.402618141052498402e+01 2.041130551388845902e+02
7.422500625654386397e+01 2.051380270239841934e+02
7.442604122767372132e+01 2.061620694313285469e+02
7.462881619375497166e+01 2.071853760950001799e+02
7.483286158517366005e+01 2.082081417828296992e+02
7.503770800155602672e+01 2.092305615747577008e+02
7.524288653335632659e+01 2.102528304626029581e+02
7.544793827779460571e+01 2.112751416401327447e+02
7.565241367481480950e+01 2.122976866223805814e+02
7.585586355371150091e+01 2.133206568491786470e+02
7.605786686100947236e+01 2.143442340391145535e+02
7.625808232876624970e+01 2.153685723257445375e+02
7.645618274428707650e+01 2.163938209831666768e+02
7.665185468685118053e+01 2.174201241834973928e+02
7.684492452853693578e+01 2.184475743861468686e+02
7.703529994791176705e+01 2.194762339733066767e+02
7.722289181755773768e+01 2.205061640784954022e+02
7.740778768354138606e+01 2.215373550573723662e+02
7.759037885219728992e+01 2.225696755750017815e+02
7.777108659888375541e+01 2.236029822904391722e+02
7.795039837470757504e+01 2.246371032671275998e+02
7.812917728173812293e+01 2.256717042436474969e+02
7.830841880525059651e+01 2.267063937536522076e+02
7.848910094738580767e+01 2.277407867453386530e+02
7.867174130174132074e+01 2.287746673433765636e+02
7.885636432944008334e+01 2.298080008732720501e+02
7.904297028087067645e+01 2.308407615533459989e+02
7.923144248790883637e+01 2.318729504292649040e+02
7.942127703324921129e+01 2.329046574023202254e+02
7.961188993259150948e+01 2.339359907454444567e+02
7.980269145266542807e+01 2.349670528744732678e+02
7.999302150616360052e+01 2.359978745279845214e+02
8.018217288558649614e+01 2.370284384381262157e+02
8.036943802337091824e+01 2.380587257542873090e+02
8.055417576461277918e+01 2.390886259530183509e+02
8.073587676930939949e+01 2.401178465599225831e+02
8.091404724496933909e+01 2.411460736395671347e+02
8.108821963951533007e+01 2.421729722918983043e+02
8.125810181283870293e+01 2.431980674725287486e+02
8.142347354060413522e+01 2.442208266803978063e+02
8.158412080418207779e+01 2.452407184829416167e+02
8.174003582176790417e+01 2.462572542491109857e+02
8.189146430684574796e+01 2.472699979571917481e+02
8.203866753894158137e+01 2.482785168159863929e+02
8.218220447805926199e+01 2.492824454406640200e+02
8.232378779675542546e+01 2.502816796915104476e+02
8.246540962921135076e+01 2.512761787097254853e+02
8.260911565919273869e+01 2.522659236917567398e+02
8.275775283091383017e+01 2.532512258459067880e+02
8.291478490046874583e+01 2.542326504242574288e+02
8.308368764478187529e+01 2.552107695192502774e+02
8.326700075444745153e+01 2.561862295781809848e+02
8.346511269710941860e+01 2.571598479234697265e+02
8.367811089530555080e+01 2.581324657900375428e+02
8.390583770519724283e+01 2.591049344758956181e+02
8.414619665039589336e+01 2.600781848927781539e+02
8.439616967808214554e+01 2.610531857948468542e+02
8.465273576226671537e+01 2.620309024664120443e+02
8.491299800920630503e+01 2.630121254042871897e+02
8.517423479186076918e+01 2.639973983166454445e+02
8.543373772069432448e+01 2.649872462722627233e+02
8.568897161104216309e+01 2.659821317049110689e+02
8.593818748117399764e+01 2.669822327386685856e+02
8.617985930933622285e+01 2.679876468699790166e+02
8.641256120967905474e+01 2.689984356552217832e+02
8.663672868340995592e+01 2.700139925757500805e+02
8.685444211938690273e+01 2.710331207422281636e+02
8.706783855274839823e+01 2.720546030139580580e+02
8.727907358294238804e+01 2.730772609635951085e+02
8.749035237306480894e+01 2.741000195220693172e+02
8.770388826877592692e+01 2.751218206839400864e+02
8.792177196713318210e+01 2.761416643329963563e+02
8.814493793678141742e+01 2.771590960842432310e+02
8.837368548326719520e+01 2.781739613449472017e+02
8.860830087103293806e+01 2.791861115608270438e+02
8.884862759486605910e+01 2.801955991761666951e+02
8.909378984758731690e+01 2.812028031677062927e+02
8.934284592099922406e+01 2.822081324284415587e+02
8.959490402696968658e+01 2.832119765580431476e+02
8.984933808546513490e+01 2.842146224641535355e+02
9.010561007114779386e+01 2.852163230226515793e+02
9.036321790629285999e+01 2.862173161039135607e+02
9.062250575679664166e+01 2.872174862916806433e+02
9.088467573130617438e+01 2.882163599989495992e+02
9.115096822823755929e+01 2.892134476528243567e+02
9.142275019561965621e+01 2.902082050963729216e+02
9.170178244598908179e+01 2.911999182889788926e+02
9.198990219685553882e+01 2.921878402346361554e+02
9.228890978577611293e+01 2.931712387939423934e+02
9.260018755814303404e+01 2.941495502101367947e+02
9.292485319943064326e+01 2.951223173412232654e+02
9.326401563350015067e+01 2.960890866121962404e+02
9.361829661178978768e+01 2.970496046952242750e+02
9.398740522356057170e+01 2.980039934028017683e+02
9.437095022775754671e+01 2.989524157871594525e+02
9.476845060737933579e+01 2.998950718876567407e+02
9.517886348460528723e+01 3.008323932267985583e+02
9.560092906746324104e+01 3.017649006943640870e+02
9.603338948227592198e+01 3.026931143801353414e+02
9.647505999380047115e+01 3.036175239443120404e+02
9.692484094151261331e+01 3.045385836513667641e+02
9.738163745360945711e+01 3.054567457734093523e+02
9.784444221900176331e+01 3.063724263833190093e+02
9.831256654573888909e+01 3.072859098308872490e+02
9.878539419287025680e+01 3.081974505133122761e+02
9.926231969104046016e+01 3.091072983839842436e+02
9.974288603627229577e+01 3.100156421470852592e+02
1.002267443431772165e+02 3.109226259026077059e+02
1.007135477522589326e+02 3.118283929156704630e+02
1.012028710345236391e+02 3.127331189512090077e+02
1.016941191812349814e+02 3.136370501817861509e+02
1.021866749775401075e+02 3.145404419888380403e+02
1.026798914494664672e+02 3.154435620455530511e+02
1.031729016845479094e+02 3.163467688688544968e+02
1.036647401932342518e+02 3.172504616920967919e+02
1.041544476833995247e+02 3.181550371702779785e+02
1.046413407290298778e+02 3.190607772456200451e+02
1.051251043377810390e+02 3.199678106554125634e+02
1.056054491804716378e+02 3.208762554654908854e+02
1.060821686370057364e+02 3.217861952251370212e+02
1.065554084982402969e+02 3.226975664138013826e+02
1.070254083985649061e+02 3.236102663477000192e+02
1.074924134528163222e+02 3.245241900269395501e+02
1.079567619713814679e+02 3.254391930658743490e+02
1.084188702069681369e+02 3.263550981393369170e+02
1.088791568525793423e+02 3.272717268913802400e+02
1.093380569570216352e+02 3.281888942583570952e+02
1.097960466774114110e+02 3.291063983176366605e+02
1.102536085269724708e+02 3.300240345398768227e+02
1.107112282801252263e+02 3.309415973817484655e+02
1.111694203463590327e+02 3.318588723965691543e+02
1.116287139860723983e+02 3.327756405201404277e+02
1.120896387320725296e+02 3.336916826721564462e+02
1.125527326860781443e+02 3.346067811214136896e+02
1.130185471077871568e+02 3.355207202083208813e+02
1.134876343744158476e+02 3.364332844492302570e+02
1.139605243056667945e+02 3.373442709196025930e+02
1.144376340912677250e+02 3.382535394026973563e+02
1.149193458391451088e+02 3.391609692138974310e+02
1.154060264692077311e+02 3.400664467304267191e+02
1.158977184175309247e+02 3.409700091796673860e+02
1.163941527312262991e+02 3.418718385514497413e+02
1.168950476103067189e+02 3.427721227991846149e+02
1.173997857783429311e+02 3.436711955205789764e+02
1.179067683567992901e+02 3.445698164677004343e+02
1.184142178783699819e+02 3.454688229254400653e+02
1.189202725386408304e+02 3.463690868812344092e+02
1.194221836473739131e+02 3.472718452531651110e+02
1.199166718232470004e+02 3.481785533250093749e+02
1.204004580780511873e+02 3.490906658230363746e+02
1.208709295377861963e+02 3.500093284577251325e+02
1.213266517077992717e+02 3.509351402798064896e+02
1.217663106654794802e+02 3.518686444056622804e+02
1.221889283774245456e+02 3.528102126241395808e+02
1.225954962560299464e+02 3.537592121657825146e+02
1.229877212896968786e+02 3.547146452661609715e+02
1.233673123306733856e+02 3.556755043694259939e+02
1.237360015951029197e+02 3.566405266414838025e+02
1.240955470209425044e+02 3.576081682069435033e+02
1.244477078316260332e+02 3.585768707470153913e+02
1.247939535674180860e+02 3.595450583218035376e+02
1.251347638245370888e+02 3.605110947742161329e+02
1.254704069145285814e+02 3.614733310949487759e+02
1.258011279378164886e+02 3.624301021351200802e+02
1.261268766170632460e+02 3.633795373584369486e+02
1.264473992310300474e+02 3.643196247663102554e+02
1.267624380734835228e+02 3.652483500990518337e+02
1.270717404514354314e+02 3.661637772278014609e+02
1.273750639155142323e+02 3.670641296692418223e+02
1.276721672672857153e+02 3.679476504357645581e+02
1.279638930944533257e+02 3.688158416381666598e+02
1.282585737569525008e+02 3.696927281930716163e+02
1.285677053205414211e+02 3.706118487285657466e+02
1.289032690963223615e+02 3.716081693117317855e+02
1.292945777508162735e+02 3.727676125466855410e+02
1.297928434991560209e+02 3.742404886825311792e+02
1.304506819242441793e+02 3.761812340600719722e+02
