2.640623964511197741e+01 2.679647356921965695e+01
2.796014252804312861e+01 2.715429634836688422e+01
2.921478750076973085e+01 2.743596025566144547e+01
3.026650430164545114e+01 2.766277636755571478e+01
3.121090709976726529e+01 2.785588799271394223e+01
3.211387534523498744e+01 2.802946702789255795e+01
3.300151493747978293e+01 2.818836031771699169e+01
3.389715503342350900e+01 2.833676368953570091e+01
3.482175820114673570e+01 2.847859813177430510e+01
3.577749229151825716e+01 2.861560194706901683e+01
3.675756247638405227e+01 2.874847257577985715e+01
3.775512003448543652e+01 2.887790417390483455e+01
3.876375840318312527e+01 2.900565056916089191e+01
3.977815489539162286e+01 2.913606319162024860e+01
4.079314986186442127e+01 2.927388420576474459e+01
4.180370325877141369e+01 2.942375478221790885e+01
4.280692219871720994e+01 2.958850304985866231e+01
4.380177102721192739e+01 2.976938890493390488e+01
4.478727532773883979e+01 2.996762053483509192e+01
4.576269150280919007e+01 3.018414495163813882e+01
4.672836700119646025e+01 3.041867463162567731e+01
4.768497132834756513e+01 3.067055763895172760e+01
4.863318252230811822e+01 3.093912171700740998e+01
4.957418775816903178e+01 3.122247855301367991e+01
5.050996337344142972e+01 3.151685494712777569e+01
5.144255359057576982e+01 3.181831555868419414e+01
5.237399777248824506e+01 3.212290540315256493e+01
5.330628882565496696e+01 3.242648170351520776e+01
5.424139385036792049e+01 3.272479736551649410e+01
5.518127935426470998e+01 3.301360469684839671e+01
5.612759694226535601e+01 3.328917352716495515e+01
5.708109239972551308e+01 3.354926234116189931e+01
5.804234963429857430e+01 3.379189565892102110e+01
5.901191902582510096e+01 3.401513010142062399e+01
5.998957981444802812e+01 3.421776061025700244e+01
6.097434010061284937e+01 3.439932044764452712e+01
6.196517445695207016e+01 3.455937497669395952e+01
6.296079900988829081e+01 3.469785767429335266e+01
6.395848369757920437e+01 3.481676187274430845e+01
6.495499569953969399e+01 3.491879700068074044e+01
6.594710704195020412e+01 3.500667789879378944e+01
6.693208923330745108e+01 3.508355744155937117e+01
6.790811295302505357e+01 3.515337705437318760e+01
6.887344293748486734e+01 3.522016064829351478e+01
6.982667832423327070e+01 3.528776285547562708e+01
7.077030566435435333e+01 3.535807044082789474e+01
7.170931951766608847e+01 3.543170057748648816e+01
7.264875617022048004e+01 3.550924921824874048e+01
7.359314524438212857e+01 3.559089775358077645e+01
7.454529991454873539e+01 3.567542314199847908e+01
7.550767022766406456e+01 3.576130522389464517e+01
7.648262872538583679e+01 3.584707791448525427e+01
7.747019735936721929e+01 3.593291511698193119e+01
7.846768055216796256e+01 3.602088673308277578e+01
7.947223134883586226e+01 3.611316827937480411e+01
8.048123890432793814e+01 3.621145679959639097e+01
8.149366203227684480e+01 3.631426844998789250e+01
8.250909987638885923e+01 3.641882176842404562e+01
8.352715613599335143e+01 3.652232969043174649e+01
8.454786752295945007e+01 3.662171700654169371e+01
8.557217877545218698e+01 3.671330426789278789e+01
8.660114896828105202e+01 3.679333594114846306e+01
8.763573878356388036e+01 3.685834333350867809e+01
8.867549954454142380e+01 3.690896640343587620e+01
8.971892893731431684e+01 3.694891673836930579e+01
9.076449929209042011e+01 3.698197984483459777e+01
9.181061926238484716e+01 3.701212723675258331e+01
9.285544279494141051e+01 3.704407445762451090e+01
9.389706015981104770e+01 3.708272305834675819e+01
9.493358589725683316e+01 3.713291449878049377e+01
9.596414307037966296e+01 3.719699321976523976e+01
9.698920375567398366e+01 3.727396361670092517e+01
9.800933420937879248e+01 3.736259690374021858e+01
9.902527958917808348e+01 3.746122792951874914e+01
1.000392058327455231e+02 3.756472606258957114e+01
1.010539564083004649e+02 3.766630808023286647e+01
1.020723767725642546e+02 3.775918594918182691e+01
1.030965719633566948e+02 3.783839107438921445e+01
1.041268320093323325e+02 3.790341489962932542e+01
1.051631739233264682e+02 3.795441975297565307e+01
1.062055853982503351e+02 3.799164113058762382e+01
1.072535277757372683e+02 3.801662804210272384e+01
1.083060071176386572e+02 3.803206565119622695e+01
1.093620144740046953e+02 3.804067658360340687e+01
1.104205923476294515e+02 3.804497816448434833e+01
1.114810264505616431e+02 3.804651729456242748e+01
1.125426742857229812e+02 3.804655442321906378e+01
1.136048937413857658e+02 3.804633669526210582e+01
1.146670651984991025e+02 3.804631548831574861e+01
1.157286039016609465e+02 3.804570874086968502e+01
1.167889280944927322e+02 3.804362828912240957e+01
1.178474326597263371e+02 3.803908120839330564e+01
1.189032891533911709e+02 3.803007307525632541e+01
1.199555450753039167e+02 3.801405314167162430e+01
1.210032467352824455e+02 3.798846504736590646e+01
1.220455790233728237e+02 3.795109925633369841e+01
1.230821254564833680e+02 3.790074387466512462e+01
1.241125407895514172e+02 3.783636529562411255e+01
1.251365357545612795e+02 3.775706787982095847e+01
1.261551085555771294e+02 3.766512923683178826e+01
1.271705448687431783e+02 3.756600022519869952e+01
1.281851863472503794e+02 3.746526967081005921e+01
1.292011585558915101e+02 3.736798603881265990e+01
1.302193778929330108e+02 3.727617409606271792e+01
1.312403403971788123e+02 3.719080743891126417e+01
1.322645333649154793e+02 3.711283676512351803e+01
1.332916674930690988e+02 3.704117401613531513e+01
1.343200554399635109e+02 3.697106095260022585e+01
1.353478636233471661e+02 3.689735541919895923e+01
1.363733692629752454e+02 3.681517437193733144e+01
1.373961376519318378e+02 3.672264693597598750e+01
1.384165650983519811e+02 3.661984557141422414e+01
1.394350617539300288e+02 3.650687516982033287e+01
1.404519918996224987e+02 3.638413232644728623e+01
1.414675644179693847e+02 3.625300185458874580e+01
1.424819553158091310e+02 3.611507763248398106e+01
1.434952944398834518e+02 3.597193780529725160e+01
1.445063116877502694e+02 3.582468336352441440e+01
1.455121184685758067e+02 3.567386365671553961e+01
1.465097360350873714e+02 3.551999730575840886e+01
1.474958898260539399e+02 3.536359021575783856e+01
1.484653387090497461e+02 3.520506375729377169e+01
1.494120393041940247e+02 3.504480481574281470e+01
1.503299984596523018e+02 3.488318843243828837e+01
1.512217630649423370e+02 3.471868298998565194e+01
1.521077884565742693e+02 3.454575861204129694e+01
1.530107849627318046e+02 3.435838197041891107e+01
1.539560345492721183e+02 3.414943618802752923e+01
1.550056548486551264e+02 3.389628383190201788e+01
1.562493018492857004e+02 3.356468429662125885e+01
1.577772942531088063e+02 3.312011774515307394e+01
