2.409514293348344083e+01 2.441568692892233727e+01
2.584068240342378076e+01 2.553072945197814647e+01
2.720911373109092679e+01 2.641140789735279526e+01
2.831806410892630765e+01 2.713244797739328362e+01
2.928414870372541401e+01 2.776794937966354837e+01
3.018586814723084544e+01 2.836843467820916942e+01
3.105290985079265553e+01 2.895423127778411754e+01
3.191176832233039562e+01 2.954369149813794593e+01
3.278630014752372546e+01 3.015319265002510463e+01
3.368152880817365258e+01 3.078501172349946557e+01
3.459428928464530628e+01 3.143529498810023881e+01
3.552138565880048304e+01 3.210016249083293616e+01
3.646007659734859629e+01 3.277553722983005713e+01
3.740859008394899377e+01 3.345692203345042515e+01
3.836527856615008147e+01 3.413976577869652829e+01
3.932855173344930222e+01 3.481957733570689584e+01
4.029760652033549917e+01 3.549269065651632360e+01
4.127221230431103294e+01 3.615603964917356450e+01
4.225215137444529745e+01 3.680657175745538012e+01
4.323731031932461377e+01 3.744154124412371232e+01
4.422796045984047453e+01 3.805933414300687900e+01
4.522446180607042265e+01 3.865859738584404681e+01
4.622716906217952726e+01 3.923800506022237755e+01
4.723626530238639987e+01 3.979710966187666799e+01
4.825172884139489327e+01 4.033651165299330899e+01
4.927352599731333527e+01 4.085687289475981743e+01
5.030157447522494607e+01 4.135897274413899538e+01
5.133547334142307506e+01 4.184436069555302851e+01
5.237469333236546021e+01 4.231489641160431603e+01
5.341870419241787005e+01 4.277244124697502059e+01
5.446689282209875671e+01 4.321896537575481290e+01
5.551848220920629728e+01 4.365665427933305409e+01
5.657267608091449773e+01 4.408771873886226444e+01
5.762869237325308802e+01 4.451432515686596503e+01
5.868592548690754995e+01 4.493808878244513494e+01
5.974388926986837589e+01 4.536025179400993323e+01
6.080209984018539160e+01 4.578204928591499367e+01
6.186016147199692483e+01 4.620448576170537081e+01
6.291797842619300241e+01 4.662778104641904520e+01
6.397551871612704133e+01 4.705198820710388219e+01
6.503275756904237426e+01 4.747714271531791042e+01
6.608987256524545728e+01 4.790278648071226542e+01
6.714726622244165810e+01 4.832791276529351165e+01
6.820535280495128916e+01 4.875148617975150245e+01
6.926448559781205461e+01 4.917262014560437677e+01
7.032465046764721706e+01 4.959132471411594167e+01
7.138569633822588401e+01 5.000794412512522058e+01
7.244747007215583778e+01 5.042282764790567740e+01
7.350963600131660769e+01 5.083676993861832472e+01
7.457152308071134428e+01 5.125138399488677976e+01
7.563242427411547908e+01 5.166837063527879081e+01
7.669164125615712635e+01 5.208940999591821708e+01
7.774857372461974592e+01 5.251594947355292220e+01
7.880268311256313041e+01 5.294928988497611755e+01
7.985343185758141260e+01 5.339072966036238199e+01
8.090037985309361090e+01 5.384133223554673719e+01
8.194339311686616156e+01 5.430142289152524882e+01
8.298239761789176328e+01 5.477118234945049835e+01
8.401732321209676968e+01 5.525078193279162520e+01
8.504819509392007149e+01 5.574016245911445822e+01
8.607513721737458923e+01 5.623902596876651216e+01
8.709827810788580393e+01 5.674706344950429582e+01
8.811772192671574544e+01 5.726402460714007248e+01
8.913343774849430190e+01 5.778998470860859271e+01
9.014534809512613833e+01 5.832513121371825093e+01
9.115337685289841829e+01 5.886964828687207074e+01
9.215755924799010756e+01 5.942345119038601808e+01
9.315812061721344151e+01 5.998599604165228527e+01
9.415530488717004687e+01 6.055669406100905405e+01
9.514938504005004916e+01 6.113488634452399140e+01
9.614093119838682355e+01 6.171919685428964186e+01
9.713068750745536306e+01 6.230782955685334201e+01
9.811940035682927430e+01 6.289898300240511020e+01
9.910786331044774045e+01 6.349074204926412790e+01
1.000970068227570948e+02 6.408086164483925984e+01
1.010877860377131157e+02 6.466703723395774261e+01
1.020811539046673886e+02 6.524696957225290816e+01
1.030780159613270541e+02 6.581847414858933121e+01
1.040792319761087015e+02 6.637947721066919371e+01
1.050856598514232445e+02 6.692790952181221087e+01
1.060980246943632608e+02 6.746202220720988407e+01
1.071163735294742594e+02 6.798170223130327372e+01
1.081405375111999092e+02 6.848735733404521397e+01
1.091703421535595879e+02 6.897940882961964348e+01
1.102052573561195601e+02 6.945913381886917648e+01
1.112441883744874787e+02 6.992916821908103486e+01
1.122859902870416136e+02 7.039226869911185247e+01
1.133295069260400112e+02 7.085121814334712553e+01
1.143734773290729123e+02 7.130904372020314952e+01
1.154165834986505388e+02 7.176890555103717872e+01
1.164575070509793875e+02 7.223396463666334455e+01
1.174950385468900720e+02 7.270711563055365900e+01
1.185282608462262601e+02 7.319053857482819581e+01
1.195563053207824709e+02 7.368629490980092100e+01
1.205783355572906999e+02 7.419636872267436445e+01
1.215941320303459889e+02 7.472126285625060405e+01
1.226040301651625555e+02 7.526014762995733065e+01
1.236083851709529995e+02 7.581214585874252521e+01
1.246076296228815750e+02 7.637620721309828298e+01
1.256025601410338197e+02 7.695046663354102634e+01
1.265940803261408547e+02 7.753281963865450166e+01
1.275830935780839752e+02 7.812116383617956217e+01
1.285704919090681528e+02 7.871350905032396383e+01
1.295571505077928975e+02 7.930803088752176677e+01
1.305439432083364579e+02 7.990291830291840824e+01
1.315316836886773899e+02 8.049652547068430408e+01
1.325206736833698358e+02 8.108861262013753901e+01
1.335109561833944554e+02 8.167965062110017982e+01
1.345025712799444193e+02 8.227011799022704963e+01
1.354952306297562075e+02 8.286127971202995468e+01
1.364878303975391418e+02 8.345635354501825987e+01
1.374791423327221480e+02 8.405885517204207247e+01
1.384679494785719385e+02 8.467223913488552967e+01
1.394532276431061177e+02 8.529891641135228042e+01
1.404341142102472588e+02 8.594042326126083253e+01
1.414097515590113403e+02 8.659826890266263888e+01
1.423793126472168353e+02 8.727341844516728031e+01
1.433421030830511995e+02 8.796447666445425284e+01
1.442974644357301486e+02 8.866940845833138951e+01
1.452447274651695466e+02 8.938616147160213643e+01
1.461827435940707858e+02 9.011191883000095970e+01
1.471097050427123634e+02 9.084281226411252419e+01
1.480237560996212380e+02 9.157489705575633820e+01
1.489229542649023301e+02 9.230420412328297175e+01
1.498046811358827881e+02 9.302657464387814912e+01
1.506660013287810500e+02 9.373776081097604163e+01
1.515040096714571405e+02 9.443354242651638231e+01
1.523236283965190694e+02 9.511657040289834697e+01
1.531477823378903338e+02 9.580529882945852194e+01
1.540019179245903729e+02 9.652039532083301765e+01
1.549144234964697091e+02 9.728511644844813588e+01
1.559586634300448793e+02 9.816229884655822957e+01
1.572431204716568800e+02 9.924568421324940459e+01
1.588772098384442018e+02 1.006298348447637210e+02
