4.951818401806760761e+01 5.047793368021720539e+01
5.135960935626611246e+01 5.132645519078741358e+01
5.285206945027493219e+01 5.201401686611949771e+01
5.407761376783068386e+01 5.257888519608038536e+01
5.511829177666994894e+01 5.305932667053694018e+01
5.605444420578243125e+01 5.349281112891758028e+01
5.693405946228261172e+01 5.390172506835855870e+01
5.777621942833626179e+01 5.429497814770421371e+01
5.859898914788671220e+01 5.468100595413800846e+01
5.942043160276186597e+01 5.506824306544368852e+01
6.025450456087342843e+01 5.546311456867314860e+01
6.110246712418782522e+01 5.586582958940964971e+01
6.196313055073987641e+01 5.627539904047726793e+01
6.283530609856433102e+01 5.669083383470002957e+01
6.371780813098501994e+01 5.711114328987405031e+01
6.460949246080045327e+01 5.753531543332120890e+01
6.550924442386227042e+01 5.796232312788188068e+01
6.641594998960808027e+01 5.839113891095575326e+01
6.732849542480853700e+01 5.882073587564509154e+01
6.824585905550745224e+01 5.925025916987316776e+01
6.916724111069343905e+01 5.967926866861969160e+01
7.009187458126545778e+01 6.010738547746539240e+01
7.101899245812246875e+01 6.053423070199102796e+01
7.194785096338381436e+01 6.095945263762720145e+01
7.287793340519895935e+01 6.138296536158318872e+01
7.380885147749970088e+01 6.180483321395125529e+01
7.474021832960582401e+01 6.222512223821165378e+01
7.567164804625110719e+01 6.264389844911598004e+01
7.660285852992211630e+01 6.306122467294962064e+01
7.753376446102808472e+01 6.347715769252506846e+01
7.846430246580437995e+01 6.389175361665142816e+01
7.939440917048628421e+01 6.430506855413770495e+01
8.032401013121662459e+01 6.471720938584148541e+01
8.125294962053564518e+01 6.512865579303004893e+01
8.218103568629791766e+01 6.554005359844593670e+01
8.310807620987345956e+01 6.595204938839877684e+01
8.403387839939912851e+01 6.636529149885225820e+01
8.495821231070490853e+01 6.678052482024003211e+01
8.588079220398442715e+01 6.719863924928425547e+01
8.680132774313563004e+01 6.762053662793803710e+01
8.771952859205649133e+01 6.804711879815447162e+01
8.863513937735415027e+01 6.847919451365135046e+01
8.954810070500128916e+01 6.891705073296057549e+01
9.045842142404933384e+01 6.936079271737330032e+01
9.136611045301366119e+01 6.981052554323308357e+01
9.227117976163998492e+01 7.026634596221703077e+01
9.317374053536696010e+01 7.072808003600198390e+01
9.407402262494312595e+01 7.119523007190900898e+01
9.497226286138823070e+01 7.166727933299779352e+01
9.586869807572188051e+01 7.214371108232786867e+01
9.676356005288208451e+01 7.262401389786140271e+01
9.765705879595776651e+01 7.310769929979767312e+01
9.854939843208424577e+01 7.359428499732021578e+01
9.944078308830773949e+01 7.408328869970637243e+01
1.003314162301418122e+02 7.457422928902566639e+01
1.012214873058026683e+02 7.506665049778307264e+01
1.021111723811056606e+02 7.556011978334910850e+01
1.030006469873982269e+02 7.605420555062056565e+01
1.038900866493194712e+02 7.654847622058591128e+01
1.047796314770002368e+02 7.704258516455567474e+01
1.056693034995565625e+02 7.753646899990923202e+01
1.065591001658440433e+02 7.803012330576638078e+01
1.074490189247181746e+02 7.852354366124686180e+01
1.083390608183267858e+02 7.901671708852838094e+01
1.092292797998181868e+02 7.950950460935516162e+01
1.101197701202782753e+02 8.000167128135173300e+01
1.110106270426879433e+02 8.049297975245062275e+01
1.119019458681754315e+02 8.098319258052707426e+01
1.127938398001616491e+02 8.147203006003077519e+01
1.136864684347220162e+02 8.195910296242961124e+01
1.145799987844007433e+02 8.244400455051913923e+01
1.154745978617421542e+02 8.292632808709487335e+01
1.163704286456763271e+02 8.340567671646948611e+01
1.172676110375099370e+02 8.388175911419206443e+01
1.181662388561597652e+02 8.435434785225317000e+01
1.190664055565711976e+02 8.482321639429744664e+01
1.199682047308295978e+02 8.528813787543761293e+01
1.208717496390937356e+02 8.574883831397121980e+01
1.217771935162849104e+02 8.620494796469957066e+01
1.226846944482079209e+02 8.665608546165287862e+01
1.235944105206675374e+02 8.710186943886141364e+01
1.245065039342227067e+02 8.754190861781347621e+01
1.254211696880707052e+02 8.797573270728712203e+01
1.263386184712329339e+02 8.840283361889636637e+01
1.272590610705956777e+02 8.882270302849585164e+01
1.281827072151775724e+02 8.923483516515598524e+01
1.291096965071097316e+02 8.963889351261744309e+01
1.300400558421553967e+02 9.003481357694862197e+01
1.309738019366317019e+02 9.042255543280857921e+01
1.319109515068558380e+02 9.080207915485625847e+01
1.328514916495411740e+02 9.117341630307006994e+01
1.337952299299290360e+02 9.153703172697265700e+01
1.347419066274322859e+02 9.189355266681161538e+01
1.356912619027985443e+02 9.224360664922686226e+01
1.366430361447598898e+02 9.258782064872690398e+01
1.375969782941073163e+02 9.292680092849383300e+01
1.385528482245069313e+02 9.326112727453623563e+01
1.395104065227946535e+02 9.359137774571257751e+01
1.404694137758062311e+02 9.391813040088132425e+01
1.414296553345681957e+02 9.424190350226308510e+01
1.423910319270209470e+02 9.456293671821467228e+01
1.433534778559841811e+02 9.488138864580284348e+01
1.443169274280643037e+02 9.519741787294987034e+01
1.452813182936195062e+02 9.551117491466200704e+01
1.462466678303809715e+02 9.582261779783632960e+01
1.472130747429509370e+02 9.613150819954697113e+01
1.481806413996220044e+02 9.643759895151369221e+01
1.491494701690320426e+02 9.674064288462349737e+01
1.501196719566101763e+02 9.704037222115196926e+01
1.510913883667971049e+02 9.733644507309661265e+01
1.520647679022236218e+02 9.762850289957988537e+01
1.530399590655206623e+02 9.791618715972431630e+01
1.540171125884363335e+02 9.819913393145397151e+01
1.549964155446848793e+02 9.847689156140634736e+01
1.559780845955333461e+02 9.874893697041611063e+01
1.569623372625542856e+02 9.901474500249855737e+01
1.579493910503651364e+02 9.927379054260484281e+01
1.589394502927596022e+02 9.952558027483530623e+01
1.599326825995800618e+02 9.976970954824042792e+01
1.609292492302117239e+02 1.000057890441794655e+02
1.619293114440397687e+02 1.002334294440118185e+02
1.629330173919606750e+02 1.004522730759980220e+02
1.639403618991509575e+02 1.006623324318918407e+02
1.649512404230021616e+02 1.008638599000958038e+02
1.659655467445331567e+02 1.010571119161605367e+02
1.669831745299830175e+02 1.012423451927415385e+02
1.680039954532406909e+02 1.014198695370969858e+02
1.690278332230027729e+02 1.015901105555138884e+02
1.700545052254826999e+02 1.017535091182114968e+02
1.710838288468937662e+02 1.019105060954089481e+02
1.721156243599152162e+02 1.020615353887652361e+02
1.731497370540895417e+02 1.022069705037595213e+02
1.741860250551543459e+02 1.023471539564881994e+02
1.752243465936009557e+02 1.024824280101491780e+02
1.762645598307821615e+02 1.026131350948530070e+02
1.773065173289380141e+02 1.027396311579397548e+02
1.783500620152333340e+02 1.028622954074932636e+02
1.793950358651745489e+02 1.029815093490656182e+02
1.804412808542681432e+02 1.030976544882089172e+02
1.814886538055259280e+02 1.032110764853874940e+02
1.825371089451911075e+02 1.033218858486081189e+02
1.835866397587516587e+02 1.034300983055725141e+02
1.846372398400016550e+02 1.035357293225089279e+02
1.856889022421027562e+02 1.036387956708438480e+02
1.867415963923230322e+02 1.037393711598159172e+02
1.877952594262640957e+02 1.038376075574504966e+02
1.888498261525211888e+02 1.039336622496491458e+02
1.899052313796896385e+02 1.040276926223133103e+02
1.909614199871122082e+02 1.041198317484205518e+02
1.920183875132822209e+02 1.042100903989958169e+02
1.930761453909177590e+02 1.042984409730281072e+02
1.941347050583750615e+02 1.043848558558952107e+02
1.951940795974193179e+02 1.044693034654313806e+02
1.962543264581509277e+02 1.045516451047560764e+02
1.973155514484353432e+02 1.046316253309298645e+02
1.983778628192881399e+02 1.047089828027234830e+02
1.994413688216546063e+02 1.047834561790772767e+02
2.005061084380105854e+02 1.048549513478232882e+02
2.015718518875187613e+02 1.049240230488831571e+02
2.026383042142037709e+02 1.049913833688932385e+02
2.037051704620902512e+02 1.050577443944898874e+02
2.047721621570345576e+02 1.051238025637905906e+02
2.058391083085845708e+02 1.051899706843056066e+02
2.069059401479218252e+02 1.052564147787926885e+02
2.079725923171060913e+02 1.053232926354236412e+02
2.090389995391428215e+02 1.053907618469506957e+02
2.101052151436473991e+02 1.054586936644158754e+02
2.111716485702255284e+02 1.055260996132231242e+02
2.122387758151556341e+02 1.055918305367410142e+02
2.133070728747162548e+02 1.056547372783381036e+02
2.143770013887485675e+02 1.057137053408808214e+02
2.154488385747828261e+02 1.057680654619818341e+02
2.165227337787187025e+02 1.058174570886106949e+02
2.175988337777752974e+02 1.058615258690788465e+02
2.186772850125585137e+02 1.058999182643536869e+02
2.197581440078543551e+02 1.059324978114225360e+02
2.208412566917877200e+02 1.059596364726515247e+02
2.219264388831501265e+02 1.059817789007777549e+02
2.230135064007327514e+02 1.059993697485382711e+02
2.241022733973894958e+02 1.060128576906024733e+02
2.251925382980082873e+02 1.060227293723384747e+02
2.262840908774090565e+02 1.060294923222423336e+02
2.273767208207036106e+02 1.060336542853851256e+02
2.284702180714695601e+02 1.060357223828464583e+02
2.295643986660206224e+02 1.060361407422711579e+02
2.306591267443943138e+02 1.060352373586466967e+02
2.317542716306021191e+02 1.060333277117411797e+02
2.328497026486555797e+02 1.060307272813228394e+02
2.339452961126648916e+02 1.060277346715675435e+02
2.350409780239417046e+02 1.060245285311310113e+02
2.361366959041074836e+02 1.060212355540438267e+02
2.372323973612259351e+02 1.060179822256450706e+02
2.383280303404972642e+02 1.060148942173557600e+02
2.394235601473253894e+02 1.060120552893526877e+02
2.405189774644008480e+02 1.060094879356189210e+02
2.416142749877772076e+02 1.060072097894485239e+02
2.427094454135079502e+02 1.060052384841354893e+02
2.438044834300982586e+02 1.060035868427697210e+02
2.448993945529973075e+02 1.060022415498816741e+02
2.459941879576873589e+02 1.060011804538995364e+02
2.470888728225251043e+02 1.060003813963119512e+02
2.481834583564816512e+02 1.059998221446974469e+02
2.492779547110099827e+02 1.059994781912817245e+02
2.503723731352390587e+02 1.059993223782650489e+02
2.514667249401774711e+02 1.059993273984568134e+02
2.525610214368339825e+02 1.059994659446665111e+02
2.536552738589177238e+02 1.059997108963211048e+02
2.547494931164845298e+02 1.060000359142164825e+02
2.558436900348956726e+02 1.060004148636193548e+02
2.569378754395119131e+02 1.060008216097971143e+02
2.580320602202948521e+02 1.060012298620582385e+02
2.591262565749580062e+02 1.060016101725178572e+02
2.602204779170880897e+02 1.060019301579157371e+02
2.613147377064651664e+02 1.060021573234697740e+02
2.624090494031494245e+02 1.060022591737220381e+02
2.635034274246492032e+02 1.060022009017308875e+02
2.645978892862439125e+02 1.060019402218720757e+02
2.656924531285714011e+02 1.060014333387734951e+02
2.667871370922695746e+02 1.060006364570629103e+02
2.678819592227649764e+02 1.059995060112278082e+02
2.689769362180543339e+02 1.059980016887367356e+02
2.700720837770024900e+02 1.059960855891730915e+02
2.711674175748822222e+02 1.059937198690774380e+02
2.722629532688778795e+02 1.059908667286588866e+02
2.733586993921435351e+02 1.059875055670539439e+02
2.744546465451136896e+02 1.059836590768055089e+02
2.755507825508508972e+02 1.059793566556234907e+02
2.766470952324181098e+02 1.059746277012177984e+02
2.777435680803345122e+02 1.059695120709820344e+02
2.788401399369330989e+02 1.059641574125552097e+02
2.799367233405630486e+02 1.059587748770025257e+02
2.810332304909936738e+02 1.059535764327941507e+02
2.821295732754296637e+02 1.059487748029973773e+02
2.832256232676593299e+02 1.059446800358710732e+02
2.843211723687177255e+02 1.059417945267054080e+02
2.854160031304394352e+02 1.059406432417562343e+02
2.865098981046589870e+02 1.059417511472795184e+02
2.876026293564275420e+02 1.059456685268671805e+02
2.886938880762058375e+02 1.059531409126578012e+02
2.897833278439180731e+02 1.059650046366631955e+02
2.908706020308493976e+02 1.059820965345938220e+02
2.919553643108378083e+02 1.060052527117346841e+02
2.930372869611593387e+02 1.060352643607401149e+02
2.941160713563618856e+02 1.060728524273025073e+02
2.951914214048517806e+02 1.061187317398443923e+02
2.962630410150352986e+02 1.061736171267882867e+02
2.973306776292658355e+02 1.062381183163154788e+02
2.983943344089290122e+02 1.063122276762729541e+02
2.994541075862508137e+02 1.063957128816308568e+02
3.005100935271357798e+02 1.064883412846301383e+02
3.015623882003679910e+02 1.065898811962436810e+02
3.026110735211630072e+02 1.067001348556740368e+02
3.036562139115156924e+02 1.068189467343886037e+02
3.046978726980159990e+02 1.069461639483891275e+02
3.057361132072536520e+02 1.070816336136772975e+02
3.067709908114966311e+02 1.072252220497015145e+02
3.078025249393213585e+02 1.073768823517212354e+02
3.088307248714064599e+02 1.075365921142071102e+02
3.098555998878268838e+02 1.077043289330860318e+02
3.108771595630190632e+02 1.078800696936354626e+02
3.118954201617109447e+02 1.080637751293565856e+02
3.129104045947721033e+02 1.082553899285630337e+02
3.139221360586021774e+02 1.084548580902369395e+02
3.149306377511776986e+02 1.086621236095554934e+02
3.159359517641618140e+02 1.088770848682925134e+02
3.169381861047846769e+02 1.090994811139414935e+02
3.179374631461981835e+02 1.093290169115870185e+02
3.189339052615541732e+02 1.095653968263136022e+02
3.199276331132317637e+02 1.098083295533748611e+02
3.209187405980330254e+02 1.100575884058300460e+02
3.219073003947113989e+02 1.103129979216243299e+02
3.228933845995512115e+02 1.105743840449090243e+02
3.238770653149620102e+02 1.108415727050473123e+02
3.248584184836763598e+02 1.111143805600578958e+02
3.258375304462879853e+02 1.113925991653456435e+02
3.268144892860138384e+02 1.116760158692573555e+02
3.277893830860707567e+02 1.119644180201397035e+02
3.287623021026583956e+02 1.122575877202922356e+02
3.297333610927893233e+02 1.125552479217827795e+02
3.307026902668518460e+02 1.128570842689072720e+02
3.316704200773598927e+02 1.131627818214177523e+02
3.326366807664825274e+02 1.134720261468835929e+02
3.336015668447806206e+02 1.137845890765871815e+02
3.345650970669523758e+02 1.141004253325983484e+02
3.355272805252097896e+02 1.144195129642862980e+02
3.364881263117650292e+02 1.147418300210202773e+02
3.374476320446589170e+02 1.150673822532715320e+02
3.384056991903384528e+02 1.153964075420103370e+02
3.393621812396428368e+02 1.157292595915786819e+02
3.403169313304385355e+02 1.160662929584700578e+02
3.412698024811905952e+02 1.164078624874391608e+02
3.422206388046724328e+02 1.167543445235088200e+02
3.431692695026788442e+02 1.171061514100362615e+02
3.441155223555990688e+02 1.174636989219579988e+02
3.450592251438225730e+02 1.178274028342106305e+02
3.460002100986757227e+02 1.181976681762191390e+02
3.469383377376792623e+02 1.185748316884951379e+02
3.478734796535414944e+02 1.189592033736834935e+02
3.488055074647731431e+02 1.193510931721356769e+02
3.497342936633421573e+02 1.197508089154913336e+02
3.506597466043077134e+02 1.201585718542377492e+02
3.515818223646944602e+02 1.205744880278568871e+02
3.525004803276057714e+02 1.209986554942521906e+02
3.534156798761447931e+02 1.214311723113270034e+02
3.543273810790660718e+02 1.218721348816678045e+02
3.552355473498196829e+02 1.223216315330109580e+02
3.561401431202020262e+02 1.227797481345755557e+02
3.570411328222509155e+02 1.232465705549967936e+02
3.579384816878674656e+02 1.237221827318729765e+02
3.588321754802212808e+02 1.242066190360037581e+02
3.597222217545819376e+02 1.246998612274795022e+02
3.606086291185285972e+02 1.252018885258932670e+02
3.614914061800934064e+02 1.257126801497445570e+02
3.623706190240983460e+02 1.262320765563118243e+02
3.632465500623826529e+02 1.267593959433434350e+02
3.641195325918057506e+02 1.272938336613038928e+02
3.649898999092265512e+02 1.278345850606576022e+02
3.658579913700436919e+02 1.283808308652528467e+02
3.667242515303198616e+02 1.289314978219097156e+02
3.675892140810098567e+02 1.294852974866515467e+02
3.684534155307651986e+02 1.300409346129745813e+02
3.693173923264013752e+02 1.305971141036608856e+02
3.701816119861478001e+02 1.311527072697733445e+02
3.710463411286478959e+02 1.317070704367442318e+02
3.719118099706878979e+02 1.322596478118375103e+02
3.727782487290546669e+02 1.328098836023172566e+02
3.736458799411915948e+02 1.333572405550310975e+02
3.745148311593210906e+02 1.339014107315573483e+02
3.753851658283824690e+02 1.344422409622290502e+02
3.762569461903819956e+02 1.349795809815181258e+02
3.771302342955683571e+02 1.355132809868398454e+02
3.780050476082959676e+02 1.360432988154574900e+02
3.788813021111911326e+02 1.365698373031468122e+02
3.797588997395732235e+02 1.370931331988763588e+02
3.806377424287612143e+02 1.376134232516143925e+02
3.815177289380889079e+02 1.381309518778434438e+02
3.823987290580191711e+02 1.386460334311499878e+02
3.832805970817401544e+02 1.391590196788841070e+02
3.841631871559586102e+02 1.396702627420355611e+02
3.850463533476645921e+02 1.401801149340458608e+02
3.859299423751029394e+02 1.406889463098101487e+02
3.868137877778634106e+02 1.411971587403355386e+02
3.876977217236324691e+02 1.417051574086984829e+02
3.885815763800968057e+02 1.422133474979754624e+02
3.894651909059050467e+02 1.427221173135662298e+02
3.903484525766903062e+02 1.432317389961894776e+02
3.912312689192440303e+02 1.437424357959383201e+02
3.921135475308597051e+02 1.442544307927012994e+02
3.929951959651518791e+02 1.447679471718153366e+02
3.938761196726011917e+02 1.452832131960292656e+02
3.947562211109956252e+02 1.458004643530866815e+02
3.956354025095645852e+02 1.463199366825204493e+02
3.965135660975373639e+02 1.468418662238633488e+02
3.973906560305992457e+02 1.473663877972883824e+02
3.982668373494836374e+02 1.478931029595989060e+02
3.991423475758678592e+02 1.484214382832233809e+02
4.000174242740620230e+02 1.489508202376649990e+02
4.008923146482556490e+02 1.494806520196953556e+02
4.017675472323965096e+02 1.500096576358523919e+02
4.026439696309112719e+02 1.505357907882645918e+02
4.035224466737669218e+02 1.510569635929209085e+02
4.044038431909303881e+02 1.515710881658102664e+02
4.052890170424869893e+02 1.520760934496250059e+02
4.061787977811802648e+02 1.525699767267084326e+02
4.070740077743271286e+02 1.530507526264753722e+02
4.079754693892442674e+02 1.535164357783431797e+02
4.088839930361624511e+02 1.539650696786829940e+02
4.098001576763648472e+02 1.543952565909834220e+02
4.107243327128469446e+02 1.548061046971298822e+02
4.116568799832034529e+02 1.551967404434975606e+02
4.125981612721869283e+02 1.555662904040348167e+02
4.135484139056848676e+02 1.559141816229815163e+02
4.145074844224355957e+02 1.562407845882530069e+02
4.154751428614845850e+02 1.565466544743683528e+02
4.164511592618771942e+02 1.568323464558469595e+02
4.174352864820790501e+02 1.570984571848032942e+02
4.184270435701146198e+02 1.573461477817917000e+02
4.194257807877703499e+02 1.575769868534629836e+02
4.204308446555751857e+02 1.577925520386648941e+02
4.214415816187877226e+02 1.579944211579635862e+02
4.224573129399226445e+02 1.581842328284995176e+02
4.234772982986801253e+02 1.583637743416034027e+02
4.245007881360230613e+02 1.585348552929116295e+02
4.255270328929139509e+02 1.586992852780603869e+02
4.265552874880866625e+02 1.588588630823952030e+02
4.275848513842284433e+02 1.590152799526913441e+02
4.286150495762836954e+02 1.591701654954303251e+02
4.296452073614020151e+02 1.593251485875054527e+02
4.306746507889171198e+02 1.594818562898781522e+02
4.317027935780131429e+02 1.596417040097755091e+02
4.327292179459907970e+02 1.598057003640041387e+02
4.337535252247798780e+02 1.599748078225750874e+02
4.347753167463104091e+02 1.601499888554995437e+02
4.357942192226233828e+02 1.603321446597838076e+02
4.368100487859279610e+02 1.605217191317248080e+02
4.378227071945927378e+02 1.607189494477960636e+02
4.388320966267209542e+02 1.609240717711427635e+02
4.398381205442466921e+02 1.611373191654674883e+02
4.408407558145490839e+02 1.613587474779912725e+02
4.418400910469524092e+02 1.615881427869240383e+02
4.428362242288501420e+02 1.618252685298068627e+02
4.438292533476355857e+02 1.620698881441805952e+02
4.448192799623924429e+02 1.623217564447643326e+02
4.458064259670937872e+02 1.625805791535154299e+02
4.467908204419995855e+02 1.628460446431628839e+02
4.477725924756191489e+02 1.631178412665200881e+02
4.487518726825890667e+02 1.633956536920028668e+02
4.497288427040516581e+02 1.636790433991510554e+02
4.507037460276819729e+02 1.639674225567727319e+02
4.516768298564076645e+02 1.642601943642638389e+02
4.526483413931561017e+02 1.645567620210203188e+02
4.536185024583793961e+02 1.648565900051064261e+02
4.545874236232898511e+02 1.651594113737956775e+02
4.555551849887717140e+02 1.654650327461829704e+02
4.565218666549221780e+02 1.657732607432626537e+02
4.574875466133377131e+02 1.660839070764117480e+02
4.584522571321290343e+02 1.663968938434850600e+02
4.594159862448978515e+02 1.667122499341040793e+02
4.603787201746416713e+02 1.670300086090832679e+02
4.613404451540527020e+02 1.673502031058320654e+02
4.623012129227631135e+02 1.676727085140013287e+02
4.632612969553337052e+02 1.679968646077161338e+02
4.642210175961317304e+02 1.683218980073687590e+02
4.651806951895233624e+02 1.686470353333511980e+02
4.661406486365396518e+02 1.689715066905719709e+02
4.671011751545460129e+02 1.692945945328357880e+02
4.680625552241349396e+02 1.696156217200156959e+02
4.690250688927838496e+02 1.699339121576138609e+02
4.699889961163869998e+02 1.702487899722352154e+02
4.709545696955371454e+02 1.705596931334654300e+02
4.719218984363690197e+02 1.708663589600289754e+02
4.728910710075920178e+02 1.711685733867010981e+02
4.738621760779155352e+02 1.714661223482569881e+02
4.748352930339465843e+02 1.717588141884650383e+02
4.758104003334257754e+02 1.720467009151033722e+02
4.767874144848739206e+02 1.723299840947022972e+02
4.777662510976863928e+02 1.726088674644737182e+02
4.787468259786124918e+02 1.728835542851752507e+02
4.797290848390668998e+02 1.731541756214032830e+02
4.807130350305922093e+02 1.734207137254994109e+02
4.816986915104322406e+02 1.736831324880382112e+02
4.826860692358319511e+02 1.739413957995944884e+02
4.836751847499957080e+02 1.741954637218685207e+02
4.846660674494874002e+02 1.744452652855921428e+02
4.856587529666681462e+02 1.746907144668445255e+02
4.866532769750522220e+02 1.749317251423524908e+02
4.876496739394812607e+02 1.751682141068315843e+02
4.886478950479444734e+02 1.754002992028056838e+02
4.896477558121735001e+02 1.756284258237728295e+02
4.906490592661920118e+02 1.758530694870379705e+02
4.916516084440235090e+02 1.760747057099060555e+02
4.926552179360928676e+02 1.762937821098855409e+02
4.936597734903681385e+02 1.765105745138948805e+02
4.946651879161507281e+02 1.767252934166022271e+02
4.956713740752990134e+02 1.769381491857890865e+02
4.966782473619875873e+02 1.771493460756524314e+02
4.976858210261963222e+02 1.773588520941950719e+02
4.986942350969690096e+02 1.775663291758985167e+02
4.997036380421836270e+02 1.777714188819763592e+02
5.007141783297183792e+02 1.779737627736422496e+02
5.017259782081374624e+02 1.781730657107119953e+02
5.027390358858564809e+02 1.783693320104187308e+02
5.037533129262270108e+02 1.785626544584162900e+02
5.047687708871775953e+02 1.787531258534516496e+02
5.057853684806259480e+02 1.789408458651967919e+02
5.068029948881488735e+02 1.791260820255599242e+02
5.078214674205265169e+02 1.793092753790870972e+02
5.088406000742749598e+02 1.794908749717176590e+02
5.098602068467728259e+02 1.796713298473114264e+02
5.108801350984533656e+02 1.798510085069098920e+02
5.119003540005344348e+02 1.800299853842517450e+02
5.129208605164162691e+02 1.802082678190782872e+02
5.139416516094996723e+02 1.803858631511308772e+02
5.149627242201162289e+02 1.805627787770164048e+02
5.159840749045761186e+02 1.807390230399622055e+02
5.170056999023515800e+02 1.809146050642048635e+02
5.180275954434393952e+02 1.810895339973401406e+02
5.190497577610963162e+02 1.812638189791075547e+02
5.200721859291439841e+02 1.814374623054527262e+02
5.210948870592893627e+02 1.816104469065759588e+02
5.221178696750419022e+02 1.817827523112113113e+02
5.231411422999108254e+02 1.819543580480926721e+02
5.241647147918728251e+02 1.821252404269154681e+02
5.251886129093990121e+02 1.822953374017550061e+02
5.262128728563035338e+02 1.824645617301381435e+02
5.272375310190850541e+02 1.826328257289145540e+02
5.282626237865292751e+02 1.828000417093635406e+02
5.292881880139665327e+02 1.829661208464224273e+02
5.303142615888058344e+02 1.831309718012393262e+02
5.313408825367420150e+02 1.832945028981436622e+02
5.323680888834710458e+02 1.834566224614648888e+02
5.333959151357546489e+02 1.836172472913745821e+02
5.344243647804668171e+02 1.837763689037714698e+02
5.354534251647812653e+02 1.839340176892716840e+02
5.364830834973984111e+02 1.840902243720259719e+02
5.375133272966018012e+02 1.842450189259297701e+02
5.385441702363245895e+02 1.843983679384974721e+02
5.395756716220325870e+02 1.845501274124231941e+02
5.406078953462910022e+02 1.847001422338868224e+02
5.416409053016649295e+02 1.848482572890680729e+02
5.426747711480080625e+02 1.849943034286708325e+02
5.437096009882823182e+02 1.851380179468857818e+02
5.447455186457939362e+02 1.852790998803186255e+02
5.457826479908354713e+02 1.854172481512246691e+02
5.468211129292626538e+02 1.855521615867015157e+02
5.478610389712985125e+02 1.856835347208151461e+02
5.489025538496121044e+02 1.858110561407274588e+02
5.499457854601785129e+02 1.859344139966169962e+02
5.509908616989732764e+02 1.860532964386622723e+02
5.520379240287808216e+02 1.861673589427892921e+02
5.530871832163834370e+02 1.862760900734302254e+02
5.541388721006723017e+02 1.863789252366287315e+02
5.551932235299111653e+02 1.864752998158587616e+02
5.562504687426894634e+02 1.865646531688674088e+02
5.573107943903555679e+02 1.866465347390368379e+02
5.583743378793886905e+02 1.867206155550351241e+02
5.594412340721871715e+02 1.867865729268535233e+02
5.605116178311399153e+02 1.868440841645049488e+02
5.615855557021030791e+02 1.868929939099997171e+02
5.626628450945595432e+02 1.869338060180617163e+02
5.637432171507828116e+02 1.869671866558759916e+02
5.648264030130461606e+02 1.869938019906273894e+02
5.659121329512581724e+02 1.870143209321198583e+02
5.670001210764276038e+02 1.870294631919750827e+02
5.680900672519918544e+02 1.870399932746244929e+02
5.691816708531891891e+02 1.870466772193432803e+02
5.702746312707614607e+02 1.870502810306350057e+02
5.713686742533914185e+02 1.870515115972071385e+02
5.724636058753593488e+02 1.870508956528905173e+02
5.735592474576433233e+02 1.870489257361025466e+02
5.746554203212210723e+02 1.870460943852609148e+02
5.757519505864995608e+02 1.870428819016852344e+02
5.768487272164513797e+02 1.870396083570888948e+02
5.779456833370697950e+02 1.870364812207914724e+02
5.790427529915326659e+02 1.870337056235669593e+02
5.801398702650059249e+02 1.870314864886968849e+02
5.812369813034961226e+02 1.870299691381686671e+02
5.823340609097056131e+02 1.870291572806177385e+02
5.834310880498939014e+02 1.870290340495411954e+02
5.845280416903212881e+02 1.870295825784362194e+02
5.856248988865040701e+02 1.870307730452325075e+02
5.867216183391431059e+02 1.870324511752193928e+02
5.878181485138372864e+02 1.870343932958053017e+02
5.889144377651596187e+02 1.870363749815987262e+02
5.900104341799210488e+02 1.870381710802362534e+02
5.911060575166370654e+02 1.870394795283342546e+02
5.922011745800765539e+02 1.870398544936531664e+02
5.932956463694563354e+02 1.870388343819380168e+02
5.943893338839922080e+02 1.870359575989337486e+02
5.954820906919975414e+02 1.870307471007583615e+02
5.965737166788394461e+02 1.870226142310484931e+02
5.976639881443371678e+02 1.870109212966098937e+02
5.987526812868711659e+02 1.869950303933479461e+02
5.998395727085501221e+02 1.869743052528912415e+02
6.009244605271222781e+02 1.869481967786138910e+02
6.020071747392072439e+02 1.869162850328105776e+02
6.030875479187593555e+02 1.868781605199862668e+02
6.041654126397337450e+02 1.868334137446458953e+02
6.052406451448320013e+02 1.867817650328135812e+02
6.063133626818562334e+02 1.867236511874116900e+02
6.073837651873844834e+02 1.866597548343658275e+02
6.084520526721755687e+02 1.865907588201309579e+02
6.095184243663038615e+02 1.865173488069811469e+02
6.105830548037192784e+02 1.864402995326644259e+02
6.116460893709906941e+02 1.863604908654664314e+02
6.127076717760788824e+02 1.862788087281733738e+02
6.137679457269455270e+02 1.861961390435711792e+02
6.148269729545568225e+02 1.861132323158972497e+02
6.158844666818297355e+02 1.860302633457549462e+02
6.169400475351851583e+02 1.859472539727493086e+02
6.179933361403149092e+02 1.858642260352799838e+02
6.190439593543005685e+02 1.857812173852413764e+02
6.200916730789894018e+02 1.856985974951913363e+02
6.211363547948196810e+02 1.856170482716916581e+02
6.221778867187217656e+02 1.855372637931942279e+02
6.232161510820903914e+02 1.854599381152871160e+02
6.242510910309340488e+02 1.853856690073894811e+02
6.252828497815878563e+02 1.853147379928828684e+02
6.263116115641283841e+02 1.852473617657788054e+02
6.273375606086317475e+02 1.851837570200890468e+02
6.283609001969841756e+02 1.851240864910777191e+02
6.293821086165905854e+02 1.850677340403188680e+02
6.304018708216983669e+02 1.850134982052545070e+02
6.314208767999929250e+02 1.849601632675692997e+02
6.324398162793823985e+02 1.849065133690819493e+02
6.334592674849790228e+02 1.848512726176383580e+02
6.344795238620804412e+02 1.847930117934164400e+02
6.355008340448333684e+02 1.847302775499218228e+02
6.365234466673844054e+02 1.846616165406599350e+02
6.375475853150479679e+02 1.845856522837227942e+02
6.385732108031056669e+02 1.845018146305967548e+02
6.396001270055163559e+02 1.844100150212801736e+02
6.406281356920756025e+02 1.843101713525864227e+02
6.416570382295642503e+02 1.842022019869179701e+02
6.426865812076096063e+02 1.840860885689753275e+02
6.437164014327443056e+02 1.839619395723642015e+02
6.447461226106262302e+02 1.838298786057132475e+02
6.457753684469128075e+02 1.836900292776509787e+02
6.468037848846496445e+02 1.835425513661200796e+02
6.478311922125385536e+02 1.833878882238653318e+02
6.488574929525307198e+02 1.832266169567617737e+02
6.498825901106683887e+02 1.830593154580626276e+02
6.509063884110655636e+02 1.828865634733292609e+02
6.519289022315622333e+02 1.827090589693059428e+02
6.529503198023347750e+02 1.825276873484906162e+02
6.539708447725619180e+02 1.823433506371005706e+02
6.549906807914230740e+02 1.821569508613529251e+02
6.560100544269045031e+02 1.819694137966264122e+02
6.570293289986062746e+02 1.817818069244580101e+02
6.580489183336690076e+02 1.815952500638271090e+02
6.590692363397954523e+02 1.814108631171925481e+02
6.600906943464107144e+02 1.812297581631873982e+02
6.611136097621899808e+02 1.810527622762465967e+02
6.621381815191600708e+02 1.808803430112984074e+02
6.631646009766889165e+02 1.807129449439023574e+02
6.641930594941447907e+02 1.805510126496183148e+02
6.652236494782298450e+02 1.803947466506020589e+02
6.662560093083218362e+02 1.802432276718538446e+02
6.672896472238223851e+02 1.800952154656771427e+02
6.683240714532778384e+02 1.799494697575998430e+02
6.693587921231373912e+02 1.798047550685255658e+02
6.703933635363221129e+02 1.796599475386803135e+02
6.714273844656883057e+02 1.795140356691028671e+02
6.724604556406914071e+02 1.793660129045082954e+02
6.734921777941273149e+02 1.792148726979071967e+02
6.745222078738938762e+02 1.790597480531012593e+02
6.755504019408692784e+02 1.789002662605470277e+02
6.765766601195423391e+02 1.787361639961076492e+02
6.776008825344016486e+02 1.785671779356461570e+02
6.786229762361507483e+02 1.783930619843295347e+02
6.796429588846607430e+02 1.782138451931242287e+02
6.806609370001397110e+02 1.780297776574965951e+02
6.816770196137784978e+02 1.778411157191110021e+02
6.826913157787780619e+02 1.776481157752920410e+02
6.837039498711772012e+02 1.774510729753341707e+02
6.847150883676528110e+02 1.772503889424417878e+02
6.857249049121489861e+02 1.770464834260791065e+02
6.867335731486114128e+02 1.768397761757100284e+02
6.877412681039425024e+02 1.766306903838375320e+02
6.887481806860915867e+02 1.764196887807024723e+02
6.897545119566075300e+02 1.762072593751314002e+02
6.907604631421702379e+02 1.759938905870626513e+02
6.917662352098521978e+02 1.757800702093693417e+02
6.927719823284752465e+02 1.755661729961660456e+02
6.937777580357649185e+02 1.753523306323593260e+02
6.947836028208931793e+02 1.751386432847474453e+02
6.957895571730318807e+02 1.749252111201288358e+02
6.967956481830283337e+02 1.747121019291136292e+02
6.978017887628377594e+02 1.744991075963661160e+02
6.988078340513241073e+02 1.742858804015928627e+02
6.998136387394156372e+02 1.740720715420936244e+02
7.008190573007019566e+02 1.738573316913868609e+02
7.018239273239034901e+02 1.736412708309202344e+02
7.028280577374900986e+02 1.734234298717220497e+02
7.038312546888149654e+02 1.732033430224074664e+02
7.048333243252321836e+02 1.729805444915917576e+02
7.058340875622802741e+02 1.727546041893866970e+02
7.068334606695814273e+02 1.725253225405847957e+02
7.078313977975342368e+02 1.722925915452440506e+02
7.088278531927199992e+02 1.720563034359357175e+02
7.098227835041989238e+02 1.718163562376622338e+02
7.108162471254298680e+02 1.715728932833065983e+02
7.118084396624871033e+02 1.713263887282517715e+02
7.127995664170571217e+02 1.710773401042055752e+02
7.137898326908264153e+02 1.708262449428759737e+02
7.147794691216763567e+02 1.705736613115952025e+02
7.157688318527727915e+02 1.703204471467550718e+02
7.167583158179936618e+02 1.700675530671728097e+02
7.177483159625612643e+02 1.698159297187700645e+02
7.187392249060129643e+02 1.695665219276942537e+02
7.197313740532904376e+02 1.693201213371509084e+02
7.207250289689327474e+02 1.690773548318225892e+02
7.217204519650941847e+02 1.688388411576490284e+02
7.227179053537527125e+02 1.686051990601330033e+02
7.237175991982217056e+02 1.683769177631432967e+02
7.247195438978019411e+02 1.681539915341871279e+02
7.257237021652055091e+02 1.679362964282775579e+02
7.267300367131433632e+02 1.677237085004278754e+02
7.277385057500865742e+02 1.675160924018866808e+02
7.287489875843327809e+02 1.673131104939459419e+02
7.297612919206549122e+02 1.671142514486081154e+02
7.307752262353842525e+02 1.669189982959424015e+02
7.317905980231408876e+02 1.667268341117973591e+02
7.328072380657099529e+02 1.665373002622539786e+02
7.338250460319204649e+02 1.663501105449322210e+02
7.348439342676867909e+02 1.661650104895343532e+02
7.358638151189229575e+02 1.659817456257624713e+02
7.368846028124314671e+02 1.658000699035934531e+02
7.379062352825279731e+02 1.656198434057322402e+02
7.389286666814678028e+02 1.654409988186216651e+02
7.399518514764592965e+02 1.652634702386723973e+02
7.409757441449792168e+02 1.650871920397360952e+02
7.420003017209774043e+02 1.649121676658240858e+02
7.430254871409183579e+02 1.647385600336976097e+02
7.440512641716454709e+02 1.645665544950761330e+02
7.450775965800016820e+02 1.643963364016790365e+02
7.461044605317989635e+02 1.642281450992668965e+02
7.471319472467860123e+02 1.640627209612959518e+02
7.481602103530171917e+02 1.639010761319380549e+02
7.491894040967434876e+02 1.637442254474329388e+02
7.502196820182388137e+02 1.635931832463065234e+02
7.512511295843091830e+02 1.634489158752822391e+02
7.522837084873383446e+02 1.633123024201016733e+02
7.533173673092753688e+02 1.631842127236484714e+02
7.543520546320692119e+02 1.630655166288060798e+02
7.553877061932505512e+02 1.629570388188652146e+02
7.564241678913818987e+02 1.628592881129533225e+02
7.574612472676042216e+02 1.627726384696299533e+02
7.584987517194630300e+02 1.626974633425843138e+02
7.595364881798421948e+02 1.626341221385097242e+02
7.605742404503239413e+02 1.625822749897949677e+02
7.616117589714692713e+02 1.625405735034611894e+02
7.626487915868355003e+02 1.625075907774215409e+02
7.636850861399800579e+02 1.624818999095893162e+02
7.647204083869470423e+02 1.624618229258401527e+02
7.657546199241448903e+02 1.624443384967261181e+02
7.667876142687383663e+02 1.624259778725483159e+02
7.678192849596780434e+02 1.624032719982569972e+02
7.688495270249279656e+02 1.623727838639658216e+02
7.698782801171594201e+02 1.623320368308202433e+02
7.709055351763809085e+02 1.622796580178587078e+02
7.719312859722340363e+02 1.622143354408491120e+02
7.729555262743615458e+02 1.621347571155593812e+02
7.739782528360353808e+02 1.620399368518849883e+02
7.749994747141495282e+02 1.619302319399516819e+02
7.760192041366149169e+02 1.618063459255471912e+02
7.770374533313454322e+02 1.616689823548106517e+02
7.780542371706076210e+02 1.615188599650265928e+02
7.790696228668658705e+02 1.613569981749233193e+02
7.800837256548094274e+02 1.611846922789838175e+02
7.810966625478769174e+02 1.610032477901666255e+02
7.821085505661452544e+02 1.608139702146204399e+02
7.831195254427710779e+02 1.606181458607327386e+02
7.841297825545093474e+02 1.604169998484851476e+02
7.851395291349192576e+02 1.602117451339568959e+02
7.861489724175592073e+02 1.600035946732268712e+02
7.871583225006155544e+02 1.597937530787594369e+02
7.881678292344720376e+02 1.595833091793916765e+02
7.891777715538325992e+02 1.593732670919602583e+02
7.901884290589388229e+02 1.591646289948340041e+02
7.912000812157303926e+02 1.589583965637031326e+02
7.922129588079163796e+02 1.587553892606222234e+02
7.932271718372938949e+02 1.585559744707698542e+02
7.942428118944638982e+02 1.583604506677106656e+02
7.952599705700265531e+02 1.581691163250095826e+02
7.962787229884720546e+02 1.579822237007420540e+02
7.972989775629660016e+02 1.577995571437389515e+02
7.983205458277757316e+02 1.576206290924924360e+02
7.993432381208945117e+02 1.574449486279088717e+02
8.003668644979456985e+02 1.572720240966316965e+02
8.013912004139017426e+02 1.571012738710596466e+02
8.024159538894413117e+02 1.569319409699644723e+02
8.034408251646186727e+02 1.567632481796743207e+02
8.044655144794887747e+02 1.565944182865173389e+02
8.054897589955254489e+02 1.564247644921572373e+02
8.065135759766305910e+02 1.562542859295100754e+02
8.075371111154793198e+02 1.560832962354006668e+02
8.085605107750257048e+02 1.559121106880743355e+02
8.095839216947103978e+02 1.557410455997703593e+02
8.106075129303463882e+02 1.555704785732051505e+02
8.116314879721849138e+02 1.554008817830592193e+02
8.126560532544292528e+02 1.552327354893849645e+02
8.136814152112822285e+02 1.550665199522351259e+02
8.147077518252306163e+02 1.549026482894985861e+02
8.157350765458149908e+02 1.547411453437831597e+02
8.167633438138261681e+02 1.545818967051091590e+02
8.177925079940923752e+02 1.544247877842342120e+02
8.188225204876132466e+02 1.542696969116292109e+02
8.198532307636461383e+02 1.541162589131313609e+02
8.208843630901528741e+02 1.539638095213362590e+02
8.219156340555906581e+02 1.538116661232742217e+02
8.229467602484147619e+02 1.536591461059755090e+02
8.239775212865952199e+02 1.535057192128989527e+02
8.250079772883027545e+02 1.533515332192133087e+02
8.260382663732993933e+02 1.531969244473759773e+02
8.270685266644994726e+02 1.530422292274633662e+02
8.280988970140062975e+02 1.528877856331424709e+02
8.291295324605255246e+02 1.527339704424315983e+02
8.301606039110138227e+02 1.525811983764818365e+02
8.311922829379393534e+02 1.524298857477721754e+02
8.322247411065405913e+02 1.522804488513010028e+02
8.332580858794374308e+02 1.521331490023946458e+02
8.342922044366337104e+02 1.519877149433123122e+02
8.353269366772645981e+02 1.518437611062618657e+02
8.363621225004656026e+02 1.517009019234513971e+02
8.373976094625984388e+02 1.515587702829020600e+02
8.384333625051490344e+02 1.514172819998457271e+02
8.394694383921547569e+02 1.512765742045967272e+02
8.405058963354972548e+02 1.511367899273816136e+02
8.415427955422940158e+02 1.509980721866967315e+02
8.425801925179218870e+02 1.508605573496905947e+02
8.436181365589986854e+02 1.507243640364425232e+02
8.446566757728218136e+02 1.505896079390709588e+02
8.456958582666875373e+02 1.504564047496940589e+02
8.467357154510541477e+02 1.503248298363974129e+02
8.477760938697363144e+02 1.501945121013947926e+02
8.488167250409064764e+02 1.500648026519311884e+02
8.498573387475698837e+02 1.499350484047001544e+02
8.508976652428829084e+02 1.498045974116456307e+02
8.519375101551669331e+02 1.496729797292614137e+02
8.529768366800162767e+02 1.495401058836634434e+02
8.540156277806319167e+02 1.494059341327952950e+02
8.550538664202155132e+02 1.492704227346006292e+02
8.560915524185331833e+02 1.491335707135273765e+02
8.571288245055523021e+02 1.489957130392854481e+02
8.581658897567616577e+02 1.488573499707754024e+02
8.592029557242044575e+02 1.487189829194115589e+02
8.602402279586124223e+02 1.485811084772018660e+02
8.612777685956094729e+02 1.484438778747374954e+02
8.623154029067094370e+02 1.483068719443760415e+02
8.633529339844317292e+02 1.481696181086970796e+02
8.643901649212956499e+02 1.480316437902799578e+02
8.654268960669940043e+02 1.478924702322515259e+02
8.664629106138602310e+02 1.477515800230617913e+02
8.674979851334371688e+02 1.476084408348476984e+02
8.685318961831598017e+02 1.474625203079618245e+02
8.695644237864352135e+02 1.473132944924225853e+02
8.705954859963345598e+02 1.471605743466993204e+02
8.716251820982224672e+02 1.470046105624665529e+02
8.726536236853117998e+02 1.468456836945629504e+02
8.736809223508162177e+02 1.466840742978268963e+02
8.747071408991333783e+02 1.465199449342993887e+02
8.757321077582706721e+02 1.463528913408940468e+02
8.767555810627624169e+02 1.461823392540107704e+02
8.777773189338264501e+02 1.460077143778473783e+02
8.787970762268689668e+02 1.458284342121791610e+02
8.798145260254615323e+02 1.456437108283938358e+02
8.808292557618721048e+02 1.454525411234268688e+02
8.818408488261372895e+02 1.452539118392653563e+02
8.828488886089171501e+02 1.450468097192738810e+02
8.838529995234838452e+02 1.448303123358253401e+02
8.848529580517672457e+02 1.446038339596215678e+02
8.858485759046092198e+02 1.443668668624227962e+02
8.868396647928532275e+02 1.441189033159893427e+02
8.878260510513833879e+02 1.438594686210858526e+02
8.888078096252725118e+02 1.435886495748661957e+02
8.897852233217896583e+02 1.433070024398520843e+02
8.907585813406957413e+02 1.430150979162712304e+02
8.917281729248124975e+02 1.427135067907531720e+02
8.926943296213426038e+02 1.424028847332967587e+02
8.936575044665200949e+02 1.420841311805830287e+02
8.946181721702184859e+02 1.417581890572569989e+02
8.955768074423091321e+02 1.414260012879637429e+02
8.965338789935003661e+02 1.410884970248333161e+02
8.974897827090646842e+02 1.407464382318297282e+02
8.984448659824390688e+02 1.404004755483321674e+02
8.993994753283445789e+02 1.400512575964183952e+02
9.003539567791099216e+02 1.396994322036297262e+02
9.013085514053738052e+02 1.393454743175814770e+02
9.022632647570454765e+02 1.389894709652498364e+02
9.032180703082385662e+02 1.386314563423239576e+02
9.041729415330662505e+02 1.382714646444928235e+02
9.051278314808503183e+02 1.379095333803844881e+02
9.060825100613863015e+02 1.375457297641953289e+02
9.070366505621766464e+02 1.371801366824357160e+02
9.079899254001436475e+02 1.368128371628259004e+02
9.089420050685682781e+02 1.364439147684429940e+02
9.098923903685282539e+02 1.360735002883965024e+02
9.108402819531557952e+02 1.357018080441945074e+02
9.117848497700255166e+02 1.353290609028265123e+02
9.127252637667122599e+02 1.349554817312822479e+02
9.136606364727219898e+02 1.345812969161886201e+02
9.145896915135456311e+02 1.342067566833779040e+02
9.155109911728732186e+02 1.338321211486812103e+02
9.164230972132911575e+02 1.334576504598723545e+02
9.173245709849061313e+02 1.330836046634939578e+02
9.182139546175126270e+02 1.327102390890389643e+02
9.190897632561693626e+02 1.323378024434050531e+02
9.199505100243075049e+02 1.319665429373420693e+02
9.207947080453582203e+02 1.315967087815998298e+02
9.216233411168426528e+02 1.312273963719796086e+02
9.224502101381102648e+02 1.308517268404703771e+02
9.232932595102776077e+02 1.304608896408628311e+02
9.241704357158089351e+02 1.300460732566344007e+02
9.251006710050713764e+02 1.295979168294541637e+02
9.261309208909701738e+02 1.290914428942018617e+02
9.273395046567425197e+02 1.284841958042620433e+02
9.288063981124689690e+02 1.277327967753831217e+02
9.306115770682299626e+02 1.267938670233131973e+02
