9.847607223177074331e+01 4.172513001071505556e+01
9.779063479657972380e+01 4.373407004756774086e+01
9.727397129597322589e+01 4.525159982035081896e+01
9.687013556214688492e+01 4.644100276458458865e+01
9.652486683762199959e+01 4.746065447039666196e+01
9.620789921845553749e+01 4.839905850352589312e+01
9.590683148776801659e+01 4.929269719739387057e+01
9.560971191074055753e+01 5.017674309409550659e+01
9.530829666814298662e+01 5.107542751105818724e+01
9.500205018100822940e+01 5.199023648295127487e+01
9.469139760265738914e+01 5.291982113961491052e+01
9.437677537431163444e+01 5.386280090181541169e+01
9.405869388066479075e+01 5.481758747417956101e+01
9.373769327054510825e+01 5.578250895028860867e+01
9.341431186419480071e+01 5.675589895410445251e+01
9.308903192584722319e+01 5.773626013064222207e+01
9.276227196526829744e+01 5.872228735849600412e+01
9.243444702558035431e+01 5.971268596417827013e+01
9.210593029927085240e+01 6.070626497400483146e+01
9.177695645552326198e+01 6.170217665494796933e+01
9.144773154190758646e+01 6.269964419418696622e+01
9.111844982425742501e+01 6.369791108413510727e+01
9.078917316971669038e+01 6.469644899973334873e+01
9.045988014529760335e+01 6.569487317953814909e+01
9.013054709436771361e+01 6.669280190685121568e+01
8.980107160052513393e+01 6.768992232055295233e+01
8.947121361561610797e+01 6.868604188382099096e+01
8.914071922697289097e+01 6.968098018085798628e+01
8.880930870589337189e+01 7.067456266195945602e+01
8.847656328920736257e+01 7.166664636976726399e+01
8.814201761480987329e+01 7.265709893544641318e+01
8.780520378445919505e+01 7.364578771253646039e+01
8.746559998059069585e+01 7.463257390708247385e+01
8.712263241158703408e+01 7.561731279942083006e+01
8.677572523208775124e+01 7.659985944819931092e+01
8.642434407508343952e+01 7.758008234544921322e+01
8.606806858558152840e+01 7.855788690769684024e+01
8.570649782670585637e+01 7.953318484031544244e+01
8.533926144063580921e+01 8.050589854394873157e+01
8.496626481194456915e+01 8.147604686235817439e+01
8.458755947405785491e+01 8.244369975604078604e+01
8.420319981130326426e+01 8.340892809389524132e+01
8.381331982075388964e+01 8.437182592107868118e+01
8.341817087705246081e+01 8.533252145281572609e+01
8.301801377936972415e+01 8.629114564792811848e+01
8.261314352298532526e+01 8.724784115281514119e+01
8.220400713896700040e+01 8.820280257680779812e+01
8.179109389592377966e+01 8.915623896522274094e+01
8.137488882536264612e+01 9.010835734692614096e+01
8.095580750827113548e+01 9.105933170270998289e+01
8.053420880248096125e+01 9.200930902161636027e+01
8.011045041091077223e+01 9.295843570890619390e+01
7.968501200948472274e+01 9.390690795717343065e+01
7.925865305462450294e+01 9.485503616071382282e+01
7.883217207239943036e+01 9.580314666139743451e+01
7.840636987188310059e+01 9.675156677348866197e+01
7.798206398319911159e+01 9.770063093320777625e+01
7.756007937191299106e+01 9.865067674373453599e+01
7.714123240001993054e+01 9.960203826078905820e+01
7.672603245996700139e+01 1.005549229527835706e+02
7.631460608933376477e+01 1.015093804074310953e+02
7.590705577678353677e+01 1.024654502952162289e+02
7.550339150247287989e+01 1.034231342132943325e+02
7.510328317217391714e+01 1.043822937958651664e+02
7.470632256556899620e+01 1.053427585231088273e+02
7.431208971557238385e+01 1.063043530505527201e+02
7.392001446257236807e+01 1.072668403463929252e+02
7.352942285407945633e+01 1.082299407488370946e+02
7.313963866043697237e+01 1.091933736614520711e+02
7.274996117913714500e+01 1.101568485112173761e+02
7.235964263487784365e+01 1.111200555354461272e+02
7.196792990724914318e+01 1.120826827924680913e+02
7.157407379274317805e+01 1.130444199834102648e+02
7.117734859127455138e+01 1.140049666670251156e+02
7.077703732926478608e+01 1.149640260620698768e+02
7.037242802144450593e+01 1.159213034538327918e+02
6.996293528304298093e+01 1.168765565731144136e+02
6.954810750396276831e+01 1.178295985682007938e+02
6.912749958638134729e+01 1.187802452851410209e+02
6.870083925343148223e+01 1.197283841434428808e+02
6.826838062226846660e+01 1.206741205676635644e+02
6.783047767119309412e+01 1.216176013396571705e+02
6.738751625585787508e+01 1.225589864422060771e+02
6.694020650389148841e+01 1.234985701443753356e+02
6.648944767609495443e+01 1.244367250383431127e+02
6.603614229292080040e+01 1.253738250660964013e+02
6.558125371875762255e+01 1.263102693616295085e+02
6.512584386751377963e+01 1.272464978626779128e+02
6.467098364634287577e+01 1.281829542305676455e+02
6.421773314109316289e+01 1.291200776437686955e+02
6.376709893750227565e+01 1.300582851176868360e+02
6.332007111713866720e+01 1.309979868306771209e+02
6.287762796538898158e+01 1.319395880750176389e+02
6.244052364693129675e+01 1.328834013103227107e+02
6.200931160835523315e+01 1.338296558571030914e+02
6.158453784690418331e+01 1.347785779502688399e+02
6.116660220951457916e+01 1.357303332801174918e+02
6.075553408703450486e+01 1.366849340708281488e+02
6.035130505726707639e+01 1.376423685967948813e+02
5.995388053785299576e+01 1.386026225725198628e+02
5.956317536699464199e+01 1.395656606939195683e+02
5.917907957332661084e+01 1.405314373471475733e+02
5.880148397533238125e+01 1.414999072429602620e+02
5.843032149105519579e+01 1.424710424280643224e+02
5.806558264507353329e+01 1.434448386706503982e+02
5.770726212008206346e+01 1.444212934511572541e+02
5.735544041362551582e+01 1.454004397268670914e+02
5.701054861196961099e+01 1.463824553924607699e+02
5.667310731984541405e+01 1.473675553505793516e+02
5.634362403484031034e+01 1.483559490548876454e+02
5.602241444241179380e+01 1.493477662178194123e+02
5.570964874443293269e+01 1.503430760705443276e+02
5.540549235145866191e+01 1.513419458533900865e+02
5.510991159756066082e+01 1.523443602207201479e+02
5.482245078959550710e+01 1.533501287508474888e+02
5.454260041207768950e+01 1.543590386941336874e+02
5.426984083363345945e+01 1.553708731349805703e+02
5.400358467378873684e+01 1.563853872571223746e+02
5.374321672930082627e+01 1.574023247862251083e+02
5.348812353607225845e+01 1.584214301955457813e+02
5.323774718598045297e+01 1.594424717929419160e+02
5.299159413104420224e+01 1.604652454980314644e+02
5.274917442046385219e+01 1.614895487738293696e+02
5.250999901077928200e+01 1.625151803674396831e+02
5.227358192522537195e+01 1.635419433660272261e+02
5.203943783429005521e+01 1.645696417727650100e+02
5.180709685639793349e+01 1.655980864062640308e+02
5.157626717097841862e+01 1.666271666434398071e+02
5.134677111727669541e+01 1.676568222271011734e+02
5.111843475058918784e+01 1.686869945308500860e+02
5.089125057443710176e+01 1.697176975800209107e+02
5.066550756570642022e+01 1.707490748053754999e+02
5.044152530052207339e+01 1.717812829937070376e+02
5.021962765025831033e+01 1.728144818579788193e+02
5.000016212163166074e+01 1.738488472129033937e+02
4.978348430781967693e+01 1.748845603821541204e+02
4.956995531591952187e+01 1.759218049334662339e+02
4.936005881839955123e+01 1.769608142731850080e+02
4.915439882196402266e+01 1.780018707390217116e+02
4.895358444227505146e+01 1.790452587374636266e+02
4.875826419237814946e+01 1.800912716334748040e+02
4.856919711061271983e+01 1.811402279241006568e+02
4.838716147219187746e+01 1.821924504806133314e+02
4.821292207297511823e+01 1.832482508811054345e+02
4.804711923464790857e+01 1.843078364175713659e+02
4.789032602362361501e+01 1.853713580346552590e+02
4.774311838115388440e+01 1.864389664902534776e+02
4.760626732716060161e+01 1.875108326525081281e+02
4.748083693596471022e+01 1.885871575999168499e+02
4.736791543245709590e+01 1.896681449006082119e+02
4.726849174996125669e+01 1.907539241895589157e+02
4.718310392133457043e+01 1.918442893583028308e+02
4.711216205160713599e+01 1.929389390424752548e+02
4.705605318177791219e+01 1.940375554239269320e+02
4.701477547617802344e+01 1.951395432659901985e+02
4.698800357028409991e+01 1.962440765315846534e+02
4.697540222936071075e+01 1.973503221497313973e+02
4.697663008044634125e+01 1.984574446256292219e+02
4.699133138841741442e+01 1.995646027932408515e+02
4.701914836709926249e+01 2.006709546766235803e+02
4.705969353210748096e+01 2.017756966874741522e+02
4.711235690824850053e+01 2.028783128271159342e+02
4.717642761217225456e+01 2.039784175298508728e+02
4.725118258520385695e+01 2.050756344303454739e+02
4.733546683060573201e+01 2.061699035868533372e+02
4.742757657916695280e+01 2.072615670702543298e+02
4.752577260208128962e+01 2.083509929287066882e+02
4.762845682678396031e+01 2.094385302532563458e+02
4.773456114755526869e+01 2.105244569610438248e+02
4.784314181156047141e+01 2.116090342687678003e+02
4.795328528312323613e+01 2.126925163237162906e+02
4.806447475290360671e+01 2.137750644576559296e+02
4.817647274212384900e+01 2.148567746519859725e+02
4.828904643595242163e+01 2.159377421266863166e+02
4.840181709513328201e+01 2.170181375676260416e+02
4.851411981754704073e+01 2.180982796519023736e+02
4.862525643487094840e+01 2.191785042604742841e+02
4.873464606053060066e+01 2.202590989507048107e+02
4.884242708116909171e+01 2.213400549178318215e+02
4.894901041374106399e+01 2.224212510664359002e+02
4.905480832537703151e+01 2.235025654876764065e+02
4.916025504846842864e+01 2.245838604465670301e+02
4.926580845595468361e+01 2.256649811749172159e+02
4.937192757370168295e+01 2.267457720673150163e+02
4.947903731245345682e+01 2.278260883252589224e+02
4.958745649799627131e+01 2.289058187555989434e+02
4.969748339543451721e+01 2.299848586783511735e+02
4.980948227619285973e+01 2.310630754062480605e+02
4.992450559274932687e+01 2.321400442484413702e+02
5.004401488324469938e+01 2.332151669340666160e+02
5.016947602410631646e+01 2.342878433072605446e+02
5.030227832042802305e+01 2.353575025394075908e+02
5.044368468517357229e+01 2.364236222107830372e+02
5.059494620542761112e+01 2.374856844310399140e+02
5.075736610291329498e+01 2.385431493933705553e+02
5.093251090695480343e+01 2.395953666012066208e+02
5.112203008242363467e+01 2.406416506933735491e+02
5.132755248611049126e+01 2.416813248374730279e+02
5.155030243270506674e+01 2.427138796272025729e+02
5.179113521077159987e+01 2.437389583835114877e+02
5.205089175858380202e+01 2.447562103670827014e+02
5.233002664853933794e+01 2.457654450391440832e+02
5.262799515907313719e+01 2.467668862024779628e+02
5.294409315593651399e+01 2.477608237578335491e+02
5.327752461544712048e+01 2.487475857240413575e+02
5.362672130923430558e+01 2.497278204501366190e+02
5.398972879833323191e+01 2.507023364951620010e+02
5.436458420458019702e+01 2.516719459206684064e+02
5.474906941416578121e+01 2.526375667449451896e+02
5.514061050291059729e+01 2.536002646949065991e+02
5.553660716101651218e+01 2.545611164510080187e+02
5.593445963127580001e+01 2.555211985190278483e+02
5.633157046225065301e+01 2.564815866758783613e+02
5.672534280381820793e+01 2.574433565083924691e+02
5.711322273898077384e+01 2.584075658252381800e+02
5.749330235455117588e+01 2.593750049315473234e+02
5.786417287851657676e+01 2.603462574432239194e+02
5.822444053238810824e+01 2.613219007673072269e+02
5.857308909040936840e+01 2.623023559331116985e+02
5.890991856728464171e+01 2.632877058931352963e+02
5.923483548106997887e+01 2.642779894874900606e+02
5.954785695710388893e+01 2.652731997391792333e+02
5.984975753737730031e+01 2.662730159247663551e+02
6.014162909170661919e+01 2.672769858733809087e+02
6.042458308457477045e+01 2.682846492972328178e+02
6.070031647657857832e+01 2.692953033715737092e+02
6.097121712558773510e+01 2.703079590731317694e+02
6.123971265306246892e+01 2.713216109068933974e+02
6.150810072425607444e+01 2.723353072011047971e+02
6.177823046912241267e+01 2.733482820514530545e+02
6.205185431912543947e+01 2.743598096027162114e+02
6.233066003673688726e+01 2.753691907854948226e+02
6.261557065302488212e+01 2.763760432812629801e+02
6.290700960223777827e+01 2.773801917039259024e+02
6.320538978929499052e+01 2.783814650286219603e+02
6.351093999635373422e+01 2.793797684935946677e+02
6.382355471301039529e+01 2.803751458000805883e+02
6.414309308461004377e+01 2.813676552888013589e+02
6.446939258474132828e+01 2.823573642769236471e+02
6.480216883522483329e+01 2.833443905526385151e+02
6.514109490333191843e+01 2.843288695302386486e+02
6.548584413211949595e+01 2.853109365097967043e+02
6.583609722834370359e+01 2.862907237415746522e+02
6.619154226245984773e+01 2.872683604260236621e+02
6.655186778911702561e+01 2.882439755630502987e+02
6.691691966503047695e+01 2.892176329963131707e+02
6.728699416961504198e+01 2.901892099994303180e+02
6.766246769151290152e+01 2.911585506638950278e+02
6.804373064441740837e+01 2.921254932719466524e+02
6.843130609358620120e+01 2.930898211608094357e+02
6.882579016654420911e+01 2.940512874049104539e+02
6.922777864460954333e+01 2.950096452220938090e+02
6.963780304758395800e+01 2.959646744486235548e+02
7.005629653035252602e+01 2.969161956655026984e+02
7.048368392963784856e+01 2.978640328992856325e+02
7.092027127933108943e+01 2.988080593863713261e+02
7.136581354718374826e+01 2.997483766226970943e+02
7.181990603800582562e+01 3.006851522388919307e+02
7.228211990949034771e+01 3.016185638676498115e+02
7.275160719007101306e+01 3.025489627507173509e+02
7.322716471999045496e+01 3.034768472536323429e+02
7.370757860870061506e+01 3.044027201867718873e+02
7.419178247656624592e+01 3.053270232594277331e+02
7.467906203164467627e+01 3.062500523412403481e+02
7.516875439816251969e+01 3.071720820045526352e+02
7.566025769439792725e+01 3.080933615571194082e+02
7.615343749633579762e+01 3.090139466791823111e+02
7.664837560292858143e+01 3.099338034884091257e+02
7.714515717216093549e+01 3.108528967111038810e+02
7.764395167239591444e+01 3.117711561508345426e+02
7.814503768907279380e+01 3.126884664130926126e+02
7.864870105936529399e+01 3.136047090995827489e+02
7.915517628432147035e+01 3.145197870759667467e+02
7.966450101429400377e+01 3.154336847455136308e+02
8.017666572328153052e+01 3.163464060524289607e+02
8.069166925821113523e+01 3.172579514726912180e+02
8.120962337504593620e+01 3.181682747131961264e+02
8.173072082348392087e+01 3.190772959316853417e+02
8.225515617132570867e+01 3.199849345328064487e+02
8.278313070669958051e+01 3.208911071373817094e+02
8.331485915462189951e+01 3.217957248001432617e+02
8.385055783904788029e+01 3.226986979134799753e+02
8.439042917216336548e+01 3.235999426322979957e+02
8.493458835887049929e+01 3.244994112344073756e+02
8.548311688634700545e+01 3.253970699641361648e+02
8.603610446321829386e+01 3.262928816604437543e+02
8.659386723731233815e+01 3.271867153698999005e+02
8.715696958872132427e+01 3.280783373198761410e+02
8.772598857506542913e+01 3.289675084866413499e+02
8.830153672857079528e+01 3.298539751543481202e+02
8.888433920787934994e+01 3.307374369619412278e+02
8.947514347154913139e+01 3.316175843126608243e+02
9.007467681589838548e+01 3.324941159620688040e+02
9.068345104811126589e+01 3.333668199333111488e+02
9.130184742697228728e+01 3.342355383299423011e+02
9.193024163332367493e+01 3.351001155661464850e+02
9.256872547614071323e+01 3.359605136467976081e+02
9.321691322324258522e+01 3.368168923927578362e+02
9.387437333948075491e+01 3.376694305982471747e+02
9.454061291764453756e+01 3.385183324807504732e+02
9.521482239504084077e+01 3.393639334317070393e+02
9.589609037794814128e+01 3.402066110258739400e+02
9.658352770024045242e+01 3.410467336309847042e+02
9.727669564023727844e+01 3.418844830334883227e+02
9.797557399996145477e+01 3.427198676606311096e+02
9.868015866030087579e+01 3.435528892795146021e+02
9.939054991492984925e+01 3.443835063962953882e+02
1.001071236280464518e+02 3.452115633410627424e+02
1.008303005972509681e+02 3.460368858268235499e+02
1.015604386571509394e+02 3.468593256372610085e+02
1.022973540214737227e+02 3.476789588214828655e+02
1.030405867125694783e+02 3.484959757893594201e+02
1.037896610429484383e+02 3.493105734557175310e+02
1.045434540097536029e+02 3.501232167691373434e+02
1.052999232440118504e+02 3.509347513599566355e+02
1.060569563520780036e+02 3.517460518536154268e+02
1.068122737008056475e+02 3.525580620939944652e+02
1.075628829161184115e+02 3.533720209199686906e+02
1.083056017859686335e+02 3.541892457420916571e+02
1.090372422682333706e+02 3.550110563724252302e+02
1.097545261237848706e+02 3.558388097766786018e+02
1.104541041195563196e+02 3.566738921641463662e+02
1.111326271016166487e+02 3.575176897066359629e+02
1.117871475084529749e+02 3.583714221704075840e+02
1.124156032433676273e+02 3.592359424167440238e+02
1.130160504020497854e+02 3.601120543322272169e+02
1.135867985637330548e+02 3.610004568484457081e+02
1.141279322861824994e+02 3.619011139662052301e+02
1.146402947329760451e+02 3.628136755851812723e+02
1.151247479463784771e+02 3.637377838113975486e+02
1.155826804536791030e+02 3.646728635177172464e+02
1.160161136090052167e+02 3.656180784661125927e+02
1.164271062725259469e+02 3.665725769432490324e+02
1.168175275597404124e+02 3.675355866367240765e+02
1.171885778031156065e+02 3.685066150944109040e+02
1.175413100642230120e+02 3.694852314914539875e+02
1.178767341430886688e+02 3.704710232368111633e+02
1.181953348837554927e+02 3.714637989971243428e+02
1.184972476807600117e+02 3.724635147245049893e+02
1.187826033774034613e+02 3.734701283308485245e+02
1.190517145137711310e+02 3.744835253951966365e+02
1.193052299092662736e+02 3.755034576249716451e+02
1.195438347991023420e+02 3.765296622305895085e+02
1.197682085624084891e+02 3.775618795860818864e+02
1.199789969322321355e+02 3.785998682420085970e+02
1.201768336482793273e+02 3.796433932280586987e+02
1.203623500578045196e+02 3.806922204605862134e+02
1.205361209687167161e+02 3.817461367505412682e+02
1.206986636012747169e+02 3.828049501908797652e+02
1.208504926440270992e+02 3.838684698008130454e+02
1.209921864229440729e+02 3.849364703864843023e+02
1.211245092652922324e+02 3.860086267550921661e+02
1.212482593003425251e+02 3.870845955410333090e+02
1.213641517749790495e+02 3.881640626942099175e+02
1.214720988958501238e+02 3.892469981999103084e+02
1.215715620209354881e+02 3.903335315086269475e+02
1.216619972710648057e+02 3.914237931083277999e+02
1.217428462044449446e+02 3.925178689068058020e+02
1.218135276652021730e+02 3.936157752778358940e+02
1.218734585268702943e+02 3.947175225626694441e+02
1.219221785134436686e+02 3.958230437470428456e+02
1.219598094164026350e+02 3.969319053049987360e+02
1.219866452428534558e+02 3.980435652711940975e+02
1.220029849726787177e+02 3.991574753615508371e+02
1.220092160934667618e+02 4.002729745284944443e+02
1.220058024930713430e+02 4.013893043864716219e+02
1.219932106852783704e+02 4.025057033777812308e+02
1.219719455036997999e+02 4.036214178160066126e+02
1.219426050916312363e+02 4.047357131814949298e+02
1.219058015248092346e+02 4.058478578164597934e+02
1.218622114286613396e+02 4.069571456923902701e+02
1.218130175702150382e+02 4.080630717428927028e+02
1.217596414709811938e+02 4.091652256983780944e+02
1.217035228968800453e+02 4.102632050249720237e+02
1.216467785304305949e+02 4.113568957283678174e+02
1.215924175315746396e+02 4.124465642378587518e+02
1.215435100462414084e+02 4.135325029783841160e+02
1.215030494775650709e+02 4.146150296464503526e+02
1.214737286743956020e+02 4.156945609117368576e+02
1.214581669178400603e+02 4.167715376699387662e+02
1.214588737124246052e+02 4.178463913711650548e+02
1.214768377180982526e+02 4.189194226063823407e+02
1.215119361430115248e+02 4.199908363330977181e+02
1.215640203026960080e+02 4.210608342692519273e+02
1.216328650066490269e+02 4.221294647238913740e+02
1.217180890909844777e+02 4.231964632502840686e+02
1.218192923955320879e+02 4.242615273105989218e+02
1.219361510809350193e+02 4.253243145139283001e+02
1.220688303585356778e+02 4.263842270976783766e+02
1.222176883772796145e+02 4.274405665514171915e+02
1.223830741153226711e+02 4.284926403099223080e+02
1.225650637308413309e+02 4.295399309926871183e+02
1.227634287527304906e+02 4.305821168294903600e+02
1.229779246562286517e+02 4.316188863630307537e+02
1.232082141381281843e+02 4.326500033355562778e+02
1.234536591435116577e+02 4.336754752570673759e+02
1.237135607853246171e+02 4.346953589437293886e+02
1.239871864340950083e+02 4.357097324338251951e+02
1.242734337051611817e+02 4.367189063212405244e+02
1.245709719290241253e+02 4.377233347784216448e+02
1.248784672384625196e+02 4.387234743661745142e+02
1.251945994810718332e+02 4.397198032240997918e+02
1.255180720187287022e+02 4.407128364889995282e+02
1.258475905248665185e+02 4.417030929346630614e+02
1.261818909133325519e+02 4.426910831061667864e+02
1.265198685030470926e+02 4.436772741729116092e+02
1.268604709473714394e+02 4.446621190635850098e+02
1.272026482503002427e+02 4.456460699183724046e+02
1.275453988263490146e+02 4.466295625976019892e+02
1.278877669043562548e+02 4.476130175548141210e+02
1.282287984617824179e+02 4.485968546582379304e+02
1.285675084514235493e+02 4.495815058584888675e+02
1.289028282662047786e+02 4.505674356481185328e+02
1.292336753735971797e+02 4.515551139428708893e+02
1.295589538681750241e+02 4.525450159762045814e+02
1.298774500733395314e+02 4.535376638131280060e+02
1.301878890839960832e+02 4.545336038660791473e+02
1.304889967850234314e+02 4.555333822308342064e+02
1.307795650095248163e+02 4.565375186519532349e+02
1.310584810203736481e+02 4.575464947427122411e+02
1.313246395441392167e+02 4.585607891340853826e+02
1.315770738438760077e+02 4.595808245046443972e+02
1.318154202169116616e+02 4.606067799782258021e+02
1.320394790005684342e+02 4.616387684258523905e+02
1.322490723506543873e+02 4.626768940644749932e+02
1.324443697435189051e+02 4.637211233504001484e+02
1.326258191339602490e+02 4.647713122847040950e+02
1.327938771831974805e+02 4.658273134002899383e+02
1.329491919369240236e+02 4.668889000503826878e+02
1.330928418321194044e+02 4.679556675265169474e+02
1.332259640691282812e+02 4.690271868086193194e+02
1.333495917018666717e+02 4.701030691452254473e+02
1.334640119843389812e+02 4.711832141512185785e+02
1.335691870318874237e+02 4.722676471575714459e+02
1.336650753425105336e+02 4.733563937450853132e+02
1.337515578899583204e+02 4.744494702263449994e+02
1.338284207290853089e+02 4.755468815661457143e+02
1.338954441267543700e+02 4.766486320331026718e+02
1.339525399882933243e+02 4.777546346376744850e+02
1.340000940571639489e+02 4.788644739027856758e+02
1.340385986531850904e+02 4.799776604674705709e+02
1.340685353046824844e+02 4.810936961428263317e+02
1.340902511375761605e+02 4.822119727926115615e+02
1.341040021177413166e+02 4.833318077074825965e+02
1.341100405246316143e+02 4.844525166936661549e+02
1.341084051950469984e+02 4.855734082049986000e+02
1.340987322586348114e+02 4.866937768233930228e+02
1.340806131859522736e+02 4.878129155924050337e+02
1.340535923833963068e+02 4.889301310539120777e+02
1.340169379236710085e+02 4.900448090041790579e+02
1.339698173473940130e+02 4.911563640727583220e+02
1.339114086943457664e+02 4.922642188345553222e+02
1.338411517789187997e+02 4.933679902701339870e+02
1.337587579877432518e+02 4.944674970418769817e+02
1.336639515060026326e+02 4.955625672513411359e+02
1.335567256326885968e+02 4.966531383447772896e+02
1.334378766056430550e+02 4.977394740136930409e+02
1.333083497530544435e+02 4.988218985270835901e+02
1.331690786982763939e+02 4.999007158273774962e+02
1.330208808718479645e+02 5.009760280770501026e+02
1.328645072129704943e+02 5.020478219699989495e+02
1.327007103179813328e+02 5.031160810516033735e+02
1.325303995982633296e+02 5.041806739099586707e+02
1.323547337097822663e+02 5.052412864180366796e+02
1.321748934879828994e+02 5.062975881895741850e+02
1.319920477977420887e+02 5.073491559267901607e+02
1.318073075686066886e+02 5.083951166573786509e+02
1.316217662267125945e+02 5.094344615534494096e+02
1.314365011043955178e+02 5.104661620882528723e+02
1.312522928648214133e+02 5.114888270582072209e+02
1.310696613252844713e+02 5.125007463767319678e+02
1.308891172064126351e+02 5.135001992341195773e+02
1.307110951016764773e+02 5.144855169283739542e+02
1.305358404807402053e+02 5.154551602094470582e+02
1.303635699424216909e+02 5.164076095888809732e+02
1.301939273645816968e+02 5.173443445742224185e+02
1.300219615148760397e+02 5.182909065079702486e+02
1.298405107627138761e+02 5.192844112619409316e+02
1.296421547880494813e+02 5.203633620197875871e+02
1.294092120881165044e+02 5.216213659094296418e+02
1.291102189105288858e+02 5.232260426103202917e+02
1.287127434309019804e+02 5.253502104799705421e+02
