2.547590229805728157e+01 2.725895035678047051e+01
2.655099503133930128e+01 2.881783022809467099e+01
2.740521263635648808e+01 3.004774598899277294e+01
2.810872199004584360e+01 3.105258767866870073e+01
2.873101793749144761e+01 3.193527068746608322e+01
2.931822684611019625e+01 3.276481906591707371e+01
2.988762359656509915e+01 3.356841350806442392e+01
3.045469914154186952e+01 3.437064747440750523e+01
3.103293645379772414e+01 3.519338312583347772e+01
3.162269294816975318e+01 3.604062894314589016e+01
3.221905292151720346e+01 3.690922079307789971e+01
3.281709166990638948e+01 3.779597783922896070e+01
3.341247508561489354e+01 3.869802369757144334e+01
3.400199099881890419e+01 3.961306034311373026e+01
3.458255270955026361e+01 4.053885443058030091e+01
3.515109978313582673e+01 4.147328064584407770e+01
3.570486550469617271e+01 4.241542176654521512e+01
3.624126728301202149e+01 4.336511788488899555e+01
3.675772570498986624e+01 4.432222079827229777e+01
3.725215785055836903e+01 4.528664040218556863e+01
3.772397006337490666e+01 4.625846086120191103e+01
3.817284675156322038e+01 4.723779887814703216e+01
3.859854758752220505e+01 4.822474713365461696e+01
3.900243894114959176e+01 4.921888549672479485e+01
3.938742767447502047e+01 5.021930215557338784e+01
3.975648266537982067e+01 5.122506550473987375e+01
4.011261265293764211e+01 5.223521599691909501e+01
4.045901996017662583e+01 5.324865838658750050e+01
4.079896559297824155e+01 5.426425629279445673e+01
4.113570302936370382e+01 5.528087542601277704e+01
4.147209615690818652e+01 5.629749002030139593e+01
4.181043861323075106e+01 5.731323315748061020e+01
4.215297871101930838e+01 5.832725054499882589e+01
4.250184721003016364e+01 5.933873078088488739e+01
4.285823030534349698e+01 6.034720709878605049e+01
4.322285925267036788e+01 6.135237872237087231e+01
4.359646019330143218e+01 6.235394682685917189e+01
4.397925268703686186e+01 6.335181712655817421e+01
4.437030538741490204e+01 6.434636002965156365e+01
4.476852797037251008e+01 6.533801013366685595e+01
4.517278825487157690e+01 6.632721955975149797e+01
4.558135867659363072e+01 6.731468968906879979e+01
4.599206866099887492e+01 6.830130737109880101e+01
4.640273708905829864e+01 6.928796386986721245e+01
4.681120291207049888e+01 7.027554353758171146e+01
4.721537796583076840e+01 7.126490562649260596e+01
4.761319062559368831e+01 7.225690369299235272e+01
4.800260102982495880e+01 7.325237820346872297e+01
4.838249708288193318e+01 7.425178728072833678e+01
4.875281936638793923e+01 7.525515522650364630e+01
4.911356533246781453e+01 7.626248290550336151e+01
4.946471812469942364e+01 7.727377725975019018e+01
4.980617628427818033e+01 7.828908116470148570e+01
5.013780737053886583e+01 7.930845065483731560e+01
5.045947907101836449e+01 8.033194171283372498e+01
5.077107371388034096e+01 8.135960432485850902e+01
5.107249910170089890e+01 8.239147804326917424e+01
5.136366558917119107e+01 8.342760137512793506e+01
5.164461891370217472e+01 8.446795674816547717e+01
5.191675616059911391e+01 8.551196682379519132e+01
5.218225106036440764e+01 8.655873255513935760e+01
5.244328721739501731e+01 8.760735080492199245e+01
5.270245119303394432e+01 8.865675128444783581e+01
5.296342990596200906e+01 8.970540726347761051e+01
5.323009637499305313e+01 9.075171481518394501e+01
5.350624219763917466e+01 9.179410363071264101e+01
5.379415185698489665e+01 9.283162567242349894e+01
5.409478155687300216e+01 9.386388133478030227e+01
5.440904202586592220e+01 9.489048978849722005e+01
5.473732301438391090e+01 9.591128480762725417e+01
5.507771847653838648e+01 9.692704585955141283e+01
5.542769016911292113e+01 9.793881282882819050e+01
5.578469188340169183e+01 9.894762883400002806e+01
5.614584358318342083e+01 9.995467252257881796e+01
5.650781658497840709e+01 1.009613046861410339e+02
5.686725066425140795e+01 1.019688989214591430e+02
5.722100750346125864e+01 1.029787380506258501e+02
5.756755526388536737e+01 1.039914477393385823e+02
5.790606921255010775e+01 1.050073644001407729e+02
5.823573222519820547e+01 1.060268214399580273e+02
5.855643547920939085e+01 1.070498791897607873e+02
5.886954075827252808e+01 1.080760310084814080e+02
5.917659286592376588e+01 1.091046996942671257e+02
5.947912513254588163e+01 1.101353190518428704e+02
5.977852654047690351e+01 1.111674613638155051e+02
6.007608745456519017e+01 1.122007935198306967e+02
6.037309632650421776e+01 1.132349842477603801e+02
6.067082226861916183e+01 1.142697337232142303e+02
6.097047059621142751e+01 1.153048458621123586e+02
6.127323348803174241e+01 1.163401459417138994e+02
6.158027087157310575e+01 1.173754680777778958e+02
6.189194154352982480e+01 1.184108659370205601e+02
6.220776873978824995e+01 1.194466221727051618e+02
6.252723655515266898e+01 1.204830301647602369e+02
6.284968047686360393e+01 1.215202992878712251e+02
6.317364007653279856e+01 1.225581889996119429e+02
6.349738958220103768e+01 1.235963087635006303e+02
6.381920631449755632e+01 1.246342530039937060e+02
6.413758023430288802e+01 1.256706465024427644e+02
6.445134051284513532e+01 1.267025672353359766e+02
6.475934665454764172e+01 1.277269548592837083e+02
6.506047897937914115e+01 1.287405964463106898e+02
6.535380393766673990e+01 1.297389146735563372e+02
6.563848596010234360e+01 1.307166139908403295e+02
6.591369656528894438e+01 1.316684149824633039e+02
6.618090102982669976e+01 1.325973667686176327e+02
6.644727412772748210e+01 1.335272494071866447e+02
6.672086408587077244e+01 1.344850144255667033e+02
6.701061759387292227e+01 1.355005016658651584e+02
6.734001218905396513e+01 1.366502637157108211e+02
6.774429477760354246e+01 1.380486885006405373e+02
6.825905072981173305e+01 1.398112520167366029e+02
