4.300384572843938713e+01 2.799652383345169255e+02
4.498046167224364922e+01 2.793295500394779651e+02
4.649401483500247423e+01 2.788244037285024888e+02
4.768789605544694865e+01 2.784069361548104098e+02
4.870398357390092769e+01 2.780347003919539475e+02
4.963497104616310196e+01 2.776787868426772548e+02
5.051472570863241174e+01 2.773264770113124200e+02
5.137365444052453256e+01 2.769660048143094855e+02
5.223869524631872707e+01 2.765868829397873583e+02
5.311576045462633999e+01 2.761863750154819286e+02
5.400288227142085162e+01 2.757646496104551943e+02
5.489807875365640655e+01 2.753218810508937509e+02
5.579934758010280405e+01 2.748582950042403468e+02
5.670465136230573222e+01 2.743742054870932634e+02
5.761194924821410979e+01 2.738699352423141704e+02
5.851925636307128542e+01 2.733458308310065377e+02
5.942511630865953265e+01 2.728024636801272322e+02
6.032836333833675724e+01 2.722405288883761614e+02
6.122783541291985898e+01 2.716607233454374750e+02
6.212264349781096229e+01 2.710639441781200389e+02
6.301258576979263637e+01 2.704515925532308529e+02
6.389756683910628254e+01 2.698251477019421714e+02
6.477750896195067298e+01 2.691860928781665052e+02
6.565261047112392134e+01 2.685359742728551851e+02
6.652328855539249730e+01 2.678763879694415095e+02
6.738996641135716459e+01 2.672089314200700869e+02
6.825305254985354964e+01 2.665350856029415354e+02
6.911290020848797155e+01 2.658558931199809194e+02
6.996984962334985880e+01 2.651722934570732377e+02
7.082423609614535565e+01 2.644852150747852875e+02
7.167625092378523277e+01 2.637952646713530385e+02
7.252592207997082596e+01 2.631026840178831776e+02
7.337326872113362697e+01 2.624076951842964149e+02
7.421827882639738050e+01 2.617104824831629912e+02
7.506076287149767268e+01 2.610110152611671879e+02
7.590046860302608422e+01 2.603091868967188702e+02
7.673714314057771446e+01 2.596048907241612369e+02
7.757049536527668465e+01 2.588980230499552135e+02
7.840017185939154842e+01 2.581884850227941115e+02
7.922581347576587518e+01 2.574761782366958300e+02
8.004708641204467767e+01 2.567610485316440645e+02
8.086388028382147297e+01 2.560434317819649550e+02
8.167620095142126502e+01 2.553238667975037970e+02
8.248405561739106417e+01 2.546028936298256724e+02
8.328755054785746381e+01 2.538809088764471937e+02
8.408702738513630948e+01 2.531579682864365850e+02
8.488286196957338348e+01 2.524340780866676539e+02
8.567545513156329662e+01 2.517092246903961552e+02
8.646556842321180625e+01 2.509831085089490443e+02
8.725423447924671905e+01 2.502552150230005168e+02
8.804249253204378078e+01 2.495250244834817295e+02
8.883130347842691776e+01 2.487921006166438076e+02
8.962135075195789113e+01 2.480563028169762561e+02
9.041325638370753381e+01 2.473175559102121781e+02
9.120763762858014445e+01 2.465758063635518909e+02
9.200498602745734900e+01 2.458315702717137867e+02
9.280565790736179110e+01 2.450859764019988347e+02
9.361000291602096013e+01 2.443401837865127959e+02
9.441835870781517315e+01 2.435953898049961879e+02
9.523099876698913135e+01 2.428529970153545321e+02
9.604817520517102025e+01 2.421144763124881081e+02
9.687013908862618905e+01 2.413812954909083430e+02
9.769708038383956250e+01 2.406547358036038702e+02
9.852909477957959439e+01 2.399357906676884227e+02
9.936626990439923190e+01 2.392254288919237410e+02
1.002087105758766796e+02 2.385246397522698771e+02
1.010566632614984002e+02 2.378345811890920345e+02
1.019104441222437316e+02 2.371564941277124490e+02
1.027703692897395058e+02 2.364916186132185771e+02
1.036366427724424568e+02 2.358408772622247227e+02
1.045092169886293476e+02 2.352044804220898868e+02
1.053880100922668248e+02 2.345825414355337557e+02
1.062729013682167789e+02 2.339750823153596286e+02
1.071632512755542734e+02 2.333809060003528089e+02
1.080580507313683398e+02 2.327979471242808529e+02
1.089562826987914548e+02 2.322241216414862492e+02
1.098568070329293676e+02 2.316571080781550336e+02
1.107580731152870328e+02 2.310937933143633813e+02
1.116584448813893573e+02 2.305308994376710530e+02
1.125562822667596379e+02 2.299651471926180761e+02
1.134498498321188151e+02 2.293932253011997489e+02
1.143373148499680099e+02 2.288117898204271228e+02
1.152168402100755316e+02 2.282174953357881009e+02
1.160866759025101089e+02 2.276072251489935354e+02
1.169455100603129836e+02 2.269790130790956368e+02
1.177921682831602510e+02 2.263312539180642773e+02
1.186254859197186278e+02 2.256623603591147287e+02
1.194447978143410722e+02 2.249716602942652059e+02
1.202501689781944947e+02 2.242598194605090498e+02
1.210417223518438874e+02 2.235276097357277081e+02
1.218196677172027194e+02 2.227759027778710674e+02
1.225848845809549630e+02 2.220063397537053334e+02
1.233385639036994093e+02 2.212209196882455444e+02
1.240818971408709075e+02 2.204216427443676594e+02
1.248158663120139806e+02 2.196103651521689244e+02
1.255410094041402544e+02 2.187886379847069520e+02
1.262578077689328637e+02 2.179579733929607528e+02
1.269667229077593760e+02 2.171198528593547508e+02
1.276679707949125344e+02 2.162753785292470923e+02
1.283616016939192832e+02 2.154253965263906991e+02
1.290476627457065320e+02 2.145707481239964238e+02
1.297261701397276568e+02 2.137121651758459961e+02
1.303970428812130251e+02 2.128500359707450684e+02
1.310601809508080464e+02 2.119846815419225834e+02
1.317154965068779688e+02 2.111164217639648655e+02
1.323631657853140382e+02 2.102455513859467828e+02
1.330036204999064182e+02 2.093723408496383627e+02
1.336373028216485181e+02 2.084970596018647200e+02
1.342647209169435598e+02 2.076199860225750342e+02
1.348866951678555210e+02 2.067414407531613278e+02
1.355041381940254155e+02 2.058617569202738196e+02
1.361179586182925902e+02 2.049812657215769605e+02
1.367288841325971873e+02 2.041002112454961832e+02
1.373373917950951295e+02 2.032187169127426785e+02
1.379439402471702181e+02 2.023368972772665586e+02
1.385490510833272424e+02 2.014548944502531356e+02
1.391537006892548334e+02 2.005730496241624223e+02
1.397590652626866188e+02 1.996917914576103215e+02
1.403663213851951639e+02 1.988115488458307993e+02
1.409765810056716759e+02 1.979327317150246301e+02
1.415908265376961310e+02 1.970557119740999497e+02
1.422100249368587299e+02 1.961808569952022197e+02
1.428350874602044769e+02 1.953085117401612649e+02
1.434662857569657035e+02 1.944387638245331118e+02
1.441034825409754490e+02 1.935715363286709021e+02
1.447465337473786917e+02 1.927067496030749396e+02
1.453951322435525810e+02 1.918442552722579819e+02
1.460484885171532881e+02 1.909837016586132847e+02
1.467057242848785279e+02 1.901246996714276065e+02
1.473659819666832504e+02 1.892668682170346699e+02
1.480288137663194448e+02 1.884099844889507835e+02
1.486941478648956831e+02 1.875539709094618104e+02
1.493619263697728456e+02 1.866987552801467132e+02
1.500322149527844999e+02 1.858443118508525913e+02
1.507056291846524232e+02 1.849908215801208939e+02
1.513829375521685279e+02 1.841385229081174089e+02
1.520649030879365284e+02 1.832876518841296729e+02
1.527520713696520147e+02 1.824383492500662101e+02
1.534447024577491447e+02 1.815906306096998151e+02
1.541430370226120203e+02 1.807445030684214373e+02
1.548473175857237720e+02 1.798999799053367212e+02
1.555577992064295643e+02 1.790571162153497653e+02
1.562747421455667904e+02 1.782159844411834797e+02
1.569984047308026334e+02 1.773766568246193742e+02
1.577288288706610899e+02 1.765391770872533641e+02
1.584656462691651768e+02 1.757035348930394605e+02
1.592084428819304662e+02 1.748697138771069035e+02
1.599567755991188278e+02 1.740377063276824856e+02
1.607098909017511232e+02 1.732075969451248625e+02
1.614668473261203303e+02 1.723795263829546229e+02
1.622267009407048306e+02 1.715536363116310383e+02
1.629886281357761391e+02 1.707302518289063755e+02
1.637521407925224821e+02 1.699102094792892785e+02
1.645168088066053826e+02 1.690944342487713357e+02
1.652822407225965264e+02 1.682838838055493511e+02
1.660487455995252901e+02 1.674801081852956202e+02
1.668172420085224985e+02 1.666851728379474764e+02
1.675886688586031426e+02 1.659011604115189584e+02
1.683641514987125163e+02 1.651302471057384764e+02
1.691455959028103848e+02 1.643750008218781602e+02
1.699351123211012577e+02 1.636380919628195727e+02
1.707347955449205301e+02 1.629221693609791828e+02
1.715461932727454268e+02 1.622291184869702647e+02
1.723701722075883822e+02 1.615598746145274731e+02
1.732075564093331081e+02 1.609153135171831650e+02
1.740589810012860994e+02 1.602960098821127417e+02
1.749238803939285276e+02 1.597006249594239193e+02
1.758012188701900413e+02 1.591270708113548267e+02
1.766899585285629257e+02 1.585732567801727839e+02
1.775889610632627011e+02 1.580370023698559976e+02
1.784969081114610390e+02 1.575159659755397001e+02
1.794124625663221764e+02 1.570077892208671528e+02
1.803343047980586391e+02 1.565101473753003063e+02
1.812612890349958548e+02 1.560210504100526805e+02
1.821923691596125252e+02 1.555387001448458193e+02
1.831265004244876877e+02 1.550613009862847775e+02
1.840627362052342164e+02 1.545872201083354582e+02
1.850003878911374215e+02 1.541152526803373348e+02
1.859388087744118252e+02 1.536442633805814921e+02
1.868773660698403205e+02 1.531731426004733123e+02
1.878156587564291158e+02 1.527012087688171960e+02
1.887534770303447829e+02 1.522281334668364821e+02
1.896906168067877729e+02 1.517535988380447236e+02
1.906269532095965928e+02 1.512774532875446312e+02
1.915626734089729268e+02 1.508002002162274380e+02
1.924980414076976558e+02 1.503225042991469991e+02
1.934333328882453600e+02 1.498450575563780944e+02
1.943691930079144470e+02 1.493694170389970850e+02
1.953067029933856134e+02 1.488981607432423573e+02
1.962469691847111903e+02 1.484339254619025894e+02
1.971911341042108745e+02 1.479794342705833401e+02
1.981405561660438366e+02 1.475379250759765739e+02
1.990966735213883112e+02 1.471128259313603053e+02
2.000609203316269031e+02 1.467075553072293133e+02
2.010344109139931561e+02 1.463247636345146816e+02
2.020177166846311536e+02 1.459657976794811702e+02
2.030113563779818264e+02 1.456318777041804537e+02
2.040157789838085591e+02 1.453240565836619851e+02
2.050307863090672527e+02 1.450418339563165091e+02
2.060558291115876841e+02 1.447838669437591363e+02
2.070903538491139670e+02 1.445488023437800393e+02
2.081335087579956564e+02 1.443345699067699002e+02
2.091837021793706128e+02 1.441373203694495828e+02
2.102392296696364724e+02 1.439529332874440399e+02
2.112983953717650252e+02 1.437773091579224456e+02
2.123596350607203647e+02 1.436066695114661798e+02
2.134214874783926348e+02 1.434374870016785053e+02
2.144824941138058136e+02 1.432662409820175640e+02
2.155413413482684177e+02 1.430897609135754180e+02
2.165972526711220212e+02 1.429061740879232616e+02
2.176495760005856255e+02 1.427139084579135044e+02
2.186976752342626753e+02 1.425114305487961985e+02
2.197413685293082324e+02 1.422983034161736953e+02
2.207809824523543227e+02 1.420753173576970312e+02
2.218168704224788996e+02 1.418433274897357137e+02
2.228494588807063224e+02 1.416033651214134181e+02
2.238795835840186612e+02 1.413574491896745542e+02
2.249082228196129165e+02 1.411079425389099526e+02
2.259363531962727620e+02 1.408572039579725299e+02
2.269648304419763463e+02 1.406073001852113009e+02
2.279943160077698963e+02 1.403598285819252283e+02
2.290254537979399743e+02 1.401163441160821037e+02
2.300588596328260280e+02 1.398783339530203307e+02
2.310949059305345372e+02 1.396466976159158548e+02
2.321338402190710895e+02 1.394220331077487742e+02
2.331759088045999988e+02 1.392049354823616909e+02
2.342213038650582462e+02 1.389958693088623249e+02
2.352700908017608015e+02 1.387949935410678961e+02
2.363223168905712726e+02 1.386024234385003808e+02
2.373780186900270337e+02 1.384182484374458113e+02
2.384370810867262946e+02 1.382421925229316741e+02
2.394992765011502058e+02 1.380737086945666192e+02
2.405643746987143174e+02 1.379122435546424867e+02
2.416321524671722329e+02 1.377572609146708658e+02
2.427024110935406327e+02 1.376082846250257035e+02
2.437749572043105104e+02 1.374648516212085667e+02
2.448495943952416383e+02 1.373264915150319609e+02
2.459260484678046907e+02 1.371925459302847230e+02
2.470039626518121167e+02 1.370621569583354642e+02
2.480829761898071695e+02 1.369344570554129632e+02
2.491627577736439889e+02 1.368086491629694876e+02
2.502431312457202921e+02 1.366843075663167326e+02
2.513239713593385716e+02 1.365611284030758270e+02
2.524051550980473451e+02 1.364388131119078764e+02
2.534866852516899769e+02 1.363173621303795926e+02
2.545687561196097874e+02 1.361972310492043050e+02
2.556515780738014314e+02 1.360789136583372283e+02
2.567353623349847567e+02 1.359629039775142587e+02
2.578203270023407185e+02 1.358496978887217779e+02
2.589066935121310280e+02 1.357397921774156941e+02
2.599946839010922872e+02 1.356336849925233139e+02
2.610846382106207102e+02 1.355321514159514322e+02
2.621771575292324883e+02 1.354365791542012971e+02
2.632728779227384734e+02 1.353484379983827637e+02
2.643724093661492702e+02 1.352691342272493387e+02
2.654760202078329598e+02 1.351992425040700141e+02
2.665837387158221645e+02 1.351387530689471532e+02
2.676955881516117870e+02 1.350876439773881543e+02
2.688115054106313551e+02 1.350456945343971427e+02
2.699311437242469651e+02 1.350120312610936253e+02
2.710540981736489243e+02 1.349856468601053052e+02
2.721799633017044471e+02 1.349655364338221091e+02
2.733083211210228001e+02 1.349507509425732792e+02
2.744387410307170398e+02 1.349403975756937655e+02
2.755707918749283181e+02 1.349335859964949123e+02
2.767040523046239286e+02 1.349294998264831520e+02
2.778381495498313143e+02 1.349276890462241454e+02
2.789727258552146623e+02 1.349278168691934070e+02
2.801074236925535388e+02 1.349295513546810241e+02
2.812418966210796611e+02 1.349328001432817814e+02
2.823758141908552375e+02 1.349378164106995825e+02
2.835088471967555961e+02 1.349448802309733253e+02
2.846406657836950558e+02 1.349543077827110551e+02
2.857709351656910144e+02 1.349666891499618373e+02
2.868993182959126784e+02 1.349827400041879173e+02
2.880254783094026720e+02 1.350031765267391393e+02
2.891491093909927486e+02 1.350286915621272783e+02
2.902699706332432470e+02 1.350599291706009524e+02
2.913878292717149634e+02 1.350975272921773467e+02
2.925024753340458119e+02 1.351420701250713989e+02
2.936139755268642944e+02 1.351934894816826045e+02
2.947225807873845724e+02 1.352512827741686579e+02
2.958285454724426131e+02 1.353149393436844719e+02
2.969322855854826457e+02 1.353835518106228335e+02
2.980347171517075253e+02 1.354549856182957512e+02
2.991368525824471476e+02 1.355268696546176272e+02
3.002396923197966316e+02 1.355968608616261690e+02
3.013439831882563453e+02 1.356632106236316133e+02
3.024502298820323176e+02 1.357247378426785076e+02
3.035589274251031497e+02 1.357802840863999165e+02
3.046704509407534260e+02 1.358289770935324441e+02
3.057846169322741616e+02 1.358712778803396191e+02
3.069010793435836604e+02 1.359080354491220817e+02
3.080194893266424288e+02 1.359401055281761899e+02
3.091393768247354501e+02 1.359686358627291725e+02
3.102601061141817809e+02 1.359951733242136811e+02
3.113810295329865312e+02 1.360212935459469747e+02
3.125015098921261369e+02 1.360485484793689182e+02
3.136209844468238543e+02 1.360783217397877820e+02
3.147389226952785179e+02 1.361119240334816993e+02
3.158547956775263970e+02 1.361506624302389241e+02
3.169682565900085365e+02 1.361954127506641044e+02
3.180793186309610405e+02 1.362461985231770996e+02
3.191880372430363195e+02 1.363029432639564504e+02
3.202945131243290007e+02 1.363654619356049977e+02
3.213993572370709444e+02 1.364323455374790797e+02
3.225035023819310709e+02 1.365014130797073904e+02
3.236078863196792099e+02 1.365704716668240337e+02
3.247133548332944883e+02 1.366375402548211468e+02
3.258204856268478125e+02 1.367012552629608990e+02
3.269298078300440693e+02 1.367603649913212962e+02
3.280418278275010380e+02 1.368136681862975763e+02
3.291566117354649919e+02 1.368609400652814259e+02
3.302738270428082501e+02 1.369028399611140401e+02
3.313931268472969123e+02 1.369400591246645149e+02
3.325141035146983768e+02 1.369733811213101262e+02
3.336360832275787516e+02 1.370039941230933493e+02
3.347583192629312521e+02 1.370331971207731101e+02
3.358800646829184871e+02 1.370622840634229078e+02
3.370005643207980484e+02 1.370923539645642677e+02
3.381190523487025530e+02 1.371242532850326086e+02
3.392347622291251241e+02 1.371588116749197184e+02
3.403469726698031081e+02 1.371967089140138398e+02
3.414552639704727426e+02 1.372376257890534248e+02
3.425593397593399345e+02 1.372808345736727915e+02
3.436589070415529363e+02 1.373255999438807464e+02
3.447539910914978805e+02 1.373705119548516222e+02
3.458452121204651917e+02 1.374128996010477408e+02
3.469332555653095937e+02 1.374499536212685484e+02
3.480188165779488259e+02 1.374789610978993153e+02
3.491026922243280524e+02 1.374982197874787175e+02
3.501857404392902140e+02 1.375066310790689101e+02
3.512688199317797171e+02 1.375031055659559058e+02
3.523527601774198956e+02 1.374873274365973543e+02
3.534383103311178047e+02 1.374611063895277994e+02
3.545262058738759379e+02 1.374266139729335805e+02
3.556171545900515980e+02 1.373859864434820111e+02
3.567113729566741540e+02 1.373407340259897467e+02
3.578086556066925823e+02 1.372918294246312314e+02
3.589087834703334465e+02 1.372402278833473872e+02
3.600114091720226384e+02 1.371865489394669453e+02
3.611156562403805879e+02 1.371300277738853595e+02
3.622205118399687649e+02 1.370695427767971637e+02
3.633249649944989983e+02 1.370039700356027481e+02
3.644280686722099745e+02 1.369321064526507996e+02
3.655289543834835513e+02 1.368526516684294165e+02
3.666267584562627917e+02 1.367642993576488379e+02
3.677206956028830405e+02 1.366658843091934727e+02
3.688104708579726321e+02 1.365571240313687724e+02
3.698959784648476443e+02 1.364380766618700420e+02
3.709771131206985046e+02 1.363088001858990879e+02
3.720537739949443221e+02 1.361692751078398373e+02
3.731258681673859883e+02 1.360193448856603027e+02
3.741933035270678829e+02 1.358588389572872757e+02
3.752559981587709785e+02 1.356876046448796842e+02
3.763139698109798701e+02 1.355056640896204954e+02
3.773672925782361744e+02 1.353131382687030282e+02
3.784160412445681914e+02 1.351101493946054006e+02
3.794603144081722235e+02 1.348968735898955345e+02
3.805002723801476918e+02 1.346736266817137562e+02
3.815360853372039855e+02 1.344407468307923352e+02
3.825679283079183506e+02 1.341985845913836783e+02
3.835960554223197505e+02 1.339476925730066625e+02
3.846207852103211735e+02 1.336887878870377904e+02
3.856424380743649181e+02 1.334225924280103186e+02
3.866613336634385405e+02 1.331498306357287049e+02
3.876777887031099681e+02 1.328712368257094454e+02
3.886921192100173243e+02 1.325875477083306464e+02
3.897046375780599874e+02 1.322994915056642071e+02
3.907155446735964119e+02 1.320075351237094026e+02
3.917249114706849014e+02 1.317118411226001626e+02
3.927328016209182238e+02 1.314125549054715236e+02
3.937392703533373037e+02 1.311098025520652754e+02
3.947443234227923767e+02 1.308035966362311626e+02
3.957479485776345882e+02 1.304939084205069548e+02
3.967501324628517523e+02 1.301807065197739917e+02
3.977507813568701067e+02 1.298637664962323015e+02
3.987496669787568067e+02 1.295425406800694645e+02
3.997465482205649892e+02 1.292164505890387431e+02
4.007411850809814950e+02 1.288849203897786992e+02
4.017333476525421929e+02 1.285473984100017333e+02
4.027228114276190922e+02 1.282033459027011304e+02
4.037093521045528632e+02 1.278522246160974163e+02
4.046927972153663404e+02 1.274936211097758303e+02
4.056731010480859823e+02 1.271274271616477876e+02
4.066502369068467715e+02 1.267535803388954605e+02
4.076241786543524199e+02 1.263720195166233822e+02
4.085949085448430651e+02 1.259827032192362566e+02
4.095624153096582631e+02 1.255856051376658229e+02
4.105266878480615560e+02 1.251806993560680468e+02
4.114877270538844414e+02 1.247679887893046953e+02
4.124455776139387808e+02 1.243475816151035076e+02
4.134002942067844515e+02 1.239196100278252572e+02
4.143519355641205948e+02 1.234842160020212702e+02
4.153006726878453492e+02 1.230418124192601681e+02
4.162468005779090845e+02 1.225931113673341031e+02
4.171906206402330213e+02 1.221388403915882463e+02
4.181324423177101153e+02 1.216797464323252882e+02
4.190726194087802128e+02 1.212166834694137663e+02
4.200115209302576318e+02 1.207505422079641448e+02
4.209495158677829068e+02 1.202822132779236028e+02
4.218869703459972698e+02 1.198125804092698985e+02
4.228242459535250077e+02 1.193425163923083545e+02
4.237617038766888982e+02 1.188728930471024796e+02
4.246997039493854800e+02 1.184045789300094356e+02
4.256385944802966605e+02 1.179384147844788515e+02
4.265787179464894052e+02 1.174752272809767533e+02
4.275204166799891254e+02 1.170158427398359464e+02
4.284640081604496231e+02 1.165610274782605273e+02
4.294097524870867346e+02 1.161114092751343634e+02
4.303579016867165592e+02 1.156675964194822939e+02
4.313086968469546605e+02 1.152301707895855998e+02
4.322622272530659302e+02 1.147993477641031177e+02
4.332184711255542879e+02 1.143750745756950664e+02
4.341774041407864502e+02 1.139572923146586447e+02
4.351389785832455459e+02 1.135458856041630042e+02
4.361030663534072573e+02 1.131405450234031349e+02
4.370695220983399736e+02 1.127409195024970217e+02
4.380382014497911882e+02 1.123466603530989261e+02
4.390089846946423222e+02 1.119574785175267095e+02
4.399817779446123041e+02 1.115731473977976975e+02
4.409564885301982144e+02 1.111934433436538683e+02
4.419330284016032238e+02 1.108181539334179320e+02
4.429113334746507462e+02 1.104471249958565124e+02
4.438913474127506333e+02 1.100802211908900290e+02
4.448730136353459557e+02 1.097173065969431889e+02
4.458562618838747653e+02 1.093582126806415431e+02
4.468410013580342479e+02 1.090027219319460556e+02
4.478271395653484319e+02 1.086506128062507486e+02
4.488146000280952421e+02 1.083017025286064978e+02
4.498034339218961009e+02 1.079561173563685514e+02
4.507937534876665495e+02 1.076141313781041760e+02
4.517856718372045179e+02 1.072760207885965968e+02
4.527793959664658132e+02 1.069422886657566778e+02
4.537753376322232270e+02 1.066139329183178575e+02
4.547739355815907061e+02 1.062920166806390654e+02
4.557756238514900815e+02 1.059775916400970459e+02
4.567807759718812122e+02 1.056715624365191388e+02
4.577897235194270706e+02 1.053747317523838660e+02
4.588027971969448231e+02 1.050879001465495008e+02
4.598202213997353169e+02 1.048116099932240104e+02
4.608418765707783677e+02 1.045455683239070197e+02
4.618675737181872023e+02 1.042893135365203250e+02
4.628971198103781148e+02 1.040423739216222998e+02
4.639302300007867075e+02 1.038040480476971368e+02
4.649665282337718395e+02 1.035734062771359163e+02
4.660056345351795244e+02 1.033495091681667759e+02
4.670471850381858303e+02 1.031314526497810959e+02
4.680908944496051163e+02 1.029185051941218774e+02
4.691365013992535751e+02 1.027099878068565033e+02
4.701837460393077208e+02 1.025052249603253784e+02
4.712324415509905293e+02 1.023037074486207132e+02
4.722825050335226251e+02 1.021051627363707155e+02
4.733338615225777062e+02 1.019093363632679399e+02
4.743864405711905192e+02 1.017159849461647809e+02
4.754402054469595669e+02 1.015249477744226283e+02
4.764951346579331357e+02 1.013361015089750055e+02
4.775512066331014580e+02 1.011493227905798165e+02
4.786083765016417146e+02 1.009644574439306695e+02
4.796665513666636684e+02 1.007812877749973381e+02
4.807256324053972776e+02 1.005995882522497027e+02
4.817855220019109765e+02 1.004191473626953126e+02
4.828461369200401805e+02 1.002399206275843824e+02
4.839074033699668576e+02 1.000619732961922068e+02
4.849692477224704703e+02 9.988537258061995772e+01
4.860315885014118180e+02 9.971026003615195066e+01
4.870943203172364520e+02 9.953700377827979651e+01
4.881573332413559569e+02 9.936601492615984910e+01
4.892205128143531283e+02 9.919770683385340249e+01
4.902836507486838400e+02 9.903253913767670724e+01
4.913464503573130742e+02 9.887101507843708248e+01
4.924086115093143690e+02 9.871363959569748658e+01
4.934698703941247118e+02 9.856105444768179780e+01
4.945301298509353956e+02 9.841452916155628827e+01
4.955893404865357184e+02 9.827551320483568986e+01
4.966474548350299187e+02 9.814545389303205525e+01
4.977045068830010450e+02 9.802570676923539850e+01
4.987606404639433890e+02 9.791750361213826181e+01
4.998160071732685310e+02 9.782206745508825918e+01
5.008707891052026184e+02 9.774043086430532412e+01
5.019253816748126837e+02 9.767229420312364141e+01
5.029802713760939241e+02 9.761678904088743991e+01
5.040359451999218550e+02 9.757303753050751993e+01
5.050929092420838060e+02 9.753926889021680324e+01
5.061517068325311470e+02 9.751197206985983712e+01
5.072128855973228383e+02 9.748743522570279652e+01
5.082769813796741687e+02 9.746209310151938610e+01
5.093443995636826571e+02 9.743400345135724194e+01
5.104154643606415789e+02 9.740223388044502428e+01
5.114904986381770300e+02 9.736586756857519731e+01
5.125697081862467712e+02 9.732432260963439319e+01
5.136529625730647695e+02 9.727797889836654122e+01
5.147400713849020804e+02 9.722738791474128561e+01
5.158308232238305209e+02 9.717306527402786287e+01
5.169246093885986966e+02 9.711484754893911031e+01
5.180204661908094295e+02 9.705196459342815274e+01
5.191174174547642224e+02 9.698362491904099159e+01
5.202145263282721999e+02 9.690907230835284736e+01
5.213110257024750354e+02 9.682770279439354510e+01
5.224061942591137040e+02 9.673895348184835541e+01
5.234993161383490587e+02 9.664226853235673786e+01
5.245898802082460861e+02 9.653735680174307277e+01
5.256776370591834393e+02 9.642426552849714483e+01
5.267623543541222944e+02 9.630306402437369684e+01
5.278437719532283836e+02 9.617371418552031059e+01
5.289214473235945206e+02 9.603547323568500360e+01
5.299948644171513479e+02 9.588731437409155944e+01
5.310635088653898492e+02 9.572821383481709745e+01
5.321270563295176999e+02 9.555753332875673323e+01
5.331855328033771002e+02 9.537534521939014098e+01
5.342390020349598672e+02 9.518179845479554047e+01
5.352875533783427500e+02 9.497709983286193847e+01
5.363315400661487047e+02 9.476205231149891972e+01
5.373714707921159288e+02 9.453781006967292910e+01
5.384078562354206952e+02 9.430553177069742787e+01
5.394411972752444626e+02 9.406635318833667725e+01
5.404719682568124881e+02 9.382134812179201333e+01
5.415006390784053565e+02 9.357157998367398477e+01
5.425276732922006886e+02 9.331809765205949248e+01
5.435534242564201577e+02 9.306169762692398706e+01
5.445781519636578878e+02 9.280296257219178813e+01
5.456021134550686611e+02 9.254246839208570918e+01
5.466255313365770689e+02 9.228071193991493715e+01
5.476484883595178417e+02 9.201786901312514999e+01
5.486710317750793138e+02 9.175403391358726424e+01
5.496932071835105944e+02 9.148929715786921690e+01
5.507150049855803218e+02 9.122362270021771735e+01
5.517363486776832815e+02 9.095682109537277427e+01
5.527571577371262492e+02 9.068869368304100931e+01
5.537773522358226046e+02 9.041904395332622357e+01
5.547968559069313415e+02 9.014768863721884884e+01
5.558155938759870196e+02 8.987444950124054799e+01
5.568334918240897196e+02 8.959914966211749743e+01
5.578505221415547339e+02 8.932172548423213243e+01
5.588667387082875848e+02 8.904231090550700856e+01
5.598822035959159393e+02 8.876105972490081797e+01
5.608969734307677300e+02 8.847811253765223682e+01
5.619110525310006778e+02 8.819348310257907997e+01
5.629244160464394326e+02 8.790711445136305713e+01
5.639370387995091960e+02 8.761894882110722449e+01
5.649488908941126510e+02 8.732891670545285479e+01
5.659599303829733117e+02 8.703691860506371825e+01
5.669701134225185797e+02 8.674285030109822969e+01
5.679793930914976272e+02 8.644660010992672028e+01
5.689876733192497795e+02 8.614793713793315533e+01
5.699948185498426483e+02 8.584653472150641562e+01
5.710006921116827243e+02 8.554206349104123319e+01
5.720051869215774332e+02 8.523426541007282253e+01
5.730083089659949565e+02 8.492315503591703418e+01
5.740100912363031966e+02 8.460881203060000644e+01
5.750105689772952928e+02 8.429132149349254632e+01
5.760098449673674850e+02 8.397093147735965601e+01
5.770080996015278743e+02 8.364807731789076684e+01
5.780055175570622623e+02 8.332320468358257415e+01
5.790022870838618019e+02 8.299676786761624214e+01
5.799986170917735535e+02 8.266927103871515214e+01
5.809947239002141259e+02 8.234123625316486539e+01
5.819908236985723988e+02 8.201318525365471146e+01
5.829871226749074822e+02 8.168561566024351350e+01
5.839838104990991496e+02 8.135898525210163257e+01
5.849810752943330954e+02 8.103374807786005363e+01
5.859790984462481447e+02 8.071034192465435808e+01
5.869780009280723334e+02 8.038905877042273573e+01
5.879778718401454398e+02 8.007011366585977896e+01
5.889787998565867611e+02 7.975372063289719904e+01
5.899808306023905971e+02 7.943998977480723056e+01
5.909839059354073925e+02 7.912878070563158417e+01
5.919879523932324901e+02 7.881991605700150672e+01
5.929929029309060979e+02 7.851323395434893371e+01
5.939987849999530454e+02 7.820880066834224920e+01
5.950056980220628020e+02 7.790685622902674368e+01
5.960137432271376383e+02 7.760764503206611664e+01
5.970230470707325594e+02 7.731147237419993701e+01
5.980338267219357249e+02 7.701886255749462862e+01
5.990463197335282075e+02 7.673038909538669827e+01
6.000607603902612937e+02 7.644661761156002910e+01
6.010772947474624743e+02 7.616790072419864543e+01
6.020959726977840774e+02 7.589435889335003083e+01
6.031168392755105288e+02 7.562610084987741743e+01
6.041399239064137419e+02 7.536319764190410808e+01
6.051651711999079453e+02 7.510551555025143955e+01
6.061924970933584973e+02 7.485285163445021794e+01
6.072218169128021827e+02 7.460500147813338856e+01
6.082530097793126060e+02 7.436167325722374244e+01
6.092858981864894758e+02 7.412243843496418094e+01
6.103202996966807632e+02 7.388685656933749613e+01
6.113560433877457854e+02 7.365451501904642839e+01
6.123930548355643850e+02 7.342523410807385176e+01
6.134313077644753776e+02 7.319895040029517475e+01
6.144707763682354198e+02 7.297560159285112036e+01
6.155114616195135113e+02 7.275519003264548701e+01
6.165534254423266702e+02 7.253786521558014044e+01
6.175967381977015975e+02 7.232379700622065855e+01
6.186414637399487901e+02 7.211313956051675689e+01
6.196875773735077928e+02 7.190583325592496067e+01
6.207349904792412190e+02 7.170166414459743010e+01
6.217836130160403627e+02 7.150041484573992534e+01
6.228333207279831640e+02 7.130178537695421426e+01
6.238838735451743105e+02 7.110519615705709384e+01
6.249350069172328404e+02 7.091000850393386656e+01
6.259864588417317464e+02 7.071558988685049485e+01
6.270380295647823914e+02 7.052145805825418279e+01
6.280895836763802436e+02 7.032728611244712624e+01
6.291409887336873226e+02 7.013275430719447456e+01
6.301921275196972374e+02 6.993757965985560077e+01
6.312429605962732921e+02 6.974166696863515824e+01
6.322934732964870364e+02 6.954498083664915953e+01
6.333436506821578860e+02 6.934748521225036200e+01
6.343934627989239061e+02 6.914910779663313178e+01
6.354428574435410155e+02 6.894972258501394435e+01
6.364917806139936829e+02 6.874919923060087967e+01
6.375401673691170572e+02 6.854738097811512887e+01
6.385878670025890642e+02 6.834390402435164447e+01
6.396346883554160740e+02 6.813830690824576664e+01
6.406804397296308480e+02 6.793012686754754270e+01
6.417248751964342546e+02 6.771877021394288931e+01
6.427676322135304190e+02 6.750336172652485800e+01
6.438083331176742377e+02 6.728298967883816317e+01
6.448465963661063824e+02 6.705673297629013518e+01
6.458819915170045078e+02 6.682355244429480479e+01
6.469140546774626728e+02 6.658232813159128227e+01
6.479423213201440603e+02 6.633193855489321322e+01
6.489663697387189814e+02 6.607136558430735818e+01
6.499859147088783402e+02 6.579992050487751953e+01
6.510006981381528703e+02 6.551698008744028812e+01
6.520104687701618786e+02 6.522193760195185064e+01
6.530151270965151298e+02 6.491455256702764132e+01
6.540147223723082561e+02 6.459494354674029637e+01
6.550093100917491711e+02 6.426324416346328405e+01
6.559989798680988997e+02 6.391967037438922006e+01
6.569839852189965086e+02 6.356483366461840490e+01
6.579646288197969852e+02 6.319946414480985908e+01
6.589412139876831134e+02 6.282429347402651132e+01
6.599140735130258690e+02 6.244012441488880683e+01
6.608835815656639170e+02 6.204785955726403301e+01
6.618501154154786263e+02 6.164840896982232721e+01
6.628140603711939320e+02 6.124270215972637743e+01
6.637758607677751570e+02 6.083181136381456611e+01
6.647359872457031997e+02 6.041687242754338172e+01
6.656949112376778430e+02 5.999902311245239162e+01
6.666532004547690349e+02 5.957963405151092928e+01
6.676116182909108829e+02 5.916054918179936806e+01
6.685709518858899401e+02 5.874366987521349159e+01
6.695319945491223734e+02 5.833091254357817945e+01
6.704956117541764797e+02 5.792436951587068705e+01
6.714627157429764566e+02 5.752624712997523915e+01
6.724342195027180651e+02 5.713875354230790293e+01
6.734109719448355236e+02 5.676394328780777698e+01
6.743936295967282604e+02 5.640340966116256993e+01
6.753828130293727554e+02 5.605865975162539172e+01
6.763791357852012425e+02 5.573118379937849909e+01
6.773830691226721683e+02 5.542213095653897881e+01
6.783949520128386439e+02 5.513233325127595208e+01
6.794151184008489963e+02 5.486261066348623672e+01
6.804437656475704443e+02 5.461345341926271146e+01
6.814804739219642897e+02 5.438386166563311264e+01
6.825246491426502189e+02 5.417241485909955401e+01
6.835756952425750796e+02 5.397768751138880106e+01
6.846329350506470064e+02 5.379805213452553403e+01
6.856955834730063089e+02 5.363161244544324546e+01
6.867628479391279370e+02 5.347645353951129010e+01
6.878339753332638793e+02 5.333075183477985348e+01
6.889084840966851289e+02 5.319331229967913544e+01
6.899860069617913041e+02 5.306320444278083670e+01
6.910661778269130764e+02 5.293950032126370786e+01
6.921487201089888686e+02 5.282146170147068176e+01
6.932335292763136749e+02 5.270871496353679930e+01
6.943205203148950204e+02 5.260092784982512626e+01
6.954096227658507132e+02 5.249779770480052576e+01
6.965009244351681446e+02 5.239934375114716403e+01
6.975946102703717315e+02 5.230578277747189730e+01
6.986908664872740928e+02 5.221733408081808392e+01
6.997897559330372133e+02 5.213390419944393273e+01
7.008909923610511896e+02 5.205451466441039798e+01
7.019942282086716432e+02 5.197803156105921119e+01
7.030991198698760627e+02 5.190333416576787329e+01
7.042053970275758275e+02 5.182954609384773903e+01
7.053128539847556340e+02 5.175600639831967698e+01
7.064212872586335834e+02 5.168206151426592498e+01
7.075305924158753896e+02 5.160738358360816846e+01
7.086410861111558006e+02 5.153302942276356191e+01
7.097531968797046602e+02 5.146042374784805418e+01
7.108673442186404827e+02 5.139098370300506957e+01
7.119836183551047952e+02 5.132585049699832069e+01
7.131016941575167039e+02 5.126581725897614206e+01
7.142212199458572286e+02 5.121165486992074278e+01
7.153416851054539620e+02 5.116395127606410398e+01
7.164615528245689120e+02 5.112211326459665628e+01
7.175788786199515243e+02 5.108507839032500897e+01
7.186917132979091321e+02 5.105178094281418311e+01
7.197977532710284549e+02 5.102095524223446432e+01
7.208940505763524698e+02 5.099097201487802522e+01
7.219775889973745961e+02 5.096016347444449934e+01
7.230453718792872451e+02 5.092689126910551067e+01
7.240946006199278600e+02 5.088981505667692318e+01
7.251225917090282564e+02 5.084776767365036676e+01
7.261266788677053228e+02 5.079958341519790110e+01
7.271131605549412598e+02 5.074371114142024908e+01
7.281122548666618286e+02 5.067757129785513115e+01
7.291581262273125503e+02 5.059841465933302374e+01
7.302886123093780952e+02 5.050307258524628651e+01
7.316039963706521121e+02 5.038124633044687073e+01
7.332567722267053796e+02 5.021667569177149915e+01
7.354010393508024208e+02 4.999291713032301487e+01
