2.436573381665279925e+01 1.673731710662507339e+02
2.600801002079755975e+01 1.666526210832727486e+02
2.731354651874891459e+01 1.660853191544335914e+02
2.839563843223254835e+01 1.656215815685276311e+02
2.936533077507139211e+01 1.652127556351265412e+02
3.029041953386735031e+01 1.648300057781746375e+02
3.119970668708014472e+01 1.644623638459002848e+02
3.212059526129526432e+01 1.640995027286356276e+02
3.307368166336118520e+01 1.637342872326552765e+02
3.405807315818659475e+01 1.633696593445960730e+02
3.506864662578750114e+01 1.630105448600193370e+02
3.610036101173609069e+01 1.626617651015511399e+02
3.714931513985364120e+01 1.623266902784373258e+02
3.821244234765789116e+01 1.620076282285764933e+02
3.928669575897124133e+01 1.617068590918826771e+02
4.036928312168847555e+01 1.614253727843618265e+02
4.145805062570567401e+01 1.611609241267429127e+02
4.255094291804692119e+01 1.609107690405771223e+02
4.364594019439831385e+01 1.606720779116772064e+02
4.474139168607153749e+01 1.604411331674113512e+02
4.583586526968285568e+01 1.602136911397489882e+02
4.692793304797180554e+01 1.599855042267050749e+02
4.801635342305321785e+01 1.597527282799142085e+02
4.910025867226386254e+01 1.595123288226023419e+02
5.017882576035215436e+01 1.592613681539396566e+02
5.125132446924830987e+01 1.589971751867525995e+02
5.231776170625678191e+01 1.587191961971316516e+02
5.337849589331526801e+01 1.584278871729440539e+02
5.443389285666791011e+01 1.581237249088310932e+02
5.548467194757019882e+01 1.578081705266565393e+02
5.653212426704652671e+01 1.574842770833492409e+02
5.757759298798127645e+01 1.571552426206276039e+02
5.862239638196689384e+01 1.568242160678203732e+02
5.966769904734552199e+01 1.564940432671495785e+02
6.071460701830982742e+01 1.561674545557731619e+02
6.176421260072415009e+01 1.558471470430449699e+02
6.281706883047587553e+01 1.555345105523445000e+02
6.387302233491067227e+01 1.552292224475819182e+02
6.493187193497556109e+01 1.549308442014865648e+02
6.599331654168220496e+01 1.546386917826107492e+02
6.705657135716334949e+01 1.543508925634994284e+02
6.812070539706256511e+01 1.540652146992325129e+02
6.918479732331864795e+01 1.537794493378532081e+02
7.024817538844172304e+01 1.534919826120261348e+02
7.131043343230344078e+01 1.532018337728662232e+02
7.237117817534020503e+01 1.529080527767219166e+02
7.342999190701057444e+01 1.526096300460550310e+02
7.448636373599488536e+01 1.523053289385782705e+02
7.553976055923124022e+01 1.519938586859948941e+02
7.658966219946535148e+01 1.516739597713503827e+02
7.763578052354020542e+01 1.513449337017844130e+02
7.867802811023855725e+01 1.510065672552775879e+02
7.971632429315711477e+01 1.506586635409968835e+02
8.075079591508219323e+01 1.503015269942575003e+02
8.178219506527780425e+01 1.499369725974928826e+02
8.281139112229789134e+01 1.495670986949863277e+02
8.383919849467571339e+01 1.491938709496654951e+02
8.486571292062531313e+01 1.488175203670685391e+02
8.589052562694743642e+01 1.484370602115416489e+02
8.691321716295813360e+01 1.480514779750841114e+02
8.793329982508792853e+01 1.476595963893459214e+02
8.895012232762081794e+01 1.472598433037475729e+02
8.996300938658686164e+01 1.468505886366689310e+02
9.097136280147498155e+01 1.464303883963279418e+02
9.197534163967520726e+01 1.459996267375146317e+02
9.297553478594475962e+01 1.455597254519574335e+02
9.397253533869778153e+01 1.451121165035072522e+02
9.496685264605834220e+01 1.446580296468657139e+02
9.595883516239992161e+01 1.441983061701584745e+02
9.694881309995795959e+01 1.437337433171594228e+02
9.793713787642970203e+01 1.432651895267449333e+02
9.892432086604402741e+01 1.427938794114602103e+02
9.991094642171159990e+01 1.423212237720004794e+02
1.008975958657594134e+02 1.418486260925895408e+02
1.018846463230477468e+02 1.413769968808551880e+02
1.028721584123638024e+02 1.409064825307014246e+02
1.038601655261657442e+02 1.404371637058194437e+02
1.048485663289269212e+02 1.399687957902554274e+02
1.058364678943374315e+02 1.394992229959334225e+02
1.068226891235559037e+02 1.390255937872775860e+02
1.078060646298360012e+02 1.385450945557392401e+02
1.087860113577479240e+02 1.380563173745662198e+02
1.097626778882428624e+02 1.375596204043065711e+02
1.107362592784888591e+02 1.370554739938279738e+02
1.117071388024449021e+02 1.365448028129642637e+02
1.126765683780872962e+02 1.360306282795956747e+02
1.136460503458327906e+02 1.355165762856476590e+02
1.146170695876032255e+02 1.350062305836961798e+02
1.155906935082280853e+02 1.345021672670416706e+02
1.165675633017690132e+02 1.340059336893440616e+02
1.175483009285636200e+02 1.335190307800798450e+02
1.185333659228705869e+02 1.330425680182169685e+02
1.195226270721882429e+02 1.325762311697260429e+02
1.205158189011831098e+02 1.321193824241285029e+02
1.215126379132256602e+02 1.316712924520192871e+02
1.225121419727325502e+02 1.312296946920229459e+02
1.235128590223094989e+02 1.307910470377248089e+02
1.245133010696355740e+02 1.303517690291622273e+02
1.255120850088914182e+02 1.299085351818016250e+02
1.265081294409108637e+02 1.294587534494668262e+02
1.275004068840866580e+02 1.289999628576879331e+02
1.284879010715254424e+02 1.285297287029436859e+02
1.294697339135333891e+02 1.280459399677305896e+02
1.304451203193443121e+02 1.275467034885230504e+02
1.314132775678215239e+02 1.270301316029905081e+02
1.323735759084211168e+02 1.264946830386338235e+02
1.333257361419868516e+02 1.259396103188976781e+02
1.342695279693897987e+02 1.253642766974787719e+02
1.352048187434270119e+02 1.247682712254365640e+02
1.361323844415010740e+02 1.241532839368645682e+02
1.370534949870411765e+02 1.235221470011404676e+02
1.379694272733783578e+02 1.228777086537069749e+02
1.388816627247644249e+02 1.222232850283079273e+02
1.397920590045884239e+02 1.215630529679270069e+02
1.407025142115043934e+02 1.209012818179019746e+02
1.416148497459130056e+02 1.202420935854954109e+02
1.425303371786859543e+02 1.195885540502048201e+02
1.434500081508247433e+02 1.189432680839603620e+02
1.443748733136827695e+02 1.183088018754735344e+02
1.453048703241478279e+02 1.176857483058661273e+02
1.462383425909359858e+02 1.170717683287260087e+02
1.471735041306694143e+02 1.164642849370468127e+02
1.481082165147734031e+02 1.158601978530074916e+02
1.490383691359837428e+02 1.152534787306547486e+02
1.499591657709890455e+02 1.146370812987787957e+02
1.508658199570469662e+02 1.140039922858249781e+02
1.517538904333837309e+02 1.133483223953605261e+02
1.526193519617771983e+02 1.126655368973829496e+02
1.534582040718595408e+02 1.119511817058448173e+02
1.542673416806150613e+02 1.112018988335516099e+02
1.550475993446837037e+02 1.104191530490660398e+02
1.558008948263446314e+02 1.096057351397469972e+02
1.565292119874521006e+02 1.087644887631355175e+02
1.572359990880217424e+02 1.078994285885294886e+02
1.579261387785919624e+02 1.070157163012574131e+02
1.586045737622974343e+02 1.061185615858606610e+02
1.592761074496478102e+02 1.052128276978767190e+02
1.599450600847666522e+02 1.043021762294407040e+02
1.606156472198385075e+02 1.033900083976378994e+02
1.612918956987167860e+02 1.024796030157912554e+02
1.619748616871392528e+02 1.015723119967230019e+02
1.626632368991258488e+02 1.006679535754140602e+02
1.633556467110991548e+02 9.976630299244445155e+01
1.640501201452402142e+02 9.886677286708939505e+01
1.647430480782791733e+02 9.796777972200995066e+01
1.654305425761765491e+02 9.706757054518787697e+01
1.661088819973176385e+02 9.616445976731526457e+01
1.667762778495271050e+02 9.525754584059326646e+01
1.674321888338162694e+02 9.434643303755140664e+01
1.680760946519727668e+02 9.343073428293624261e+01
1.687075169521910425e+02 9.251010594681119414e+01
1.693260693218664699e+02 9.158429962379035771e+01
1.699313775367886876e+02 9.065307953242098904e+01
1.705230775719826966e+02 8.971621877326877836e+01
1.711008953586638484e+02 8.877356878537214868e+01
1.716646036530920867e+02 8.782502178542439708e+01
1.722139841547040930e+02 8.687047396850155678e+01
1.727495626800615867e+02 8.591013761669316295e+01
1.732731760583938012e+02 8.494478190570805509e+01
1.737867945689165765e+02 8.397523269830921322e+01
1.742923595631645526e+02 8.300230384331393907e+01
1.747916152094852578e+02 8.202672729745556524e+01
1.752862234036691405e+02 8.104920084887912424e+01
1.757778312083601122e+02 8.007041609372957680e+01
1.762673828040108504e+02 7.909077118636948001e+01
1.767548211240158480e+02 7.811024627694200717e+01
1.772400125178757833e+02 7.712878954307129220e+01
1.777226381526666614e+02 7.614627194719405168e+01
1.782013920238412084e+02 7.516215283254372537e+01
1.786746405005623046e+02 7.417575493260035557e+01
1.791407585127655295e+02 7.318640450460426905e+01
1.795983871730671240e+02 7.219353740619285986e+01
1.800464753292380067e+02 7.119671620458157690e+01
1.804839889711590217e+02 7.019551052522878365e+01
1.809101855118247499e+02 6.918961097298969776e+01
1.813255449172563090e+02 6.817921567501532820e+01
1.817308676934661946e+02 6.716465582523468925e+01
1.821269765204332032e+02 6.614627196943929732e+01
1.825151512597840053e+02 6.512459746978504427e+01
1.828971014179451799e+02 6.410034689112640649e+01
1.832745532046521362e+02 6.307424184313320836e+01
1.836494422405316413e+02 6.204709316779133133e+01
1.840243970550276345e+02 6.102000696326147988e+01
1.844021892977086736e+02 5.999415031278577715e+01
1.847854711442124938e+02 5.897064095897192715e+01
1.851751293704022032e+02 5.794986756533997152e+01
1.855707030517104386e+02 5.693166221881203626e+01
1.859716952966669510e+02 5.591584212924323793e+01
1.863766205087940193e+02 5.490180431769075398e+01
1.867813987141036023e+02 5.388784322318856823e+01
1.871815295443523723e+02 5.287207462181718398e+01
1.875726554039150642e+02 5.185266573784296895e+01
1.879519863425604456e+02 5.082834869735100369e+01
1.883177017184601993e+02 4.979820491720466435e+01
1.886680025733499519e+02 4.876132363336206055e+01
1.890022781723142486e+02 4.771722313735379828e+01
1.893224094820567700e+02 4.666632144925541326e+01
1.896305912187874867e+02 4.560914988095242251e+01
1.899290813129888704e+02 4.454627134899017449e+01
1.902206665745156045e+02 4.347851318888039174e+01
1.905083973500674688e+02 4.240683449423287499e+01
1.907952951797763887e+02 4.133218788700368407e+01
1.910820338235774329e+02 4.025495797082186300e+01
1.913653243926982555e+02 3.917457063218746782e+01
1.916414962822119037e+02 3.809035940578181823e+01
1.919069116952749994e+02 3.700196586659071585e+01
1.921581455779790417e+02 3.591102906680281137e+01
1.923918577227641720e+02 3.481998469444680211e+01
1.926047838664861445e+02 3.373133134218252849e+01
1.927969639469661161e+02 3.265022214714014126e+01
1.929729511734391281e+02 3.158543613960814866e+01
1.931376236882016428e+02 3.054601339612197464e+01
1.932964147707874645e+02 2.953616779339873588e+01
1.934575776386778045e+02 2.853559749727870809e+01
1.936302587160416806e+02 2.751623539744603875e+01
1.938240820435903231e+02 2.644854642555834090e+01
1.940620005260383607e+02 2.526208497303029077e+01
1.943817503753201947e+02 2.384103074032071490e+01
1.948218369313377707e+02 2.206720272853248943e+01
