2.152889574737047695e+01 2.180181213463175993e+02
2.256706962205152323e+01 2.162043170515872816e+02
2.336593054896395927e+01 2.148054731122415433e+02
2.400478682773547945e+01 2.136839498763740153e+02
2.456097739115682543e+01 2.127054255283773330e+02
2.507893900933361664e+01 2.117910092610419497e+02
2.557590006097204594e+01 2.109076488518911674e+02
2.606826060424684144e+01 2.100236871373398913e+02
2.656728054593456889e+01 2.091159178152247762e+02
2.707083221451318167e+01 2.081831449407080186e+02
2.757463605099893300e+01 2.072277104613844472e+02
2.807445243020101344e+01 2.062519304127390853e+02
2.856642881214670382e+01 2.052578696596590930e+02
2.904693005259953864e+01 2.042474520039928905e+02
2.951232633202887001e+01 2.032225939394949137e+02
2.995923061672738896e+01 2.021847331549774083e+02
3.038467764570640739e+01 2.011344755490793546e+02
3.078574432686068718e+01 2.000723438579653077e+02
3.116034863428437518e+01 1.989990777699325122e+02
3.151149552724195857e+01 1.979167291557001249e+02
3.184409269487348126e+01 1.968278406931377447e+02
3.216307490051526941e+01 1.957349570121108684e+02
3.247412938578317920e+01 1.946406575104512058e+02
3.278383192735327611e+01 1.935475626404068521e+02
3.309880951200451449e+01 1.924582952201725448e+02
3.342501316092732111e+01 1.913751784561054876e+02
3.376576277097500878e+01 1.902993693472719201e+02
3.412373815582019887e+01 1.892317411852517353e+02
3.450151083920587780e+01 1.881731249416584149e+02
3.489990931918271144e+01 1.871236704094497156e+02
3.531835465519046835e+01 1.860829773511700864e+02
3.575622702405053843e+01 1.850506295934220873e+02
3.621262838228813052e+01 1.840261191984621405e+02
3.668595468952374716e+01 1.830087053722626820e+02
3.717449159580863949e+01 1.819976109378092133e+02
3.767656577605370671e+01 1.809920793181885301e+02
3.819088939462242394e+01 1.799915475050207476e+02
3.871638582980413901e+01 1.789955585482617835e+02
3.925198095310239665e+01 1.780036568154777683e+02
3.979662615229894129e+01 1.770154045682099309e+02
4.034931606703807461e+01 1.760303943995287170e+02
4.090904952656842397e+01 1.750482218405772414e+02
4.147489918278883181e+01 1.740685131688942420e+02
4.204637181687481728e+01 1.730910754725209415e+02
4.262313238346749245e+01 1.721157817171652766e+02
4.320486393217031207e+01 1.711425122946445754e+02
4.379178847105163896e+01 1.701713687413584921e+02
4.438474945679624284e+01 1.692027075855174019e+02
4.498462481559231207e+01 1.682368994988011934e+02
4.559238141732578953e+01 1.672743512122447100e+02
4.620932302768841282e+01 1.663156060404280936e+02
4.683683316449828737e+01 1.653612396308600125e+02
4.747618107369888918e+01 1.644117802134461783e+02
4.812686304475262489e+01 1.634670203222177065e+02
4.878697752614351657e+01 1.625261724511131547e+02
4.945458445307006201e+01 1.615884331127277846e+02
5.012753181383311585e+01 1.606529108390730016e+02
5.080314354513554065e+01 1.597184966248144917e+02
5.147866400098373418e+01 1.587840484293050167e+02
5.215148667851813258e+01 1.578484859929015727e+02
5.282036395952132324e+01 1.569112919599031102e+02
5.348477453749597288e+01 1.559722498417441443e+02
5.414420398788516309e+01 1.550311460018868956e+02
5.479814058023779921e+01 1.540877680101037299e+02
5.544607704031550810e+01 1.531419054314764594e+02
5.608750651195866510e+01 1.521933480182855760e+02
5.672206995319145051e+01 1.512419467727428071e+02
5.735025358618351277e+01 1.502879029501240495e+02
5.797284359108036966e+01 1.493315420996327987e+02
5.859062980007272614e+01 1.483731912846863281e+02
5.920449687114430048e+01 1.474132168880090319e+02
5.981543623359022632e+01 1.464520295648151773e+02
6.042444500962784559e+01 1.454900423308780546e+02
6.103236246153497291e+01 1.445276028134008186e+02
6.163944597758271016e+01 1.435648176163774110e+02
6.224581891035577996e+01 1.426017378236876425e+02
6.285159516379241040e+01 1.416384106034652746e+02
6.345674726208233096e+01 1.406748245326827202e+02
6.406113889500497294e+01 1.397109230847203776e+02
6.466463052481360307e+01 1.387466483954498528e+02
6.526695039538499543e+01 1.377818878234606927e+02
6.586750817185907181e+01 1.368163967420784957e+02
6.646566650472750837e+01 1.358499110467413971e+02
6.706094421818364992e+01 1.348822313279218292e+02
6.765424023690272293e+01 1.339137298834086778e+02
6.824717300942064924e+01 1.329450770741109977e+02
6.884136770770487601e+01 1.319769460479673455e+02
6.943848343056706085e+01 1.310100241309125693e+02
7.004023403999549657e+01 1.300450215343616378e+02
7.064833837269719652e+01 1.290826505486597853e+02
7.126444313010273390e+01 1.281235936676212361e+02
7.188979385593638938e+01 1.271683676810025361e+02
7.252549745260563441e+01 1.262174321107364534e+02
7.317265223547835262e+01 1.252712429367092142e+02
7.383212435143394714e+01 1.243301603743025225e+02
7.450452466728683021e+01 1.233944393413657394e+02
7.519045094557449715e+01 1.224643293504928749e+02
7.589016980858787065e+01 1.215399427914342141e+02
7.660276002223201885e+01 1.206209001709771229e+02
7.732703410214080009e+01 1.197067117435469754e+02
7.806180062963069588e+01 1.187968860448792441e+02
7.880581138542243025e+01 1.178909067976095457e+02
7.955777545935674766e+01 1.169882390750432819e+02
8.031640095477277441e+01 1.160883475107395668e+02
8.108041046402371421e+01 1.151907006869620034e+02
8.184856060354925944e+01 1.142947764585900359e+02
8.261961286853795627e+01 1.134000540101131946e+02
8.339234393817278601e+01 1.125060178374163797e+02
8.416566066346447883e+01 1.116121979707827734e+02
8.493853608780537456e+01 1.107181475947395768e+02
8.570994778880408660e+01 1.098234216419839129e+02
8.647912488239151685e+01 1.089276731976127337e+02
8.724569273702634575e+01 1.080307099678402665e+02
8.800931156271465738e+01 1.071323532543499084e+02
8.876959685313285320e+01 1.062324057995222120e+02
8.952592224120519404e+01 1.053305699625674094e+02
9.027757996264126916e+01 1.044265143191637435e+02
9.102389671738127674e+01 1.035199227030299767e+02
9.176510504387914580e+01 1.026108799371300790e+02
9.250241012890923287e+01 1.016999014084961033e+02
9.323706507642319252e+01 1.007875237180502523e+02
9.397042553868433856e+01 9.987435686949808655e+01
9.470420518069606430e+01 9.896126712753300581e+01
9.544019574852009669e+01 9.804917664628165141e+01
9.618013736168205696e+01 9.713899728331234940e+01
9.692505065593660163e+01 9.623149740009417030e+01
9.767542832186801149e+01 9.532734006305581431e+01
9.843175146306762713e+01 9.442718646895279733e+01
9.919463906096403605e+01 9.353183066643536847e+01
9.996502567668240147e+01 9.264237078029532313e+01
1.007438898322411376e+02 9.175994729374895087e+01
1.015322136352678228e+02 9.088569488311257771e+01
1.023310090212467429e+02 9.002069991844092556e+01
1.031413027178004000e+02 8.916602481389692514e+01
1.039641080212567061e+02 8.832271908132473470e+01
1.047996434145518236e+02 8.749108482869777959e+01
1.056469053467899926e+02 8.667027502278810402e+01
1.065047862976154249e+02 8.585934486254245712e+01
1.073721108872830001e+02 8.505724646517612086e+01
1.082473467278009025e+02 8.426238963491638856e+01
1.091288444415902603e+02 8.347300646308576688e+01
1.100149762298016469e+02 8.268736675318049834e+01
1.109046573941504334e+02 8.190468907188136427e+01
1.117973727198829010e+02 8.112518683846801082e+01
1.126926339267770771e+02 8.034912050781950654e+01
1.135900078235875981e+02 7.957672134677122244e+01
1.144892484078537507e+02 7.880812144307117251e+01
1.153901493991246383e+02 7.804343183837377751e+01
1.162925215899898319e+02 7.728278328013919918e+01
1.171964055539109921e+02 7.652657173029126625e+01
1.181020064713389814e+02 7.577538314112959483e+01
1.190095329771758372e+02 7.502980703956529851e+01
1.199191666842146020e+02 7.429031430558249838e+01
1.208310289153541248e+02 7.355711110220124738e+01
1.217452328358754841e+02 7.283036777450134025e+01
1.226618076931010819e+02 7.211005112238453307e+01
1.235801051903539474e+02 7.139448454526907994e+01
1.244991493700162835e+02 7.068119669249171011e+01
1.254179630595430126e+02 6.996771356918610252e+01
1.263356197687145368e+02 6.925170078063163714e+01
1.272512690663507442e+02 6.853103343024932315e+01
1.281640667804289535e+02 6.780360386177596865e+01
1.290733089507477871e+02 6.706764850634323238e+01
1.299790091730973245e+02 6.632316471630704768e+01
1.308814099767105290e+02 6.557071165907693455e+01
1.317807840672306838e+02 6.481092183328904355e+01
1.326781263760072136e+02 6.404618274994591332e+01
1.335751713931088602e+02 6.328067905173323737e+01
1.344736871531166571e+02 6.251867689501970204e+01
1.353754421382723194e+02 6.176444509776563052e+01
1.362822063114251705e+02 6.102226128096591395e+01
1.371957499411103640e+02 6.029640488308737645e+01
1.381177792470072632e+02 5.959100071715188562e+01
1.390491676269399477e+02 5.890816301459381066e+01
1.399902060636277383e+02 5.824859995214552555e+01
1.409411716485826389e+02 5.761298616693756003e+01
1.419019740349779681e+02 5.700110852728310107e+01
1.428717236611709325e+02 5.641082291630056744e+01
1.438494259470706709e+02 5.583973148173713241e+01
1.448340725041082351e+02 5.528540286221017652e+01
1.458245467149222634e+02 5.474514305677855219e+01
1.468196809272091627e+02 5.421613421765353280e+01
1.478183124749072590e+02 5.369557052282989673e+01
1.488195523423196391e+02 5.318130637003545758e+01
1.498229123724161127e+02 5.267216328453039864e+01
1.508279363042608452e+02 5.216703974535822397e+01
1.518342876043477077e+02 5.166512323702275467e+01
1.528422258102995102e+02 5.116704007731231485e+01
1.538521955985588079e+02 5.067386348352619052e+01
1.548646400252195008e+02 5.018666276227953205e+01
1.558799635497715030e+02 4.970641406742048929e+01
1.568985320351001462e+02 4.923400040003031108e+01
1.579207096168604494e+02 4.877030059249966598e+01
1.589467030073944613e+02 4.831581345438056729e+01
1.599762120804890628e+02 4.786981427741832817e+01
1.610088349058435142e+02 4.743133259637553323e+01
1.620441571607266837e+02 4.699936803278032471e+01
1.630816087787893593e+02 4.657254426936658831e+01
1.641205133736710309e+02 4.614922835031518389e+01
1.651601925575956784e+02 4.572778248878563545e+01
1.661999768646254552e+02 4.530659044367988031e+01
1.672392157491890998e+02 4.488408166552927980e+01
1.682772610796886852e+02 4.445869143447730210e+01
1.693134788025659532e+02 4.402888901234499741e+01
1.703473420014153135e+02 4.359340226942415342e+01
1.713783730160472203e+02 4.315107797103328835e+01
1.724060930819878195e+02 4.270076021514199738e+01
1.734299569415421445e+02 4.224113250923215190e+01
1.744493242553330106e+02 4.177064872514085891e+01
1.754635473716477350e+02 4.128774507438549790e+01
1.764720958685037431e+02 4.079114076191059723e+01
1.774750071331725962e+02 4.028092568835958787e+01
1.784724902296763389e+02 3.975760418330914092e+01
1.794647731794479739e+02 3.922172634419570159e+01
1.804525011494843056e+02 3.867484936080806790e+01
1.814367266757196262e+02 3.811951391209648676e+01
1.824185192589062297e+02 3.755830163432929680e+01
1.833989481119731693e+02 3.699379360615616008e+01
1.843790815457126371e+02 3.642856915845846544e+01
1.853599876946377094e+02 3.586520728060022378e+01
1.863427077824543403e+02 3.530622207852064776e+01
1.873279560223810165e+02 3.475333921802101855e+01
1.883162287225447358e+02 3.420775898383006819e+01
1.893080171221185424e+02 3.367066944179023835e+01
1.903036416951089507e+02 3.314284733846649544e+01
1.913030698038156459e+02 3.262421888600374587e+01
1.923062250754990714e+02 3.211460495266889836e+01
1.933130122578114083e+02 3.161378106669738841e+01
1.943231965663007657e+02 3.112118766515417789e+01
1.953364806778135403e+02 3.063611499624966683e+01
1.963525648912325039e+02 3.015784754582287874e+01
1.973710537824928508e+02 2.968543754601927631e+01
1.983914183043919763e+02 2.921761301762118279e+01
1.994131194813412549e+02 2.875307789205285758e+01
2.004358238907000782e+02 2.829102984490913286e+01
2.014601667719554143e+02 2.783299330644033986e+01
2.024870684383247408e+02 2.738117746230339833e+01
2.035174727456215749e+02 2.693784738548946933e+01
2.045528206228698309e+02 2.650644811840438564e+01
2.055950270439543601e+02 2.609155000738444485e+01
2.066460257336119639e+02 2.569776789648492610e+01
2.077075032729389363e+02 2.532910634158544383e+01
2.087803920535354791e+02 2.498770752844238885e+01
2.098654811122222839e+02 2.467535964735052900e+01
2.109634838756828685e+02 2.439366656962556235e+01
2.120742250659245371e+02 2.414206572243766757e+01
2.131969513895510033e+02 2.391858547309719185e+01
2.143309006129836689e+02 2.372123263824108363e+01
2.154754363825730934e+02 2.354835474657011218e+01
2.166301761773770522e+02 2.339898636137382937e+01
2.177947679897046100e+02 2.327224463442830427e+01
2.189688117551444293e+02 2.316717615721525902e+01
2.201515624270933529e+02 2.308232099383067748e+01
2.213421242350612772e+02 2.301599790484202757e+01
2.225395959400113384e+02 2.296652301360728288e+01
2.237428663643754021e+02 2.293213821662608609e+01
2.249505382263184288e+02 2.291098425402251593e+01
2.261611937146022910e+02 2.290119460744796953e+01
2.273734397562050731e+02 2.290113933648528288e+01
2.285859967063389888e+02 2.291027324412539201e+01
2.297976174103278311e+02 2.292836184466252547e+01
2.310070670448030228e+02 2.295519204796313062e+01
2.322133610836431501e+02 2.299098462038320179e+01
2.334157481054180607e+02 2.303636438379346529e+01
2.346134857961799867e+02 2.309197120882340926e+01
2.358061275198618318e+02 2.315797837998176334e+01
2.369941052069995067e+02 2.323317278458485902e+01
2.381780132215687615e+02 2.331608498645087124e+01
2.393585149843567024e+02 2.340509516775320265e+01
2.405370592984859570e+02 2.349687322190828809e+01
2.417155935222717176e+02 2.358700336303810374e+01
2.428960692587169490e+02 2.367106131992692042e+01
2.440799687565830425e+02 2.374574091712777957e+01
2.452678512475415005e+02 2.380993479069040930e+01
2.464601682972150059e+02 2.386279205874717491e+01
2.476572511282467701e+02 2.390374088145165743e+01
2.488585916989310078e+02 2.393415544040571419e+01
2.500633245703719183e+02 2.395623862225359701e+01
2.512705790456058992e+02 2.397220500527249243e+01
2.524793228066761230e+02 2.398462338323614418e+01
2.536883084974543294e+02 2.399653383678993990e+01
2.548962738671029911e+02 2.401100909046341769e+01
2.561019830433161815e+02 2.403105281156032902e+01
2.573043178397044244e+02 2.405936057355130941e+01
2.585021928773322770e+02 2.409854206219442929e+01
2.596945534537875346e+02 2.415113278253173590e+01
2.608809430913428287e+02 2.421822164263222987e+01
2.620614493771612388e+02 2.429958192009243234e+01
2.632361799460962288e+02 2.439493841637117200e+01
2.644054885774096988e+02 2.450342300335786305e+01
2.655704412675335107e+02 2.462245191526983490e+01
2.667322320821892845e+02 2.474913288421753066e+01
2.678920151328985071e+02 2.488067042084790614e+01
2.690505047035107964e+02 2.501533440261327712e+01
2.702081425961510490e+02 2.515205472224756278e+01
2.713653631502557459e+02 2.528977933056150462e+01
2.725222070108698063e+02 2.542840767918880118e+01
2.736779596878030816e+02 2.556966426937760772e+01
2.748318212389248743e+02 2.571548012701517649e+01
2.759828489269609690e+02 2.586813110524196446e+01
2.771291324120267063e+02 2.603222966153328599e+01
2.782683597742460506e+02 2.621335800431144136e+01
2.793982281131947047e+02 2.641707656677968075e+01
2.805168356862623114e+02 2.664797725679553153e+01
2.816228018690288195e+02 2.690939383353589776e+01
2.827147808642795326e+02 2.720457597198373989e+01
2.837916586933189365e+02 2.753621364744369515e+01
2.848533277450394507e+02 2.790456707413704507e+01
2.858999534315730671e+02 2.830923728245299742e+01
2.869317668516769118e+02 2.874966672238514676e+01
2.879502303284382378e+02 2.922232542691527613e+01
2.889578996605414432e+02 2.972104356447231055e+01
2.899573689029126058e+02 3.023955894552386070e+01
2.909514395783521650e+02 3.077110860441939266e+01
2.919434978420731568e+02 3.130751841750722875e+01
2.929370320859251819e+02 3.184036748719029575e+01
2.939354300770878012e+02 3.236147787675000842e+01
2.949410070457419124e+02 3.286526131789621985e+01
2.959554297951685840e+02 3.334769518592326421e+01
2.969803484558652258e+02 3.380479711013691002e+01
2.980165999607922913e+02 3.423454790309798312e+01
2.990634998002387874e+02 3.463860137272412487e+01
3.001201964799525967e+02 3.501901445315987615e+01
3.011856289795059638e+02 3.537834965150221933e+01
3.022573565498075254e+02 3.572249866983058553e+01
3.033323804257024676e+02 3.605869966647166791e+01
3.044077045041964311e+02 3.639418428686948914e+01
3.054804886756688802e+02 3.673580448388904074e+01
3.065480906852391172e+02 3.708993062598838009e+01
3.076078810303034174e+02 3.746290204219867803e+01
3.086575413697262888e+02 3.786030504616667969e+01
3.096960677974636837e+02 3.828454499905223685e+01
3.107228034308405427e+02 3.873718746029735627e+01
3.117371500653089811e+02 3.921965609931892516e+01
3.127395673806829564e+02 3.973081650738963333e+01
3.137314325191648550e+02 4.026731575307003652e+01
3.147141530053877432e+02 4.082572744167109136e+01
3.156891151929855823e+02 4.140267964360575803e+01
3.166576473288120042e+02 4.199494991640349895e+01
3.176210677788010344e+02 4.259934123752217516e+01
3.185805984348631910e+02 4.321289352035586262e+01
3.195364652282150359e+02 4.383509271372129490e+01
3.204883065267039797e+02 4.446686779608731399e+01
3.214357506100580508e+02 4.510917294354290874e+01
3.223781822741207748e+02 4.576360148274470419e+01
3.233145419289367624e+02 4.643291326287608456e+01
3.242437226917778617e+02 4.711999227769198484e+01
3.251647292021336284e+02 4.782747473475998845e+01
3.260772798575184765e+02 4.855641097486860502e+01
3.269813743342569978e+02 4.930722637809896725e+01
3.278770275021088878e+02 5.008031089573895400e+01
3.287647622064304187e+02 5.087486733419710561e+01
3.296457303889431500e+02 5.168862829435404649e+01
3.305211230755898555e+02 5.251923503681162231e+01
3.313921363030640350e+02 5.336425287606181200e+01
3.322599867052387026e+02 5.422093494270607295e+01
3.331258962076350940e+02 5.508645416377501647e+01
3.339910704984576455e+02 5.595797907512943681e+01
3.348564335385058257e+02 5.683260202417763907e+01
3.357226707006352626e+02 5.770735083621889316e+01
3.365904594078408536e+02 5.857925104296006680e+01
3.374602384592767521e+02 5.944518106733674756e+01
3.383318086886380343e+02 6.030162603413631217e+01
3.392048654504081355e+02 6.114500604146152796e+01
3.400790095016536156e+02 6.197173932791127982e+01
3.409528954370942984e+02 6.277822553334571154e+01
3.418246332102380620e+02 6.356085359159758497e+01
3.426923202993349378e+02 6.431602148980452682e+01
3.435535187163725936e+02 6.504095445209081561e+01
3.444048370458324371e+02 6.573435064411587803e+01
3.452427855114864883e+02 6.639506018810952526e+01
3.460672679213566312e+02 6.702441821223548857e+01
3.468993006535551444e+02 6.763921985922837621e+01
3.477680062428300971e+02 6.826219613368932926e+01
3.487038939914702382e+02 6.891693147813568032e+01
3.497830595799800903e+02 6.965499981976917354e+01
3.511367247126802340e+02 7.056182179745667327e+01
3.528994106752651874e+02 7.172484395310763716e+01
