4.672597670557929206e+01 5.071929046117912776e+01
4.893989812420666397e+01 5.086996890730462439e+01
5.062009077644042776e+01 5.099107587695206689e+01
5.194409203858590729e+01 5.109350298262868506e+01
5.308426679390598935e+01 5.118782978758294178e+01
5.413773189081265258e+01 5.128009624654039555e+01
5.514475728949750533e+01 5.137291282110056301e+01
5.614414474077523209e+01 5.146879906312966568e+01
5.716278865301324430e+01 5.156914067778015465e+01
5.820205637223781281e+01 5.167289261994466187e+01
5.926001687344560764e+01 5.177869576543656649e+01
6.033467920313862010e+01 5.188529834252847905e+01
6.142363874999293216e+01 5.199218958233583976e+01
6.252431635792708420e+01 5.209917138541596415e+01
6.363414906988501230e+01 5.220602846317738965e+01
6.475112943708360547e+01 5.231194121173745515e+01
6.587391948539583097e+01 5.241536173243975583e+01
6.700122110490289629e+01 5.251469876168403061e+01
6.813190962056781075e+01 5.260821474465419811e+01
6.926548370586064607e+01 5.269364633604698156e+01
7.040158202681985244e+01 5.276861210772132438e+01
7.153982798602076798e+01 5.283080871564644809e+01
7.267965129290155346e+01 5.287892370208085424e+01
7.382034851511474471e+01 5.291232572980114668e+01
7.496121383714448427e+01 5.293039962452240843e+01
7.610156976032516241e+01 5.293286586967367668e+01
7.724079378152659103e+01 5.292009684589691432e+01
7.837826971625453609e+01 5.289253983266278425e+01
7.951346588367556478e+01 5.285079247441156269e+01
8.064637210008459078e+01 5.279638036236330834e+01
8.177717692186746490e+01 5.273118272387016958e+01
8.290608523251972883e+01 5.265710507140084218e+01
8.403373808887155860e+01 5.257675330080024878e+01
8.516125532801184761e+01 5.249350210716696097e+01
8.628978122987241761e+01 5.241076537139466041e+01
8.742033318307639433e+01 5.233154020467684120e+01
8.855351846624689927e+01 5.225747672743736416e+01
8.968986165845056746e+01 5.218995343653696750e+01
9.082984929544295483e+01 5.213025067171395932e+01
9.197354423396063794e+01 5.207855562091959456e+01
9.312074455839220377e+01 5.203437232200282381e+01
9.427124323539143802e+01 5.199719358099002164e+01
9.542473962882537819e+01 5.196644256323993005e+01
9.658076818976039135e+01 5.194141973864522299e+01
9.773884658253645341e+01 5.192141308773916109e+01
9.889847523085366277e+01 5.190579941157412236e+01
1.000590592499484899e+02 5.189444652240060663e+01
1.012199710028070001e+02 5.188739096587495681e+01
1.023805791710986313e+02 5.188469232875355885e+01
1.035401684514225451e+02 5.188693661301128657e+01
1.046979395553073431e+02 5.189523623584145184e+01
1.058530895205164768e+02 5.191072666237474920e+01
1.070047909343174837e+02 5.193471960790613906e+01
1.081521452334712023e+02 5.196903967256142920e+01
1.092942409841055280e+02 5.201560423377393505e+01
1.104301887908723074e+02 5.207629431254854069e+01
1.115593157648816174e+02 5.215263376433756548e+01
1.126810719040528852e+02 5.224594372114869856e+01
1.137949129489080065e+02 5.235753304717020029e+01
1.149005783206733042e+02 5.248805964102765387e+01
1.159982613760541028e+02 5.263713975008163715e+01
1.170881962318777312e+02 5.280429608894455384e+01
1.181706244517086191e+02 5.298903311315571329e+01
1.192458245277411493e+02 5.319076473087076806e+01
1.203140863781825374e+02 5.340887683416173104e+01
1.213756957883520329e+02 5.364276449686971660e+01
1.224308576477815222e+02 5.389200252901573407e+01
1.234797031491775954e+02 5.415632948197713148e+01
1.245223607140902971e+02 5.443549006463736362e+01
1.255589188389330388e+02 5.472931793891976326e+01
1.265893612559310668e+02 5.503788018092512857e+01
1.276136547212672809e+02 5.536128168930662952e+01
1.286317762739872990e+02 5.569960120654859281e+01
1.296437924521270872e+02 5.605268981959169139e+01
1.306498158761812931e+02 5.642028139699026923e+01
1.316499591459828480e+02 5.680210974524562317e+01
1.326443144358179893e+02 5.719795479619453005e+01
1.336329442051229535e+02 5.760766358428082867e+01
1.346159085717355310e+02 5.803108843178752352e+01
1.355933264290588625e+02 5.846793946361040639e+01
1.365655783819662759e+02 5.891729363868436309e+01
1.375331178515764066e+02 5.937805174954237231e+01
1.384963984232838641e+02 5.984911421948068977e+01
1.394558763916481325e+02 6.032937539111903646e+01
1.404120102992052068e+02 6.081772456152963713e+01
1.413652584602660340e+02 6.131305159181831499e+01
1.423159951979882010e+02 6.181444954097872113e+01
1.432643957828711052e+02 6.232149303157396503e+01
1.442106066477485342e+02 6.283382645247650089e+01
1.451547717858273074e+02 6.335110018531882758e+01
1.460970163093260794e+02 6.387301099146488070e+01
1.470374565232460213e+02 6.439927726654796913e+01
1.479762078712191737e+02 6.492961949501251695e+01
1.489133528611508552e+02 6.546383796700837365e+01
1.498489304040353147e+02 6.600183861122928874e+01
1.507829764140480222e+02 6.654353461788274160e+01
1.517154961729679599e+02 6.708891317816704714e+01
1.526463724329869081e+02 6.763825748724389086e+01
1.535754573139002446e+02 6.819192474126583647e+01
1.545026094550058247e+02 6.875025639843450165e+01
1.554277823395706264e+02 6.931336496548217951e+01
1.563510011016959425e+02 6.988118998544034355e+01
1.572722930591957891e+02 7.045366572970047514e+01
1.581917598273858232e+02 7.103054708113556615e+01
1.591096623011999327e+02 7.161120434798230860e+01
1.600262819562119319e+02 7.219495814729765470e+01
1.609419394224812550e+02 7.278103456171322705e+01
1.618572255948139400e+02 7.336800714779354848e+01
1.627728454074263880e+02 7.395417412582995098e+01
1.636895019696745521e+02 7.453783812089533001e+01
1.646078248134136572e+02 7.511747936514403534e+01
1.655283547980624519e+02 7.569179213513896798e+01
1.664516274970750942e+02 7.625948346711678028e+01
1.673780111680521259e+02 7.681966432741677409e+01
1.683072727127050712e+02 7.737289746199661522e+01
1.692390439793130099e+02 7.792007165971784843e+01
1.701729453617197976e+02 7.846210336233640703e+01
1.711084518971412649e+02 7.900025992645886674e+01
1.720449387068060503e+02 7.953604992234809856e+01
1.729817808200973275e+02 8.007098214191626084e+01
1.739185798051316851e+02 8.060601846546087756e+01
1.748553772019465100e+02 8.114105858956526163e+01
1.757922651005442276e+02 8.167588017268374756e+01
1.767293718859147020e+02 8.221017325161906797e+01
1.776670499301675648e+02 8.274308712399928822e+01
1.786057369658453524e+02 8.327356501430877245e+01
1.795458652509535966e+02 8.380056336447881904e+01
1.804877126035235619e+02 8.432341148764778893e+01
1.814313873153801069e+02 8.484184799151367429e+01
1.823769889934919775e+02 8.535563245200573590e+01
1.833245605389255957e+02 8.586466135928276344e+01
1.842739615804828190e+02 8.636927370736974297e+01
1.852250147897222519e+02 8.686989772214047889e+01
1.861775438611720119e+02 8.736695916363602521e+01
1.871313838819225737e+02 8.786085633052236687e+01
1.880863770586889530e+02 8.835197035985892455e+01
1.890423664099445205e+02 8.884068042943142984e+01
1.899992562059506156e+02 8.932721784885305283e+01
1.909570586326009050e+02 8.981155340820163246e+01
1.919157968606864131e+02 9.029363137887270341e+01
1.928755223633727951e+02 9.077332768650458661e+01
1.938364430729765502e+02 9.125014043264121710e+01
1.947988206881750557e+02 9.172343788157149902e+01
1.957629204911763168e+02 9.219257963596996319e+01
1.967290890605437994e+02 9.265672879771702242e+01
1.976977542711967146e+02 9.311485196789907093e+01
1.986693475125440784e+02 9.356590725249810703e+01
1.996442780389405414e+02 9.400890597626070644e+01
2.006228906921283226e+02 9.444301432958830844e+01
2.016055186620547204e+02 9.486742651700468798e+01
2.025924645515946168e+02 9.528141049859959821e+01
2.035837304762202393e+02 9.568495880914171892e+01
2.045791479978863379e+02 9.607847524443477027e+01
2.055785450080765315e+02 9.646237244842163250e+01
2.065816372327966235e+02 9.683733336404081626e+01
2.075879609149603766e+02 9.720447345678954321e+01
2.085970361811982059e+02 9.756494702956183573e+01
2.096083929705855553e+02 9.791988474717460633e+01
2.106216098824555729e+02 9.827030005239188881e+01
2.116362805720138169e+02 9.861717011853852455e+01
2.126520046848391985e+02 9.896145778589115594e+01
2.136684989366646334e+02 9.930384578470516033e+01
2.146855866952382428e+02 9.964476166236259758e+01
2.157030953593054505e+02 9.998462332501922845e+01
2.167209205994966510e+02 1.003236871618749433e+02
2.177391372329430510e+02 1.006617857390938866e+02
2.187578491057663541e+02 1.009986829463394287e+02
2.197771782056846632e+02 1.013341005669658159e+02
2.207974044194968144e+02 1.016673939034901224e+02
2.218188889352300635e+02 1.019977295597853981e+02
2.228419951735292557e+02 1.023242690457914250e+02
2.238671659512921224e+02 1.026459940673915696e+02
2.248949595901711973e+02 1.029616247535979028e+02
2.259259435138585559e+02 1.032698606205656091e+02
2.269607442043308083e+02 1.035692614785721872e+02
2.280002511139066428e+02 1.038577650659426723e+02
2.290454268614071793e+02 1.041331360412974050e+02
2.300972205291022874e+02 1.043931705284143163e+02
2.311563537771013728e+02 1.046361932866104638e+02
2.322233595580100030e+02 1.048609677197620158e+02
2.332987647005404028e+02 1.050662713463277385e+02
2.343829792628826851e+02 1.052511190346753267e+02
2.354761365659538797e+02 1.054150881544397151e+02
2.365783298384810109e+02 1.055578375673782858e+02
2.376895818365522075e+02 1.056791658737897990e+02
2.388093699078024770e+02 1.057799531515951230e+02
2.399369169888759075e+02 1.058615839442985873e+02
2.410714367382494174e+02 1.059254583925622342e+02
2.422118244185637082e+02 1.059734943761452257e+02
2.433565538329614810e+02 1.060082951043089849e+02
2.445040698137777895e+02 1.060325108953469453e+02
2.456527877254137024e+02 1.060487622411798441e+02
2.468010050605333845e+02 1.060595503282374352e+02
2.479469898438668736e+02 1.060673465165767340e+02
2.490890226032430803e+02 1.060745947632051411e+02
2.502255657582098820e+02 1.060833403729499480e+02
2.513552191402514495e+02 1.060953274848209844e+02
2.524765881300085368e+02 1.061122908671299285e+02
2.535886628450359126e+02 1.061356188243520648e+02
2.546912582051673439e+02 1.061659569088344028e+02
2.557842957035628615e+02 1.062038547013596457e+02
2.568678678478849520e+02 1.062498462415921381e+02
2.579432475773701299e+02 1.063043582962663720e+02
2.590122059196023656e+02 1.063677723678273139e+02
2.600765151671113813e+02 1.064404669875076053e+02
2.611379313580561643e+02 1.065227278013378509e+02
2.621981909415278551e+02 1.066147285141015573e+02
2.632590291897438419e+02 1.067166361597372912e+02
2.643219218987061367e+02 1.068284608357759566e+02
2.653874122716759985e+02 1.069496485889964248e+02
2.664558340688001863e+02 1.070795187907905870e+02
2.675274804637992929e+02 1.072174097116889868e+02
2.686021295891998761e+02 1.073628994520330053e+02
2.696792055458614641e+02 1.075157309676137913e+02
2.707581237482246479e+02 1.076756546699707826e+02
2.718380906249366262e+02 1.078429310044059548e+02
2.729179067231446538e+02 1.080188109776617011e+02
2.739963259568024228e+02 1.082046594056669022e+02
2.750721741836758838e+02 1.084017303827598937e+02
2.761447212481123756e+02 1.086105947075363218e+02
2.772134061956474511e+02 1.088315627778137582e+02
2.782776812048221586e+02 1.090649230284843298e+02
2.793373487948008460e+02 1.093103767881949295e+02
2.803925960478578645e+02 1.095669809287729066e+02
2.814436297231644630e+02 1.098337593587826717e+02
2.824907031773627182e+02 1.101096969521975382e+02
2.835342203691255918e+02 1.103936524240258166e+02
2.845746156263472812e+02 1.106844590490514406e+02
2.856123170794671182e+02 1.109809736478406705e+02
2.866476838393945172e+02 1.112823152645613902e+02
2.876810318842371998e+02 1.115877668163973908e+02
2.887126764438244209e+02 1.118966140968007181e+02
2.897429249424592967e+02 1.122081754608855135e+02
2.907720710523841490e+02 1.125218266320888745e+02
2.918004070459980994e+02 1.128369491734573700e+02
2.928281889913728264e+02 1.131530100521699467e+02
2.938554728144243882e+02 1.134699483603815224e+02
2.948822456632738636e+02 1.137878654335023043e+02
2.959084927483391425e+02 1.141068666377379230e+02
2.969341561517717309e+02 1.144271466532863712e+02
2.979591348274573193e+02 1.147489894743382308e+02
2.989833259026305541e+02 1.150726828562567334e+02
3.000066798144708855e+02 1.153983803824601040e+02
3.010293021311455846e+02 1.157258451984025669e+02
3.020513264829414197e+02 1.160547698220195798e+02
3.030728936234313551e+02 1.163848287485406985e+02
3.040942142853589871e+02 1.167155194181333684e+02
3.051155389209146165e+02 1.170462387763572565e+02
3.061371184049869498e+02 1.173763826665311996e+02
3.071592014389532324e+02 1.177053502855076772e+02
3.081820332462169176e+02 1.180325461963408031e+02
3.092058587378847960e+02 1.183573754439308487e+02
3.102308996451406529e+02 1.186792989650374750e+02
3.112572627491189223e+02 1.189980548661099249e+02
3.122850192644905292e+02 1.193134670121127527e+02
3.133142337819393788e+02 1.196253752931272061e+02
3.143448415490004777e+02 1.199339325149813931e+02
3.153766599803806230e+02 1.202395765527025446e+02
3.164095022107548516e+02 1.205427556367028785e+02
3.174431941108891237e+02 1.208438876130024084e+02
3.184775949712526995e+02 1.211433105984976919e+02
3.195125694976603086e+02 1.214413497907373909e+02
3.205479785908137274e+02 1.217383396441334753e+02
3.215836500328371130e+02 1.220346951820940831e+02
3.226193945533105989e+02 1.223308729124890561e+02
3.236550236785765833e+02 1.226273274260446868e+02
3.246903966372682930e+02 1.229243983432554330e+02
3.257254420547621976e+02 1.232222580272459282e+02
3.267600940250576969e+02 1.235210656608769426e+02
3.277942853470058822e+02 1.238209835751178787e+02
3.288279430525202542e+02 1.241221881186027787e+02
3.298609925689736997e+02 1.244248595401147952e+02
3.308933664116825639e+02 1.247291609758398749e+02
3.319251161523818610e+02 1.250349681211249617e+02
3.329563921519451242e+02 1.253419181622670635e+02
3.339873477460861864e+02 1.256496411032603078e+02
3.350181319007061802e+02 1.259577774775758883e+02
3.360488832255817897e+02 1.262659927727459603e+02
3.370797388301503474e+02 1.265739560915112918e+02
3.381108250127633710e+02 1.268813626315328804e+02
3.391421844015995362e+02 1.271881095467251157e+02
3.401738205960853065e+02 1.274941881954289897e+02
3.412057383702543234e+02 1.277995870997217764e+02
3.422379990454487597e+02 1.281041582480731904e+02
3.432707387944931270e+02 1.284075728998758166e+02
3.443040989354459498e+02 1.287094898913418888e+02
3.453381873786029814e+02 1.290096487093829865e+02
3.463729784032061048e+02 1.293081114437072188e+02
3.474084128807345451e+02 1.296050208347220689e+02
3.484444189700068932e+02 1.299005503138141933e+02
3.494807398894924972e+02 1.301953197964684534e+02
3.505169791426038728e+02 1.304902864990925480e+02
3.515527368979805942e+02 1.307864156889285709e+02
3.525876327690107246e+02 1.310846256903992071e+02
3.536213280549008573e+02 1.313857341915099255e+02
3.546534894411135497e+02 1.316905458769587653e+02
3.556838170742533975e+02 1.319997846494532610e+02
3.567122420672317844e+02 1.323136168121358764e+02
3.577387929902208725e+02 1.326319733865352930e+02
3.587635009560082153e+02 1.329547792557979449e+02
3.597864697207800191e+02 1.332817839275203653e+02
3.608078905874178872e+02 1.336125255542355887e+02
3.618279600711407511e+02 1.339465297048616890e+02
3.628468809088873286e+02 1.342833069280184191e+02
3.638648781992992554e+02 1.346223137873344342e+02
3.648821820630447519e+02 1.349629947224060516e+02
3.658990233818711886e+02 1.353047923354436648e+02
3.669156426956147925e+02 1.356471259122558308e+02
3.679322871829385235e+02 1.359893987113028118e+02
3.689492042545438721e+02 1.363310134308574391e+02
3.699666536072543295e+02 1.366713431078716212e+02
3.709849187993687565e+02 1.370097031725991030e+02
3.720042861307177873e+02 1.373454024366518809e+02
3.730250427024679425e+02 1.376777477770172879e+02
3.740474805610707563e+02 1.380060341315413552e+02
3.750718936376020451e+02 1.383295518881196529e+02
3.760985729673498099e+02 1.386475984256907452e+02
3.771277302248876140e+02 1.389596627167147744e+02
3.781594899718435840e+02 1.392654440426931330e+02
3.791939722950176588e+02 1.395646524883100028e+02
3.802312276283849997e+02 1.398571662950352277e+02
3.812710812894828223e+02 1.401434071834798090e+02
3.823133132006378219e+02 1.404239064679833007e+02
3.833576968634969262e+02 1.406992109637830026e+02
3.844039342741726841e+02 1.409700401158121394e+02
3.854516827423810241e+02 1.412372212515462877e+02
3.865005988464599795e+02 1.415015834641666572e+02
3.875503348986602532e+02 1.417639661461047638e+02
3.886005356950857959e+02 1.420252268353868033e+02
3.896508452667603137e+02 1.422862249171070630e+02
3.907009076370437697e+02 1.425478197948627894e+02
3.917503667869299306e+02 1.428108709745394549e+02
3.927988666828542250e+02 1.430762379971734219e+02
3.938460521769639513e+02 1.433447782655041749e+02
3.948915884930949005e+02 1.436173000007097471e+02
3.959351612267715268e+02 1.438945622424069484e+02
3.969764569026216918e+02 1.441773217871591726e+02
3.980152097341294848e+02 1.444662203004809840e+02
3.990512927084973853e+02 1.447615644185903534e+02
4.000846039161307885e+02 1.450636001732301850e+02
4.011150486066723033e+02 1.453725563121980429e+02
4.021426023621115746e+02 1.456884917858143353e+02
4.031672806843454282e+02 1.460113691691214513e+02
4.041890988398986337e+02 1.463411516053977550e+02
4.052080266788077552e+02 1.466779118829808226e+02
4.062239613773072051e+02 1.470218982402179506e+02
4.072367935860495436e+02 1.473733746695982632e+02
4.082463702982001905e+02 1.477327105620571501e+02
4.092523220079154953e+02 1.481007979831204580e+02
4.102542122228293806e+02 1.484786907180059075e+02
4.112515979355418949e+02 1.488674582806373223e+02
4.122439091086698113e+02 1.492684768628897984e+02
4.132304599793160946e+02 1.496834020431470549e+02
4.142105608547966540e+02 1.501138988871520894e+02
4.151836735907475600e+02 1.505612665907183612e+02
4.161496577079814188e+02 1.510258443012019143e+02
4.171084371651799643e+02 1.515078155992173663e+02
4.180599576154309602e+02 1.520073116904170547e+02
4.190043535335120168e+02 1.525240079243047830e+02
4.199418566172835199e+02 1.530573449329626783e+02
4.208727020412643469e+02 1.536067549550770650e+02
4.217972609690864374e+02 1.541713419226796304e+02
4.227161023997770144e+02 1.547497321510599591e+02
4.236298109222463495e+02 1.553405143182141614e+02
4.245389732231836319e+02 1.559422720375283120e+02
4.254441853301126457e+02 1.565535663710696213e+02
4.263460458694677300e+02 1.571729521064295909e+02
4.272451365526425775e+02 1.577990248677016325e+02
4.281417549694219815e+02 1.584310662089235962e+02
4.290359629547301665e+02 1.590689268464686847e+02
4.299278146706802772e+02 1.597124760205078644e+02
4.308172121175821303e+02 1.603619503224912251e+02
4.317036966838224430e+02 1.610184569385146460e+02
4.325867575142947885e+02 1.616832291816885459e+02
4.334659209939179618e+02 1.623574104598780821e+02
4.343410017191038150e+02 1.630414483778454553e+02
4.352119487252726344e+02 1.637354659763386451e+02
4.360787199377951424e+02 1.644395648338607430e+02
4.369416032770149627e+02 1.651530498502585260e+02
4.378013234765106745e+02 1.658741713645186735e+02
4.386586352960731574e+02 1.666011072259118464e+02
4.395142791214088902e+02 1.673320699855991620e+02
4.403689378418870888e+02 1.680654110023043302e+02
4.412232799727936481e+02 1.687995163366420570e+02
4.420779582441655862e+02 1.695328101582052511e+02
4.429333957465099729e+02 1.702642710357393980e+02
4.437898420868293670e+02 1.709932963644303641e+02
4.446475425797964363e+02 1.717192939020710867e+02
4.455067397127971844e+02 1.724416782321856090e+02
4.463676699120559306e+02 1.731598785713582060e+02
4.472305688206299124e+02 1.738733260269222569e+02
4.480956894752753783e+02 1.745814097141508228e+02
4.489634049731632786e+02 1.752832288971481773e+02
4.498341390714899717e+02 1.759777605360299617e+02
4.507083155814066231e+02 1.766639814606380412e+02
4.515863541929439862e+02 1.773408784495800887e+02
4.524686696295359525e+02 1.780074502712878939e+02
4.533556763161784033e+02 1.786626964146502701e+02
4.542477215666398251e+02 1.793057783895147850e+02
4.551449114878269029e+02 1.799364400310461178e+02
4.560472980160379848e+02 1.805545559539265525e+02
4.569549374898354017e+02 1.811599901448239791e+02
4.578679421124520559e+02 1.817524717210533254e+02
4.587864624876660287e+02 1.823316370927391290e+02
4.597106490568377239e+02 1.828971230621151562e+02
4.606405412723848940e+02 1.834488343823714445e+02
4.615759630296879550e+02 1.839871962073162877e+02
4.625167134579997423e+02 1.845126934814674371e+02
4.634625859935963490e+02 1.850258248934549101e+02
4.644133389397090355e+02 1.855271739508985434e+02
4.653687172105316563e+02 1.860173564855344353e+02
4.663284632821257105e+02 1.864969942152586668e+02
4.672922536190286564e+02 1.869668682235542292e+02
4.682596922260190695e+02 1.874279345268743384e+02
4.692303793770185507e+02 1.878811581487387912e+02
4.702038279654637449e+02 1.883277150679427336e+02
4.711792684729286407e+02 1.887694630662250574e+02
4.721558744320329311e+02 1.892083974123431744e+02
4.731328433378417344e+02 1.896464555246392081e+02
4.741096395492992315e+02 1.900849305555751982e+02
4.750858941982427837e+02 1.905247130325547857e+02
4.760612432243861463e+02 1.909666818757444275e+02
4.770355195621889948e+02 1.914112404177853648e+02
4.780089032186339750e+02 1.918579540838859145e+02
4.789816095297464358e+02 1.923063030073739412e+02
4.799538763834144675e+02 1.927557128765064931e+02
4.809260663371073861e+02 1.932053084002194510e+02
4.818985847903371678e+02 1.936541108574937766e+02
4.828718328742063477e+02 1.941011518321527660e+02
4.838461126500889122e+02 1.945457020832527633e+02
4.848216271096304695e+02 1.949872715450832175e+02
4.857985747997430508e+02 1.954253808824577163e+02
4.867770032647721905e+02 1.958599153124797283e+02
4.877565206342889610e+02 1.962918208929064008e+02
4.887366555507803696e+02 1.967222355802088316e+02
4.897168812481262421e+02 1.971524310991084405e+02
4.906961266260523189e+02 1.975849933136170762e+02
4.916730116258912062e+02 1.980232539795099171e+02
4.926461569745967495e+02 1.984705429559228946e+02
4.936144670558908274e+02 1.989295052949385649e+02
4.945773001506728974e+02 1.994016902454594913e+02
4.955340552965253096e+02 1.998885486611898159e+02
4.964843158498745197e+02 2.003910864106572944e+02
4.974285792107546058e+02 2.009081026653027209e+02
4.983676255915908655e+02 2.014377138268672525e+02
4.993022472330098367e+02 2.019780072584171080e+02
5.002334699779434004e+02 2.025265063566178867e+02
5.011625324832289721e+02 2.030802207394212928e+02
5.020906810746845963e+02 2.036361415102026058e+02
5.030191080677764717e+02 2.041913901646721570e+02
5.039488640539570952e+02 2.047434303500818658e+02
5.048809766596469331e+02 2.052897811560936248e+02
5.058164216519040792e+02 2.058280868719465388e+02
5.067557234292551129e+02 2.063570814869000856e+02
5.076991739834514874e+02 2.068760600697989389e+02
5.086470584146709371e+02 2.073843343272255026e+02
5.095994089456714846e+02 2.078818264662052684e+02
5.105558899160524788e+02 2.083693468427809421e+02
5.115161366753766288e+02 2.088477758011726166e+02
5.124797262023759004e+02 2.093181346054409744e+02
5.134459755664811382e+02 2.097820719970399921e+02
5.144141295222960935e+02 2.102414113010897552e+02
5.153834425771506176e+02 2.106979522975900068e+02
5.163533331034790308e+02 2.111530991618344615e+02
5.173233554436452550e+02 2.116079278092125548e+02
5.182930685343579853e+02 2.120635030633998497e+02
5.192621670113283017e+02 2.125205621413790027e+02
5.202306671066016861e+02 2.129790658571386643e+02
5.211986316433500406e+02 2.134388625436268399e+02
5.221661442123495362e+02 2.138997503960401048e+02
5.231334491309582972e+02 2.143611395787841047e+02
5.241008656889879376e+02 2.148222592555906658e+02
5.250687137284227219e+02 2.152823372570371703e+02
5.260373184012003094e+02 2.157405885910172287e+02
5.270070118880236123e+02 2.161962112920805055e+02
5.279781268527473230e+02 2.166484022280417889e+02
5.289509586955811073e+02 2.170964482270703968e+02
5.299256537621515690e+02 2.175399959587534511e+02
5.309023211344392621e+02 2.179787820530326030e+02
5.318810728319202781e+02 2.184125360476532762e+02
5.328620636079572250e+02 2.188408843050004009e+02
5.338454804996595158e+02 2.192633752425904277e+02
5.348315114371282561e+02 2.196795551219397851e+02
5.358203616456165719e+02 2.200889284499070584e+02
5.368122734278711050e+02 2.204909102193595913e+02
5.378074938774490192e+02 2.208849038569939012e+02
5.388062529930836035e+02 2.212703540631290480e+02
5.398086627760834517e+02 2.216469904302203418e+02
5.408147854382212927e+02 2.220146627622257824e+02
5.418246781584570044e+02 2.223732330147594496e+02
5.428382376487637657e+02 2.227229505893714929e+02
5.438551672332096132e+02 2.230645318207748460e+02
5.448751587228622384e+02 2.233987208417082115e+02
5.458979118818061806e+02 2.237262426213413846e+02
5.469231550583471062e+02 2.240477532523765092e+02
5.479506230202798633e+02 2.243638933591324758e+02
5.489800608203901220e+02 2.246752787477431639e+02
5.500113440278607868e+02 2.249822102819148881e+02
5.510444379269063120e+02 2.252847723386066150e+02
5.520793103282018137e+02 2.255830431979524064e+02
5.531160213552020650e+02 2.258768783420046304e+02
5.541548104165141240e+02 2.261657005457987850e+02
5.551959375194641098e+02 2.264488828690956268e+02
5.562396039293290642e+02 2.267259401661860636e+02
5.572856483967927943e+02 2.269972623474172053e+02
5.583337715199411377e+02 2.272635728028637914e+02
5.593836632908248703e+02 2.275256205076881315e+02
5.604347308524522759e+02 2.277848367462872829e+02
5.614860708691159061e+02 2.280434017626257628e+02
5.625367641296861621e+02 2.283035340963542126e+02
5.635858902341528847e+02 2.285674545764413779e+02
5.646325249400662187e+02 2.288373914308818371e+02
5.656757432301408244e+02 2.291155743796996376e+02
5.667146369229739093e+02 2.294041922553434460e+02
5.677484853342563156e+02 2.297049785353671041e+02
5.687766849533962841e+02 2.300193821295756607e+02
5.697986355430622325e+02 2.303488439997116188e+02
5.708138661490015693e+02 2.306944912502255534e+02
5.718221335926011761e+02 2.310568980203540832e+02
5.728232178808789286e+02 2.314365821621578903e+02
5.738169505271183652e+02 2.318339369872502402e+02
5.748034477778351174e+02 2.322486673317092141e+02
5.757829237266158771e+02 2.326802414406301409e+02
5.767555914899076015e+02 2.331281301180142123e+02
5.777216396628687107e+02 2.335918679724308049e+02
5.786812323193702241e+02 2.340710534170178221e+02
5.796345323656335040e+02 2.345652878909846777e+02
5.805815911146247572e+02 2.350744498309174730e+02
5.815221351449318945e+02 2.355992237308227573e+02
5.824558322929458427e+02 2.361404398949015615e+02
5.833823634220254917e+02 2.366989011092499595e+02
5.843015373724481378e+02 2.372751398220975148e+02
5.852132356228582921e+02 2.378695350407188300e+02
5.861173422707549889e+02 2.384824602182237641e+02
5.870138583090099473e+02 2.391140404308671634e+02
5.879029717821900931e+02 2.397640033113525533e+02
5.887848875307514618e+02 2.404320408048274942e+02
5.896598904980062343e+02 2.411176631782388995e+02
5.905286628601361372e+02 2.418194797499681954e+02
5.913920097003456249e+02 2.425358210777166050e+02
5.922507412809306970e+02 2.432650050348408115e+02
5.931057684418749432e+02 2.440051030362780295e+02
5.939580936503845123e+02 2.447539619710194359e+02
5.948087224375499318e+02 2.455094210825858454e+02
5.956585161750218731e+02 2.462696029453336450e+02
5.965079579578098219e+02 2.470333735981921564e+02
5.973574695847831890e+02 2.477997195514691668e+02
5.982074458153562091e+02 2.485676402020907858e+02
5.990580460655378374e+02 2.493362471082859884e+02
5.999093085745194003e+02 2.501047095794231154e+02
6.007612692395475733e+02 2.508721906310033205e+02
6.016138957648013275e+02 2.516375088166232672e+02
6.024670566479687750e+02 2.523989815706665070e+02
6.033206125690394401e+02 2.531548868381736668e+02
6.041742918935722173e+02 2.539035484772349207e+02
6.050272338272586694e+02 2.546434947841537735e+02
6.058784136532489129e+02 2.553733109362834739e+02
6.067267799335791096e+02 2.560915940030542970e+02
6.075708325119891242e+02 2.567971407644399164e+02
6.084086989003845929e+02 2.574889137137208763e+02
6.092384954092972293e+02 2.581658807450676250e+02
6.100583578420553295e+02 2.588271188713414972e+02
6.108664681984387244e+02 2.594719637084193664e+02
6.116610151709178353e+02 2.600997883371758803e+02
6.124427883172209022e+02 2.607119568396036584e+02
6.132327060553570846e+02 2.613252422402391630e+02
6.140610761027853641e+02 2.619636052122850174e+02
6.149593683327584586e+02 2.626518849309326811e+02
6.160040577529462098e+02 2.634489205265775809e+02
6.173311925161650606e+02 2.644585567560314416e+02
6.190809157882024465e+02 2.657877320288493479e+02
