2.311448703627585033e+01 2.115303984956698358e+01
2.467784462976332804e+01 2.282721104724546990e+01
2.589105307439182013e+01 2.411867828096510635e+01
2.686472385150305087e+01 2.514582284046017691e+01
2.770836276241369589e+01 2.602580061599649142e+01
2.849494721650256679e+01 2.683528393021529723e+01
2.925343217770759452e+01 2.760215605284699336e+01
3.001015173879629927e+01 2.835139560303010597e+01
3.078843911590592342e+01 2.910523661147808028e+01
3.159310822633976557e+01 2.986897544052186859e+01
3.242191537014103631e+01 3.064145358712233502e+01
3.327259738000371669e+01 3.142150637471633345e+01
3.414240541885768465e+01 3.220853830598998258e+01
3.502773497894365562e+01 3.300295668437280483e+01
3.592489445247294100e+01 3.380527088991718188e+01
3.683026759987115639e+01 3.461598457300942044e+01
3.774097859890105156e+01 3.543554509579572454e+01
3.865457188048829096e+01 3.626436787180399790e+01
3.956859786573578219e+01 3.710286666114652832e+01
4.048119961443142500e+01 3.795080157172910873e+01
4.139207527960526534e+01 3.880621751777381689e+01
4.230117500238959138e+01 3.966688148264324809e+01
4.320850308381900362e+01 4.053048847483118067e+01
4.411497354203706323e+01 4.139352454995682251e+01
4.502225524882558716e+01 4.225147261390529962e+01
4.593203992467520891e+01 4.309978520816392944e+01
4.684612916888795553e+01 4.393377923998572498e+01
4.776676409601132178e+01 4.474822907968648167e+01
4.869629569940424574e+01 4.553777346334768339e+01
4.963706449795413533e+01 4.629707799171282545e+01
5.059106496504696082e+01 4.702169579436070279e+01
5.155987453492726047e+01 4.770824961241481077e+01
5.254504581346272118e+01 4.835342586619751870e+01
5.354794135958065482e+01 4.895435534420688839e+01
5.456875089622880637e+01 4.951091116261720515e+01
5.560721718410604808e+01 5.002401152571945886e+01
5.666307398098516046e+01 5.049459564218282992e+01
5.773534732136149472e+01 5.092525348834413990e+01
5.882181634706966378e+01 5.132148342317409373e+01
5.992013327683132218e+01 5.168907985436426600e+01
6.102791887153912143e+01 5.203390634610653365e+01
6.214248485037293079e+01 5.236250585605206709e+01
6.326096752365775444e+01 5.268180695849788009e+01
6.438050161818316042e+01 5.299874159613318625e+01
6.549844018167488002e+01 5.331970443878364563e+01
6.661270913943322114e+01 5.364968034381964657e+01
6.772132724613300070e+01 5.399342572188221823e+01
6.882233421209070912e+01 5.435564652617230053e+01
6.991412173691787757e+01 5.474020118257737977e+01
7.099537358948290944e+01 5.515024486641414114e+01
7.206478237931555952e+01 5.558891146626676516e+01
7.312121530538350100e+01 5.605891842935555047e+01
7.416423792440619422e+01 5.656131743744553830e+01
7.519359038254097527e+01 5.709674373093789512e+01
7.620903228273104446e+01 5.766578619121770544e+01
7.721096602247345686e+01 5.826750213513759036e+01
7.820056866758972092e+01 5.889910310390857973e+01
7.917906340368993767e+01 5.955769075070346474e+01
8.014775757302236059e+01 6.024016825874426928e+01
8.110847787338410342e+01 6.094221399438055897e+01
8.206324892651737457e+01 6.165903955204056075e+01
8.301409091808389462e+01 6.238586725701767222e+01
8.396260359510264948e+01 6.311893441537593219e+01
8.490964596047012947e+01 6.385626656328884110e+01
8.585600161560473964e+01 6.459607126361046880e+01
8.680242685203630515e+01 6.533661384624309676e+01
8.774940966894973826e+01 6.607672714457051200e+01
8.869728578559174537e+01 6.681556610103736205e+01
8.964638948482689784e+01 6.755228841064050016e+01
9.059721326656848817e+01 6.828557194264836028e+01
9.155066479475718211e+01 6.901283549606183954e+01
9.250771900672437198e+01 6.973129384949339737e+01
9.346938824944550106e+01 7.043804939241944396e+01
9.443731323501090458e+01 7.112831672804730943e+01
9.541365607242491365e+01 7.179574403600106791e+01
9.640059465288533147e+01 7.243393208173803544e+01
9.740027208328831421e+01 7.303644059151837098e+01
9.841469233332277611e+01 7.359666513481339223e+01
9.944582458837581385e+01 7.410796024189720299e+01
1.004956025596124221e+02 7.456376827284621811e+01
1.015647879950038259e+02 7.496043322416691979e+01
1.026527302429327904e+02 7.529779601967794633e+01
1.037586945647365155e+02 7.557590577235882279e+01
1.048817858130143890e+02 7.579554395804147759e+01
1.060201189105147392e+02 7.596201168071664256e+01
1.071714315223983220e+02 7.608233245330582406e+01
1.083334593159627133e+02 7.616355450255069570e+01
1.095038285965761133e+02 7.621458384347432968e+01
1.106799729917741502e+02 7.624759961019522336e+01
1.118593065161210234e+02 7.627511411263557761e+01
1.130391141155718913e+02 7.630957431148212322e+01
1.142154127660673737e+02 7.636278517653170184e+01
1.153834997569846053e+02 7.644618729024398363e+01
1.165386636929298163e+02 7.657121451444284332e+01
1.176759775935957890e+02 7.674801126233212756e+01
1.187899487804666876e+02 7.698333841363040619e+01
1.198749929090004542e+02 7.728340857856427704e+01
1.209255847308807859e+02 7.765425060677604563e+01
1.219371916297069305e+02 7.809880674434376147e+01
1.229061046427238466e+02 7.861745807420206233e+01
1.238286397383964754e+02 7.921050815528897715e+01
1.247019580679157684e+02 7.987722260535691987e+01
1.255266015133766899e+02 8.061271527741597254e+01
1.263039571396000866e+02 8.141106208329054539e+01
1.270354838189870037e+02 8.226629696145067783e+01
1.277250127336244674e+02 8.317106717510385749e+01
1.283792340711067084e+02 8.411634882612648312e+01
1.290050082295884408e+02 8.509301852399956090e+01
1.296095273994096146e+02 8.609193635285798507e+01
1.302020313587948408e+02 8.710386041403081947e+01
1.307925402120343108e+02 8.811950994368180545e+01
1.313910635839657743e+02 8.912961466807510647e+01
1.320065642466065583e+02 9.012582492908823895e+01
1.326461605885257029e+02 9.110141304273524554e+01
1.333167832556772794e+02 9.204981642826062682e+01
1.340249282062963516e+02 9.296478253570676031e+01
1.347728210264646691e+02 9.384310455767335668e+01
1.355602634835420588e+02 9.468330441848868873e+01
1.363870273598520271e+02 9.548392700748809148e+01
1.372517846064756952e+02 9.624510371633726891e+01
1.381503211999936411e+02 9.697112894380089188e+01
1.390779554722062699e+02 9.766697166443762512e+01
1.400299761755595682e+02 9.833771526601431390e+01
1.410011752217841945e+02 9.899036492065336290e+01
1.419859322603611531e+02 9.963352043456566776e+01
1.429786144619813513e+02 1.002758298820343157e+02
1.439739972173533715e+02 1.009253332564956906e+02
1.449684887972558727e+02 1.015876382279990224e+02
1.459589056924852741e+02 1.022677443857468234e+02
1.469421082789511672e+02 1.029705517680078657e+02
1.479164067666807512e+02 1.036976715451668127e+02
1.488818586433649784e+02 1.044467512856178502e+02
1.498386254206673982e+02 1.052152025851716246e+02
1.507869545837447731e+02 1.060000389877922373e+02
1.517276241856537240e+02 1.067958175415581081e+02
1.526616144763700049e+02 1.075961591355754052e+02
1.535899004992382402e+02 1.083946843695032953e+02
1.545129689918824170e+02 1.091851491817180886e+02
1.554304463771140377e+02 1.099615479552803663e+02
1.563418715049826062e+02 1.107178993449000330e+02
1.572466473193388481e+02 1.114484900779423953e+02
1.581428416215367747e+02 1.121502404275383071e+02
1.590277643999661166e+02 1.128215654399446919e+02
1.598987320505338516e+02 1.134609084929930134e+02
1.607607345702700741e+02 1.140723898262434375e+02
1.616388976063964265e+02 1.146750258538317553e+02
1.625616095971630841e+02 1.152902467736208223e+02
1.635604940302465025e+02 1.159413561135611985e+02
1.647215131141535949e+02 1.166831234929195773e+02
1.661757175587688948e+02 1.175964280690593000e+02
1.680555228604532374e+02 1.187629393104742945e+02
