5.482888978800814073e+01 4.779884116477143152e+01
5.662617107056812671e+01 4.961526163807625522e+01
5.798284575217237347e+01 5.098671651636675506e+01
5.904428631564691443e+01 5.206005361590099767e+01
5.995175639546324931e+01 5.297796907917161491e+01
6.078503908034329584e+01 5.382103770788538810e+01
6.157658961314729140e+01 5.462201317259955857e+01
6.235760294003367932e+01 5.541237533336123278e+01
6.315018765487817376e+01 5.621434284081307453e+01
6.395617949952941217e+01 5.702947136423780705e+01
6.477467116609037134e+01 5.785652073611689161e+01
6.560473886481666739e+01 5.869419799530641058e+01
6.644533699481149824e+01 5.954082000277574593e+01
6.729536535905903349e+01 6.039452874061063170e+01
6.815372768199971176e+01 6.125346436584311505e+01
6.901949014612435462e+01 6.211572815454980656e+01
6.989192997267718965e+01 6.297937087507098397e+01
7.077033848697753626e+01 6.384243992022980763e+01
7.165408846986029801e+01 6.470301449199635613e+01
7.254287852422243077e+01 6.555930102892807554e+01
7.343648870847644616e+01 6.640953777872925912e+01
7.433470754459122531e+01 6.725198512125955119e+01
7.523745019441565773e+01 6.808523459899892316e+01
7.614472930742914514e+01 6.890813268406830616e+01
7.705655976929269002e+01 6.971953410144402596e+01
7.797289889944192964e+01 7.051865295421049495e+01
7.889357557946077293e+01 7.130550516547626216e+01
7.981840131244993586e+01 7.208021514985425426e+01
8.074717365855580908e+01 7.284297647743250081e+01
8.167958713077786115e+01 7.359449382048273947e+01
8.261529005607921761e+01 7.433570092878818514e+01
8.355393082638980218e+01 7.506753344779176018e+01
8.449516882847962052e+01 7.579095871016141928e+01
8.543867773180465974e+01 7.650698521139113950e+01
8.638413216035689857e+01 7.721662419795569576e+01
8.733117846439319010e+01 7.792095476017446742e+01
8.827934989922999875e+01 7.862132736374462638e+01
8.922815144644863494e+01 7.931916031820782109e+01
9.017708950663315193e+01 8.001586660326395872e+01
9.112569171285201719e+01 8.071277944838797680e+01
9.207350204298248286e+01 8.141117069117376559e+01
9.302006540853022898e+01 8.211230928637247928e+01
9.396503551585794867e+01 8.281718781908983829e+01
9.490830880702357319e+01 8.352618225725136369e+01
9.584981456781541453e+01 8.423958513643678714e+01
9.678950733927747763e+01 8.495762510598794393e+01
9.772752831457715672e+01 8.568005865601972459e+01
9.866410234491621623e+01 8.640643065348413643e+01
9.959945577825376972e+01 8.713628192008644646e+01
1.005338578084010237e+02 8.786903482446743396e+01
1.014676332874462048e+02 8.860395786054735368e+01
1.024011107872139945e+02 8.934030923853978834e+01
1.033345958075673252e+02 9.007739086098199266e+01
1.042683015605219907e+02 9.081467939970518444e+01
1.052024181861321068e+02 9.155169521886405448e+01
1.061371211827778325e+02 9.228798840558452810e+01
1.070723669660142576e+02 9.302355379070836250e+01
1.080079433010037775e+02 9.375872856967060898e+01
1.089436332681740396e+02 9.449385921932724841e+01
1.098791464982111279e+02 9.522939283485607120e+01
1.108140287457269011e+02 9.596600100420026536e+01
1.117478035918262975e+02 9.670438569064529588e+01
1.126799724826635156e+02 9.744527121588951957e+01
1.136098732732718872e+02 9.818954714427572128e+01
1.145367704966601679e+02 9.893817710238907637e+01
1.154599261109404864e+02 9.969212669258125459e+01
1.163785154203705474e+02 1.004524247441390941e+02
1.172916011627861224e+02 1.012201822203744683e+02
1.181982385530193795e+02 1.019965155737542943e+02
1.190974974655677272e+02 1.027825008256744752e+02
1.199885064135880839e+02 1.035790522732458072e+02
1.208704085699024944e+02 1.043870437825080444e+02
1.217423763426183996e+02 1.052073059973626954e+02
1.226040195863369178e+02 1.060400228304597476e+02
1.234552849028361408e+02 1.068848803394508877e+02
1.242961292223278491e+02 1.077415503492803310e+02
1.251268626939192927e+02 1.086094023415074616e+02
1.259485835447248405e+02 1.094871312296676251e+02
1.267624966339783299e+02 1.103733406538215860e+02
1.275698467385729344e+02 1.112666022373161070e+02
1.283721736518532737e+02 1.121652509799716313e+02
1.291711493944108611e+02 1.130675158262435929e+02
1.299684460629848957e+02 1.139716250847117891e+02
1.307657144677020824e+02 1.148758017919408303e+02
1.315645777666265985e+02 1.157782621359609294e+02
1.323666572697887602e+02 1.166772218471034819e+02
1.331735544133850340e+02 1.175709191162291489e+02
1.339867911382766295e+02 1.184576819763166498e+02
1.348078695114908783e+02 1.193358609208741399e+02
1.356382487366096541e+02 1.202038379185485155e+02
1.364787466530682707e+02 1.210604658993216276e+02
1.373296873769116928e+02 1.219049603401433046e+02
1.381913812864297313e+02 1.227365471148324048e+02
1.390639188151935741e+02 1.235546791284030093e+02
1.399468996710578779e+02 1.243593158224509665e+02
1.408398571634716632e+02 1.251504851762914683e+02
1.417423263717286943e+02 1.259281999864313377e+02
1.426538554553803522e+02 1.266923608389334106e+02
1.435739984365884823e+02 1.274428180268075295e+02
1.445023071048170777e+02 1.281794302651593682e+02
1.454382453783619553e+02 1.289023929004358422e+02
1.463811630277631934e+02 1.296123385751027399e+02
1.473304021948742957e+02 1.303099291568548779e+02
1.482852959085551845e+02 1.309959152601999790e+02
1.492451407456908896e+02 1.316714024868968806e+02
1.502092241701728312e+02 1.323375851855171845e+02
1.511768489920323759e+02 1.329956317458132560e+02
1.521475476450263216e+02 1.336463221366850860e+02
1.531210293277096923e+02 1.342901373198914143e+02
1.540970083267473569e+02 1.349275495017256503e+02
1.550753136431044368e+02 1.355588053282768044e+02
1.560560302205018388e+02 1.361836481910267764e+02
1.570392776333925724e+02 1.368017533878108623e+02
1.580251910033129263e+02 1.374127655623198621e+02
1.590140203544619908e+02 1.380161028049587344e+02
1.600060672107524056e+02 1.386110816642792543e+02
1.610016312469454647e+02 1.391970234529624690e+02
1.620009308084119084e+02 1.397734533092214519e+02
1.630040785907671079e+02 1.403401611478445261e+02
1.640111802288755030e+02 1.408969545790839675e+02
1.650223226572419151e+02 1.414436843497461496e+02
1.660375180089324942e+02 1.419803737528523584e+02
1.670567597166536302e+02 1.425070892179779207e+02
1.680800516563150495e+02 1.430238712603346869e+02
1.691075539650900623e+02 1.435303726394776902e+02
1.701395470703822923e+02 1.440259476198891377e+02
1.711763140356514441e+02 1.445099438721494209e+02
1.722180407803996900e+02 1.449819389655552868e+02
1.732646964831300238e+02 1.454420234038041428e+02
1.743162209958673543e+02 1.458903570939794179e+02
1.753725150465303955e+02 1.463271934542819395e+02
1.764331902114389550e+02 1.467534770085146363e+02
1.774977284683101857e+02 1.471704620360567333e+02
1.785656117083488255e+02 1.475794029535514937e+02
1.796363422244237711e+02 1.479815027130811984e+02
1.807094488118871993e+02 1.483778974124429908e+02
1.817844620372967199e+02 1.487697186814497172e+02
1.828609740482357893e+02 1.491579492344534401e+02
1.839388233163907955e+02 1.495429761239636548e+02
1.850179098944737461e+02 1.499250374870289590e+02
1.860981412052616975e+02 1.503043536826467061e+02
1.871795349495391747e+02 1.506808790574876298e+02
1.882621937203196012e+02 1.510543631814069840e+02
1.893462222209373067e+02 1.514245505352368468e+02
1.904317095935241468e+02 1.517912234519085359e+02
1.915187102611141086e+02 1.521542487173862810e+02
1.926072739490196284e+02 1.525135045446833431e+02
1.936974439038146727e+02 1.528688848656853452e+02
1.947892154901472281e+02 1.532203997845711285e+02
1.958825626118442926e+02 1.535681114742850752e+02
1.969774572385259432e+02 1.539120867849278795e+02
1.980738000828429506e+02 1.542525648430653575e+02
1.991713992921230556e+02 1.545900085684852172e+02
2.002700568273974966e+02 1.549248958374527660e+02
2.013695676709166662e+02 1.552577214241412946e+02
2.024696988898068923e+02 1.555890476943559122e+02
2.035702105724136572e+02 1.559194539118097111e+02
2.046708657704472785e+02 1.562495121892673069e+02
2.057714718763400015e+02 1.565796876401160489e+02
2.068718704160993695e+02 1.569103630094107302e+02
2.079719035669202185e+02 1.572419194710429338e+02
2.090713654145234273e+02 1.575748542977868283e+02
2.101699427461986147e+02 1.579099237943575531e+02
2.112673078310548078e+02 1.582479193141898577e+02
2.123631090182626338e+02 1.585896899543438110e+02
2.134568178737011408e+02 1.589365115733631058e+02
2.145478267284543392e+02 1.592898513055513376e+02
2.156355289447930375e+02 1.596511737951395844e+02
2.167193725018629493e+02 1.600218118100484617e+02
2.177988763280614535e+02 1.604029268062064091e+02
2.188735640934444575e+02 1.607956687904734565e+02
2.199430327096073654e+02 1.612010109438200516e+02
2.210071720543072900e+02 1.616192191436601888e+02
2.220659452468411530e+02 1.620503824415183374e+02
2.231193316141709317e+02 1.624945507595921583e+02
2.241675529979494002e+02 1.629511885294084266e+02
2.252110179281185083e+02 1.634193094706162697e+02
2.262501398833211965e+02 1.638979153554702748e+02
2.272853633853367228e+02 1.643859330099934084e+02
2.283172022172813627e+02 1.648821220452679199e+02
2.293461795337844933e+02 1.653852194470985637e+02
2.303728132172301741e+02 1.658939749296317245e+02
2.313975821848158034e+02 1.664072322774136978e+02
2.324209478894266567e+02 1.669238774376222523e+02
2.334433684945382197e+02 1.674428042987943286e+02
2.344651774902910688e+02 1.679632077383242859e+02
2.354865464117542615e+02 1.684846736287784097e+02
2.365076359702667901e+02 1.690068139735882937e+02
2.375285534696690775e+02 1.695293697137197739e+02
2.385491925838076384e+02 1.700525975402758263e+02
2.395693935790301907e+02 1.705768830818933850e+02
2.405889997797805222e+02 1.711026045843760812e+02
2.416079002686779802e+02 1.716300298244652822e+02
2.426260193530763161e+02 1.721593415395995805e+02
2.436432825717149058e+02 1.726907194944089952e+02
2.446596844233997388e+02 1.732241769694625191e+02
2.456753732659529419e+02 1.737593557974004170e+02
2.466905182753300778e+02 1.742958475515237069e+02
2.477053001390805207e+02 1.748332160136922653e+02
2.487199846226279760e+02 1.753708195696461871e+02
2.497348756235508915e+02 1.759079245459766128e+02
2.507502741407635085e+02 1.764438042672684617e+02
2.517663614952094235e+02 1.769780209862440472e+02
2.527831635419154566e+02 1.775105122834951317e+02
2.538006957458592865e+02 1.780412408234067527e+02
2.548189340470467812e+02 1.785702646920882444e+02
2.558376962855951433e+02 1.790980236625455859e+02
2.568567607766495371e+02 1.796250529295090530e+02
2.578759023280712768e+02 1.801518961550399638e+02
2.588948432683645819e+02 1.806792236975620085e+02
2.599132655273205614e+02 1.812078034466093754e+02
2.609308500638703663e+02 1.817384056355787152e+02
2.619472923240587647e+02 1.822717655228892113e+02
2.629623200765936417e+02 1.828085403331655243e+02
2.639756654636510689e+02 1.833493767325486203e+02
2.649870775218034851e+02 1.838948806004947301e+02
2.659964301477702975e+02 1.844453563773686824e+02
2.670036532009586381e+02 1.850009733976423831e+02
2.680086764830275570e+02 1.855619011352005714e+02
2.690114172886676442e+02 1.861283392583355578e+02
2.700117766655740184e+02 1.867005266589421808e+02
2.710096545756281330e+02 1.872787048502949574e+02
2.720049566806222856e+02 1.878631015848980610e+02
2.729976114419916939e+02 1.884538895721748020e+02
2.739875530210827037e+02 1.890512277607781471e+02
2.749747209177163541e+02 1.896552622111433379e+02
2.759591345111160763e+02 1.902659461377786840e+02
2.769408746718276007e+02 1.908830843020164139e+02
2.779200242730392461e+02 1.915064766303813713e+02
2.788967554129090445e+02 1.921357076413087839e+02
2.798714392622860032e+02 1.927698812493348726e+02
2.808444739278592692e+02 1.934080363401387501e+02
2.818162759611543038e+02 1.940491672695980867e+02
2.827873982325656925e+02 1.946919392905284099e+02
2.837584547110087101e+02 1.953348701507786416e+02
2.847300570415072798e+02 1.959764832085646731e+02
2.857027153240144344e+02 1.966155469734964072e+02
2.866768077478442933e+02 1.972511484155154449e+02
2.876527036865010132e+02 1.978823957878034321e+02
2.886307006160596416e+02 1.985085709192951526e+02
2.896108084228791881e+02 1.991296499419381689e+02
2.905929650958896673e+02 1.997457825634331527e+02
2.915770953101761052e+02 2.003571506339648352e+02
2.925629245262546760e+02 2.009644169505166076e+02
2.935500248488723400e+02 2.015686145438696713e+02
2.945379647481254892e+02 2.021707852196342401e+02
2.955263784549217689e+02 2.027718120230061913e+02
2.965150469212245525e+02 2.033722237837278044e+02
2.975037709513176765e+02 2.039725014038693303e+02
2.984923755401526932e+02 2.045730673840510292e+02
2.994808644668373745e+02 2.051739126016778414e+02
3.004693216420671433e+02 2.057748344793521369e+02
3.014578296153028987e+02 2.063756337259861198e+02
3.024464033240779486e+02 2.069762742801126478e+02
3.034349698756391263e+02 2.075769321213143996e+02
3.044234505073878267e+02 2.081777974002346809e+02
3.054117417003062087e+02 2.087791200346917719e+02
3.063996409097003948e+02 2.093813890112048455e+02
3.073869208344571575e+02 2.099851530834681910e+02
3.083733600190028596e+02 2.105909468927370938e+02
3.093588244743451696e+02 2.111990939163613632e+02
3.103432475434400430e+02 2.118097550772984619e+02
3.113265648932285785e+02 2.124230856878873794e+02
3.123088376889905362e+02 2.130389380795590739e+02
3.132904070993756704e+02 2.136564885933232745e+02
3.142716521793249740e+02 2.142748221042552075e+02
3.152529977964038039e+02 2.148929128854504143e+02
3.162352074021066528e+02 2.155089177922465069e+02
3.172191962022469056e+02 2.161206273109229130e+02
3.182058800268247865e+02 2.167258304207545905e+02
3.191961711435129132e+02 2.173223246982877015e+02
3.201909771923942003e+02 2.179079188882274138e+02
3.211912055042816974e+02 2.184804224816658405e+02
3.221976769121213806e+02 2.190378537934701626e+02
3.232108662573893980e+02 2.195790664336078635e+02
3.242311618836944263e+02 2.201031228358214094e+02
3.252589307605258000e+02 2.206091370358731183e+02
3.262942200372132220e+02 2.210969951886349349e+02
3.273368306648945349e+02 2.215671778277983321e+02
3.283865568535239277e+02 2.220201817618574864e+02
3.294431062934932584e+02 2.224567126861461475e+02
3.305059936386237496e+02 2.228779423501266024e+02
3.315747074236239769e+02 2.232851055634391173e+02
3.326487512283699743e+02 2.236794008199831012e+02
3.337277398259309393e+02 2.240617582176350595e+02
3.348113378264945936e+02 2.244329875583796934e+02
3.358992136512167122e+02 2.247938894451059468e+02
3.369911747338836108e+02 2.251449289248384957e+02
3.380872090906050857e+02 2.254861351456652869e+02
3.391873168061115393e+02 2.258175081238146618e+02
3.402915618379083753e+02 2.261388936972575721e+02
3.414002636346015152e+02 2.264495209909364064e+02
3.425138055175718819e+02 2.267484649515361923e+02
3.436325836555383830e+02 2.270347695124775669e+02
3.447571864514623030e+02 2.273070145568531188e+02
3.458883502906056151e+02 2.275634227408941115e+02
3.470268150559373339e+02 2.278022082772857289e+02
3.481732551412249563e+02 2.280217434393880467e+02
3.493281988251765142e+02 2.282207531548029920e+02
3.504921546161754691e+02 2.283980100675627796e+02
3.516655593726348457e+02 2.285524597397249238e+02
3.528483204149105177e+02 2.286843257056290213e+02
3.540401077228332269e+02 2.287944042905740218e+02
3.552405843882543195e+02 2.288835084306232943e+02
3.564491892545910332e+02 2.289529917711224698e+02
3.576650698586126964e+02 2.290049103578990639e+02
3.588873542685753932e+02 2.290413671793871231e+02
3.601151783176680965e+02 2.290644460365766122e+02
3.613477088988137211e+02 2.290761539806809992e+02
3.625841206698682981e+02 2.290784788754698127e+02
3.638235953246874033e+02 2.290733914867062708e+02
3.650654198365253364e+02 2.290626067433207425e+02
3.663089622229263114e+02 2.290476426305431517e+02
3.675535927108198280e+02 2.290300117644913769e+02
3.687987079519906501e+02 2.290111625176495238e+02
3.700437635555637712e+02 2.289923999264691474e+02
3.712882231079784674e+02 2.289750096330975850e+02
3.725315444630815591e+02 2.289602914608034894e+02
3.737731431072759278e+02 2.289496500402080130e+02
3.750124155377508259e+02 2.289445369768978082e+02
3.762487569261573981e+02 2.289464072508347101e+02
3.774815143959685315e+02 2.289568384068975035e+02
3.787099726543727911e+02 2.289775672061268210e+02
3.799334122371736839e+02 2.290103410502474617e+02
3.811511343589615421e+02 2.290568631299263416e+02
3.823625229494744531e+02 2.291186597915985885e+02
3.835669826172375565e+02 2.291972131706415041e+02
3.847639318680469955e+02 2.292939737238821749e+02
3.859529971520544223e+02 2.294099179031756250e+02
3.871339649953876574e+02 2.295456572704102882e+02
3.883066258444195569e+02 2.297017945557576581e+02
3.894707282828551342e+02 2.298790500475827514e+02
3.906259274932583594e+02 2.300784063221069857e+02
3.917718660204070034e+02 2.303008814448179464e+02
3.929081837485540518e+02 2.305475021645114850e+02
3.940345008990108226e+02 2.308193594050589468e+02
3.951504288800995823e+02 2.311175728537903069e+02
3.962555830434292830e+02 2.314432518962890697e+02
3.973497336519199621e+02 2.317971001633033836e+02
3.984328522037642415e+02 2.321792941956993559e+02
3.995049236460468478e+02 2.325899753080391292e+02
4.005660002565528544e+02 2.330290755117134438e+02
4.016164036358703697e+02 2.334956896054287938e+02
4.026565227152882471e+02 2.339887030847204983e+02
4.036867473965137947e+02 2.345069786715434361e+02
4.047074821015962698e+02 2.350490383276120951e+02
4.057191424303722442e+02 2.356131416967330665e+02
4.067221433251752387e+02 2.361975427548865980e+02
4.077166993810272970e+02 2.368007244171279808e+02
4.087025781916357801e+02 2.374216803918246796e+02
4.096794868685011011e+02 2.380594735010275258e+02
4.106470459568042202e+02 2.387132820396123236e+02
4.116042362225234683e+02 2.393831377188056422e+02
4.125497516807043894e+02 2.400694547535679249e+02
4.134822783666379564e+02 2.407726571149307517e+02
4.144002446849154921e+02 2.414934779004686902e+02
4.153017443687377295e+02 2.422330517740691960e+02
4.161848487846530134e+02 2.429925402369725020e+02
4.170477289070935285e+02 2.437729657208981280e+02
4.178889541420300020e+02 2.445747943794852119e+02
4.187071935033166028e+02 2.453983532968518659e+02
4.195011575649202769e+02 2.462439230543288318e+02
4.202701787632267383e+02 2.471110884137532366e+02
4.210140682455432852e+02 2.479988984937385794e+02
4.217326508428997158e+02 2.489063879422218122e+02
4.224260417448448379e+02 2.498324446878510230e+02
4.230950039691296638e+02 2.507756293091603368e+02
4.237403881889076729e+02 2.517344580920685360e+02
4.243631749593069458e+02 2.527074198791351591e+02
4.249653047444268736e+02 2.536928006893438408e+02
4.255491482424095580e+02 2.546887956355517701e+02
4.261170819411434536e+02 2.556936018930455816e+02
4.266716285117659595e+02 2.567055134837739843e+02
4.272155005226246089e+02 2.577229502369236798e+02
4.277514232332176789e+02 2.587443403895916845e+02
4.282820437396204056e+02 2.597681935663943591e+02
4.288096964842196712e+02 2.607933449420290799e+02
4.293366377459795444e+02 2.618187110787126244e+02
4.298650922542605031e+02 2.628432277198713223e+02
4.303968126628733444e+02 2.638661176166512519e+02
4.309331882209360174e+02 2.648868244593101053e+02
4.314755978463416000e+02 2.659047980980538455e+02
4.320252120198656485e+02 2.669195894280671837e+02
4.325827361715444681e+02 2.679309747892281166e+02
4.331488128070011498e+02 2.689387610255586196e+02
4.337240828486957867e+02 2.699427511379578277e+02
4.343091755185197371e+02 2.709427197242404191e+02
4.349047147941355433e+02 2.719384286518746876e+02
4.355113252814973066e+02 2.729296378229500419e+02
4.361296569730704960e+02 2.739160330698541088e+02
4.367603928392950365e+02 2.748972040058110906e+02
4.374042180545843621e+02 2.758727338135567493e+02
4.380617535349423406e+02 2.768421918388534664e+02
4.387333631627340651e+02 2.778050920795703860e+02
4.394193465619152335e+02 2.787609346966032717e+02
4.401199974562071020e+02 2.797092119290289816e+02
4.408355212843510458e+02 2.806492974820414474e+02
4.415660555231354465e+02 2.815804738132165426e+02
4.423117360135226477e+02 2.825020207136433896e+02
4.430727224234385062e+02 2.834131502866921437e+02
4.438492275819104407e+02 2.843129236154935597e+02
4.446414715110115594e+02 2.852003813491498363e+02
4.454496277254903589e+02 2.860745935965716171e+02
4.462735260218992153e+02 2.869348481930654771e+02
4.471128421412769285e+02 2.877805305595527443e+02
4.479672427982687282e+02 2.886110376333238037e+02
4.488360720560245909e+02 2.894261961559836891e+02
4.497182548419890509e+02 2.902263912001444055e+02
4.506126880720624399e+02 2.910120451526184979e+02
4.515182530735152682e+02 2.917836645980777348e+02
4.524337688190977360e+02 2.925420929126282203e+02
4.533580386929309611e+02 2.932882576702350548e+02
4.542898820472636316e+02 2.940230722778180166e+02
4.552283571648526959e+02 2.947472381613207517e+02
4.561727062576337630e+02 2.954612935633124948e+02
4.571221769558258075e+02 2.961657717178198368e+02
4.580761625309203282e+02 2.968610339483110465e+02
4.590343811993193412e+02 2.975470580230910969e+02
4.599965951446018835e+02 2.982237698129382011e+02
4.609625885506909526e+02 2.988910791530792039e+02
4.619323081978049004e+02 2.995487773659951927e+02
4.629057737423032677e+02 3.001966026564035701e+02
4.638830041274672453e+02 3.008342980092209018e+02
4.648639772121696296e+02 3.014618019799224271e+02
4.658486174851844908e+02 3.020793071770575580e+02
4.668368458684727784e+02 3.026870231879705671e+02
4.678285225493941653e+02 3.032853204127590061e+02
4.688232647769086725e+02 3.038752125025357600e+02
4.698206290653752149e+02 3.044578739211669358e+02
4.708201600390357271e+02 3.050345079124084577e+02
4.718212244107430706e+02 3.056067483524367390e+02
4.728230519368117939e+02 3.061765606191189022e+02
4.738248690254936264e+02 3.067459181538023358e+02
4.748259391715312745e+02 3.073166960524250726e+02
4.758256086145233894e+02 3.078905499893252795e+02
4.768232347899904084e+02 3.084691059496608432e+02
4.778182056420575350e+02 3.090539133689850360e+02
4.788101345925090868e+02 3.096459559334306277e+02
4.797987361228829855e+02 3.102459637585653809e+02
4.807837289726766699e+02 3.108546563675140533e+02
4.817649788779635855e+02 3.114723880000851750e+02
4.827425425285674123e+02 3.120990383801388361e+02
4.837164893760731275e+02 3.127344555188361142e+02
4.846869141306181632e+02 3.133784241513636744e+02
4.856540125365504537e+02 3.140304759090125799e+02
4.866180055967708427e+02 3.146900791470995955e+02
4.875791122691852024e+02 3.153567069531356992e+02
4.885375209125195397e+02 3.160299032222758910e+02
4.894933963301901372e+02 3.167092663575396614e+02
4.904469026044635598e+02 3.173943964410661351e+02
4.913981793896981571e+02 3.180849522763930395e+02
4.923473118383654992e+02 3.187807236822551999e+02
4.932943777284743305e+02 3.194815182046022528e+02
4.942394532190087943e+02 3.201871473895091640e+02
4.951826025033495853e+02 3.208974523464776212e+02
4.961238844118581710e+02 3.216122874354243777e+02
4.970633597760225939e+02 3.223315021974611909e+02
4.980011682045576435e+02 3.230547564128946760e+02
4.989375516405806934e+02 3.237814633560325888e+02
4.998727588663893471e+02 3.245110198267719284e+02
5.008070410222996998e+02 3.252428169116896015e+02
5.017406586806982887e+02 3.259762228440806098e+02
5.026738747719899152e+02 3.267106001439195779e+02
5.036069464691749999e+02 3.274453251717581566e+02
5.045400447974323015e+02 3.281799813841892615e+02
5.054732744651757912e+02 3.289143116607488082e+02
5.064067379014904873e+02 3.296480643621233639e+02
5.073404159677740495e+02 3.303812804596473711e+02
5.082740182918598748e+02 3.311146537776574519e+02
5.092072178019023454e+02 3.318489664757804576e+02
5.101396924791931724e+02 3.325849882422206747e+02
5.110711576508674625e+02 3.333233965935745005e+02
5.120013453825773695e+02 3.340648277348511783e+02
5.129299920775036981e+02 3.348099073926729830e+02
5.138569996908680650e+02 3.355588615217853317e+02
5.147824852358479575e+02 3.363113967591263531e+02
5.157065800983061763e+02 3.370671850347508780e+02
5.166294858374336627e+02 3.378257300833694785e+02
5.175516847057352834e+02 3.385858628583164318e+02
5.184737291290435905e+02 3.393462461175822682e+02
5.193961711723197823e+02 3.401055443014316779e+02
5.203195575008136302e+02 3.408624470219434670e+02
5.212444306230656821e+02 3.416156632685082286e+02
5.221713329673026465e+02 3.423639025218261622e+02
5.231008126033540293e+02 3.431058727484902988e+02
5.240334301882073760e+02 3.438402785369186176e+02
5.249697480819754674e+02 3.445658240184404235e+02
5.259102960081552283e+02 3.452812977560358831e+02
5.268553624852554549e+02 3.459861123153555695e+02
5.278051279229946431e+02 3.466799599418939692e+02
5.287597687733230032e+02 3.473625433450508808e+02
5.297193274541211849e+02 3.480339207329043347e+02
5.306836722682728578e+02 3.486946121188900065e+02
5.316526598822642882e+02 3.493451683796734528e+02
5.326261292923820747e+02 3.499861898236495108e+02
5.336038488141185780e+02 3.506184744861323566e+02
5.345855690927671731e+02 3.512428698341661857e+02
5.355710457023102435e+02 3.518602084215239074e+02
5.365601079645235814e+02 3.524710996552574329e+02
5.375526419723805702e+02 3.530759811636310133e+02
5.385485350924874410e+02 3.536752861425853780e+02
5.395476351072115904e+02 3.542694449100309839e+02
5.405497014812503949e+02 3.548588813626092247e+02
5.415544817293422284e+02 3.554440185281224558e+02
5.425616935934205003e+02 3.560252836723757355e+02
5.435708347757866932e+02 3.566031353826663235e+02
5.445813043563259725e+02 3.571780462846768955e+02
5.455924993023609204e+02 3.577504792790758756e+02
5.466037525399686956e+02 3.583205166323438675e+02
5.476143138033821742e+02 3.588877461536886244e+02
5.486234272669842085e+02 3.594517226069060598e+02
5.496302732825441808e+02 3.600118922761021167e+02
5.506337769113821423e+02 3.605672675266224587e+02
5.516327993922049018e+02 3.611167522441229494e+02
5.526261904746903610e+02 3.616592354051045959e+02
5.536126279985932115e+02 3.621933829009420833e+02
5.545906574670693772e+02 3.627176888916374082e+02
5.555588211067046132e+02 3.632306440161938212e+02
5.565156881922562206e+02 3.637309289775461139e+02
5.574598883465289418e+02 3.642176485363647203e+02
5.583900593578132430e+02 3.646899648311108422e+02
5.593080601389682442e+02 3.651486560319592058e+02
5.602395557266149808e+02 3.656064437934664966e+02
5.612208811325069746e+02 3.660814028752403146e+02
5.622898578423810250e+02 3.665922793827843407e+02
5.635401374365467291e+02 3.671829363803182105e+02
5.651378967628627379e+02 3.679298647498134187e+02
5.672541596548898042e+02 3.689117359452204141e+02
