7.495520071216333235e+01 5.753419947313751663e+02
7.549205462921405285e+01 5.733463260870328213e+02
7.588687579986202536e+01 5.718290337994528727e+02
7.618462182688952566e+01 5.706296832879128260e+02
7.642880715247997614e+01 5.695926135482360451e+02
7.664241836918134254e+01 5.686300640314505017e+02
7.683316779578990463e+01 5.677047972662094253e+02
7.700838719718242942e+01 5.667808500711223587e+02
7.717276049102082425e+01 5.658334387955472948e+02
7.732547402074661136e+01 5.648609912111976428e+02
7.746502994587791591e+01 5.638648237969460979e+02
7.759007917326800907e+01 5.628463415910773620e+02
7.770024492614382439e+01 5.618075285179845650e+02
7.779554105028567790e+01 5.607506010662507379e+02
7.787600551915282665e+01 5.596777764663405605e+02
7.794235014759487967e+01 5.585912752215756427e+02
7.799605131565915883e+01 5.574933215487801590e+02
7.803862670176775396e+01 5.563861398359429131e+02
7.807156266438875036e+01 5.552718222684582088e+02
7.809624224321470365e+01 5.541520249196444183e+02
7.811402720339819439e+01 5.530283140622610745e+02
7.812622947963889430e+01 5.519022254551080096e+02
7.813360376216840564e+01 5.507749536251851623e+02
7.813655542226479156e+01 5.496474791920572898e+02
7.813547979732811655e+01 5.485207783976914016e+02
7.813038232612633749e+01 5.473957367622020911e+02
7.812059003121143519e+01 5.462730819514032419e+02
7.810536196904564576e+01 5.451535258167176607e+02
7.808385769616057814e+01 5.440377727808170221e+02
7.805470386519152726e+01 5.429264874793062745e+02
7.801634946845675245e+01 5.418203212835168188e+02
7.796724904054818239e+01 5.407199200073066550e+02
7.790597804176364605e+01 5.396258110219064292e+02
7.783122787525817898e+01 5.385384081364513804e+02
7.774169525013753912e+01 5.374581203229104176e+02
7.763650201310872490e+01 5.363851797658767282e+02
7.751593093708572724e+01 5.353193358954245014e+02
7.738046113894661460e+01 5.342602564948060717e+02
7.723061269993375788e+01 5.332075953804045412e+02
7.706727200021154545e+01 5.321608814783730850e+02
7.689151824234184573e+01 5.311195779717455707e+02
7.670442949294849200e+01 5.300831489823457332e+02
7.650693607364381421e+01 5.290511374977603509e+02
7.629975204923206888e+01 5.280232019426924808e+02
7.608357429587093179e+01 5.269990099170838675e+02
7.585902404256833620e+01 5.259782650415061198e+02
7.562638916375743747e+01 5.249608296687733855e+02
7.538586573745593000e+01 5.239466098620669072e+02
7.513764635963076444e+01 5.229355136200179004e+02
7.488186735631610702e+01 5.219274802217385059e+02
7.461861947729273936e+01 5.209224742822002554e+02
7.434799231999366498e+01 5.199204610848792072e+02
7.407011197912940759e+01 5.189213920586619224e+02
7.378518746784712334e+01 5.179251871560916243e+02
7.349343925302787284e+01 5.169317619818039020e+02
7.319515071374685533e+01 5.159410060213524503e+02
7.289106067712697268e+01 5.149526196731862910e+02
7.258210843974583781e+01 5.139662201074041832e+02
7.226924014214705494e+01 5.129814216301149372e+02
7.195360966732289398e+01 5.119977515136847614e+02
7.163662738388667606e+01 5.110146295757756434e+02
7.131971952012762017e+01 5.100314689896263758e+02
7.100433882870565583e+01 5.090476715529144940e+02
7.069203438434558961e+01 5.080625977534728577e+02
7.038437711984848022e+01 5.070755987048163433e+02
7.008292305188254545e+01 5.060860316377068102e+02
6.978904053165679500e+01 5.050933307462881885e+02
6.950396969876138087e+01 5.040969828055031030e+02
6.922894624192778679e+01 5.030964764217781635e+02
6.896498558169882642e+01 5.020913912229258926e+02
6.871268470174925369e+01 5.010814797473546491e+02
6.847259379063852691e+01 5.000665138706104926e+02
6.824519776924350367e+01 4.990462924777223748e+02
6.803059564913399981e+01 4.980207741531414740e+02
6.782874511975606424e+01 4.969899759641305081e+02
6.763959550097999340e+01 4.959539184444035982e+02
6.746289348154999743e+01 4.949127060538238538e+02
6.729817441065415551e+01 4.938665307852776891e+02
6.714496364247854387e+01 4.928155887714177652e+02
6.700264862859799564e+01 4.917601332859039758e+02
6.687020317256431667e+01 4.907005890006381605e+02
6.674652384458588017e+01 4.896374125897515341e+02
6.663054886410422739e+01 4.885710434876658610e+02
6.652163218015549262e+01 4.875017490474192527e+02
6.641936666943801981e+01 4.864296977236236330e+02
6.632334011537589902e+01 4.853550600839908498e+02
6.623262452164186698e+01 4.842782205065141738e+02
6.614546910399465673e+01 4.831999044460040409e+02
6.606004950205766590e+01 4.821208678573711381e+02
6.597447915229960813e+01 4.810418925843160878e+02
6.588656940457397582e+01 4.799638861981966329e+02
6.579404003448888716e+01 4.788877943833313680e+02
6.569465386644824889e+01 4.778145450285450693e+02
6.558697093898091168e+01 4.767447364695468082e+02
6.547025390679019097e+01 4.756786765939181691e+02
6.534378959044838098e+01 4.746166633003217612e+02
6.520690577361253304e+01 4.735589778458084425e+02
6.505903220301799195e+01 4.725058600640352893e+02
6.489961422396098101e+01 4.714575434516077053e+02
6.472814957271744163e+01 4.704142398163056669e+02
6.454455695906042934e+01 4.693759866912343455e+02
6.434895785009885572e+01 4.683427376719863560e+02
6.414148204503999295e+01 4.673144428716398693e+02
6.392255477186922974e+01 4.662909287072416191e+02
6.369299829987382111e+01 4.652718553546427529e+02
6.345366281136511333e+01 4.642568713025111151e+02
6.320534093640696938e+01 4.632456473009270894e+02
6.294859509607294257e+01 4.622379431456211591e+02
6.268393015918907452e+01 4.612335408937365742e+02
6.241179464390861398e+01 4.602322452258327985e+02
6.213183552340193216e+01 4.592341826231703408e+02
6.184310336070830516e+01 4.582397190110855263e+02
6.154463315149260438e+01 4.572492265309278423e+02
6.123524607083680138e+01 4.562631578791093716e+02
6.091331935033632305e+01 4.552821330039256509e+02
6.057717497194661860e+01 4.543067926684984741e+02
6.022525932597982035e+01 4.533377237147226424e+02
5.985683202257555990e+01 4.523751605177300803e+02
5.947147937829754483e+01 4.514191958511426037e+02
5.906883995546820643e+01 4.504699008687001651e+02
5.865005250970089179e+01 4.495267264340968154e+02
5.821795797103249015e+01 4.485884196071517067e+02
5.777548926108773486e+01 4.476536894148869123e+02
5.732572400565071291e+01 4.467211997678365378e+02
5.687221718294835426e+01 4.457894657455300376e+02
5.641862206363880716e+01 4.448569717814579008e+02
5.596851886090414041e+01 4.439222433687618263e+02
5.552467080007927791e+01 4.429842651628433714e+02
5.508932896262646750e+01 4.420423096534193519e+02
5.466473155316869992e+01 4.410956575023034247e+02
5.425269881471866995e+01 4.401439026247706465e+02
5.385432374502448738e+01 4.391871839911709685e+02
5.347062648388086359e+01 4.382256951773626952e+02
5.310273761611620813e+01 4.372596535849912698e+02
5.275237925047748178e+01 4.362894042223722977e+02
5.242147069886133437e+01 4.353153346395287144e+02
5.211193818011879841e+01 4.343378405746880730e+02
5.182585245881630698e+01 4.333574919374905789e+02
5.156542288910381444e+01 4.323750256321030179e+02
5.133286411879343092e+01 4.313911853347701140e+02
5.113020063368291801e+01 4.304067475853208862e+02
5.095893764283347593e+01 4.294225786644041136e+02
5.082049253159087243e+01 4.284395600302634648e+02
5.071620203148194861e+01 4.274585188728947287e+02
5.064668167629555739e+01 4.264797971214792369e+02
5.061216735612354256e+01 4.255034812604015428e+02
5.061288974272588348e+01 4.245296523288411095e+02
5.064898525647287642e+01 4.235582280299925060e+02
5.072045236042253435e+01 4.225888869894773734e+02
5.082727855243142301e+01 4.216212888304183366e+02
5.096930046073305220e+01 4.206551446208481480e+02
5.114568987583484017e+01 4.196903921312800776e+02
5.135543551075059554e+01 4.187270315596737191e+02
5.159743592919991784e+01 4.177650539595404098e+02
5.186913179974821730e+01 4.168043024603146591e+02
5.216678295786761055e+01 4.158445003792166972e+02
5.248661366687522900e+01 4.148853668034648194e+02
5.282447622531056908e+01 4.139264400039110683e+02
5.317537786216385598e+01 4.129668474533604012e+02
5.353420907482501434e+01 4.120056598800414349e+02
5.389598883044559585e+01 4.110419646323393863e+02
5.425666614325318449e+01 4.100749693790027663e+02
5.461259939585712431e+01 4.091039347488435851e+02
5.496017916888304455e+01 4.081281292050247202e+02
5.529685390502152842e+01 4.071470856442821287e+02
5.562137811806410070e+01 4.061606634416884276e+02
5.593258709196148715e+01 4.051687421632240103e+02
5.622977308009922126e+01 4.041713420441943185e+02
5.651388779991851408e+01 4.031689941542626912e+02
5.678625954604100912e+01 4.021623454851953170e+02
5.704825038236292301e+01 4.011520511331274292e+02
5.730164723668750071e+01 4.001388681583042057e+02
5.754852730061766408e+01 3.991236232820768350e+02
5.779096977562851123e+01 3.981071429795548511e+02
5.803065022671295026e+01 3.970900753573008615e+02
5.826847744275148244e+01 3.960727296805009132e+02
5.850527446163238210e+01 3.950553773206404458e+02
5.874175034799603878e+01 3.940382436704931592e+02
5.897794027497312186e+01 3.930212822637381578e+02
5.921363263289440226e+01 3.920043470777506514e+02
5.944860456980214281e+01 3.909872878793415794e+02
5.968236317748227293e+01 3.899698535573270419e+02
5.991413388532039619e+01 3.889516877871182032e+02
6.014312893057200426e+01 3.879324293193756148e+02
6.036856358094433972e+01 3.869117225297999312e+02
6.058966219418540788e+01 3.858892286667726239e+02
6.080565082526936038e+01 3.848646121290194060e+02
6.101577143317917518e+01 3.838375446295942197e+02
6.121942472573078220e+01 3.828077708908871273e+02
6.141610264669741781e+01 3.817750775951342916e+02
6.160530047069451598e+01 3.807392528834947711e+02
6.178665902503218632e+01 3.797001471016596383e+02
6.196005132720971176e+01 3.786577098259275544e+02
6.212537115786171427e+01 3.776118995060916745e+02
6.228252979178705573e+01 3.765626819884917609e+02
6.243152346334822766e+01 3.755100590404374543e+02
6.257237416146794828e+01 3.744540433182868355e+02
6.270513730928229990e+01 3.733946613050057977e+02
6.283048709351731986e+01 3.723321953702126166e+02
6.294964304159583435e+01 3.712671534064990624e+02
6.306384313334494607e+01 3.702000509363382434e+02
6.317424484957264497e+01 3.691313698154191911e+02
6.328180529731509552e+01 3.680615080979068239e+02
6.338745092993930541e+01 3.669908510178044594e+02
6.349202348436091370e+01 3.659197486471015281e+02
6.359568398144451606e+01 3.648482685229701019e+02
6.369826558252465531e+01 3.637763421027403865e+02
6.379960890675315710e+01 3.627039039261813400e+02
6.389995618979331482e+01 3.616310546813297151e+02
6.400008941954095576e+01 3.605581183510709025e+02
6.410082852986140267e+01 3.594854346164930803e+02
6.420287954297150179e+01 3.584132959405505972e+02
6.430649283449449172e+01 3.573418059136666329e+02
6.441180486840511321e+01 3.562710209081309358e+02
6.451894403626346275e+01 3.552009939517862449e+02
6.462792390573818579e+01 3.541317305002798435e+02
6.473867260683243785e+01 3.530632006119458879e+02
6.485111813367014122e+01 3.519953742887517478e+02
6.496548449579630358e+01 3.509283441624532429e+02
6.508261030269902392e+01 3.498624574740444473e+02
6.520341065203800213e+01 3.487980931511402787e+02
6.532873492962026774e+01 3.477356029084112379e+02
6.545900298273204498e+01 3.466751605777388932e+02
6.559446209401050965e+01 3.456168685276094266e+02
6.573536980342018410e+01 3.445608333758857498e+02
6.588229690581880504e+01 3.435072915127217357e+02
6.603616962657460476e+01 3.424566265726791698e+02
6.619793342989311213e+01 3.414092301604041495e+02
6.636869909941050594e+01 3.403655623622886424e+02
6.655012277719912106e+01 3.393263091734280579e+02
6.674397290098920621e+01 3.382922031061527264e+02
6.695205761082245033e+01 3.372639931183828139e+02
6.717662903013189180e+01 3.362426120759408832e+02
6.742021760151308740e+01 3.352291081307035370e+02
6.768535392816288265e+01 3.342245295011074973e+02
6.797422285249345464e+01 3.332297811866890243e+02
6.828840759971788543e+01 3.322455189888161726e+02
6.862943112295131698e+01 3.312723737433206566e+02
6.899855543084048293e+01 3.303108681989624529e+02
6.939564495996177129e+01 3.293609462094113951e+02
6.982009822217487738e+01 3.284223586354053168e+02
7.027127697828271380e+01 3.274948411148326386e+02
7.074776530059185120e+01 3.265778071551159769e+02
7.124740161824310292e+01 3.256703614068782713e+02
7.176799433580171694e+01 3.247715960841032370e+02
7.230734713459320062e+01 3.238806014439029468e+02
7.286325079815922834e+01 3.229964623997454964e+02
7.343349392867807524e+01 3.221182629613447261e+02
7.401591230743885319e+01 3.212451066805820687e+02
7.460876358624410898e+01 3.203762718532948384e+02
7.521052749258089420e+01 3.195111287618002507e+02
7.581968891745839301e+01 3.186490498272122522e+02
7.643489694729760231e+01 3.177894754825322252e+02
7.705504100404994006e+01 3.169319457108831557e+02
7.767902961215206403e+01 3.160760084078866612e+02
7.830572462832471103e+01 3.152211921387782922e+02
7.893378225849166085e+01 3.143669402855070416e+02
7.956180207816765915e+01 3.135126727729561935e+02
8.018837383696228471e+01 3.126578054559877273e+02
8.081192839796879923e+01 3.118016883765439502e+02
8.143076793295703908e+01 3.109436182709010268e+02
8.204319108512150649e+01 3.100828904137522954e+02
8.264753622193616422e+01 3.092188165341319745e+02
8.324223196076181353e+01 3.083507457438156507e+02
8.382571938540492340e+01 3.074780323183514383e+02
8.439648608240732131e+01 3.066000497953643276e+02
8.495335629132954125e+01 3.057163111588174615e+02
8.549530243251227546e+01 3.048263907712036485e+02
8.602130085755810285e+01 3.039298646233979184e+02
8.653044226545883078e+01 3.030263560705128612e+02
8.702195853223285837e+01 3.021155469450978899e+02
8.749509026512436094e+01 3.011971226962943433e+02
8.794914529769422984e+01 3.002707966193146945e+02
8.838367559286525932e+01 2.993363831311311287e+02
8.879828851310099935e+01 2.983937195959727546e+02
8.919261371008977335e+01 2.974426526105617086e+02
8.956656126461510325e+01 2.964831449290830392e+02
8.992023284449223297e+01 2.955152386636189590e+02
9.025373802089116282e+01 2.945389791999276667e+02
9.056765560522117653e+01 2.935546062894532611e+02
9.086345581049161524e+01 2.925627289142998961e+02
9.114270853796585925e+01 2.915639973488017631e+02
9.140695475813052440e+01 2.905590498837902942e+02
9.165756438199028366e+01 2.895484539550440104e+02
9.189584467762108488e+01 2.885327510508287787e+02
9.212310372576412476e+01 2.875124829960240618e+02
9.234067213072539460e+01 2.864882009449933093e+02
9.254990398836511645e+01 2.854604657825345271e+02
9.275215462200161198e+01 2.844298389018716193e+02
9.294896374667509065e+01 2.833969580738053082e+02
9.314242417261800711e+01 2.823626901687410395e+02
9.333473197996494264e+01 2.813279448328929675e+02
9.352800729282360237e+01 2.802936002504625890e+02
9.372361206603926576e+01 2.792602205617062054e+02
9.392247252024046134e+01 2.782281894198837335e+02
9.412550242509101395e+01 2.771978853208973419e+02
9.433314482466971640e+01 2.761694917797292419e+02
9.454509184694978785e+01 2.751428812717291521e+02
9.476096847075933738e+01 2.741178984581609939e+02
9.498030412436216352e+01 2.730943484219268953e+02
9.520216419932326346e+01 2.720718440355302050e+02
9.542547341957006779e+01 2.710499399049991780e+02
9.564918543381483573e+01 2.700282026173993017e+02
9.587278987086409643e+01 2.690064207700024212e+02
9.609624873986938098e+01 2.679845786264107801e+02
9.631954067447179568e+01 2.669626673363147233e+02
9.654281119553164103e+01 2.659407471763621515e+02
9.676662123048100739e+01 2.649190504902555290e+02
9.699159525666451032e+01 2.638978359449357640e+02
9.721836817674227404e+01 2.628773665256557024e+02
9.744765866316734559e+01 2.618579399162903769e+02
9.768022573520822505e+01 2.608398705129307018e+02
9.791682787112432607e+01 2.598234724875747474e+02
9.815818995376845635e+01 2.588090460965389639e+02
9.840499171547031665e+01 2.577968728941696099e+02
9.865790971436157974e+01 2.567872331200161398e+02
9.891762811801167743e+01 2.557804101655624720e+02
9.918486153174023912e+01 2.547767000300287918e+02
9.946033217030466744e+01 2.537764018645695501e+02
9.974475886213912190e+01 2.527798134176776159e+02
1.000388122678363914e+02 2.517872124860637939e+02
1.003431272074694078e+02 2.507988620208031136e+02
1.006583373275077378e+02 2.498150244868479888e+02
1.009850262868243078e+02 2.488359416436342997e+02
1.013236739578949965e+02 2.478618122609144621e+02
1.016747472967746404e+02 2.468928297582901052e+02
1.020385844324545275e+02 2.459291341934477657e+02
1.024146813903481643e+02 2.449705168133608311e+02
1.028021958855631084e+02 2.440166287322899734e+02
1.032002810098819481e+02 2.430671191494498089e+02
1.036079815747630306e+02 2.421215924128205472e+02
1.040242195328308981e+02 2.411796019805236426e+02
1.044479102403512201e+02 2.402406985783759694e+02
1.048781532664850999e+02 2.393045092356647103e+02
1.053146558648994642e+02 2.383709126928100659e+02
1.057572504185830979e+02 2.374398395204883059e+02
1.062057798194849170e+02 2.365112246423366571e+02
1.066602044792525561e+02 2.355850516603302651e+02
1.071205584789205574e+02 2.346613346913558189e+02
1.075868726254739869e+02 2.337400864961453522e+02
1.080588083056421027e+02 2.328211668165546087e+02
1.085353841219242241e+02 2.319041691445007132e+02
1.090155542804657784e+02 2.309886602980579937e+02
1.094982685205341539e+02 2.300742052450431459e+02
1.099824526575944788e+02 2.291603590436212698e+02
1.104670245313578505e+02 2.282466734482631523e+02
1.109509208043315169e+02 2.273327080100968658e+02
1.114334800742905713e+02 2.264181887672950211e+02
1.119144263121857250e+02 2.255030013848315775e+02
1.123934991550803488e+02 2.245870380167966971e+02
1.128705395131155740e+02 2.236702327659702689e+02
1.133456648435314804e+02 2.227526342847106662e+02
1.138190393751484919e+02 2.218343105988030004e+02
1.142908332337514850e+02 2.209153321766360420e+02
1.147612692751429790e+02 2.199957913281023707e+02
1.152305981125877423e+02 2.190757918606192334e+02
1.156990696000254388e+02 2.181554372670816804e+02
1.161668815417916960e+02 2.172348094807358052e+02
1.166341555563584365e+02 2.163139588776153914e+02
1.171010072067494718e+02 2.153929333255053109e+02
1.175675085912170488e+02 2.144717626884946071e+02
1.180335402716432327e+02 2.135503974937165026e+02
1.184989300662147542e+02 2.126287664211522781e+02
1.189634934415932861e+02 2.117067930346138951e+02
1.194268461291275969e+02 2.107843181648376856e+02
1.198884420830545849e+02 2.098611156322857028e+02
1.203477301541958155e+02 2.089369571435161106e+02
1.208040552309258260e+02 2.080115713424291641e+02
1.212565260085620338e+02 2.070845890385512860e+02
1.217042185564755528e+02 2.061556275272990320e+02
1.221462016309723708e+02 2.052243010749150187e+02
1.225814910459777707e+02 2.042902020181693103e+02
1.230090793123638377e+02 2.033529130413818109e+02
1.234279612534753028e+02 2.024120177867303028e+02
1.238372156193590854e+02 2.014671346599761250e+02
1.242360247787137979e+02 2.005179249871382012e+02
1.246235775060633841e+02 1.995640527476156763e+02
1.249990277977603483e+02 1.986051675152163796e+02
1.253614033547831070e+02 1.976408665504881697e+02
1.257097032182814615e+02 1.966707352426886928e+02
1.260429440669189916e+02 1.956943662867719524e+02
1.263603644835363582e+02 1.947114442933996088e+02
1.266613546542253346e+02 1.937217166693481829e+02
1.269453084161033871e+02 1.927249323336982911e+02
1.272116997615754030e+02 1.917208734069477032e+02
1.274601549516399501e+02 1.907093850813292875e+02
1.276903172759730580e+02 1.896903196025872376e+02
1.279018395142804252e+02 1.886635331473666781e+02
1.280944305581244009e+02 1.876289051346151666e+02
1.282678198475395277e+02 1.865863234947401565e+02
1.284217477568887773e+02 1.855356806872950415e+02
1.285562255059875554e+02 1.844769813596702193e+02
1.286715468001649185e+02 1.834103471685625095e+02
1.287680188436258675e+02 1.823359053620851853e+02
1.288463351395436973e+02 1.812539431986299121e+02
1.289083479204512628e+02 1.801652278980244830e+02
1.289561257683801330e+02 1.790706162949965403e+02
1.289917659564587495e+02 1.779709771085182695e+02
1.290176521433558605e+02 1.768672976823642671e+02
1.290363325789274711e+02 1.757606335362268624e+02
1.290503554694413424e+02 1.746520401717439199e+02
1.290621386673925883e+02 1.735425190962442912e+02
1.290738920808808246e+02 1.724329856836553745e+02
1.290878070230011758e+02 1.713243476056000816e+02
1.291059572769351576e+02 1.702174638512048830e+02
1.291298458475181121e+02 1.691129569854043098e+02
1.291608027143876996e+02 1.680113779037314714e+02
1.292001120447420703e+02 1.669132585255808294e+02
1.292482107276710224e+02 1.658187798161787043e+02
1.293047889127316807e+02 1.647278134310346331e+02
1.293695105266098153e+02 1.636402201637867222e+02
1.294417967814602264e+02 1.625557602723368404e+02
1.295204647376538105e+02 1.614739437665116668e+02
1.296042390309449956e+02 1.603942423725760591e+02
1.296919993780325058e+02 1.593161920534108162e+02
1.297838716064529763e+02 1.582398449277933992e+02
1.298805817195622581e+02 1.571655017154108123e+02
1.299828639215758130e+02 1.560934665328602478e+02
1.300916352907251223e+02 1.550241192457664852e+02
1.302080586786483707e+02 1.539579415226072570e+02
1.303333142154859843e+02 1.528954221888624829e+02
1.304684430013487884e+02 1.518369924820605377e+02
1.306139300162287498e+02 1.507828532879218528e+02
1.307701212100880639e+02 1.497331479042152012e+02
1.309373863572612322e+02 1.486880294971800254e+02
1.311164341154564852e+02 1.476477916044645156e+02
1.313082252972601509e+02 1.466128322106687278e+02
1.315137286513787274e+02 1.455835525876722727e+02
1.317342145860394567e+02 1.445604789600288598e+02
1.319715798279350167e+02 1.435443969844057222e+02
1.322277990503229148e+02 1.425361246043069059e+02
1.325047407432597311e+02 1.415364357811846503e+02
1.328035793093096686e+02 1.405458169791134821e+02
1.331252103053487872e+02 1.395646391617368351e+02
1.334704929951929273e+02 1.385932582596541920e+02
1.338392486229073484e+02 1.376316002424831595e+02
1.342301206572118986e+02 1.366791032303158602e+02
1.346416888647740393e+02 1.357351789570433596e+02
1.350722046000252874e+02 1.347991031224704557e+02
1.355188358457542108e+02 1.338697026749379688e+02
1.359785275059018090e+02 1.329457121596302898e+02
1.364482436662694624e+02 1.320258740659015189e+02
1.369251629197505622e+02 1.311090197212433850e+02
1.374065983269580329e+02 1.301940361429697646e+02
1.378898704198036569e+02 1.292798134427672778e+02
1.383727522082211863e+02 1.283654291373309775e+02
1.388538040053104794e+02 1.274502868245117924e+02
1.393316649989335758e+02 1.265338227701020202e+02
1.398050941420395077e+02 1.256155228382882996e+02
1.402734918280390843e+02 1.246951385334174631e+02
1.407364722947465339e+02 1.237725099193601181e+02
1.411936695393143282e+02 1.228474852424757557e+02
1.416451362250336956e+02 1.219200861218198213e+02
1.420913264298324066e+02 1.209905004051703656e+02
1.425327105310971945e+02 1.200589226900312525e+02
1.429698518969281054e+02 1.191255860827348272e+02
1.434035678258133544e+02 1.181908288459403309e+02
1.438347185627255556e+02 1.172550070270804952e+02
1.442641093418752121e+02 1.163184538969296682e+02
1.446920534971790175e+02 1.153812990598400887e+02
1.451186054226872102e+02 1.144435649086892397e+02
1.455438144865143784e+02 1.135052717587208093e+02
1.459675899959405001e+02 1.125663821051398799e+02
1.463896362488941065e+02 1.116267738110081069e+02
1.468096412486340228e+02 1.106863180126066482e+02
1.472273588105851161e+02 1.097449132711748803e+02
1.476428327648898744e+02 1.088025790016139638e+02
1.480561868035356952e+02 1.078593678985035922e+02
1.484675417669654678e+02 1.069153315313050712e+02
1.488769723381384438e+02 1.059705032565009759e+02
1.492845158144146751e+02 1.050249016788355760e+02
1.496902084444792820e+02 1.040785449919793564e+02
1.500940925766704765e+02 1.031314544224569119e+02
1.504962244171730390e+02 1.021836580871582356e+02
1.508966620863916148e+02 1.012351850547562435e+02
1.512954689263735020e+02 1.002860666119545101e+02
1.516927460808529986e+02 9.933635010271925125e+01
1.520886113323086022e+02 9.838608993876144382e+01
1.524831790373782496e+02 9.743533907121214099e+01
1.528764419163469483e+02 9.648409859642663378e+01
1.532682425132798585e+02 9.553230558915956294e+01
1.536584140832746641e+02 9.457989316416352210e+01
1.540466797634901468e+02 9.362674674050880697e+01
1.544323628027171651e+02 9.267257853252775135e+01
1.548146957042835652e+02 9.171706144972327479e+01
1.551928857296440185e+02 9.075985689506876497e+01
1.555658225627810225e+02 8.980048150357639258e+01
1.559321789211563782e+02 8.883835300588451389e+01
1.562906229095543722e+02 8.787288694627051200e+01
1.566397764288678047e+02 8.690346844799807968e+01
1.569781736078425922e+02 8.592942484444434115e+01
1.573043387593888269e+02 8.495007700616098134e+01
1.576168525088153274e+02 8.396476503508176847e+01
1.579146284406854193e+02 8.297294274285238203e+01
1.581967020710835357e+02 8.197410558224369481e+01
1.584621296804562860e+02 8.096775748953072593e+01
1.587104787938534116e+02 7.995361158043428418e+01
1.589418501525666443e+02 7.893159913997686772e+01
1.591563695777054761e+02 7.790166172851532167e+01
1.593543106598971519e+02 7.686382132043223692e+01
1.595363902342319591e+02 7.581834109731072147e+01
1.597034078951749905e+02 7.476552927718357466e+01
1.598562169229169854e+02 7.370573346880398447e+01
1.599962064717408623e+02 7.263969446675133668e+01
1.601250736729071491e+02 7.156837903693700298e+01
1.602445124717623059e+02 7.049275691463522264e+01
1.603557713627532166e+02 6.941381552829088264e+01
1.604593882431864245e+02 6.833257053104560441e+01
1.605558374666647694e+02 6.725004009997711307e+01
1.606455907948461004e+02 6.616734407598210055e+01
1.607291074017320511e+02 6.508609602538322747e+01
1.608068426455143651e+02 6.400805918195266031e+01
1.608792856773809490e+02 6.293502994230865255e+01
1.609475511751632837e+02 6.186941793258343836e+01
1.610133051179346353e+02 6.081417324220682730e+01
1.610782319339909350e+02 5.977226409592065437e+01
1.611438590265896948e+02 5.874652279193928450e+01
1.612113229408194286e+02 5.773944328757433908e+01
1.612817004273308328e+02 5.675346777991901348e+01
1.613562130583534042e+02 5.578792080531647457e+01
1.614372460806080198e+02 5.481707578332313346e+01
1.615277452120591306e+02 5.380314053380446637e+01
1.616307956385235798e+02 5.270694715887013615e+01
1.617551907709403451e+02 5.143478225536154014e+01
1.619173955854503788e+02 4.981962602606908064e+01
1.621344143889487555e+02 4.768930504583901353e+01
