5.179389538525020953e+01 3.610048148335187079e+02
5.205733874618543666e+01 3.590847965193175355e+02
5.225964588468659144e+01 3.576092527683435378e+02
5.242005895916830127e+01 3.564303512422176823e+02
5.255737725555088957e+01 3.554039243471810323e+02
5.268310263943736516e+01 3.544461902262098647e+02
5.280275529588490713e+01 3.535228650874812502e+02
5.292167674980467496e+01 3.526011469872404405e+02
5.304426213040980542e+01 3.516575470906083183e+02
5.317248869448621917e+01 3.506923698969449106e+02
5.330795310666081122e+01 3.497096651637731384e+02
5.345207897842549016e+01 3.487133878083193963e+02
5.360466928930412678e+01 3.477066045742604956e+02
5.376464144336790696e+01 3.466918968731866357e+02
5.393090010427185632e+01 3.456718330623804718e+02
5.410206973887697757e+01 3.446483742544282904e+02
5.427630539585549485e+01 3.436224642351257899e+02
5.445171734137339570e+01 3.425949497372685641e+02
5.462648854053385605e+01 3.415665825244558391e+02
5.479921945302439923e+01 3.405375689723219921e+02
5.496865929077847568e+01 3.395079211361733655e+02
5.513356472664700902e+01 3.384776448664167106e+02
5.529289970796155274e+01 3.374465760940245218e+02
5.544586036540634666e+01 3.364143604107437682e+02
5.559165512130576303e+01 3.353806333444721304e+02
5.572983856923114132e+01 3.343451463394134180e+02
5.586122109102608135e+01 3.333080713436098108e+02
5.598689774063495150e+01 3.322696756282674073e+02
5.610795064290181955e+01 3.312302224067342422e+02
5.622527497372250593e+01 3.301899162175688502e+02
5.633962525319732606e+01 3.291489174538597808e+02
5.645175134248960092e+01 3.281073850001812389e+02
5.656208534731567994e+01 3.270653659968352827e+02
5.667031941813117868e+01 3.260226473658869963e+02
5.677604059680092519e+01 3.249789790661232018e+02
5.687896828935944171e+01 3.239341699870660136e+02
5.697993311563951835e+01 3.228885237491477938e+02
5.708032098902116047e+01 3.218425911987467316e+02
5.718151050925010281e+01 3.207969204586630667e+02
5.728421245787626503e+01 3.197517934643675517e+02
5.738811246226273255e+01 3.187070835325516782e+02
5.749280911883688105e+01 3.176626292900281783e+02
5.759787118829606101e+01 3.166182579133567287e+02
5.770271234095421420e+01 3.155737370590476303e+02
5.780669601188743911e+01 3.145288151045057248e+02
5.790921669340790601e+01 3.134832532578553810e+02
5.801042164196850592e+01 3.124371236993958973e+02
5.811123252933357719e+01 3.113908185258530352e+02
5.821260634763093833e+01 3.103447444247046860e+02
5.831509099620447500e+01 3.092991376072288858e+02
5.841788765477797085e+01 3.082536730828157943e+02
5.851992078482395243e+01 3.072079105474651897e+02
5.862016363286623033e+01 3.061614295193924704e+02
5.871821213246546733e+01 3.051140625253976282e+02
5.881409201063623726e+01 3.040658167248444101e+02
5.890784021268696335e+01 3.030167038289541210e+02
5.899995394728762932e+01 3.019669214756056022e+02
5.909190864366744478e+01 3.009170624618287775e+02
5.918530485952499731e+01 2.998677701311883652e+02
5.928154946811681469e+01 2.988196058140722471e+02
5.938058753367387510e+01 2.977725118567070695e+02
5.948169686187353733e+01 2.967261480632984103e+02
5.958415628918503160e+01 2.956801745354416653e+02
5.968745313598338953e+01 2.946343331321220944e+02
5.979136819816098125e+01 2.935884807993487584e+02
5.989570434116023279e+01 2.925424831377501960e+02
6.000043117809349269e+01 2.914962796769917759e+02
6.010630364734979025e+01 2.904501581275647482e+02
6.021430766989886507e+01 2.894045086081064824e+02
6.032537402036022911e+01 2.883597015810147468e+02
6.043928511309887597e+01 2.873156981325125230e+02
6.055473832281535351e+01 2.862720725456520086e+02
6.067038865430492223e+01 2.852283840522858327e+02
6.078507602316614822e+01 2.841843327009374889e+02
6.089819329054643759e+01 2.831400396293805102e+02
6.100923622895895448e+01 2.820957043463416198e+02
6.111766455430426959e+01 2.810515325973503877e+02
6.122252965838055161e+01 2.800078007567811937e+02
6.132262455288082492e+01 2.789648298916637827e+02
6.141673138115314856e+01 2.779229394424514794e+02
6.150281148082095228e+01 2.768821665397833840e+02
6.157723206268713767e+01 2.758420000266432908e+02
6.163617718255815703e+01 2.748018657512624827e+02
6.167614610818817056e+01 2.737612385423879005e+02
6.169578204490014883e+01 2.727199263733936050e+02
6.169462098450317455e+01 2.716778759469831925e+02
6.167225615224043622e+01 2.706350286152753029e+02
6.163036452593699011e+01 2.695911028325294865e+02
6.157331451521763199e+01 2.685455291520357264e+02
6.150565285820749040e+01 2.674977190513834557e+02
6.143193908012804627e+01 2.664471224529396522e+02
6.135678730250692325e+01 2.653933534244551993e+02
6.128482621525099461e+01 2.643360698339373585e+02
6.122057888242326840e+01 2.632749716726220299e+02
6.116666241432265139e+01 2.622105190110207786e+02
6.112404010631368578e+01 2.611438314479506175e+02
6.109361965514826665e+01 2.600760506164766639e+02
6.107584365435849350e+01 2.590084143227466029e+02
6.106988977541010399e+01 2.579424219308810962e+02
6.107472268165352602e+01 2.568796168503790227e+02
6.108921707464211437e+01 2.558214830783677201e+02
6.111133980160195023e+01 2.547689050488243083e+02
6.113853147558604206e+01 2.537224196613150582e+02
6.116822349121718361e+01 2.526825510299801181e+02
6.119759931984599888e+01 2.516490602412231112e+02
6.122340193774616068e+01 2.506203526799087626e+02
6.124232900060896867e+01 2.495946942487906597e+02
6.125157616848538567e+01 2.485703076299985810e+02
6.125139765174728268e+01 2.475451500612954874e+02
6.124320806762004565e+01 2.465170780714712180e+02
6.122842312413092714e+01 2.454839773788722823e+02
6.120842249402105750e+01 2.444446720795529870e+02
6.118454312265571104e+01 2.433990989128044760e+02
6.115811947595382492e+01 2.423472591708137998e+02
6.113006917656826289e+01 2.412894065173398417e+02
6.109969596052495433e+01 2.402267717198577941e+02
6.106591303755497080e+01 2.391608219841948824e+02
6.102761161005449964e+01 2.380930234218092210e+02
6.098333595434763765e+01 2.370248248924057748e+02
6.093135396759463163e+01 2.359576615120545284e+02
6.086992735516753328e+01 2.348929671131791679e+02
6.079784809433805037e+01 2.338318516287069428e+02
6.071522150799824402e+01 2.327746227767293021e+02
6.062235273582017925e+01 2.317214662236983713e+02
6.051964543440450939e+01 2.306725102100865286e+02
6.040839253955931554e+01 2.296273646113402549e+02
6.029035871734795649e+01 2.285853643291258095e+02
6.016730487716989728e+01 2.275458445681399269e+02
6.004043678942857554e+01 2.265083346242712707e+02
5.991005698656415035e+01 2.254726795891538700e+02
5.977638507961535197e+01 2.244387535459241008e+02
5.963974337052145103e+01 2.234063860757923976e+02
5.950102455381374966e+01 2.223751595757602217e+02
5.936131822634924049e+01 2.213445711136254488e+02
5.922169242818892343e+01 2.203141269791206867e+02
5.908262932463955508e+01 2.192835841254057812e+02
5.894397317029664407e+01 2.182529724323772768e+02
5.880553604582926397e+01 2.172223355456481215e+02
5.866712915545063112e+01 2.161917212312337995e+02
5.852856062544125137e+01 2.151611917251578916e+02
5.838963790679211030e+01 2.141308124381222626e+02
5.825008805364371511e+01 2.131006825600004504e+02
5.810852364526241587e+01 2.120713695333157034e+02
5.796274245969712524e+01 2.110437831437330374e+02
5.781052524877878795e+01 2.100188403469453249e+02
5.765000857970005654e+01 2.089973122716225475e+02
5.748013263484838831e+01 2.079796406935608388e+02
5.729994785738315954e+01 2.069662221993884259e+02
5.710861551700737238e+01 2.059574075872570518e+02
5.690619458582799695e+01 2.049531767656018530e+02
5.669317935598642322e+01 2.039533297884612182e+02
5.647007794961634630e+01 2.029576609828266101e+02
5.623799248919206661e+01 2.019657185506743247e+02
5.599891090557524365e+01 2.009766836578217237e+02
5.575489339114033527e+01 1.999897075284101220e+02
5.550789254059630196e+01 1.990039856242362077e+02
5.525931978771551201e+01 1.980189358997592421e+02
5.501041680558119396e+01 1.970340461047714484e+02
5.476239073915419908e+01 1.960488181325151800e+02
5.451565596877239273e+01 1.950630786073137415e+02
5.426983411015064007e+01 1.940769788845715311e+02
5.402451229892437823e+01 1.930906844422576114e+02
5.377924362462714925e+01 1.921043715559830503e+02
5.353347264506768255e+01 1.911182509219423480e+02
5.328662233896531575e+01 1.901325400800877219e+02
5.303814067222143791e+01 1.891474452368487675e+02
5.278778191286869514e+01 1.881630336681353981e+02
5.253550572727757384e+01 1.871792794866215957e+02
5.228127444282542768e+01 1.861961555287944350e+02
5.202487890331488529e+01 1.852137019030078022e+02
5.176575632486045464e+01 1.842320974434066443e+02
5.150330026619737112e+01 1.832515381106358632e+02
5.123706590640403391e+01 1.822721558248181850e+02
5.096778636446759947e+01 1.812936157586030390e+02
5.069671631386712818e+01 1.803153764236386678e+02
5.042511768998697619e+01 1.793368946467027740e+02
5.015446849887036507e+01 1.783575938451072034e+02
4.988654228529475176e+01 1.773768517391160344e+02
4.962313391383931105e+01 1.763940427524642018e+02
4.936585793074430484e+01 1.754086611476888891e+02
4.911550700115076751e+01 1.744207474060142999e+02
4.887263975569143071e+01 1.734304975470046770e+02
4.863786834219096278e+01 1.724380965277050564e+02
4.841286632881422491e+01 1.714435097456081962e+02
4.820028212137974322e+01 1.704465009486720533e+02
4.800280061351615046e+01 1.694468263181638576e+02
4.782343394272228920e+01 1.684441542321989687e+02
4.766614221640369919e+01 1.674378987180741660e+02
4.753505621017711746e+01 1.664274280109162305e+02
4.743406510151722699e+01 1.654121652104732618e+02
4.736442641177532664e+01 1.643921310403630116e+02
4.732578022039079002e+01 1.633677135297512564e+02
4.731772865834144426e+01 1.623393049341215146e+02
4.733830731559803695e+01 1.613071749775633350e+02
4.738259862758992824e+01 1.602713623949093744e+02
4.744535787072557298e+01 1.592318803313329454e+02
4.752149059232185380e+01 1.581887630868183408e+02
4.760689003271838260e+01 1.571421840066209370e+02
4.769784821978434763e+01 1.560923725764353094e+02
4.779070004431962104e+01 1.550395651706155604e+02
4.788328508319116139e+01 1.539842407852933377e+02
4.797533167658605890e+01 1.529271829685758064e+02
4.806668797882495170e+01 1.518691945878943841e+02
4.815707222358044959e+01 1.508109206442748871e+02
4.824566573523363644e+01 1.497523537409803964e+02
4.833151116236331291e+01 1.486933179764920396e+02
4.841365082691125821e+01 1.476336289252008953e+02
4.849112142379889434e+01 1.465729552419201696e+02
4.856295490224815836e+01 1.455108416728712655e+02
4.862818534765703049e+01 1.444468300041340285e+02
4.868704157925525067e+01 1.433809429124963515e+02
4.874290144416169568e+01 1.423144705857268946e+02
4.879965552574387289e+01 1.412489095923721720e+02
4.886136279660617276e+01 1.401858281857592203e+02
4.893371889476580350e+01 1.391274913620890459e+02
4.902334062050914554e+01 1.380765562644497777e+02
4.913684525950971249e+01 1.370356805494934065e+02
4.928004953242129460e+01 1.360072061163976116e+02
4.945738903253150909e+01 1.349929301224663050e+02
4.967316249339599921e+01 1.339945957450239575e+02
4.993093411062199749e+01 1.330136451264258142e+02
5.022990611802713090e+01 1.320497327504910743e+02
5.056767688581860654e+01 1.311018557911835387e+02
5.094180968038112667e+01 1.301689970589043241e+02
5.134888461221668621e+01 1.292497371314276222e+02
5.178434874506575625e+01 1.283421930299512894e+02
5.224358635421522479e+01 1.274444560874355119e+02
5.272237881191915676e+01 1.265547824944980420e+02
5.321799564687766804e+01 1.256720462605921256e+02
5.372805493151733458e+01 1.247952660956019884e+02
5.425020347821725863e+01 1.239234725608161369e+02
5.478252185852779377e+01 1.230558750854350052e+02
5.532342646777644291e+01 1.221918215812588642e+02
5.587134176225167437e+01 1.213306632811473662e+02
5.642448307260426077e+01 1.204716642665672168e+02
5.698056353515495687e+01 1.196138793336204600e+02
5.753722245121394252e+01 1.187563325082746246e+02
5.809212955225152086e+01 1.178980603269528871e+02
5.864321942483525163e+01 1.170382082133770894e+02
5.918856302773180289e+01 1.161759776566441928e+02
5.972624936471795820e+01 1.153105776131313860e+02
6.025543756240610804e+01 1.144416600632036420e+02
6.077697788746748131e+01 1.135695771083599368e+02
6.129186994084366091e+01 1.126947426735290634e+02
6.180126736792366415e+01 1.118176344620845697e+02
6.230715149907398143e+01 1.109390728607069150e+02
6.281178045121705367e+01 1.100599928529762082e+02
6.331738793649778785e+01 1.091813193121836321e+02
6.382557960697062072e+01 1.083037169232840427e+02
6.433729640235826253e+01 1.074275749988619566e+02
6.485344728899805489e+01 1.065532696057921100e+02
6.537469044250619277e+01 1.056810729194541523e+02
6.590083136687340470e+01 1.048109038911137532e+02
6.643149451880843515e+01 1.039426064721612448e+02
6.696637353825670402e+01 1.030760532731685544e+02
6.750608204704410298e+01 1.022114980075458845e+02
6.805188721867062895e+01 1.013494651227289722e+02
6.860506920214088211e+01 1.004904844420123311e+02
6.916672037595510858e+01 9.963500815142283784e+01
6.973752175690560762e+01 9.878331835170661179e+01
7.031809985783688433e+01 9.793567460792141333e+01
7.090896598799183437e+01 9.709228887292573518e+01
7.150973082598679298e+01 9.625300088027000811e+01
7.211958129398017547e+01 9.541747523029138733e+01
7.273769635945544110e+01 9.458537324978760807e+01
7.336297880466709387e+01 9.375624282794127851e+01
7.399393127324452735e+01 9.292946750491657326e+01
7.462902505954808419e+01 9.210441794478593636e+01
7.526662183823148666e+01 9.128041982529086340e+01
7.590454979181673423e+01 9.045657988677069739e+01
7.654047504401424362e+01 8.963193836298860617e+01
7.717203685924438616e+01 8.880552438509721469e+01
7.779628797624526726e+01 8.797612463438316865e+01
7.840971100620879497e+01 8.714229012070120461e+01
7.900876494413246576e+01 8.630256209099046316e+01
7.958976341052097325e+01 8.545542017877576768e+01
8.014857121371431958e+01 8.459915379954935588e+01
8.068096682118306262e+01 8.373201577534292994e+01
8.118280053021275933e+01 8.285228751110975054e+01
8.165076873534007973e+01 8.195858709555282928e+01
8.208211900588807453e+01 8.104975194392805804e+01
8.247411539680950909e+01 8.012462603495511360e+01
8.282497577520325649e+01 7.918243335440354258e+01
8.313482670893237980e+01 7.822315833101782800e+01
8.340402212408039873e+01 7.724687597503383074e+01
8.363335227340027700e+01 7.625383573319399488e+01
8.382667911113065884e+01 7.524551506994924921e+01
8.398918365758116522e+01 7.422391879151885519e+01
8.412604589899781615e+01 7.319105089697089284e+01
8.424219540214549795e+01 7.214879914790239468e+01
8.434222889532765066e+01 7.109889681193527622e+01
8.443072008825413377e+01 7.004306647212713699e+01
8.451153993531565334e+01 6.898276120188620553e+01
8.458545929122377061e+01 6.791824517322848465e+01
8.465239443560358268e+01 6.684945482499509239e+01
8.471228005512580239e+01 6.577634864525761316e+01
8.476539935452973396e+01 6.469930218669252042e+01
8.481234666724168392e+01 6.361906332345600390e+01
8.485372794440128530e+01 6.253639360902126043e+01
8.489071435065191906e+01 6.145254848887157806e+01
8.492606340367095186e+01 6.037016958748855444e+01
8.496280885508909364e+01 5.929213990671206602e+01
8.500399767452339006e+01 5.822142513588958934e+01
8.505281538487261628e+01 5.716185770951720002e+01
8.511253021180732503e+01 5.611778742425866540e+01
8.518640142097636669e+01 5.509356774612849961e+01
8.527669665594501680e+01 5.409323152094903264e+01
8.538386885951636884e+01 5.312022484913137532e+01
8.550817719844661724e+01 5.217793117766829880e+01
8.565026517174646870e+01 5.126599500111622376e+01
8.581321791139042432e+01 5.036030753958937112e+01
8.600107624532218153e+01 4.942746258439995444e+01
8.621825090138361247e+01 4.843264705488141431e+01
8.648161626297135740e+01 4.729409013332604417e+01
8.682325189412945576e+01 4.587273436799159043e+01
8.727616014476140549e+01 4.402604564368451179e+01
