2.106633816982717988e+01 2.670511179448267853e+02
2.186604171367045879e+01 2.653353512489078412e+02
2.245978473158924515e+01 2.639851077870840186e+02
2.291326766159840389e+01 2.628788796183662271e+02
2.329079751731395120e+01 2.618975969421081231e+02
2.362999845436061719e+01 2.609688782118572590e+02
2.394449080295661147e+01 2.600623425057775648e+02
2.424703801182361218e+01 2.591491092312921296e+02
2.454769465650313265e+01 2.582074118640394431e+02
2.484800630823438894e+01 2.572378303067626462e+02
2.514785213946684550e+01 2.562453207743741928e+02
2.544705539995189270e+01 2.552347595992934544e+02
2.574467023802587207e+01 2.542099244949399406e+02
2.603919155206286717e+01 2.531737943169723906e+02
2.632910123469858732e+01 2.521293282133937339e+02
2.661273787341006525e+01 2.510788693275760579e+02
2.688808423364674738e+01 2.500232312835165374e+02
2.715306879498417558e+01 2.489629943545776882e+02
2.740564521379845786e+01 2.478986744188588887e+02
2.764402461993316962e+01 2.468301288088402998e+02
2.786656893473402974e+01 2.457568291742202291e+02
2.807164359629839367e+01 2.446782419669761452e+02
2.825782258997485386e+01 2.435937920399527741e+02
2.842409252737591174e+01 2.425028219390143818e+02
2.856948850591431466e+01 2.414046645385132877e+02
2.869338335278760255e+01 2.402987948553412991e+02
2.879778011354274980e+01 2.391857949035604349e+02
2.888591533883315421e+01 2.380667658505803672e+02
2.896104408963729426e+01 2.369428173352672218e+02
2.902715328698860731e+01 2.358154106536131280e+02
2.908939189793724012e+01 2.346865654621327621e+02
2.915301215504851839e+01 2.335583510361909134e+02
2.922287078779112335e+01 2.324326828387265493e+02
2.930144150119228641e+01 2.313105495668122842e+02
2.939030980808329119e+01 2.301925944967207442e+02
2.949106373823968852e+01 2.290794623979972187e+02
2.960544293468685595e+01 2.279718763771627152e+02
2.973538121128205702e+01 2.268706598667696994e+02
2.988282508271874249e+01 2.257766428617593988e+02
3.004991706863695455e+01 2.246907373940222499e+02
3.023972198852451854e+01 2.236142415197141986e+02
3.045557569499509398e+01 2.225485667346321748e+02
3.070073348040806493e+01 2.214950908193048065e+02
3.097647376225026505e+01 2.204543642124257872e+02
3.128202714631987646e+01 2.194260803230883425e+02
3.161652943996819332e+01 2.184098928861448030e+02
3.197863749486791818e+01 2.174052471398149748e+02
3.236524142658608127e+01 2.164108192354405560e+02
3.277282407949090270e+01 2.154251080330663513e+02
3.319790746169715590e+01 2.144466254782018950e+02
3.363768203344116614e+01 2.134741068608358887e+02
3.408989855322924001e+01 2.125064746788680452e+02
3.455232594295176796e+01 2.115426575414703905e+02
3.502363633995705072e+01 2.105819314271934388e+02
3.550512283093313215e+01 2.096245803105588834e+02
3.599855121579764017e+01 2.086710699677831826e+02
3.650562981189048628e+01 2.077218445933178828e+02
3.702735304069251754e+01 2.067770803502744457e+02
3.756423209413296860e+01 2.058367719738107837e+02
3.811676728714157036e+01 2.049009106807006901e+02
3.868503340076810559e+01 2.039694660701227917e+02
3.926812651149377587e+01 2.030423580219733708e+02
3.986500561024206490e+01 2.021194994520494674e+02
4.047473973987764140e+01 2.012009414042079811e+02
4.109742343971576872e+01 2.002880220403121712e+02
4.173370938121232854e+01 1.993827800433510333e+02
4.238426520140013309e+01 1.984872722662182696e+02
4.305069431395413915e+01 1.976046688150819648e+02
4.373631950248915956e+01 1.967401852566706282e+02
4.444464806612885610e+01 1.958992566678879825e+02
4.517904424623729653e+01 1.950873571630009451e+02
4.594185094184808094e+01 1.943102395584722899e+02
4.673496697951516410e+01 1.935737778485241734e+02
4.756026386191005884e+01 1.928838079212007699e+02
4.841826390481473652e+01 1.922441237770186149e+02
4.930749621202696176e+01 1.916555028479801592e+02
5.022632939480015324e+01 1.911184796733298867e+02
5.117278553037779432e+01 1.906326214292551811e+02
5.214296534490135571e+01 1.901921317662213937e+02
5.313230744030072827e+01 1.897893659894139944e+02
5.413624398752269684e+01 1.894166365968740706e+02
5.515001909758926502e+01 1.890649271335507251e+02
5.616865252056616242e+01 1.887236356647278797e+02
5.718715086150034921e+01 1.883820673644830208e+02
5.820084146700738614e+01 1.880300896832541468e+02
5.920644305562230159e+01 1.876600092175567909e+02
6.020105154170450135e+01 1.872647938074620129e+02
6.118182690328127649e+01 1.868375508935611720e+02
6.214731298419560801e+01 1.863744035483565540e+02
6.309738955657591220e+01 1.858743860138599757e+02
6.403199090835082075e+01 1.853366513366317179e+02
6.495142371381415103e+01 1.847612174160400969e+02
6.585726184250313509e+01 1.841510451629784484e+02
6.675134846524201748e+01 1.835097209300749626e+02
6.763550227572973483e+01 1.828407922566545381e+02
6.851116776050839974e+01 1.821472133028902078e+02
6.937949721618304011e+01 1.814314749042591757e+02
7.024163477527245902e+01 1.806960554395209897e+02
7.109848567786339402e+01 1.799433423815083017e+02
7.195031421436142693e+01 1.791754793019624685e+02
7.279727829876286194e+01 1.783945692931255564e+02
7.363942390284609019e+01 1.776026507073091807e+02
7.447553731350772921e+01 1.768010333789054300e+02
7.530361146434029251e+01 1.759905683195432005e+02
7.612162215769518525e+01 1.751720959408669387e+02
7.692671856703631761e+01 1.743458581221363204e+02
7.771428723472340039e+01 1.735108204845298019e+02
7.847948837474916672e+01 1.726657847729574655e+02
7.921746917648387409e+01 1.718095028928551358e+02
7.992326598650787162e+01 1.709403026032881030e+02
8.059185912986076517e+01 1.700562972936432118e+02
8.121825007212851233e+01 1.691556064761719540e+02
8.179914648089570051e+01 1.682369648185607218e+02
8.233416932946019529e+01 1.673001573540702225e+02
8.282322446597578391e+01 1.663450718249696365e+02
8.326675666483907889e+01 1.653718150150550912e+02
8.366874314479531449e+01 1.643819294370617001e+02
8.403458379507816289e+01 1.633775358348277109e+02
8.436971715939685623e+01 1.623607713451600887e+02
8.468112253924167021e+01 1.613344295825469885e+02
8.497789814369274097e+01 1.603022069740781603e+02
8.526929625127688439e+01 1.592678655919138464e+02
8.556463912828476737e+01 1.582352026268958411e+02
8.587360641415645546e+01 1.572081945936956799e+02
8.620599151940400873e+01 1.561908750953933804e+02
8.657150222454933441e+01 1.551872426501067821e+02
8.697744299931504486e+01 1.542003109492679584e+02
8.742844677254743146e+01 1.532319989425272979e+02
8.792900696066703858e+01 1.522841684102500892e+02
8.848192620111623796e+01 1.513579816841663330e+02
8.908324401542463988e+01 1.504518033014641674e+02
8.972730914614361097e+01 1.495632983506962432e+02
9.040837197326152364e+01 1.486900911453632830e+02
9.111879931975414593e+01 1.478290251923984613e+02
9.184926356590693786e+01 1.469762415873018995e+02
9.259037694447151523e+01 1.461278564919516896e+02
9.333336546535524292e+01 1.452802401138816606e+02
9.407138311076757020e+01 1.444305606586996191e+02
9.479796143596824720e+01 1.435761426115234372e+02
9.550673338258432921e+01 1.427143525181498660e+02
9.619272625269397281e+01 1.418431353822986125e+02
9.685198125371238120e+01 1.409608568317643460e+02
9.748056425616388765e+01 1.400658927266287890e+02
9.807519562874807662e+01 1.391568906907349970e+02
9.863422083775361671e+01 1.382331731284679108e+02
9.915623328196342356e+01 1.372941653918900329e+02
9.964005786997842051e+01 1.363393885217582806e+02
1.000868870723725195e+02 1.353693421303469222e+02
1.004992999423055267e+02 1.343850989385715593e+02
1.008798961577228823e+02 1.333877401397056417e+02
1.012316759949232079e+02 1.323785057208799003e+02
1.015584323438733634e+02 1.313589498546945435e+02
1.018640512308994204e+02 1.303306636322284078e+02
1.021525260305118081e+02 1.292952782562167329e+02
1.024286861381362002e+02 1.282547373164549924e+02
1.026977530216163785e+02 1.272111309042769847e+02
1.029649521131138243e+02 1.261665502546400006e+02
1.032356184763239071e+02 1.251231059274424240e+02
1.035152612476849185e+02 1.240829391666873249e+02
1.038094050326537854e+02 1.230481939431286662e+02
1.041230203159940828e+02 1.220207857557266209e+02
1.044577388395691173e+02 1.210012534925538432e+02
1.048139479411410235e+02 1.199896229562839096e+02
1.051919482756949549e+02 1.189858871641078224e+02
1.055888554928272924e+02 1.179888372025369563e+02
1.059977062111354229e+02 1.169957248474999858e+02
1.064112702372349304e+02 1.160037011876529220e+02
1.068218814140683719e+02 1.150098471626945553e+02
1.072198221606920185e+02 1.140109136269179970e+02
1.075947720511875190e+02 1.130035544335384117e+02
1.079364972216507397e+02 1.119844835869282917e+02
1.082368889921211519e+02 1.109518907970405195e+02
1.084900401252181155e+02 1.099054944326106238e+02
1.086901453086145324e+02 1.088450836336369463e+02
1.088327173331383619e+02 1.077711196381984990e+02
1.089181311105608927e+02 1.066865428698173019e+02
1.089478823775569225e+02 1.055948652583224003e+02
1.089235833785273257e+02 1.044995561915379341e+02
1.088488349274917084e+02 1.034033589445957091e+02
1.087289046625864728e+02 1.023084081631203901e+02
1.085691122879072168e+02 1.012168190141583182e+02
1.083753529599669747e+02 1.001299954519526239e+02
1.081551916822903507e+02 9.904727763443884214e+01
1.079164946312489235e+02 9.796763349419015299e+01
1.076670827314078451e+02 9.689000855465022255e+01
1.074142149096220180e+02 9.581307003259405519e+01
1.071647696816566082e+02 9.473529676156819335e+01
1.069256178297940778e+02 9.365516539277200536e+01
1.067034977545577874e+02 9.257148954989973788e+01
1.065048433856912595e+02 9.148385787488936671e+01
1.063360460062107791e+02 9.039196756522409260e+01
1.062033371772990336e+02 8.929569522305354212e+01
1.061114601249791178e+02 8.819658919612834325e+01
1.060643480405944388e+02 8.709710768903026690e+01
1.060659135523738286e+02 8.599971924669409873e+01
1.061188266514304956e+02 8.490701476226885802e+01
1.062234741420505770e+02 8.382180992810485520e+01
1.063799978065679284e+02 8.274694456105184770e+01
1.065881376885113099e+02 8.168501021433579012e+01
1.068447656692878240e+02 8.063682599522232408e+01
1.071455065735368350e+02 7.960244036390902522e+01
1.074859445224198282e+02 7.858187525244777305e+01
1.078597805527076758e+02 7.757391619251990278e+01
1.082579337393808885e+02 7.657552212821178728e+01
1.086710991550912979e+02 7.558350492758717110e+01
1.090899873261976012e+02 7.459460978984358803e+01
1.095053944618372697e+02 7.360521226994116262e+01
1.099081462986203803e+02 7.261156053831415136e+01
1.102891789115959540e+02 7.160994584432108923e+01
1.106429965946579301e+02 7.059805674855921609e+01
1.109683606304950700e+02 6.957524884454755920e+01
1.112642817132722968e+02 6.854097539511130321e+01
1.115306643481651037e+02 6.749506322731915020e+01
1.117712903785660643e+02 6.643895968409948694e+01
1.119909927800377432e+02 6.537455142428677846e+01
1.121945772083306991e+02 6.430371553500509663e+01
1.123862586954154779e+02 6.322812214573205125e+01
1.125696821088691166e+02 6.214924159737445564e+01
1.127484689778518430e+02 6.106853604817364811e+01
1.129255522219828975e+02 5.998719106823268277e+01
1.131015214883649378e+02 5.890545102462968430e+01
1.132764684374581634e+02 5.782336026223848080e+01
1.134504631240860277e+02 5.674095356912589239e+01
1.136232452953342147e+02 5.565811962855647721e+01
1.137942967860723087e+02 5.457463304165529649e+01
1.139630930226028198e+02 5.349026552159764947e+01
1.141293682112294903e+02 5.240487189741097040e+01
1.142935508663914845e+02 5.131852999840181440e+01
1.144561847346729735e+02 5.023135466453418729e+01
1.146179392818917364e+02 4.914350472553687155e+01
1.147808986913961888e+02 4.805563402761241321e+01
1.149480381398645505e+02 4.696870817981793778e+01
1.151223465043146490e+02 4.588369745184165538e+01
1.153067773089992158e+02 4.480153657213784157e+01
1.155042086950282396e+02 4.372308448414408844e+01
1.157175091240368516e+02 4.264919040022080310e+01
1.159493994381215032e+02 4.158067333251039344e+01
1.162013442002537857e+02 4.051809528176110575e+01
1.164741730318583990e+02 3.946188835146404728e+01
1.167686892114625152e+02 3.841248097917289073e+01
1.170840002911361069e+02 3.737009098544621111e+01
1.174163184040125145e+02 3.633457656654572077e+01
1.177615725574110002e+02 3.530576075320969665e+01
1.181154193712243625e+02 3.428359741153283835e+01
1.184717300755309282e+02 3.326889798064654258e+01
1.188236568455141935e+02 3.226281928200999261e+01
1.191643599822967161e+02 3.126654150696512247e+01
1.194874476825805090e+02 3.028223905485850409e+01
1.197871441057802144e+02 2.931345359698115516e+01
1.200577181990278888e+02 2.836382622133885789e+01
1.202943910954082440e+02 2.743258896945896197e+01
1.204972460020892697e+02 2.649646030707422639e+01
1.206679139856141205e+02 2.552499141929443027e+01
1.208077612642923100e+02 2.448604988415198491e+01
1.209107065887792771e+02 2.330036225535929262e+01
1.209623900408750643e+02 2.183625272008072216e+01
1.209480193761582143e+02 1.995930892443540472e+01
