6.793446864451955491e+01 6.025355756918530403e+01
6.847109295900470727e+01 6.266491078348358457e+01
6.887543515950279982e+01 6.449213332153382794e+01
6.919165234012534427e+01 6.592755224259138913e+01
6.946274414719269430e+01 6.715831097350353218e+01
6.971372089554566287e+01 6.829098768160997679e+01
6.995539354374504626e+01 6.936856868678012233e+01
7.019817725981924639e+01 7.043226797153440089e+01
7.044984002931477107e+01 7.151150202323772476e+01
7.071191831605457878e+01 7.260791578428339221e+01
7.098505258181151589e+01 7.371916105344170944e+01
7.126977819604057629e+01 7.484291063729850180e+01
7.156577840638905741e+01 7.597700768046436792e+01
7.187232288808934300e+01 7.711937800012952948e+01
7.218867376984877637e+01 7.826795532777636311e+01
7.251385594899446119e+01 7.942103656574427362e+01
7.284655353408554390e+01 8.057744032032597659e+01
7.318542425370546312e+01 8.173602558217822889e+01
7.352920966417832460e+01 8.289573159630003829e+01
7.387703819732979582e+01 8.405586799151168975e+01
7.422814981779453092e+01 8.521585117503590823e+01
7.458180975656702572e+01 8.637510270716148852e+01
7.493776202751796234e+01 8.753314164613121307e+01
7.529617875729881860e+01 8.868957422983075389e+01
7.565724719063055659e+01 8.984400987709867081e+01
7.602117652114230850e+01 9.099612492459411328e+01
7.638823513841191470e+01 9.214577618555678384e+01
7.675870131149915210e+01 9.329285059378621270e+01
7.713285511912734194e+01 9.443724131175402192e+01
7.751099384651965352e+01 9.557890072490297939e+01
7.789342429580922555e+01 9.671781397488345533e+01
7.828045323004224088e+01 9.785396662064152906e+01
7.867237775965929814e+01 9.898734914580096245e+01
7.906947925050246795e+01 1.001179600667461358e+02
7.947203761819415035e+01 1.012457986397513707e+02
7.988027766257070539e+01 1.023708823822062755e+02
8.029413037189310387e+01 1.034933261579685393e+02
8.071342922311418988e+01 1.046132771386134834e+02
8.113799895152445174e+01 1.057308853299689417e+02
8.156746017821208738e+01 1.068463669057503864e+02
8.200122685865206051e+01 1.079600050346543441e+02
8.243870375518511651e+01 1.090720858631968895e+02
8.287928457799803539e+01 1.101828944005143285e+02
8.332232879122065583e+01 1.112927121314733512e+02
8.376718924593421889e+01 1.124018198603902050e+02
8.421326503210309511e+01 1.135104785338452444e+02
8.466047460459890317e+01 1.146187260521323878e+02
8.510906306522653608e+01 1.157264600338582312e+02
8.555928400011626422e+01 1.168335744908779361e+02
8.601174246091542841e+01 1.179398163043370289e+02
8.646769565064404617e+01 1.190446593513741220e+02
8.692847161899837261e+01 1.201475478512489161e+02
8.739547278392356588e+01 1.212478952339723577e+02
8.787056051186408467e+01 1.223449249199791637e+02
8.835577107236831296e+01 1.234377879179523632e+02
8.885314043897201941e+01 1.245256353869738177e+02
8.936468548799193456e+01 1.256076272230888264e+02
8.989240119989906930e+01 1.266829333396765520e+02
9.043828134039334543e+01 1.277507242053944339e+02
9.100408799409652261e+01 1.288102666074382796e+02
9.159075645331179771e+01 1.298611710616680455e+02
9.219903765273926410e+01 1.309031247283329833e+02
9.282955655743128887e+01 1.319358669989729265e+02
9.348125111161284906e+01 1.329598367612035474e+02
9.415185488178164519e+01 1.339759722785114207e+02
9.483907435557227927e+01 1.349852230428092525e+02
9.554043291348708067e+01 1.359886145712772532e+02
9.625306655831150238e+01 1.369873332186021173e+02
9.697406200788985586e+01 1.379825858023590115e+02
9.770059260860905681e+01 1.389755432775607176e+02
9.843045272400888734e+01 1.399671195099782324e+02
9.916170771174111565e+01 1.409581161789954535e+02
9.989244475633554998e+01 1.419493259230971205e+02
1.006215556925126293e+02 1.429412080770406419e+02
1.013489776240509030e+02 1.439337890022525244e+02
1.020747175118193439e+02 1.449270661238226126e+02
1.027989572046872695e+02 1.459209643995349950e+02
1.035225983800822434e+02 1.469151105160742361e+02
1.042467278877787749e+02 1.479090544313549174e+02
1.049724070387812986e+02 1.489023566726127683e+02
1.057002846196884605e+02 1.498947484919398789e+02
1.064306755590565530e+02 1.508860993098996062e+02
1.071638843231966405e+02 1.518762828769026498e+02
1.078999388313541061e+02 1.528652873953283802e+02
1.086381982056126247e+02 1.538533778564338093e+02
1.093779224642695738e+02 1.548408602666405329e+02
1.101183969575851052e+02 1.558280301066089919e+02
1.108591189745479397e+02 1.568150947936916850e+02
1.115996914117142467e+02 1.578022178639186279e+02
1.123397157237586299e+02 1.587895634471087192e+02
1.130786770194513338e+02 1.597773437362617983e+02
1.138158889944838137e+02 1.607658417361344902e+02
1.145506515950810211e+02 1.617553461314690537e+02
1.152823148487545808e+02 1.627461248926526025e+02
1.160104666457848452e+02 1.637383476065394632e+02
1.167347654211500299e+02 1.647321546816612567e+02
1.174548962735365052e+02 1.657276755190336246e+02
1.181710710540697136e+02 1.667248220618738515e+02
1.188839844832915844e+02 1.677233069117115747e+02
1.195943494628567692e+02 1.687228351651384912e+02
1.203031213755857891e+02 1.697230123531196000e+02
1.210119278357785788e+02 1.707231679804451119e+02
1.217225119956682136e+02 1.717225841106670714e+02
1.224365868179544066e+02 1.727205557041903319e+02
1.231555686833602863e+02 1.737165044201000796e+02
1.238807056357704539e+02 1.747099238303319169e+02
1.246132419193002647e+02 1.757003091440890614e+02
1.253542826922445670e+02 1.766872160316514737e+02
1.261047003599732506e+02 1.776703013417827606e+02
1.268653451555127134e+02 1.786492315616393398e+02
1.276370459812443841e+02 1.796236828065212023e+02
1.284205146765071390e+02 1.805933840311881227e+02
1.292164231312137872e+02 1.815580822226163207e+02
1.300254233255580516e+02 1.825175325601748852e+02
1.308476779123441531e+02 1.834716915366515195e+02
1.316828416360096412e+02 1.844207246026239204e+02
1.325305455863683051e+02 1.853648069386912027e+02
1.333902484214230526e+02 1.863041799082468515e+02
1.342608592912789902e+02 1.872392957868589178e+02
1.351411781230357576e+02 1.881706487720800283e+02
1.360300072787385943e+02 1.890987288860393392e+02
1.369261774266748262e+02 1.900239776115694497e+02
1.378285374972235502e+02 1.909468051158279138e+02
1.387359379206585288e+02 1.918676202207336416e+02
1.396473640429755392e+02 1.927867388372303878e+02
1.405620581532174072e+02 1.937042999300258259e+02
1.414792913642555447e+02 1.946204226140283424e+02
1.423983820334758832e+02 1.955351901969460187e+02
1.433189488529870346e+02 1.964484583590960654e+02
1.442407281406158859e+02 1.973599936308126530e+02
1.451634614203034346e+02 1.982695582003160268e+02
1.460870449296979814e+02 1.991767845626240501e+02
1.470115567680012134e+02 2.000811527620912784e+02
1.479370854407213187e+02 2.009821341199332778e+02
1.488637473145641081e+02 2.018791880626701811e+02
1.497917610547035281e+02 2.027717303428526634e+02
1.507213687991874167e+02 2.036591666918294834e+02
1.516528077753530397e+02 2.045409193941959813e+02
1.525862470015055408e+02 2.054166406566540388e+02
1.535218055595891258e+02 2.062861510136607421e+02
1.544596012727900529e+02 2.071492751511616461e+02
1.553997304255548215e+02 2.080058931057434961e+02
1.563422425100296493e+02 2.088560051616896089e+02
1.572871808783534107e+02 2.096996273819847261e+02
1.582346234661533515e+02 2.105366896171809117e+02
1.591849038026511778e+02 2.113664845540712633e+02
1.601384699748739138e+02 2.121880193007661433e+02
1.610957693861786879e+02 2.130003021951195308e+02
1.620571990645359506e+02 2.138024476240292699e+02
1.630230889364989935e+02 2.145937112346708204e+02
1.639937642729438778e+02 2.153733584752388879e+02
1.649694255129281260e+02 2.161409514305278208e+02
1.659497443978974047e+02 2.168973085241700289e+02
1.669342527255139998e+02 2.176435807268090912e+02
1.679224771240733389e+02 2.183809309125157654e+02
1.689138574080158719e+02 2.191107218592676986e+02
1.699077613564716103e+02 2.198344822187957845e+02
1.709035548801932123e+02 2.205537449050524401e+02
1.719007179806586691e+02 2.212697654798552378e+02
1.728990141507841258e+02 2.219831103433414796e+02
1.738982501692043456e+02 2.226942406689838094e+02
1.748982520325112091e+02 2.234035711603082746e+02
1.758990116826489896e+02 2.241111152569762055e+02
1.769006059485929541e+02 2.248166811377146814e+02
1.779031122707296504e+02 2.255200755131279777e+02
1.789066039574920808e+02 2.262211156627105879e+02
1.799111480734414386e+02 2.269196348368018903e+02
1.809168111643796806e+02 2.276154676126460572e+02
1.819236597080473530e+02 2.283084490154722062e+02
1.829317598494920389e+02 2.289984162603126947e+02
1.839411776322642709e+02 2.296852072302587544e+02
1.849519798014586627e+02 2.303686581532859350e+02
1.859642475678738833e+02 2.310485711270314937e+02
1.869780757367182105e+02 2.317247161745247297e+02
1.879935595679111202e+02 2.323968622501476489e+02
1.890107275176650887e+02 2.330649397983065114e+02
1.900294176488569633e+02 2.337293395166747416e+02
1.910494343290002917e+02 2.343905335574624758e+02
1.920705781403390802e+02 2.350490032345705629e+02
1.930926112313728140e+02 2.357053228851511335e+02
1.941152733664108041e+02 2.363601210240113062e+02
1.951383051866508538e+02 2.370140240509519458e+02
1.961615402515694768e+02 2.376674340638355147e+02
1.971849716617015247e+02 2.383203680331944838e+02
1.982086082304898014e+02 2.389728049990715135e+02
1.992324986296888483e+02 2.396246277662400530e+02
2.002569167477043379e+02 2.402751753686908955e+02
2.012822154951783205e+02 2.409235960464259279e+02
2.023087472604028108e+02 2.415690392986391259e+02
2.033368487513209857e+02 2.422106924324362751e+02
2.043668399905403135e+02 2.428477829860242991e+02
2.053990401576534737e+02 2.434795405303565303e+02
2.064336301368689135e+02 2.441055284945215078e+02
2.074703374995913805e+02 2.447264046475788462e+02
2.085087970795584624e+02 2.453430506360867867e+02
2.095486284384660678e+02 2.459563849742437753e+02
2.105892673212218824e+02 2.465677699211929053e+02
2.116300278298614330e+02 2.471788613893941147e+02
2.126702230265647131e+02 2.477913178013585878e+02
2.137093058808840169e+02 2.484064598069753060e+02
2.147470028667913766e+02 2.490249477456440843e+02
2.157830721325186687e+02 2.496473654869009806e+02
2.168173390322533862e+02 2.502741346503938757e+02
2.178500690725855975e+02 2.509046142315237660e+02
2.188817048988122451e+02 2.515377355740789369e+02
2.199126887546937610e+02 2.521724309912856654e+02
2.209434336115074871e+02 2.528077034679277517e+02
2.219743171625940192e+02 2.534426411591074952e+02
2.230057150006781512e+02 2.540763372913717149e+02
2.240379494631064290e+02 2.547080136620955955e+02
2.250711416922120520e+02 2.553373778000527352e+02
2.261053653257832821e+02 2.559642519209992599e+02
2.271406852185067180e+02 2.565884794451333732e+02
2.281770396358454605e+02 2.572102094083528527e+02
2.292142718082937733e+02 2.578298202829779484e+02
2.302522227290536705e+02 2.584476959426752387e+02
2.312907486335302849e+02 2.590641834638771002e+02
2.323297397644974183e+02 2.596795478235275141e+02
2.333690909661486046e+02 2.602940428899711378e+02
2.344087094397364694e+02 2.609078926989982392e+02
2.354485965582622953e+02 2.615210939358771043e+02
2.364887970424742605e+02 2.621335386352469641e+02
2.375293565544129706e+02 2.627451165592556208e+02
2.385703517880999129e+02 2.633556425517926414e+02
2.396119018247339909e+02 2.639648291244625398e+02
2.406541287971795100e+02 2.645723814214553045e+02
2.416971462597687150e+02 2.651780252970795004e+02
2.427410303802456610e+02 2.657815768635925338e+02
2.437858471440403321e+02 2.663828768151895474e+02
2.448316559261497218e+02 2.669817818050095184e+02
2.458784005742378724e+02 2.675784273929482993e+02
2.469259266542719899e+02 2.681731864111416144e+02
2.479740765285021098e+02 2.687664394261582288e+02
2.490226621715128488e+02 2.693586403668965659e+02
2.500714179688096976e+02 2.699504304788997047e+02
2.511200661006548103e+02 2.705424804737805289e+02
2.521683092260750527e+02 2.711355081918975429e+02
2.532156759867673941e+02 2.717306515914093552e+02
2.542616036513639415e+02 2.723292692260388321e+02
2.553055277905654634e+02 2.729327237487681259e+02
2.563468306801647714e+02 2.735425064825727759e+02
2.573848119888465931e+02 2.741603081889177815e+02
2.584187642793078794e+02 2.747878367852671317e+02
2.594479748163221871e+02 2.754268129825383085e+02
2.604717042104721259e+02 2.760790218563282679e+02
2.614892047084386490e+02 2.767462686794297042e+02
2.624997418697528246e+02 2.774303265853060907e+02
2.635028679117359616e+02 2.781322766701069895e+02
2.644984112226038633e+02 2.788525333096939107e+02
2.654862115035799661e+02 2.795914835685358639e+02
2.664662200424212983e+02 2.803492451233118459e+02
2.674387151067795685e+02 2.811251462687930598e+02
2.684040345449553797e+02 2.819183714625068546e+02
2.693625421501350274e+02 2.827280425252715759e+02
2.703148740704788224e+02 2.835526237525838269e+02
2.712618292049050979e+02 2.843901865235073387e+02
2.722042092016114339e+02 2.852387955794191612e+02
2.731428648357982070e+02 2.860963970305601265e+02
2.740787334364097205e+02 2.869607279785119545e+02
2.750127611428286514e+02 2.878295042495451526e+02
2.759458570804753208e+02 2.887005310044515909e+02
2.768787150173564555e+02 2.895721331768466484e+02
2.778119510397298200e+02 2.904428231880245903e+02
2.787461721847074614e+02 2.913111352983853521e+02
2.796817435909550227e+02 2.921761875628899929e+02
2.806187665150347357e+02 2.930377348861279074e+02
2.815573288630624802e+02 2.938955643924622336e+02
2.824975275871835265e+02 2.947494412435188451e+02
2.834394901409642102e+02 2.955990565469163585e+02
2.843833503999532581e+02 2.964440858184270269e+02
2.853292425261945482e+02 2.972842038552851136e+02
2.862773042534346359e+02 2.981190764967977316e+02
2.872276757396988955e+02 2.989483635021167061e+02
2.881804964171427059e+02 2.997717263782889177e+02
2.891358002534804541e+02 3.005890812214300922e+02
2.900934095649324718e+02 3.014008550501679338e+02
2.910531213700878652e+02 3.022075359511100032e+02
2.920147192462101771e+02 3.030096445864395491e+02
2.929778960624227011e+02 3.038079214530545755e+02
2.939423071801080596e+02 3.046031979493231461e+02
2.949076013863198114e+02 3.053963213988605503e+02
2.958732026111982805e+02 3.061886837997243447e+02
2.968382569453455062e+02 3.069823501650624848e+02
2.978018932786563937e+02 3.077794271735672282e+02
2.987632750005133744e+02 3.085819396955001821e+02
2.997216996116630412e+02 3.093915945836333208e+02
3.006764971962609820e+02 3.102100214258927053e+02
3.016270259157550413e+02 3.110387824510930841e+02
3.025730640510766989e+02 3.118784319961627602e+02
3.035147132919676665e+02 3.127287485208603357e+02
3.044520840174879481e+02 3.135894896470891808e+02
3.053853754876796529e+02 3.144602017691282185e+02
3.063149906445548254e+02 3.153399472265393797e+02
3.072413608426613223e+02 3.162277208358628968e+02
3.081649171971686769e+02 3.171225182749222995e+02
3.090860889417399449e+02 3.180233419911946271e+02
3.100053044206814548e+02 3.189291976320617437e+02
3.109229908171708416e+02 3.198390934659346385e+02
3.118395217551077963e+02 3.207521583330954513e+02
3.127551958357337867e+02 3.216676899637448059e+02
3.136703060583578235e+02 3.225849986990745606e+02
3.145851204972974529e+02 3.235034443301106535e+02
3.154997954452528575e+02 3.244226084165660495e+02
3.164144558718400049e+02 3.253421346614598519e+02
3.173292219996564540e+02 3.262616740878714836e+02
3.182441277017328503e+02 3.271810108603411891e+02
3.191591315383400342e+02 3.281000452673366681e+02
3.200741894629416038e+02 3.290186815771106694e+02
3.209892159519067718e+02 3.299368678826372161e+02
3.219040166450565152e+02 3.308546672736484879e+02
3.228183795462816192e+02 3.317721614740098630e+02
3.237320824830067068e+02 3.326894397175639710e+02
3.246448096071706004e+02 3.336066603683043468e+02
3.255561945859572006e+02 3.345240190467055186e+02
3.264658701480107652e+02 3.354417120514735302e+02
3.273734401244193464e+02 3.363599560815452492e+02
3.282784623994851927e+02 3.372790002719914355e+02
3.291804907668831675e+02 3.381990966456610863e+02
3.300790969126989012e+02 3.391204921842554540e+02
3.309739451799077870e+02 3.400434077635964059e+02
3.318647298144378510e+02 3.409680558344136898e+02
3.327511578180208858e+02 3.418946440088535041e+02
3.336332227867898723e+02 3.428232711545409757e+02
3.345112013730990270e+02 3.437539287370972261e+02
3.353853824176321723e+02 3.446866035932082468e+02
3.362562897846772216e+02 3.456211869635964149e+02
3.371251554887529096e+02 3.465572820485385819e+02
3.379933443854905590e+02 3.474944380151255245e+02
3.388622108434386746e+02 3.484322060166985011e+02
3.397329953760460626e+02 3.493701587707203657e+02
3.406068686951492737e+02 3.503078822150583278e+02
3.414849964979250672e+02 3.512449635911634118e+02
3.423681653923654267e+02 3.521810954297295666e+02
3.432564765961362809e+02 3.531161606235900763e+02
3.441499592421760667e+02 3.540500620865831252e+02
3.450485664255267011e+02 3.549826974892014277e+02
3.459517956368288196e+02 3.559139330848213376e+02
3.468589754359211383e+02 3.568436234778572498e+02
3.477694268571703446e+02 3.577716173884065256e+02
3.486822651800317772e+02 3.586975970492640613e+02
3.495963755765386622e+02 3.596210585010033469e+02
3.505106310737016884e+02 3.605414879529147356e+02
3.514238321554312847e+02 3.614582693129513018e+02
3.523345276743153249e+02 3.623704316349104602e+02
3.532412119597548781e+02 3.632769270831970516e+02
3.541423704071056022e+02 3.641766901313168319e+02
3.550363729975814522e+02 3.650684267135320624e+02
3.559215093697947623e+02 3.659506836723584229e+02
3.567960683457253026e+02 3.668220051174315017e+02
3.576584617919530729e+02 3.676810099992815140e+02
3.585073550953210315e+02 3.685264714701118578e+02
3.593414449093659186e+02 3.693571816998430108e+02
3.601625068998182542e+02 3.701749937996374911e+02
3.609937306693134929e+02 3.710030491375766246e+02
3.618674025710343471e+02 3.718735324427843807e+02
3.628171852657517888e+02 3.728200008632385902e+02
3.639261322974276709e+02 3.739252665931788897e+02
3.653398711008580335e+02 3.753345436242773872e+02
3.672080551643812214e+02 3.771970609291225287e+02
