2.500379902669235577e+01 1.155442801870850786e+02
2.499677505013979584e+01 1.139203833015632910e+02
2.499147317257151357e+01 1.125637313825646970e+02
2.498784164977169553e+01 1.113942953804523341e+02
2.498583097840560541e+01 1.103321921683828322e+02
2.498569175683825705e+01 1.093170807891861500e+02
2.498827368714255925e+01 1.083276330147791953e+02
2.499449762974034073e+01 1.073471543413430709e+02
2.500529565470404592e+01 1.063593951891321581e+02
2.502188358287511605e+01 1.053593683764850937e+02
2.504577618506042924e+01 1.043539523936117916e+02
2.507850248415160621e+01 1.033505914125444178e+02
2.512184275824121116e+01 1.023560810910587122e+02
2.517999759851063857e+01 1.013709700220451708e+02
2.525852020387254626e+01 1.003923155855007252e+02
2.536297855042306182e+01 9.941713702006603626e+01
2.549718722747925526e+01 9.844251795351193834e+01
2.565705219257048242e+01 9.746583244007280200e+01
2.583625063351531281e+01 9.648453638046692049e+01
2.602845457442332133e+01 9.549608672765883455e+01
2.622626822241310407e+01 9.449816252335645572e+01
2.641991334386399615e+01 9.348893831858660519e+01
2.659928934530901046e+01 9.246665571003444484e+01
2.675444156690970132e+01 9.142961840095581749e+01
2.687994707590142696e+01 9.037805871126838042e+01
2.697568336732195249e+01 8.931446472192932617e+01
2.704182879411791873e+01 8.824145255328713233e+01
2.707859150199695719e+01 8.716170748001142954e+01
2.708650974021569269e+01 8.607868100608749273e+01
2.706632726319593374e+01 8.499630164970581347e+01
2.701879093016177791e+01 8.391850513585775673e+01
2.694487180460153652e+01 8.284872804770489552e+01
2.684668203859205704e+01 8.178786658387153352e+01
2.672669589796021583e+01 8.073601077580057961e+01
2.658738761610810997e+01 7.969324949006407621e+01
2.643116361169525419e+01 7.865935610064261141e+01
2.626026088033139416e+01 7.763331577949773532e+01
2.607689039382769991e+01 7.661399262881566585e+01
2.588325091488839647e+01 7.560025553068892634e+01
2.568106657718657004e+01 7.459115918607022877e+01
2.547144495449624202e+01 7.358599968118394941e+01
2.525545241485564674e+01 7.258408923443859351e+01
2.503419257083065119e+01 7.158472521708195302e+01
2.480924674879320690e+01 7.058701456450408784e+01
2.458252714764276803e+01 6.958993231305252891e+01
2.435595259500451704e+01 6.859245085659921415e+01
2.413116222778490183e+01 6.759363084998577165e+01
2.390818682992276578e+01 6.659304049007418769e+01
2.368648340961874510e+01 6.559042903802225055e+01
2.346550922679137585e+01 6.458554571090597562e+01
2.324549896617931211e+01 6.357792299774429523e+01
2.302886651500983817e+01 6.256648587630972003e+01
2.281840472129968589e+01 6.155005367887245171e+01
2.261694472570844283e+01 6.052745310267857803e+01
2.242922904432514031e+01 5.949787846738828279e+01
2.226275983737802022e+01 5.846105486595993739e+01
2.212525441827105865e+01 5.741674877261526433e+01
2.202433174459532239e+01 5.636492666607868074e+01
2.196613907955597256e+01 5.530854768504197949e+01
2.195569077310567252e+01 5.425287472376601272e+01
2.199797203273398694e+01 5.320322993710488646e+01
2.209732677746065477e+01 5.216464988432608862e+01
2.225392393824553139e+01 5.114031180830389900e+01
2.246626132903708850e+01 5.013264872577124720e+01
2.273283195586257932e+01 4.914409131849777168e+01
2.305120481393092291e+01 4.817618278585426594e+01
2.341603716643140132e+01 4.722766970311740664e+01
2.382141417133588845e+01 4.629674915707242633e+01
2.426143043944529865e+01 4.538161648975726337e+01
2.473080625914447950e+01 4.448035155934895357e+01
2.522526694655464041e+01 4.359084872196019944e+01
2.574062852433808146e+01 4.271098559162787467e+01
2.627271917482171659e+01 4.183863591240201174e+01
2.681758130579447652e+01 4.097160524802175985e+01
2.737144048220965331e+01 4.010764086984454480e+01
2.793052816716685527e+01 3.924448817205857409e+01
2.849079172486172595e+01 3.837980403479416935e+01
2.904607885102744902e+01 3.751059116397289728e+01
2.958929616377764660e+01 3.663355906269974582e+01
3.011334588023326475e+01 3.574541589505533778e+01
3.061179887944572187e+01 3.484364313038099681e+01
3.108059874006508494e+01 3.392846625707805686e+01
3.151621508117663240e+01 3.300071912753163872e+01
3.191513705017105806e+01 3.206126347566124934e+01
3.227564128912720776e+01 3.111351313058337809e+01
3.259920292604844860e+01 3.016544855907770639e+01
3.288762912706471297e+01 2.922552429529519458e+01
3.314276021946879780e+01 2.830156126079214829e+01
3.336713211500094900e+01 2.738808979778429276e+01
3.356394094498551794e+01 2.646702538799483406e+01
3.373640892289957804e+01 2.551978515968152550e+01
3.388709043161006917e+01 2.452312813469742281e+01
3.401291718565442324e+01 2.341459532517689368e+01
3.410800440502877962e+01 2.211208274486244107e+01
3.416644627876098639e+01 2.053333971687355231e+01
