2.042134620122789812e+01 2.198304900958639863e+01
2.203476389497811994e+01 2.241137241733778396e+01
2.338584585249984116e+01 2.280858208771695317e+01
2.454836814705331705e+01 2.319867080614258370e+01
2.559601215180843070e+01 2.360560203030675552e+01
2.658620718922217208e+01 2.404830611077197844e+01
2.754184129198129938e+01 2.453501628578690941e+01
2.848138416535518402e+01 2.507259747918757142e+01
2.942300500523588980e+01 2.566763157098516501e+01
3.037527563953115362e+01 2.631766087055674319e+01
3.133538820704746541e+01 2.700950938372015031e+01
3.229987462748925253e+01 2.772937926900999983e+01
3.326542397381786031e+01 2.846389137817815396e+01
3.423065176182242197e+01 2.920479905950483968e+01
3.519546533034570501e+01 2.994729738154454068e+01
3.615979585896154447e+01 3.068664493016352424e+01
3.712359664117251867e+01 3.141878790227084295e+01
3.808695229128278470e+01 3.214375578700211378e+01
3.904999570935983400e+01 3.286307947220493730e+01
4.001285962171995436e+01 3.357829253057732188e+01
4.097519261980237104e+01 3.429163833424827601e+01
4.193514863378915436e+01 3.500755160688969170e+01
4.289059405630729316e+01 3.573088863649917357e+01
4.383938803458164557e+01 3.646650121118121035e+01
4.477884835966682431e+01 3.721890489962296300e+01
4.570538587993094382e+01 3.799205199672177713e+01
4.661532492138874062e+01 3.878984106104236673e+01
4.750509699029223043e+01 3.961600032988192766e+01
4.837336421955726706e+01 4.047071332772328844e+01
4.922089637199811563e+01 4.135081432171733695e+01
5.004854576650302533e+01 4.225300638827005884e+01
5.085767466713054574e+01 4.317372212954720112e+01
5.165424844162613738e+01 4.410695266763954692e+01
5.244667423671582185e+01 4.504539400831326645e+01
5.324338161886044674e+01 4.598173026593703838e+01
5.405206018589204575e+01 4.690872483783159907e+01
5.487702679921727622e+01 4.781950248866459674e+01
5.572163791768368668e+01 4.870729088415529873e+01
5.658924576440888643e+01 4.956532257181881107e+01
5.748193791450607648e+01 5.038830969289898576e+01
5.839876501722749680e+01 5.117451748518740828e+01
5.933833121847123948e+01 5.192273357971121328e+01
6.029924345996389690e+01 5.263177371837576146e+01
6.128022317050323409e+01 5.330160476234403433e+01
6.228014394636389994e+01 5.393372355263915097e+01
6.329788990748807720e+01 5.452973274132676096e+01
6.433244328899668574e+01 5.509089449318477705e+01
6.538420502715752036e+01 5.561354768067448617e+01
6.645464345412614193e+01 5.609032701207554084e+01
6.754525296837192627e+01 5.651377673822121750e+01
6.865688044376481969e+01 5.687680313205781601e+01
6.978596856732345088e+01 5.717477478693083270e+01
7.092712601813622086e+01 5.740408566483861819e+01
7.207495545736006193e+01 5.756113312088213263e+01
7.322439115864833070e+01 5.764252380590026803e+01
7.437153195059615030e+01 5.764559937435359416e+01
7.551273216178859116e+01 5.756786273837396095e+01
7.664435220375450797e+01 5.740684864224280659e+01
7.776341499381177869e+01 5.716355873448837599e+01
7.886819236773679620e+01 5.684553027552168203e+01
7.995709452011334406e+01 5.646102455978417112e+01
8.102859800055358619e+01 5.601831231657106258e+01
8.208287338111125564e+01 5.552590514394824339e+01
8.312188411580190461e+01 5.499256956533755414e+01
8.414767980551502546e+01 5.442708435316720994e+01
8.516240260550753760e+01 5.383813775563783111e+01
8.616916484236496387e+01 5.323346912990763968e+01
8.717165794016455038e+01 5.262025143789458070e+01
8.817358107350810315e+01 5.200565006099665055e+01
8.917808229209401816e+01 5.139543617367058914e+01
9.018544481970042170e+01 5.078813366367077009e+01
9.119502393597235823e+01 5.017991895424077597e+01
9.220617422392545848e+01 4.956696945944685240e+01
9.321810758089685578e+01 4.894688280065166452e+01
9.422964784786165637e+01 4.832111907849594701e+01
9.523955351856416485e+01 4.769178882059387092e+01
9.624654300917634941e+01 4.706102606566805946e+01
9.724716311070129393e+01 4.643223881471554648e+01
9.823472215844185484e+01 4.581073487651224951e+01
9.920226430448542487e+01 4.520197704028589669e+01
1.001435484731846799e+02 4.461092991686551557e+01
1.010646535689296144e+02 4.403397139900837942e+01
1.019820488838371659e+02 4.346023753899801534e+01
1.029125290501542054e+02 4.287863763518137716e+01
1.038765130602011766e+02 4.227454955268510162e+01
1.049227541739319918e+02 4.160574336603027490e+01
1.061133372309128475e+02 4.081699938543047779e+01
1.075104247533248127e+02 3.985302223022952006e+01
