2.162861334199956076e+01 2.397805184594349726e+02
2.247253499798292609e+01 2.379907206113352061e+02
2.312418255866623085e+01 2.365694350340135941e+02
2.364565808324348950e+01 2.353940799628203138e+02
2.409801135396413940e+01 2.343442192464424068e+02
2.451968256863892037e+01 2.333455181198710306e+02
2.492735334124100532e+01 2.323680079974773207e+02
2.533682323342485532e+01 2.313835188622727799e+02
2.576157541385968130e+01 2.303706040251973377e+02
2.620660926393251344e+01 2.293324409798481724e+02
2.667498242784882123e+01 2.282778431097189298e+02
2.716975312945362120e+01 2.272155871705214736e+02
2.769399052113074333e+01 2.261537593367930867e+02
2.825077349509158608e+01 2.250998303173057877e+02
2.884318120979008881e+01 2.240612491863248010e+02
2.947385767025873093e+01 2.230449271956552195e+02
3.014398693732100654e+01 2.220559711972106811e+02
3.085444723988299387e+01 2.210991100537492571e+02
3.160603831912935391e+01 2.201789300495323971e+02
3.239825295589207599e+01 2.192976432829117357e+02
3.322950541187687179e+01 2.184555026459721887e+02
3.409817720935386376e+01 2.176527016271363379e+02
3.500177147712999215e+01 2.168879687897142219e+02
3.593508967369518814e+01 2.161555270342815902e+02
3.689241553630757409e+01 2.154487358410162017e+02
3.786802739652760863e+01 2.147608721505498863e+02
3.885612363537961045e+01 2.140839921395535725e+02
3.985084156239064157e+01 2.134092194845989354e+02
4.084631776235206502e+01 2.127276553420962557e+02
4.183738779034165844e+01 2.120312987294576885e+02
4.282085992144291708e+01 2.113146827179672300e+02
4.379388797412832446e+01 2.105727842460365480e+02
4.475380841337035065e+01 2.098009447818081981e+02
4.570036889201549002e+01 2.089993180929571963e+02
4.663502128498536337e+01 2.081714592694630426e+02
4.755925423307259337e+01 2.073209969168052851e+02
4.847496647612520349e+01 2.064524427789651213e+02
4.938511995491356288e+01 2.055725981776660660e+02
5.029284665570119017e+01 2.046886306235318500e+02
5.120127523595284913e+01 2.038077049031839465e+02
5.211349495926065600e+01 2.029369535666923241e+02
5.303256933909042203e+01 2.020834880924420816e+02
5.396155980098885152e+01 2.012544158064550004e+02
5.490304739374629150e+01 2.004557366250112693e+02
5.585846791923565036e+01 1.996908103333354916e+02
5.682909015527770435e+01 1.989626116770766941e+02
5.781605615216982130e+01 1.982738167856085454e+02
5.881915847314496659e+01 1.976239219044884976e+02
5.983737440465674950e+01 1.970105021897689994e+02
6.086966745960309311e+01 1.964311002495388152e+02
6.191451482273799911e+01 1.958820945202265307e+02
6.296932634012775054e+01 1.953573084443386279e+02
6.403137014742321753e+01 1.948502262381787205e+02
6.509789215972531906e+01 1.943542711491637078e+02
6.616592467519184595e+01 1.938622803011781741e+02
6.723238080137308259e+01 1.933667637821569656e+02
6.829417726711174907e+01 1.928602392456539860e+02
6.934892260510329720e+01 1.923367889833900790e+02
7.039562447428031078e+01 1.917936596613557469e+02
7.143345931681400884e+01 1.912284796790286805e+02
7.246171834602840534e+01 1.906391206481066831e+02
7.348069170935505667e+01 1.900255710273865475e+02
7.449118389902122317e+01 1.893889092267248770e+02
7.549400311849751688e+01 1.887302213393904822e+02
7.648990088549422239e+01 1.880504543080733129e+02
7.747952297155359247e+01 1.873502954928023883e+02
7.846350358400015068e+01 1.866304038660965716e+02
7.944238242584883380e+01 1.858913668619550776e+02
8.041595266386762830e+01 1.851332067962535177e+02
8.138365307477438648e+01 1.843556777162593789e+02
8.234491234721542696e+01 1.835585361373195212e+02
8.329851410732460693e+01 1.827418706041731014e+02
8.424213104730526425e+01 1.819063414863215939e+02
8.517332601820760374e+01 1.810526656911841883e+02
8.608933475293297022e+01 1.801814574164884561e+02
8.698504271396788567e+01 1.792925929139000800e+02
8.785430774978328827e+01 1.783856257812698800e+02
8.869097423683403747e+01 1.774600987722812704e+02
8.948829655623475787e+01 1.765149430184363268e+02
9.023859029918085639e+01 1.755481164490792025e+02
9.093408739265294116e+01 1.745574902625480149e+02
9.156738666235796131e+01 1.735410043093001775e+02
9.213348881081087427e+01 1.724970478660849267e+02
9.262836078661776185e+01 1.714241910084320182e+02
9.304805885363079199e+01 1.703210376861123336e+02
9.339317503927124164e+01 1.691879386245523165e+02
9.367097399562901217e+01 1.680278142550624523e+02
9.388925448974666210e+01 1.668437907028749123e+02
9.405629664798158274e+01 1.656391906551282602e+02
9.418325607986351145e+01 1.644185109955268729e+02
9.428235156480965884e+01 1.631866827506151481e+02
9.436571025495487675e+01 1.619485996466919175e+02
9.444142189881785043e+01 1.607075117436611436e+02
9.451208183288892428e+01 1.594644322726948360e+02
9.457989195550531747e+01 1.582202142924551822e+02
9.464698086763640106e+01 1.569756864655301172e+02
9.471507714463767513e+01 1.557315443111928346e+02
9.478577357180706997e+01 1.544884381527645019e+02
9.486072385541307028e+01 1.532470437527000513e+02
9.494379734936499915e+01 1.520089617339367010e+02
9.504165396346282080e+01 1.507769575593527520e+02
9.516113154258840723e+01 1.495538709658773655e+02
9.530850545890804426e+01 1.483423086172310832e+02
9.548724396676855974e+01 1.471437139847894287e+02
9.569994136397228601e+01 1.459591683963955688e+02
9.594914200808639748e+01 1.447897324352696842e+02
9.623585782984591219e+01 1.436358301226048297e+02
9.655931390224401412e+01 1.424971432283082038e+02
9.691863437636729373e+01 1.413733115998590790e+02
9.731263859744097999e+01 1.402638484726785180e+02
9.773875394597934019e+01 1.391676888796679634e+02
9.819401067750203538e+01 1.380836028936038815e+02
9.867544422419024386e+01 1.370103627192908391e+02
9.918022808541320501e+01 1.359467974278405791e+02
9.970568484096855855e+01 1.348917974927413468e+02
1.002491444839984780e+02 1.338442564408464932e+02
1.008081244511482311e+02 1.328031454427658673e+02
1.013809257762058849e+02 1.317677602545167588e+02
1.019660542260149327e+02 1.307374814376351821e+02
1.025620089452093708e+02 1.297116868143710349e+02
1.031671367532689629e+02 1.286896911974544651e+02
1.037796321445193826e+02 1.276707463900959567e+02
1.043976829904694483e+02 1.266541014559686289e+02
1.050194824427797613e+02 1.256390077213121685e+02
1.056432438624108130e+02 1.246247251721342195e+02
1.062671854445699040e+02 1.236105158659369323e+02
1.068895460400677422e+02 1.225956504429951508e+02
1.075089798785180903e+02 1.215795721409040340e+02
1.081245258824407642e+02 1.205618840440402835e+02
1.087352375301777272e+02 1.195421952849468425e+02
1.093408140871532908e+02 1.185203828283246423e+02
1.099432183701710528e+02 1.174972624186472672e+02
1.105449088578304497e+02 1.164738553699513375e+02
1.111482898189252069e+02 1.154511605582718232e+02
1.117548057186333210e+02 1.144297795869575225e+02
1.123650778850800407e+02 1.134099733543810089e+02
1.129797006374399615e+02 1.123919915791390736e+02
1.135982277332259827e+02 1.113756517559452419e+02
1.142168706823296134e+02 1.103593830915343403e+02
1.148311712959628608e+02 1.093413366161769744e+02
1.154367707305773791e+02 1.083197038580509002e+02
1.160308681740164616e+02 1.072933114740125973e+02
1.166118998610461261e+02 1.062614904008591168e+02
1.171783375940066634e+02 1.052235860781634358e+02
1.177304824946245390e+02 1.041796942231969467e+02
1.182740246992809574e+02 1.031321208056023977e+02
1.188156417826002951e+02 1.020835767832920453e+02
1.193619494157965448e+02 1.010367471546466476e+02
1.199186987813703524e+02 9.999395439001011709e+01
1.204910058182622379e+02 9.895725456688924737e+01
1.210839693793949436e+02 9.792869665337130414e+01
1.217011945643731536e+02 9.690973785977099908e+01
1.223422464199548045e+02 9.590023490946562390e+01
1.230060136832297388e+02 9.489977660240889179e+01
1.236912903339624137e+02 9.390792840339528880e+01
1.243956865616791987e+02 9.292396425428090367e+01
1.251160078661626613e+02 9.194695993215333374e+01
1.258490462007209914e+02 9.097598856683454471e+01
1.265922644925627196e+02 9.001054088990630930e+01
1.273447935635089436e+02 8.905114569974467997e+01
1.281060190146463356e+02 8.809849036463363348e+01
1.288754925181087003e+02 8.715333740472445356e+01
1.296546292168691821e+02 8.621729261366701280e+01
1.304460153775888784e+02 8.529249175185350396e+01
1.312522521422663999e+02 8.438107527187312940e+01
1.320751575340050863e+02 8.348434410190152732e+01
1.329147584937101101e+02 8.260167908206419440e+01
1.337708326737409266e+02 8.173219380849428717e+01
1.346428838664112391e+02 8.087474275767563370e+01
1.355276460422628872e+02 8.002555966875827664e+01
1.364202448780032455e+02 7.917935655276600926e+01
1.373157893028702574e+02 7.833083263405072216e+01
1.382098949239158401e+02 7.747567261948688611e+01
1.390992446844608708e+02 7.661163717271895734e+01
1.399806566423334573e+02 7.573674975355451977e+01
1.408512755359736559e+02 7.484930399614833618e+01
1.417112333549673622e+02 7.395006407805077231e+01
1.425622634197646335e+02 7.304111852391149284e+01
1.434061213257643601e+02 7.212457236538354266e+01
1.442454137023320584e+02 7.120300274576040067e+01
1.450844000133954808e+02 7.027990371937262637e+01
1.459275296230237586e+02 6.935887468777619347e+01
1.467789753363087755e+02 6.844338231425616925e+01
1.476406174266652442e+02 6.753579293010302820e+01
1.485132026155778249e+02 6.663792880282446163e+01
1.493974595772899931e+02 6.575159829207400719e+01
1.502931977661502572e+02 6.487768591880021063e+01
1.511985791833391488e+02 6.401542047281614600e+01
1.521115944610680231e+02 6.316385851388667305e+01
1.530300867261767621e+02 6.232174269664100308e+01
1.539507881201992348e+02 6.148545139574662244e+01
1.548699245691367139e+02 6.065028571218228137e+01
1.557837288014862054e+02 5.981155392415092820e+01
1.566891095451511831e+02 5.896547646993150948e+01
1.575840944761983735e+02 5.810978364096508386e+01
1.584668163487893935e+02 5.724234751586271130e+01
1.593358435699194331e+02 5.636143319767882787e+01
1.601927317215356368e+02 5.546800067099170661e+01
1.610402893637790100e+02 5.456414029534568044e+01
1.618813361548829448e+02 5.365194973113038657e+01
1.627190863771468798e+02 5.273372556786187459e+01
1.635573580291390385e+02 5.181206872710318123e+01
1.644000201237062129e+02 5.088960584660343756e+01
1.652505050967860711e+02 4.996872731956690927e+01
1.661095157090753673e+02 4.905034643202348121e+01
1.669767018278674016e+02 4.813480671856271442e+01
1.678516960518308281e+02 4.722244038151090706e+01
1.687334173225167149e+02 4.631309906850154334e+01
1.696197748765707161e+02 4.540595452302547130e+01
1.705086014659032685e+02 4.450012698611153183e+01
1.713977379160415637e+02 4.359470433515530630e+01
1.722850711450908818e+02 4.268858968237193352e+01
1.731685044025884963e+02 4.178062067433981497e+01
1.740459609023586722e+02 4.086964171112638411e+01
1.749161528716443286e+02 3.995476738990081600e+01
1.757788254589157191e+02 3.903546603099545109e+01
1.766337936515729155e+02 3.811122987103599513e+01
1.774813414762067509e+02 3.718179077642722064e+01
1.783242005879413909e+02 3.624813109476176010e+01
1.791658984388163560e+02 3.531163974230008762e+01
1.800099312618368117e+02 3.437371170614297711e+01
1.808587376956486708e+02 3.343593761151437604e+01
1.817134747753872830e+02 3.250014515988884511e+01
1.825752225712377594e+02 3.156817629003182901e+01
1.834443714068503652e+02 3.064196966561700819e+01
1.843180189755074139e+02 2.972392568423646253e+01
1.851922815635565485e+02 2.881658236866920220e+01
1.860632464735540452e+02 2.792250049155107661e+01
1.869261777462464522e+02 2.704489011894473549e+01
1.877754156843950000e+02 2.618768985429274920e+01
1.886052515965584746e+02 2.535487694198197417e+01
1.894146073464028746e+02 2.454597657634063523e+01
1.902226364977963726e+02 2.374106217108293748e+01
1.910540166296331961e+02 2.291489607227534009e+01
1.919350047440339040e+02 2.204068674326835620e+01
1.929308184732509801e+02 2.105331197003567922e+01
1.941471598700001664e+02 1.984781970894358238e+01
1.956916151800649573e+02 1.831740418872723453e+01
