5.862308012060828588e+01 5.456210035775642808e+01
6.065687100742958648e+01 5.561702149219815539e+01
6.220553096099820323e+01 5.641464764687448508e+01
6.342838542795416856e+01 5.703892705105842253e+01
6.448088600625946754e+01 5.757176889412911436e+01
6.545341574186240052e+01 5.806083286724876302e+01
6.638236591476122328e+01 5.852535954305896837e+01
6.730247560586525424e+01 5.898372011827245842e+01
6.823938095370090196e+01 5.944963455495673088e+01
6.919483183262858006e+01 5.992461790222247942e+01
7.016670757457815455e+01 6.040820751885876660e+01
7.115289093088829020e+01 6.089990311017671587e+01
7.215129824517018164e+01 6.139883447371943959e+01
7.315986492765865989e+01 6.190392145123670531e+01
7.417652973207421496e+01 6.241408136747053703e+01
7.519950364669772114e+01 6.292822220865692628e+01
7.622747729257936555e+01 6.344523550811145185e+01
7.725919011332314312e+01 6.396401112438183389e+01
7.829342667195238903e+01 6.448354830018530492e+01
7.932924997679523926e+01 6.500352132035970953e+01
8.036582915036953523e+01 6.552386172510466622e+01
8.140234080563237740e+01 6.604450326858957965e+01
8.243820211648099416e+01 6.656543611776086777e+01
8.347312017050137456e+01 6.708671842581510703e+01
8.450681931525737411e+01 6.760841239350244791e+01
8.553911653679080018e+01 6.813047471928520338e+01
8.657019937505577900e+01 6.865244009247447821e+01
8.760034800848450232e+01 6.917373770009358225e+01
8.862985328621243752e+01 6.969377752450563435e+01
8.965918529184605745e+01 7.021164696979781183e+01
9.068896283192020746e+01 7.072616577510652291e+01
9.171980897460716164e+01 7.123614614038451975e+01
9.275222483481361735e+01 7.174068615907334845e+01
9.378639152015648506e+01 7.223963411363136800e+01
9.482243828410827291e+01 7.273295984752792265e+01
9.586045851264917417e+01 7.322071302732594233e+01
9.690019322951489755e+01 7.370372750165986986e+01
9.794118346130403552e+01 7.418328221273415579e+01
9.898296836068043092e+01 7.466065981292337028e+01
1.000251238108767495e+02 7.513702110961300207e+01
1.010672904083804724e+02 7.561331223924615585e+01
1.021091153369403628e+02 7.609045748658219566e+01
1.031503116629374261e+02 7.656921587582334610e+01
1.041909990339969312e+02 7.704932655930726071e+01
1.052314520439349366e+02 7.753014002102447932e+01
1.062719508809525166e+02 7.801099288712812552e+01
1.073129504784579069e+02 7.849078923836839294e+01
1.083551163652606704e+02 7.896791187039659121e+01
1.093991266079430034e+02 7.944071254421629646e+01
1.104456478200565499e+02 7.990756988173795605e+01
1.114953008030310286e+02 8.036696994849953057e+01
1.125486949052656911e+02 8.081742567094590868e+01
1.136064157185709149e+02 8.125750744649242563e+01
1.146686497983051822e+02 8.168675100526090205e+01
1.157352525923709550e+02 8.210549307902364546e+01
1.168060689248500239e+02 8.251409609999865324e+01
1.178806380528522624e+02 8.291366157946015392e+01
1.189576974209415852e+02 8.330723038376542888e+01
1.200358545475676237e+02 8.369815763335851955e+01
1.211137066005742611e+02 8.408982370404902440e+01
1.221897490634513019e+02 8.448585708035585640e+01
1.232624197047094015e+02 8.489002707071540499e+01
1.243301595162306512e+02 8.530609522756574847e+01
1.253917480411153491e+02 8.573700653807965466e+01
1.264465612943373571e+02 8.618426733498822045e+01
1.274940360066558753e+02 8.664923750818452675e+01
1.285336675126236514e+02 8.713313554582255449e+01
1.295653128081688124e+02 8.763630730402864799e+01
1.305889667166602806e+02 8.815876608298746930e+01
1.316046296428269784e+02 8.870051170933828644e+01
1.326124774195917269e+02 8.926112051099036648e+01
1.336128972983847234e+02 8.983965843341505320e+01
1.346062891174122171e+02 9.043516103652444826e+01
1.355930787108570144e+02 9.104660108721066081e+01
1.365737958968073826e+02 9.167270018028547440e+01
1.375489964893281467e+02 9.231211711754058058e+01
1.385192324846582892e+02 9.296351990975863089e+01
1.394849917514937658e+02 9.362573124999103413e+01
1.404467089475834030e+02 9.429770218159981710e+01
1.414048169596050570e+02 9.497838802012304882e+01
1.423596671780374550e+02 9.566694074471317322e+01
1.433113971460490745e+02 9.636302838294361095e+01
1.442601097548811993e+02 9.706640258313714753e+01
1.452059252971947956e+02 9.777677294849756606e+01
1.461491350171975228e+02 9.849343603097939592e+01
1.470901271894130105e+02 9.921545393895351594e+01
1.480292913246471755e+02 9.994188579050494070e+01
1.489670276144789796e+02 1.006717646186469608e+02
1.499037550682627682e+02 1.014040774987629590e+02
1.508398946108429470e+02 1.021378068281387783e+02
1.517758345882469939e+02 1.028720135309679051e+02
1.527117622929698371e+02 1.036062431442584995e+02
1.536477883969553488e+02 1.043402258886717959e+02
1.545840173023851207e+02 1.050737071086435321e+02
1.555203512599770477e+02 1.058069197826723382e+02
1.564564488962075473e+02 1.065406845648371785e+02
1.573919543334119169e+02 1.072758570964142848e+02
1.583265157826461405e+02 1.080132832494703621e+02
1.592597978098481803e+02 1.087537698192336819e+02
1.601914690696763728e+02 1.094981138317229323e+02
1.611212071443284515e+02 1.102470908932749296e+02
1.620488395707620839e+02 1.110011168265079391e+02
1.629743183135129811e+02 1.117603089172243926e+02
1.638975991205095397e+02 1.125247753789294052e+02
1.648186464200097703e+02 1.132946062036289732e+02
1.657374474175933869e+02 1.140698435698284925e+02
1.666539930096886053e+02 1.148505219083093749e+02
1.675682851550380406e+02 1.156366500633064334e+02
1.684804344885576768e+02 1.164279855168211952e+02
1.693906133286267846e+02 1.172241430802715030e+02
1.702989935088767766e+02 1.180247388989806581e+02
1.712056429458195055e+02 1.188296480053603545e+02
1.721104464709987383e+02 1.196392015485292859e+02
1.730132702794588511e+02 1.204537771064238569e+02
1.739139987990157010e+02 1.212737100185753150e+02
1.748126289773184112e+02 1.220990749588011681e+02
1.757092006427929505e+02 1.229298472624472964e+02
1.766037588134686871e+02 1.237659894891097281e+02
1.774965171678067009e+02 1.246070485857936490e+02
1.783878926465596919e+02 1.254520706211017114e+02
1.792783142916773045e+02 1.263000718438992322e+02
1.801682157424769741e+02 1.271500407494161635e+02
1.810580490277477281e+02 1.280008548183419634e+02
1.819482707736464135e+02 1.288513637777307679e+02
1.828393275127318134e+02 1.297004344851330302e+02
1.837314962366530153e+02 1.305472215369013895e+02
1.846249132575326826e+02 1.313911182856784023e+02
1.855197102788457357e+02 1.322315259659551430e+02
1.864158409952444799e+02 1.330681785117761251e+02
1.873127920034281999e+02 1.339016828660537328e+02
1.882099742113052514e+02 1.347327874345024554e+02
1.891067603709242633e+02 1.355623020421506055e+02
1.900021483911643827e+02 1.363916398973632909e+02
1.908949234238289137e+02 1.372225566825982810e+02
1.917838692382212002e+02 1.380568082827096816e+02
1.926678619103872450e+02 1.388958257422266627e+02
1.935459401457566457e+02 1.397404677901565719e+02
1.944171592040527230e+02 1.405915348986333981e+02
1.952806354932467343e+02 1.414497343959384352e+02
1.961358627852643224e+02 1.423151987920391832e+02
1.969824786636509373e+02 1.431878415363606791e+02
1.978201331376137091e+02 1.440675685511899360e+02
1.986488773708301778e+02 1.449540513307664469e+02
1.994692459810759999e+02 1.458466788467388255e+02
2.002818023685106823e+02 1.467448232508062347e+02
2.010870529393688741e+02 1.476478925243428080e+02
2.018852761241863618e+02 1.485554379674229324e+02
2.026766933595743865e+02 1.494670467097963069e+02
2.034615080131115121e+02 1.503823173607049455e+02
2.042396199490902404e+02 1.513010413489874395e+02
2.050106771946584274e+02 1.522231700989063086e+02
2.057743201005537799e+02 1.531486599542085116e+02
2.065301618208504522e+02 1.540775061581978491e+02
2.072777441451491427e+02 1.550098060272275688e+02
2.080165972991148351e+02 1.559456734176199006e+02
2.087462447673254360e+02 1.568852290141696244e+02
2.094661438099177246e+02 1.578286605845863448e+02
2.101757140987262460e+02 1.587761939721426643e+02
2.108743765017080136e+02 1.597280548952197137e+02
2.115616936872964402e+02 1.606844201154438565e+02
2.122374781531718497e+02 1.616453801406475179e+02
2.129015678275158621e+02 1.626110166987571120e+02
2.135539080420554683e+02 1.635813676016439331e+02
2.141951069476170346e+02 1.645561996421893696e+02
2.148260252922530640e+02 1.655351763292184444e+02
2.154475300276085932e+02 1.665179585404371778e+02
2.160606766263477709e+02 1.675041269460955959e+02
2.166667477585517361e+02 1.684931655538707673e+02
2.172670396204732697e+02 1.694845526166448622e+02
2.178626808747200982e+02 1.704778346334032335e+02
2.184541300493200424e+02 1.714728310875451598e+02
2.190416781386560956e+02 1.724694297085734433e+02
2.196256114243288664e+02 1.734675200180353158e+02
2.202061370279253651e+02 1.744670216382278909e+02
2.207833963866304998e+02 1.754678791680703114e+02
2.213575292356065916e+02 1.764700378425474128e+02
2.219288206908148879e+02 1.774733819605284282e+02
2.224979373497217523e+02 1.784776359235553116e+02
2.230656076252512889e+02 1.794824982233253934e+02
2.236325309913095225e+02 1.804876792710833229e+02
2.241991226248883322e+02 1.814930065757049533e+02
2.247656363390142928e+02 1.824983741094610252e+02
2.253323230523421898e+02 1.835036770390144625e+02
2.258993428753362309e+02 1.845088481290405298e+02
2.264666959292812294e+02 1.855138863857634419e+02
2.270343660499185603e+02 1.865187975582359456e+02
2.276023167018141180e+02 1.875235958730253856e+02
2.281703856329737619e+02 1.885283478739530665e+02
2.287383626814163335e+02 1.895331400426984487e+02
2.293060378551877818e+02 1.905380587963428525e+02
2.298732098952725948e+02 1.915431871212007593e+02
2.304396880672167072e+02 1.925486038689744817e+02
2.310052822631447782e+02 1.935543876452126142e+02
2.315698129964778786e+02 1.945606127125443550e+02
2.321331432658236338e+02 1.955673359619207474e+02
2.326951466910861086e+02 1.965746099413734100e+02
2.332556753901720015e+02 1.975824961093047136e+02
2.338142203146274198e+02 1.985912055905000386e+02
2.343699727319109911e+02 1.996010736980366573e+02
2.349221149637303370e+02 2.006124394519908378e+02
2.354698930370504684e+02 2.016256154241589229e+02
2.360127201424347447e+02 2.026408447856333623e+02
2.365500365577214836e+02 2.036583594617813162e+02
2.370812979089858459e+02 2.046783849692039325e+02
2.376061106033837973e+02 2.057010838647840956e+02
2.381241666298411133e+02 2.067265829701253210e+02
2.386351591697080892e+02 2.077550086033014622e+02
2.391387997125376899e+02 2.087864789476519150e+02
2.396348320039421367e+02 2.098210978544447585e+02
2.401230030729275313e+02 2.108589677160646829e+02
2.406031120280959499e+02 2.119001691161311669e+02
2.410752793766717730e+02 2.129446480499151164e+02
2.415397481093743863e+02 2.139922992217031208e+02
2.419967662272785844e+02 2.150430152348121169e+02
2.424467392932099301e+02 2.160966226183689116e+02
2.428902627566333763e+02 2.171528682717312222e+02
2.433279433718928431e+02 2.182114943535076463e+02
2.437603497436393809e+02 2.192722590416894377e+02
2.441878978777535281e+02 2.203349845917981895e+02
2.446109656304228963e+02 2.213995092787382077e+02
2.450299214995227430e+02 2.224656755358767271e+02
2.454449767925241019e+02 2.235333956457645286e+02
2.458562123854188428e+02 2.246026398495312151e+02
2.462637050392791309e+02 2.256733802229029493e+02
2.466674467394799990e+02 2.267456296063026571e+02
2.470672070186306541e+02 2.278195078073578088e+02
2.474627193629811472e+02 2.288951519667167815e+02
2.478536824358839112e+02 2.299727159785433912e+02
2.482394528005490884e+02 2.310525183235409372e+02
2.486191928477114175e+02 2.321349709000165262e+02
2.489920647343950009e+02 2.332204860314234622e+02
2.493574044280333055e+02 2.343094196644407248e+02
2.497148541215733246e+02 2.354020284190927157e+02
2.500640871791259769e+02 2.364985588047914291e+02
2.504048589453172724e+02 2.375992254738995371e+02
2.507374306908236576e+02 2.387040464794882269e+02
2.510622564923480411e+02 2.398129649515678636e+02
2.513797938042583269e+02 2.409259216183850469e+02
2.516905991300965866e+02 2.420427827335359439e+02
2.519953483432059897e+02 2.431633247969741660e+02
2.522947244235969038e+02 2.442873189651806456e+02
2.525895337984569551e+02 2.454144374372362449e+02
2.528810766836833750e+02 2.465439565826225703e+02
2.531707767423506255e+02 2.476750538134211297e+02
2.534600802302779812e+02 2.488068782134774040e+02
2.537508128907945490e+02 2.499381030407934645e+02
2.540451153536097593e+02 2.510670067285787184e+02
2.543451373041107786e+02 2.521918555174655410e+02
2.546527868042448119e+02 2.533107929140408885e+02
2.549693378922493139e+02 2.544216403688249670e+02
2.552959618688359740e+02 2.555221671462081474e+02
2.556337485554672071e+02 2.566101284313530755e+02
2.559829873214634119e+02 2.576831410950886720e+02
2.563435132078518564e+02 2.587387435024697879e+02
2.567151519475576720e+02 2.597744758480814085e+02
2.570973726333991749e+02 2.607881162301252971e+02
2.574890160166575015e+02 2.617778618940646993e+02
2.578888588887666629e+02 2.627419527510041917e+02
2.582975014818565569e+02 2.636825635307674247e+02
2.587267970208675365e+02 2.646261518953641030e+02
2.591928871931167464e+02 2.656084296174947212e+02
2.597128439261331323e+02 2.666667370210955141e+02
2.603341926338915187e+02 2.678916151100291927e+02
2.611411599612297323e+02 2.694377200573522941e+02
2.622201575564972700e+02 2.714635251252643684e+02
