2.025345902434028744e+01 9.991704106987080536e+01
2.184131396655133273e+01 9.924282703086279867e+01
2.315151003188579182e+01 9.874598456847644457e+01
2.427663919746745336e+01 9.837272925462826834e+01
2.530821784489301862e+01 9.806997227725371147e+01
2.630681962363667736e+01 9.780463630592490176e+01
2.729817749285997408e+01 9.756617640430349070e+01
2.830616578265369299e+01 9.734524966053216133e+01
2.935056170650625873e+01 9.713356606146754757e+01
3.042958754746118899e+01 9.692837489410086960e+01
3.153440215953953185e+01 9.672874064280638606e+01
3.265618633638845836e+01 9.653369559348899998e+01
3.378738975603965145e+01 9.634065154741891490e+01
3.492227653203440951e+01 9.614470310116232099e+01
3.605525031858217488e+01 9.594076664473541882e+01
3.718122860276209707e+01 9.572424721246960644e+01
3.829871230966364237e+01 9.549395761331783206e+01
3.940772835636926175e+01 9.525016184271120778e+01
4.050832521771285144e+01 9.499316226947050268e+01
4.160210553283945245e+01 9.472648411780228628e+01
4.269350846763951779e+01 9.445953468978164835e+01
4.378727505906854844e+01 9.420234727456931978e+01
4.488785183807647883e+01 9.396428904618669264e+01
4.599691801453422357e+01 9.374846803815724172e+01
4.711463655255000305e+01 9.355456283184221888e+01
4.824114677691776620e+01 9.338219794021283349e+01
4.937439358897129438e+01 9.322587190737323226e+01
5.050716879587724861e+01 9.306804612928895892e+01
5.163152529731856077e+01 9.288945598284743710e+01
5.273964847614411156e+01 9.267116417659181593e+01
5.382544638261025938e+01 9.239848968490943548e+01
5.488403177541366063e+01 9.205972800531938560e+01
5.591054323766296363e+01 9.164323837351358293e+01
5.690202354665453299e+01 9.114196881696696551e+01
5.786132636461619683e+01 9.056287063088726086e+01
5.879240987476629243e+01 8.991555682265345695e+01
5.969933919561758984e+01 8.920989734406045102e+01
6.058818398738254274e+01 8.846057866514674117e+01
6.146679418489742375e+01 8.768656490465504305e+01
6.234308160684945221e+01 8.690696887601326637e+01
6.322435564885960702e+01 8.613944625935920385e+01
6.411551601428381275e+01 8.539582420166978238e+01
6.502085998341172512e+01 8.468647271663182607e+01
6.594460675519768245e+01 8.402157330722860706e+01
6.688872928473949742e+01 8.340588440052491137e+01
6.785267131651912109e+01 8.283805818487768136e+01
6.883574167047108006e+01 8.231642110214815489e+01
6.983710252228094362e+01 8.183894596957890144e+01
7.085514455224148378e+01 8.140174518529397574e+01
7.188800562596057375e+01 8.100032149857496222e+01
7.293382481852594879e+01 8.063018059384728531e+01
7.399080729488947838e+01 8.028698843161464538e+01
7.505725272490644784e+01 7.996664015843686002e+01
7.613146804641012011e+01 7.966504854661749846e+01
7.721168380660428454e+01 7.937794196229414467e+01
7.829559780926273049e+01 7.909976273463911411e+01
7.938068099161220914e+01 7.882440553939633787e+01
8.046440331653761291e+01 7.854576269776647734e+01
8.154422146580108688e+01 7.825769422710995116e+01
8.261756788160425913e+01 7.795400118660188582e+01
8.368187242650719782e+01 7.762847836092342391e+01
8.473485525380337435e+01 7.727562129486054232e+01
8.577696422912640628e+01 7.689651021457567026e+01
8.681014176180738673e+01 7.649583316583367321e+01
8.783634448962749275e+01 7.607831254209898475e+01
8.885723681590943102e+01 7.564796536721236464e+01
8.987379689917779046e+01 7.520715226817064547e+01
9.088690449660826687e+01 7.475799635952000699e+01
9.189735693697292618e+01 7.430242200008004261e+01
9.290487973948009426e+01 7.383976914476221509e+01
9.390844887759179471e+01 7.336757040413053232e+01
9.490702481826846793e+01 7.288332099981541035e+01
9.589935033100941553e+01 7.238399323494944326e+01
9.688350385448896418e+01 7.186496366195949292e+01
9.785743755275188960e+01 7.132130551627822967e+01
9.881915480730943102e+01 7.074821577682875784e+01
9.976761909004792983e+01 7.014321104009100338e+01
1.007026465488206100e+02 6.950586800250408714e+01
1.016240829712180584e+02 6.883583497132323714e+01
1.025325869179911962e+02 6.813471418096216325e+01
1.034320680425324497e+02 6.741192357446843175e+01
1.043272487713945083e+02 6.667883502204797708e+01
1.052228288512998517e+02 6.594676324198167094e+01
1.061228555756144800e+02 6.522537880596874516e+01
1.070306415926432635e+02 6.452250102055027980e+01
1.079494603599443820e+02 6.384585043374072200e+01
1.088817563345921684e+02 6.320112354130211685e+01
1.098256126021160100e+02 6.258336830009665874e+01
1.107776830512111985e+02 6.198414320090339658e+01
1.117346103787421612e+02 6.139498250008772828e+01
1.126925322555061797e+02 6.080633804593279024e+01
1.136468641925510781e+02 6.020711390216050063e+01
1.145929661626299492e+02 5.958609509883699218e+01
1.155265779821787078e+02 5.893314468207456258e+01
1.164460884735088655e+02 5.824564371386829009e+01
1.173510145269337954e+02 5.752417477163152881e+01
1.182408791188611445e+02 5.676934690094374503e+01
1.191153924513813678e+02 5.598319825831042351e+01
1.199746064347639987e+02 5.517037529032225507e+01
1.208186093448134244e+02 5.433580202505478951e+01
1.216474193113828335e+02 5.348420583983272536e+01
1.224603953389918729e+02 5.261846628627304767e+01
1.232565352901150533e+02 5.174045047189262903e+01
1.240348371732952870e+02 5.085201420184080945e+01
1.247953395965828065e+02 4.995476102816096642e+01
1.255405247744454726e+02 4.904970214502537829e+01
1.262732253125939792e+02 4.813776380780065267e+01
1.269963298002969196e+02 4.721989855456376972e+01
1.277134547762940713e+02 4.629740067525226266e+01
1.284287258543027122e+02 4.537180345622811473e+01
1.291462792452889232e+02 4.444464567049838877e+01
1.298705120652262508e+02 4.351847046329716306e+01
1.306066176141043798e+02 4.259888594638206172e+01
1.313599405289244260e+02 4.169208281400892702e+01
1.321357426283827863e+02 4.080439364622339582e+01
1.329377332713826263e+02 3.994481072475038275e+01
1.337682430454227358e+02 3.912468846696283720e+01
1.346295546107422751e+02 3.835546340006575861e+01
1.355236131767116490e+02 3.764873522602827194e+01
1.364510141492266939e+02 3.701675634587620323e+01
1.374120154833145193e+02 3.647194233539948982e+01
1.384068138401684109e+02 3.602648688460435267e+01
1.394338425799703032e+02 3.568620047326933076e+01
1.404895496330370293e+02 3.544970625686487864e+01
1.415702770139405970e+02 3.531524397222712253e+01
1.426723108733274614e+02 3.527867824344027525e+01
1.437916434617318089e+02 3.532337822640094771e+01
1.449241707202798466e+02 3.542861838262151508e+01
1.460657923972904371e+02 3.557372859848745605e+01
1.472125965047086709e+02 3.574085560657029959e+01
1.483609402612045471e+02 3.591617407595641254e+01
1.495072015890146986e+02 3.608616844753143482e+01
1.506480141475323364e+02 3.623747088457378140e+01
1.517817950909453657e+02 3.635774375700812300e+01
1.529077210671925968e+02 3.643508814392295392e+01
1.540249552172988103e+02 3.645761387594524194e+01
1.551310680152382702e+02 3.641412692613435809e+01
1.562207231363586857e+02 3.629470380671611451e+01
1.572882749064137329e+02 3.608955624422791431e+01
1.583278467127609019e+02 3.578943050055010389e+01
1.593313919337263940e+02 3.539009559056110987e+01
1.602896749757374550e+02 3.489007255094416138e+01
1.611934575771024356e+02 3.428792863755176512e+01
1.620360751938088129e+02 3.358711068662392307e+01
1.628169070604489264e+02 3.280252409638229238e+01
1.635361990352585906e+02 3.195071732006124421e+01
1.641944466879455717e+02 3.104834088041496898e+01
1.647953925653731631e+02 3.011337250153458456e+01
1.653450499143484649e+02 2.916471805571062248e+01
1.658494797814456660e+02 2.822129757112467630e+01
1.663168230002415271e+02 2.729360218042165087e+01
1.667615671325148696e+02 2.636640119523791270e+01
1.671994061130158116e+02 2.541957477666647236e+01
1.676467095940298861e+02 2.443092405339956485e+01
1.681325138033098767e+02 2.333927792176447014e+01
1.686971044142446488e+02 2.204885323867519986e+01
1.693811581404633273e+02 2.046266371729525346e+01
