2.135609601379629652e+01 1.291818899928665410e+01
2.312647214054069522e+01 1.292840693345012326e+01
2.455148872092662060e+01 1.295604109909888635e+01
2.574310037441161469e+01 1.299921972606647635e+01
2.681179593697806141e+01 1.305609901373604664e+01
2.782896142547797069e+01 1.312558130732972828e+01
2.882362837643647069e+01 1.320737714493041182e+01
2.982271090956609072e+01 1.330123746840207488e+01
3.084869767329702128e+01 1.340602807141311992e+01
3.190279785368436194e+01 1.351635859579581478e+01
3.297983267431127530e+01 1.362556101302944001e+01
3.407462683630644307e+01 1.372707888612846183e+01
3.518217942980627555e+01 1.381850086518830700e+01
3.629771127163446209e+01 1.390268586612825708e+01
3.741645752277798920e+01 1.398283375414339069e+01
3.853399435489690461e+01 1.406220360469313668e+01
3.964787374023060806e+01 1.414439755485887318e+01
4.075635753841845599e+01 1.423314100068109411e+01
4.185773616634432415e+01 1.433210529401512190e+01
4.295180640070174860e+01 1.444200666848824355e+01
4.404061670114384697e+01 1.455914409346257798e+01
4.512639981518623244e+01 1.467945500952193605e+01
4.621117144271377697e+01 1.479934872241069144e+01
4.729542466395977840e+01 1.491854473833062933e+01
4.837900075155709345e+01 1.503817960405227439e+01
4.946174370630211570e+01 1.515938022538009733e+01
5.054395062009461270e+01 1.528196525609507361e+01
5.162671685725156578e+01 1.540344842388801361e+01
5.271121903946143306e+01 1.552110883449426026e+01
5.379854515633346068e+01 1.563242545770828151e+01
5.488902476178756018e+01 1.573658752485353141e+01
5.598260233535421548e+01 1.583365260444220368e+01
5.707921543796719988e+01 1.592369451518829848e+01
5.817818512061895575e+01 1.600828000197382295e+01
5.927754772644772885e+01 1.609208682840928617e+01
6.037517902437585349e+01 1.618018160090027280e+01
6.146912150569148281e+01 1.627723093397937504e+01
6.255917621699320819e+01 1.638368240516603080e+01
6.364619891981762834e+01 1.649745317321156790e+01
6.473105845263049218e+01 1.661642905606008824e+01
6.581418032344583935e+01 1.673957118462566029e+01
6.689489271964635009e+01 1.686850227804096036e+01
6.797235699480513915e+01 1.700524971647338646e+01
6.904574729260809818e+01 1.715181008391697759e+01
7.011440641226597847e+01 1.730977387374890242e+01
7.117779626362512602e+01 1.748044478345630637e+01
7.223538144089687307e+01 1.766512004543923453e+01
7.328685322424429671e+01 1.786454901180852772e+01
7.433257245097453847e+01 1.807786277311459955e+01
7.537302298033672798e+01 1.830389508654123532e+01
7.640870951143324419e+01 1.854142934060750392e+01
7.744048678777656392e+01 1.878840288766721756e+01
7.846950000833390959e+01 1.904205106680961990e+01
7.949690313630799210e+01 1.929958803441719795e+01
8.052339297175834076e+01 1.955933156363979819e+01
8.154804805118754985e+01 1.982350600413395725e+01
8.256958901329322487e+01 2.009519969038220921e+01
8.358675066501545814e+01 2.037746675476957137e+01
8.459857858428847521e+01 2.067261112938245660e+01
8.560442095641255378e+01 2.098220625298363373e+01
8.660363850184225498e+01 2.130779530450892523e+01
8.759586099294268990e+01 2.165027193667242855e+01
8.858186237578706823e+01 2.200776761839809126e+01
8.956272069089132515e+01 2.237767969516863786e+01
9.053950341357668208e+01 2.275743101986233796e+01
9.151296508023389720e+01 2.314519996924745016e+01
9.248350270242298166e+01 2.354002808706987082e+01
9.345149375727388019e+01 2.394100407876487679e+01
9.441725752510939174e+01 2.434735714926327077e+01
9.538081562259677071e+01 2.475903512700085685e+01
9.634209474988567479e+01 2.517621498911607603e+01
9.730103416134305405e+01 2.559904340408773038e+01
9.825810011828757240e+01 2.602639472896826334e+01
9.921446592405109755e+01 2.645543636489683692e+01
1.001713544617078071e+02 2.688321601654120840e+01
1.011300333736599413e+02 2.730667332935323799e+01
1.020920465253859959e+02 2.772208108334613286e+01
1.030590430496733632e+02 2.812545791926616090e+01
1.040326589643781858e+02 2.851285414009467445e+01
1.050136903641606239e+02 2.888234780236606269e+01
1.060016075685592511e+02 2.923521766623379037e+01
1.069957640128072427e+02 2.957302467546826819e+01
1.079954546231369790e+02 2.989747102718382621e+01
1.089995361952635875e+02 3.021131666003367400e+01
1.100066668957263261e+02 3.051780104633037993e+01
1.110155105797152117e+02 3.082014992477110837e+01
1.120254284982121504e+02 3.111990537173744542e+01
1.130370807494517464e+02 3.141547376907593758e+01
1.140512691834245516e+02 3.170491927963426448e+01
1.150687824153712597e+02 3.198633801768549745e+01
1.160902877927678674e+02 3.225811886298390618e+01
1.171163875502541885e+02 3.251880789114665049e+01
1.181476807464722754e+02 3.276695884532381342e+01
1.191842523633766007e+02 3.300236655970315525e+01
1.202250534473651129e+02 3.322756343134926738e+01
1.212688836163601280e+02 3.344544743804402742e+01
1.223145266328142213e+02 3.365895483624164086e+01
1.233605864164969006e+02 3.387145606311302970e+01
1.244055529507800628e+02 3.408659662393776557e+01
1.254479147742414824e+02 3.430802551206263473e+01
1.264863445085588296e+02 3.453894730711404293e+01
1.275199978123636555e+02 3.478140044011749410e+01
1.285481086158417270e+02 3.503723437878429792e+01
1.295699524659840165e+02 3.530819811918017592e+01
1.305853983947085339e+02 3.559460786100223118e+01
1.315947577989927595e+02 3.589571184245120605e+01
1.325983527143995957e+02 3.621073261796114906e+01
1.335966593140842065e+02 3.653852061471856416e+01
1.345906371555522867e+02 3.687675924746844913e+01
1.355813403037348337e+02 3.722290376605690199e+01
1.365698118434570745e+02 3.757443592573815749e+01
1.375568938984434624e+02 3.792932259146643048e+01
1.385432526926026071e+02 3.828595524125136507e+01
1.395295485059413068e+02 3.864273970137531933e+01
1.405159484833268664e+02 3.899927230678658674e+01
1.415007643188790780e+02 3.935962875319789589e+01
1.424818713983454188e+02 3.972893805590314997e+01
1.434571685419023765e+02 4.011227265717978696e+01
1.444251202931906164e+02 4.051333928723639133e+01
1.453847721811900158e+02 4.093444212054454567e+01
1.463351962223629812e+02 4.137782138818877797e+01
1.472758454094286265e+02 4.184479771823772865e+01
1.482078953497273233e+02 4.233253368015827789e+01
1.491330082931563936e+02 4.283701718238488354e+01
1.500528407309532213e+02 4.335425006491894351e+01
1.509688579354611022e+02 4.388069676643375061e+01
1.518822947302443254e+02 4.441337922960756401e+01
1.527943722191258189e+02 4.494935258805468692e+01
1.537060939974705605e+02 4.548619719622985968e+01
1.546172798527821328e+02 4.602435196666464634e+01
1.555273487813638837e+02 4.656522360823728945e+01
1.564357253407756900e+02 4.711020533579111458e+01
1.573421138274987925e+02 4.766001177347335727e+01
1.582466146362681343e+02 4.821439669025922115e+01
1.591493582002137259e+02 4.877304098798216359e+01
1.600504875152069530e+02 4.933559257866218672e+01
1.609502282063847929e+02 4.990148238950563098e+01
1.618488392820800641e+02 5.047005368330005837e+01
1.627465783640559494e+02 5.104065287907377524e+01
1.636435940467638659e+02 5.161287697856985801e+01
1.645398531404107700e+02 5.218674078700372121e+01
1.654353052208868178e+02 5.276229872004999777e+01
1.663300251399786873e+02 5.333930568015019702e+01
1.672250900456838565e+02 5.391512025100250582e+01
1.681220580712884782e+02 5.448595106277839051e+01
1.690224910890000274e+02 5.504799847249795874e+01
1.699280401413226969e+02 5.559733446064255702e+01
1.708405318989961188e+02 5.612977815953944116e+01
1.717618135569730384e+02 5.664111915325224089e+01
1.726935461192789205e+02 5.712763329513143162e+01
1.736355614502709557e+02 5.759037354800119601e+01
1.745866532136963656e+02 5.803310431222894294e+01
1.755456016392095364e+02 5.845962504195669851e+01
1.765107867791530794e+02 5.887477197938002149e+01
1.774796538734525768e+02 5.928580329897003764e+01
1.784495149056286039e+02 5.970032241877955670e+01
1.794177562496838050e+02 6.012564201313789880e+01
1.803826732042635399e+02 6.056552236459424421e+01
1.813431691321045491e+02 6.102134723098205171e+01
1.822981583161940762e+02 6.149445500073700543e+01
1.832463762513394840e+02 6.198482215245405769e+01
1.841860608185168076e+02 6.248863461674515918e+01
1.851153640137047773e+02 6.300142409963474677e+01
1.860322996469733425e+02 6.351874196207729995e+01
1.869327455025264726e+02 6.403644338355235277e+01
1.878108993708985111e+02 6.455062249813597930e+01
1.886609147564666102e+02 6.505738061386907134e+01
1.894823629085132666e+02 6.555660118927289659e+01
1.902928625678935930e+02 6.606076671255931387e+01
1.911137857965880755e+02 6.658497988118685385e+01
1.919682194052907676e+02 6.714542380518950893e+01
1.929135501546252272e+02 6.777989298112633776e+01
1.940388314607358211e+02 6.854613413096254249e+01
1.954343037759299762e+02 6.950264189312940744e+01
