2.435501714795709560e+01 2.477843968012178166e+01
2.587214417175176706e+01 2.573920339163774784e+01
2.713047061059472043e+01 2.650545449064590642e+01
2.821049837843056451e+01 2.713206181727928623e+01
2.919257164083396106e+01 2.767378429497851045e+01
3.013794701061367221e+01 2.817208092740650471e+01
3.107081023363644690e+01 2.864258029551735518e+01
3.201108784977995469e+01 2.909794322957095858e+01
3.297811996021677317e+01 2.955057787055691421e+01
3.397775857590291793e+01 3.000708050624824708e+01
3.500236761757773962e+01 3.046823557120137593e+01
3.604372456727554663e+01 3.093457481070243986e+01
3.709400998230636048e+01 3.140650321273651358e+01
3.814891266775014600e+01 3.188332250729801132e+01
3.920592780307062952e+01 3.236376636388398964e+01
4.026256549644543981e+01 3.284656375727670508e+01
4.131666551512081043e+01 3.333087504183176719e+01
4.236738626261777796e+01 3.381758609019860273e+01
4.341421580152596249e+01 3.430801415459997372e+01
4.445663735940712513e+01 3.480348893099056085e+01
4.549354912544821161e+01 3.530684580687868390e+01
4.652271305728184814e+01 3.582384444675696500e+01
4.754176056678753781e+01 3.636058049587795438e+01
4.854834395591817042e+01 3.692304359167000172e+01
4.954059599831292360e+01 3.751478519160457381e+01
5.051712993929745465e+01 3.813691857319628298e+01
5.147657991427067969e+01 3.879045100613555519e+01
5.241767784123208429e+01 3.947615601022922505e+01
5.334000670896404728e+01 4.019277261555697578e+01
5.424358771716266858e+01 4.093799230642408560e+01
5.512844568710180937e+01 4.170949790973270410e+01
5.599512243312822335e+01 4.250500399653539318e+01
5.684622774187993599e+01 4.332235211448606549e+01
5.768488839306785110e+01 4.415941555538898911e+01
5.851422244705025122e+01 4.501406747025708910e+01
5.933629292252436471e+01 4.588416397434777139e+01
6.015111379033334771e+01 4.676752809694702506e+01
6.095846359880088983e+01 4.766197906597390244e+01
6.175800640463283742e+01 4.856540357490644055e+01
6.254677295732413000e+01 4.947724002507844432e+01
6.331916069915880030e+01 5.039847852567960729e+01
6.406945258080304484e+01 5.133017665145860775e+01
6.479252128461052962e+01 5.227322302607868210e+01
6.548837234280803443e+01 5.322703577301634681e+01
6.615965415925900572e+01 5.419027586458798851e+01
6.680903697974127908e+01 5.516159801566237064e+01
6.743955118980206009e+01 5.613958813861538744e+01
6.805566773406599168e+01 5.712255693585098726e+01
6.866221769692715782e+01 5.810874630728025636e+01
6.926401411213865345e+01 5.909640632775580116e+01
6.986368588590340778e+01 6.008477624006214057e+01
7.045962002381008915e+01 6.107501639825630946e+01
7.104971616414280788e+01 6.206850787981821327e+01
7.163187666378755125e+01 6.306663124839064238e+01
7.220406640747395954e+01 6.407075524936333011e+01
7.276431280777528343e+01 6.508223680987291004e+01
7.331064599586657948e+01 6.610243234321892203e+01
7.384113416746883729e+01 6.713257856804625590e+01
7.435417682083166824e+01 6.817287041619053412e+01
7.484834403976181250e+01 6.922296641010885310e+01
7.532220731786409829e+01 7.028252063912302106e+01
7.577417919298815718e+01 7.135050229922575227e+01
7.620203637996260682e+01 7.242314101309304419e+01
7.660339663786091080e+01 7.349598151007174351e+01
7.697588455902352678e+01 7.456455776531275603e+01
7.731795156109689060e+01 7.562310249625096503e+01
7.762965487947053589e+01 7.666332118426120701e+01
7.791123624774283485e+01 7.767662894742642266e+01
7.816317423011852838e+01 7.865507977860826827e+01
7.839139449474842536e+01 7.960542179058025170e+01
7.860726981372958733e+01 8.054909721602774653e+01
7.882240978976538770e+01 8.150818716241491302e+01
7.904986506910012167e+01 8.250933814207232331e+01
7.931522871398162522e+01 8.361893259857565397e+01
7.965055179660006957e+01 8.492381275286506082e+01
8.008793876112859778e+01 8.651098991494974655e+01
