2.342560669915116023e+01 2.483225124569922571e+01
2.502391370780418356e+01 2.511571208518027021e+01
2.632858828700319620e+01 2.533820632714737542e+01
2.743570701495995934e+01 2.551246537841282347e+01
2.844069206193923449e+01 2.565112829539641126e+01
2.940994770937587788e+01 2.576273911483822587e+01
3.036997175525546311e+01 2.585021024961929470e+01
3.134436032792400795e+01 2.591604462748039239e+01
3.235438500010679519e+01 2.596276591121129229e+01
3.340153479590512120e+01 2.599307422404532275e+01
3.447730035468502763e+01 2.600975887486308835e+01
3.557309686047391750e+01 2.601560993299859348e+01
3.668136408288912520e+01 2.601345977608161775e+01
3.779729076019962264e+01 2.600625429512739473e+01
3.891652186838441452e+01 2.599695822061189432e+01
4.003476851905980993e+01 2.598853936056993774e+01
4.114917060044555086e+01 2.598403200979423033e+01
4.225824728411133435e+01 2.598653464671387070e+01
4.336057397475653374e+01 2.599914836651311134e+01
4.445488815025327511e+01 2.602476606085956234e+01
4.554082590003888953e+01 2.606512624105816656e+01
4.661833298754712018e+01 2.612156960294600339e+01
4.768736511946904244e+01 2.619541127277153691e+01
4.874884175584709567e+01 2.628545095695938727e+01
4.980545313028960663e+01 2.638586659960741088e+01
5.086007950833360525e+01 2.649034015683084675e+01
5.191548098186682125e+01 2.659281925874574171e+01
5.297292516498701787e+01 2.669055103205658952e+01
5.403266942728060940e+01 2.678301600241089275e+01
5.509495202933058522e+01 2.686973694221750719e+01
5.615945018639198594e+01 2.695156009692126986e+01
5.722377157141692550e+01 2.703421364092687185e+01
5.828504678272715012e+01 2.712455113972243481e+01
5.934043339033946296e+01 2.722936126137535240e+01
6.038810476226373680e+01 2.735298853132918140e+01
6.142753519727643408e+01 2.749664726571488060e+01
6.245828408885327576e+01 2.766134703170457954e+01
6.347993152760436431e+01 2.784805070657320769e+01
6.449221879212228714e+01 2.805735754960908679e+01
6.549496275403919299e+01 2.828969629256874896e+01
6.648798121028728758e+01 2.854549351418967262e+01
6.747127065352350428e+01 2.882474877091802412e+01
6.844527127205179795e+01 2.912640133680002208e+01
6.941049094646074025e+01 2.944922872423644833e+01
7.036745136158413061e+01 2.979197513428091781e+01
7.131693854147387412e+01 3.015274688483546228e+01
7.225997630901295565e+01 3.052907645587951890e+01
7.319759696461652254e+01 3.091847587006140685e+01
7.413090533415767425e+01 3.131828170564045166e+01
7.506137657469236046e+01 3.172493468265158967e+01
7.599060373958633363e+01 3.213459032133066273e+01
7.692017724991877969e+01 3.254341048991894070e+01
7.785147540042164849e+01 3.294806864865365981e+01
7.878551428434073500e+01 3.334611179085079868e+01
7.972327457739058332e+01 3.373517232743589744e+01
8.066575301107111784e+01 3.411284389262409178e+01
8.161412699250593050e+01 3.447628376661873517e+01
8.256968771886651837e+01 3.482237441256218347e+01
8.353372813719063572e+01 3.514799406743387777e+01
8.450735017790690051e+01 3.545048215468315078e+01
8.549100576016228104e+01 3.572874747128008721e+01
8.648500866426861933e+01 3.598203233368298015e+01
8.748965064936420788e+01 3.620963222414894744e+01
8.850451115736348129e+01 3.641256237498030401e+01
8.952831981502887970e+01 3.659388973026897673e+01
9.055975645955042808e+01 3.675680144125118431e+01
9.159731536424058618e+01 3.690493265358830399e+01
9.263816599316220390e+01 3.704511691106649351e+01
9.367890179261112849e+01 3.718557839853713176e+01
9.471611764044907034e+01 3.733453784472343528e+01
9.574733423522377507e+01 3.749798083289024220e+01
9.677220161224752815e+01 3.767675223442333277e+01
9.779066805957111796e+01 3.787097686955380027e+01
9.880272026376522376e+01 3.808068685130287889e+01
9.980900030252993815e+01 3.830433195350011033e+01
1.008106996040783940e+02 3.853903562923647996e+01
1.018090265797073073e+02 3.878188032860844459e+01
1.028050976225709121e+02 3.903017063576876211e+01
1.037995961351239771e+02 3.928225638505271888e+01
1.047930782783140558e+02 3.953679457491902127e+01
1.057860967401510095e+02 3.979245059102515114e+01
1.067789827494986525e+02 4.004842464740185903e+01
1.077717159028059655e+02 4.030476615756347059e+01
1.087642445486177962e+02 4.056159999935267280e+01
1.097565167863815105e+02 4.081905176438534966e+01
1.107484781681196608e+02 4.107725434376132512e+01
1.117400727539342569e+02 4.133634490358464575e+01
1.127312445602691326e+02 4.159646072409530859e+01
1.137218789311964429e+02 4.185788126466984949e+01
1.147116769114759194e+02 4.212133259211298508e+01
1.157003034527897682e+02 4.238762823658599643e+01
1.166874005237157519e+02 4.265763715750686202e+01
1.176719654057547473e+02 4.293378313145585423e+01
1.186522787407292014e+02 4.322021828309281943e+01
1.196265837463140684e+02 4.352118499436508614e+01
1.205934286678772054e+02 4.384018717971700596e+01
1.215533610843950072e+02 4.417588839669450351e+01
1.225077337943011031e+02 4.452500277852624322e+01
1.234579012160484410e+02 4.488424046525332045e+01
1.244051148445649346e+02 4.525054839556096908e+01
1.253504067096599641e+02 4.562137843684180893e+01
1.262947806610085024e+02 4.599424729120605093e+01
1.272391954911453524e+02 4.636678044941313459e+01
1.281839211574597357e+02 4.673826656693445614e+01
1.291286897583121913e+02 4.710929293820036179e+01
1.300732191107101414e+02 4.748048133939278159e+01
1.310173773968363378e+02 4.785212255195954612e+01
1.319616850806574462e+02 4.822307150735642267e+01
1.329068394573394869e+02 4.859179388337247474e+01
1.338535399969426294e+02 4.895675423423291761e+01
1.348026010417506768e+02 4.931635805765230174e+01
1.357550066397380988e+02 4.966892360461488920e+01
1.367117545035063131e+02 5.001276210103695519e+01
1.376737542566606010e+02 5.034642462864149337e+01
1.386410946835579807e+02 5.067069731631091400e+01
1.396134178222339131e+02 5.098758272976143502e+01
1.405903610711569343e+02 5.129909563778122816e+01
1.415713856791373075e+02 5.160726919255149170e+01
1.425554417441550754e+02 5.191418989115731364e+01
1.435413871732595226e+02 5.222195385194639528e+01
1.445280439481597625e+02 5.253260723304217095e+01
1.455133528756449266e+02 5.284697077072338089e+01
1.464943419681106036e+02 5.316459580723089573e+01
1.474679969862534961e+02 5.348497492671605613e+01
1.484309395553668196e+02 5.380743510867598900e+01
1.493775972760361128e+02 5.413030551503891274e+01
1.503015799999433568e+02 5.445154340480054600e+01
1.511965643490736397e+02 5.476912627816413703e+01
1.520650549394051154e+02 5.508373509610885321e+01
1.529270232303169621e+02 5.540139981804425418e+01
1.538044931290185104e+02 5.572877893939931937e+01
1.547223141243057398e+02 5.607319452651127989e+01
1.557441957541264799e+02 5.645109469545998593e+01
1.569621045334596374e+02 5.688556354410067684e+01
1.584686442252393874e+02 5.739983482415326677e+01
