5.120677004460979731e+01 2.789017016275292917e+02
5.269096365606284849e+01 2.771853783726562028e+02
5.382546901504964865e+01 2.758778668952788848e+02
5.472746519082769368e+01 2.748446521224280445e+02
5.551099903900026789e+01 2.739549959713326643e+02
5.624238941922688184e+01 2.731357133210476604e+02
5.695076879389390712e+01 2.723584603908171857e+02
5.766425459658919550e+01 2.715961165116672760e+02
5.840322468978849457e+01 2.708306873186118082e+02
5.917033887034131112e+01 2.700650711357612863e+02
5.996578822583118296e+01 2.693050773259508333e+02
6.078961594750242625e+01 2.685563730110602023e+02
6.164072263535360463e+01 2.678235264130831865e+02
6.251747672597273464e+01 2.671105939399125191e+02
6.341823583385083651e+01 2.664215910065094022e+02
6.434101654320527075e+01 2.657588765039575378e+02
6.528337051180095330e+01 2.651225509849190303e+02
6.624281601874442060e+01 2.645125528682259528e+02
6.721684814528053664e+01 2.639283000021985686e+02
6.820286258005214108e+01 2.633669798202050742e+02
6.919822839753084054e+01 2.628251825215703548e+02
7.020035320170127591e+01 2.622995231696428959e+02
7.120728886669255076e+01 2.617870326996728636e+02
7.221762033556326799e+01 2.612850861392006436e+02
7.322994936629856966e+01 2.607910699870280951e+02
7.424313560630515951e+01 2.603027423888848375e+02
7.525666859157233546e+01 2.598187692289995994e+02
7.627013222816427174e+01 2.593379523892246539e+02
7.728317336199259557e+01 2.588592286719126605e+02
7.829596290074771048e+01 2.583826582802582834e+02
7.930893184247962324e+01 2.579088589580755411e+02
8.032251808195435672e+01 2.574384653419621714e+02
8.133741220881751133e+01 2.569727598670785369e+02
8.235467083779860786e+01 2.565139632959618439e+02
8.337537925132983219e+01 2.560643698825337538e+02
8.440059569014393048e+01 2.556262317366563082e+02
8.543125427534181426e+01 2.552016075297144937e+02
8.646825353870409003e+01 2.547925004677020127e+02
8.751246273416965948e+01 2.544008463157353503e+02
8.856421209199368150e+01 2.540273391684687567e+02
8.962335830621489663e+01 2.536715823040487408e+02
9.068974154571770896e+01 2.533331409172347719e+02
9.176299859568545969e+01 2.530111035019203598e+02
9.284223589267058685e+01 2.527033154944161595e+02
9.392647451579667006e+01 2.524074222660322278e+02
9.501474141703515386e+01 2.521210843342082910e+02
9.610611632421736772e+01 2.518420983258207571e+02
9.719970685935086863e+01 2.515683328070876996e+02
9.829462691656706852e+01 2.512976714963267000e+02
9.939034501350482742e+01 2.510288523737128230e+02
1.004868756124777605e+02 2.507619285598500483e+02
1.015842797064709941e+02 2.504970652642959408e+02
1.026826333758748859e+02 2.502344629190118894e+02
1.037820869054624637e+02 2.499744951903017807e+02
1.048828133549553172e+02 2.497175889138795242e+02
1.059849780391000564e+02 2.494641520666590679e+02
1.070885885201280985e+02 2.492142085149190791e+02
1.081935052304840923e+02 2.489674238795198278e+02
1.092995829911280055e+02 2.487234501167465055e+02
1.104066856996081754e+02 2.484819603536374188e+02
1.115147025388049258e+02 2.482426866941825665e+02
1.126235270598735667e+02 2.480053714311862052e+02
1.137330368175082356e+02 2.477697181966933044e+02
1.148429539768557106e+02 2.475350550723209153e+02
1.159529132847435164e+02 2.473004988642959745e+02
1.170625462859550794e+02 2.470651586491535170e+02
1.181713290482216649e+02 2.468277683777050981e+02
1.192784831438108739e+02 2.465864479693435953e+02
1.203832065945375263e+02 2.463392605223393730e+02
1.214846982004508504e+02 2.460842711866949912e+02
1.225821608645457701e+02 2.458195559293929762e+02
1.236747988370723732e+02 2.455431942693107032e+02
1.247618357548324894e+02 2.452533125673061534e+02
1.258429332364164708e+02 2.449490954362568118e+02
1.269181865429029585e+02 2.446307752564378859e+02
1.279877096531862009e+02 2.442986296339728653e+02
1.290518875005464281e+02 2.439535906436540245e+02
1.301119119232747039e+02 2.435985393748525780e+02
1.311691242918817863e+02 2.432367181000684866e+02
1.322248479014515112e+02 2.428713254097388301e+02
1.332802159128348762e+02 2.425051004055415262e+02
1.343362476905191727e+02 2.421405071826542326e+02
1.353939567445614784e+02 2.417799956708958291e+02
1.364539939152531076e+02 2.414251379063565821e+02
1.375163785836468264e+02 2.410759773882659829e+02
1.385810668150496667e+02 2.407324043510897980e+02
1.396479956745552613e+02 2.403942611846786122e+02
1.407169947959964702e+02 2.400611197552223643e+02
1.417878560946490438e+02 2.397324569494593618e+02
1.428603697348108881e+02 2.394077449148113885e+02
1.439342827913455096e+02 2.390863389746665746e+02
1.450092970499737248e+02 2.387674716645320245e+02
1.460851120941966315e+02 2.384503695628397679e+02
1.471612818327305092e+02 2.381339023108770334e+02
1.482368961353054999e+02 2.378158025463574177e+02
1.493109526775135976e+02 2.374935770098879004e+02
1.503824110180663922e+02 2.371646411939817938e+02
1.514497956915739962e+02 2.368253691858874106e+02
1.525113543637420719e+02 2.364714722757031495e+02
1.535653310316932050e+02 2.360986533860229031e+02
1.546100496354615643e+02 2.357028494027833290e+02
1.556439822449025314e+02 2.352804307331358018e+02
1.566656169942932024e+02 2.348278147988544902e+02
1.576735735918615546e+02 2.343417690571353660e+02
1.586672701089399311e+02 2.338211849066114496e+02
1.596464241327389004e+02 2.332657505690419555e+02
1.606107704688637909e+02 2.326752033901741470e+02
1.615605154636283771e+02 2.320506289136602902e+02
1.624963916134703368e+02 2.313946170166740330e+02
1.634191590563316936e+02 2.307098366215829230e+02
1.643295159146111928e+02 2.299988899129834010e+02
1.652279488888904382e+02 2.292641515547553013e+02
1.661148996649708067e+02 2.285079477683086679e+02
1.669907900335972215e+02 2.277325513372133514e+02
1.678557948909501647e+02 2.269395718897304732e+02
1.687099221041805777e+02 2.261301704165109925e+02
1.695531786737080893e+02 2.253055009453985349e+02
1.703858646523518416e+02 2.244669106274563717e+02
1.712088582745145402e+02 2.236161276387422845e+02
1.720231054818502798e+02 2.227549247747829497e+02
1.728296730043025207e+02 2.218851083498705634e+02
1.736304146941027113e+02 2.210087031048322785e+02
1.744274997384183621e+02 2.201278212859800192e+02
1.752230780947593587e+02 2.192445643163175077e+02
1.760186598917765934e+02 2.183606811398436491e+02
1.768149972660210665e+02 2.174775031259248124e+02
1.776127984305744860e+02 2.165963374475131786e+02
1.784124736591423073e+02 2.157183593950481963e+02
1.792133456806248546e+02 2.148442628585458465e+02
1.800144891489499628e+02 2.139746319179286616e+02
1.808149932342836337e+02 2.131100482861129706e+02
1.816141434618903645e+02 2.122510616585087178e+02
1.824113665103420203e+02 2.113981987141795855e+02
1.832060952026224925e+02 2.105519849412326607e+02
1.839982618987131957e+02 2.097128333793360184e+02
1.847888489573427648e+02 2.088809207078462009e+02
1.855789713169779134e+02 2.080563937617143893e+02
1.863697701621433680e+02 2.072393178273962917e+02
1.871625705240105617e+02 2.064291869658492260e+02
1.879587760315933451e+02 2.056252510285625021e+02
1.887597822921385955e+02 2.048267610334506230e+02
1.895666837203886530e+02 2.040330435563276694e+02
1.903801958333129107e+02 2.032435202242432979e+02
1.912010100316394130e+02 2.024576187140536376e+02
1.920294465368542944e+02 2.016747356267049156e+02
1.928643744658963328e+02 2.008941460736068620e+02
1.937043083732873185e+02 2.001150954814549152e+02
1.945477523675954785e+02 1.993368667457634729e+02
1.953930561295906045e+02 1.985592966824773669e+02
1.962384514127528803e+02 1.977826451035036541e+02
1.970821679786193954e+02 1.970071816104498055e+02
1.979226489806421228e+02 1.962329821296591206e+02
1.987588157204872914e+02 1.954596886184480695e+02
1.995896545141727643e+02 1.946868840268752763e+02
2.004142812537999134e+02 1.939141401488727183e+02
2.012327884831605047e+02 1.931409446914810246e+02
2.020457140325133878e+02 1.923667470238613930e+02
2.028535987830531155e+02 1.915909955996729082e+02
2.036570160936457512e+02 1.908131090187912946e+02
2.044565827171730348e+02 1.900324659929026438e+02
2.052529184310123469e+02 1.892484424535481367e+02
2.060466927261190051e+02 1.884604992815697813e+02
2.068387832686808849e+02 1.876684530823663692e+02
2.076301222071197117e+02 1.868722135591958420e+02
2.084216281152409920e+02 1.860716952393949555e+02
2.092139995799892063e+02 1.852668908219288255e+02
2.100077567779567858e+02 1.844578564033110410e+02
2.108034158127395870e+02 1.836446514657240527e+02
2.116018102753693029e+02 1.828277967672801196e+02
2.124045325938360520e+02 1.820089155765658973e+02
2.132132861804724371e+02 1.811897924107719859e+02
2.140296621051461443e+02 1.803721357612657812e+02
2.148543392256456741e+02 1.795570367956418067e+02
2.156875531276590721e+02 1.787452867047551308e+02
2.165295256193349758e+02 1.779376625187368290e+02
2.173799600137850803e+02 1.771343588841087922e+02
2.182378236376897291e+02 1.763347437732612946e+02
2.191020278059501436e+02 1.755381222450760106e+02
2.199715707978736816e+02 1.747439864516872490e+02
2.208458409891058807e+02 1.739526677896545550e+02
2.217243360905644636e+02 1.731647328769648198e+02
2.226065647567211556e+02 1.723807539959518635e+02
2.234922305962629139e+02 1.716014041783545849e+02
2.243812051014280371e+02 1.708274432156053138e+02
2.252733648800494279e+02 1.700596324640312673e+02
2.261684285983565701e+02 1.692981917052710230e+02
2.270657119844693739e+02 1.685419590642220555e+02
2.279644674393494483e+02 1.677895555197913779e+02
2.288639440754056977e+02 1.670395675053869127e+02
2.297633621994918940e+02 1.662902788586332576e+02
2.306619272087511661e+02 1.655398167940473400e+02
2.315588534240144156e+02 1.647863281071070389e+02
2.324538603627756288e+02 1.640291263864876043e+02
2.333474296250565203e+02 1.632692853130705259e+02
2.342401059750101240e+02 1.625080244504873406e+02
2.351325398660086989e+02 1.617468175637639831e+02
2.360258897091021026e+02 1.609883601466008258e+02
2.369214663305982072e+02 1.602357142785369035e+02
2.378205678662106948e+02 1.594919123334760229e+02
2.387242421892586890e+02 1.587594008442625011e+02
2.396333083686072314e+02 1.580400907337304375e+02
2.405485768298653966e+02 1.573358726887764192e+02
2.414707097892908507e+02 1.566482885649371042e+02
2.423999656102517974e+02 1.559779296937042830e+02
2.433365345092714733e+02 1.553252270134744606e+02
2.442805759588243859e+02 1.546905387152779667e+02
2.452319584883928201e+02 1.540735345532783924e+02
2.461903903105720133e+02 1.534735049356567629e+02
2.471555774945138637e+02 1.528897352286917908e+02
2.481271951141670513e+02 1.523214394315571383e+02
2.491048685372419413e+02 1.517677170937701590e+02
2.500882186551073119e+02 1.512276574579777844e+02
2.510768511404575634e+02 1.507003131858662641e+02
2.520702932717507849e+02 1.501845485037548542e+02
2.530680471570613008e+02 1.496791671361869760e+02
2.540696164568230699e+02 1.491829765138960511e+02
2.550745389425353551e+02 1.486948655104198451e+02
2.560823854928762557e+02 1.482138020452435114e+02
2.570927283186977661e+02 1.477387572172614227e+02
2.581051052313857213e+02 1.472686185991604191e+02
2.591189538608178964e+02 1.468020305103947294e+02
2.601336936996109443e+02 1.463375932308798895e+02
2.611487517530964624e+02 1.458739250979218980e+02
2.621636319669364639e+02 1.454098293808503968e+02
2.631778833977763838e+02 1.449442177767267594e+02
2.641910588950894407e+02 1.444760111306807744e+02
2.652029651608444283e+02 1.440047429417694218e+02
2.662138418624048768e+02 1.435309916385037923e+02
2.672239709433451935e+02 1.430554376798531280e+02
2.682336773189099404e+02 1.425788652567316888e+02
2.692435232591838030e+02 1.421026315254330541e+02
2.702541525351201699e+02 1.416282903821866057e+02
2.712662062025804630e+02 1.411573891701812045e+02
2.722802575920969161e+02 1.406913117726725773e+02
2.732968102552836740e+02 1.402312736564977058e+02
2.743163644965818548e+02 1.397784824511904560e+02
2.753393183574162890e+02 1.393338989257255207e+02
2.763657513766762008e+02 1.388977149913164624e+02
2.773956812623486030e+02 1.384699733008073110e+02
2.784291151552986321e+02 1.380506909997091327e+02
2.794659428568498356e+02 1.376396019947428613e+02
2.805059809991817588e+02 1.372362635740785208e+02
2.815490446565626144e+02 1.368402292652836252e+02
2.825949060337253513e+02 1.364509491104609253e+02
2.836432595357954369e+02 1.360676853463526470e+02
2.846937913467864973e+02 1.356896803642424629e+02
2.857462268721001237e+02 1.353162712448715013e+02
2.868005239515331368e+02 1.349473562191108442e+02
2.878567257256243010e+02 1.345830394534557968e+02
2.889148781623850368e+02 1.342234319404539065e+02
2.899751005527701864e+02 1.338688216879479853e+02
2.910375923871158079e+02 1.335196903200804002e+02
2.921025572211792110e+02 1.331765292756803092e+02
2.931701423179118251e+02 1.328396940894490115e+02
2.942403073319941313e+02 1.325090873654167183e+02
2.953129728830206773e+02 1.321845174676972192e+02
2.963880616902572456e+02 1.318657978292666826e+02
2.974655218057450838e+02 1.315528030395095982e+02
2.985453180750265005e+02 1.312454482293690603e+02
2.996274158302413753e+02 1.309436497045051624e+02
3.007118024640016074e+02 1.306473770286600882e+02
3.017985079897436549e+02 1.303567026601693328e+02
3.028875672866611808e+02 1.300717108042113352e+02
3.039790515133572626e+02 1.297925732521722466e+02
3.050732626671021990e+02 1.295200190890555518e+02
3.061705932281168430e+02 1.292549958449447729e+02
3.072714311860257794e+02 1.289984402086761577e+02
3.083760206148566567e+02 1.287509414264636121e+02
3.094844384671295643e+02 1.285126852779326327e+02
3.105967523119383600e+02 1.282838348891371538e+02
3.117128910724228490e+02 1.280642186651550674e+02
3.128322889980648824e+02 1.278524707630898689e+02
3.139542700604573611e+02 1.276469591056427930e+02
3.150781844282151383e+02 1.274461148607232843e+02
3.162037264949195787e+02 1.272492002288549457e+02
3.173308331571781196e+02 1.270560628646777843e+02
3.184594468580127113e+02 1.268665638130627258e+02
3.195895822407530318e+02 1.266807384259579408e+02
3.207214025301354354e+02 1.264989807627986806e+02
3.218550892492748972e+02 1.263217290592422586e+02
3.229907923565449437e+02 1.261493453469172721e+02
3.241284459916587366e+02 1.259816706250975500e+02
3.252678939986309956e+02 1.258183278999496082e+02
3.264089818964682763e+02 1.256589442214283707e+02
3.275516238594753986e+02 1.255033123880726436e+02
3.286958187165956815e+02 1.253514295728337373e+02
3.298415705203590846e+02 1.252033055595201603e+02
3.309888173487554468e+02 1.250587908552793408e+02
3.321372451927288694e+02 1.249171273751782110e+02
3.332864798432241287e+02 1.247774116985999768e+02
3.344361601207451145e+02 1.246387718610715467e+02
3.355861117876809203e+02 1.245007872158188320e+02
3.367363005205794479e+02 1.243633748987751630e+02
3.378866946448121666e+02 1.242264584407016059e+02
3.390371197233798739e+02 1.240896167134885673e+02
3.401870881970108371e+02 1.239516726449465267e+02
3.413360709633133752e+02 1.238113488689181594e+02
3.424836054432568062e+02 1.236675286208083122e+02
3.436297183040344407e+02 1.235202762806182477e+02
3.447746545576654285e+02 1.233701833592671164e+02
3.459186631731502644e+02 1.232178509206747350e+02
3.470621097770961114e+02 1.230641616653191335e+02
3.482055127612389356e+02 1.229103671015573269e+02
3.493494008508001798e+02 1.227577436850036037e+02
3.504942516645564865e+02 1.226074444894715612e+02
3.516403336598210672e+02 1.224601176286222000e+02
3.527878617923217348e+02 1.223162820519380602e+02
3.539370195905102037e+02 1.221763808367315960e+02
3.550874968161831475e+02 1.220396650019508229e+02
3.562385907273380781e+02 1.219044379783803009e+02
3.573895886105271984e+02 1.217689791236013832e+02
3.585400081561614911e+02 1.216321240391507672e+02
3.596899059877256946e+02 1.214940094257114254e+02
3.608394156671137694e+02 1.213549577296635249e+02
3.619887025296336560e+02 1.212153681052355836e+02
3.631381835481712415e+02 1.210762472138518291e+02
3.642883954122125942e+02 1.209388907385385608e+02
3.654398767692867409e+02 1.208045990894572412e+02
3.665932222199712669e+02 1.206748077594278072e+02
3.677491041998350738e+02 1.205511401516297667e+02
3.689082008986711116e+02 1.204352335611737885e+02
3.700710226697779035e+02 1.203283200901205703e+02
3.712373440820007318e+02 1.202298555001277975e+02
3.724067381316522756e+02 1.201388089138209097e+02
3.735787574290166049e+02 1.200541002375762218e+02
3.747526028088784642e+02 1.199738001161992855e+02
3.759271781687365888e+02 1.198952623241460742e+02
3.771013787793393703e+02 1.198158198090429920e+02
3.782743578832751155e+02 1.197334283175043339e+02
3.794459126587129276e+02 1.196475981938383200e+02
3.806159390993153693e+02 1.195580783440088908e+02
3.817843655957552187e+02 1.194646958873605911e+02
3.829513971908267536e+02 1.193679458412184431e+02
3.841173791489609357e+02 1.192686617482274301e+02
3.852826516653086060e+02 1.191676649127067975e+02
3.864472284617213518e+02 1.190649884625588015e+02
3.876106406823613497e+02 1.189595004798600684e+02
3.887723805847089693e+02 1.188499751659147563e+02
3.899318907917734691e+02 1.187350668937960307e+02
3.910883808073514842e+02 1.186128672369320043e+02
3.922409917552833463e+02 1.184813026849092097e+02
3.933888283050420682e+02 1.183382117186495464e+02
3.945303015981610315e+02 1.181797584938254175e+02
3.956632012298861127e+02 1.180006066200126043e+02
3.967852952945432889e+02 1.177953677989504655e+02
3.978946300960434428e+02 1.175593253889301479e+02
3.989899935092261103e+02 1.172895530566996172e+02
4.000702956232670431e+02 1.169834195201630251e+02
4.011346084270311394e+02 1.166386843576903516e+02
4.021834967842799529e+02 1.162567112668578773e+02
4.032183312356121405e+02 1.158408090213954154e+02
4.042404926549899642e+02 1.153943113420086917e+02
4.052515167895249988e+02 1.149209258479934874e+02
4.062531827273164708e+02 1.144249476384800062e+02
4.072472908780399621e+02 1.139107232876744149e+02
4.082355915397870945e+02 1.133824783911709488e+02
4.092195827849805596e+02 1.128438296252377171e+02
4.102006835053675218e+02 1.122982025093771625e+02
4.111802923744626241e+02 1.117489737524166031e+02
4.121593828055913491e+02 1.111984934038904953e+02
4.131385236069175448e+02 1.106481347192167846e+02
4.141182673447634102e+02 1.100992317429092111e+02
4.150989957149351994e+02 1.095527060068534695e+02
4.160806037341042156e+02 1.090083041106306183e+02
4.170629003452286270e+02 1.084655648561612225e+02
4.180456600400073057e+02 1.079239438729637754e+02
4.190283137215772626e+02 1.073820672973374570e+02
4.200100949577989695e+02 1.068380848577736515e+02
4.209902340534146674e+02 1.062901384046392224e+02
4.219678936409543439e+02 1.057362063924203710e+02
4.229421232842728955e+02 1.051739942690729919e+02
4.239119617981635315e+02 1.046011815287330933e+02
4.248764907487769165e+02 1.040155508543452640e+02
4.258350223969218291e+02 1.034154417557821688e+02
4.267869464694389308e+02 1.027993807224200395e+02
4.277316687898525629e+02 1.021659330973069899e+02
4.286689707873854900e+02 1.015145708489131948e+02
4.295990132555069181e+02 1.008456816433964889e+02
4.305219738844346011e+02 1.001596939317577721e+02
4.314382084709740184e+02 9.945746606387956490e+01
4.323486152197996262e+02 9.874116560868108650e+01
4.332541952178514180e+02 9.801320846374552787e+01
4.341559193601593734e+02 9.727593762785011222e+01
4.350544322760879368e+02 9.653090832657537135e+01
4.359501792719048012e+02 9.577919451698494413e+01
4.368436015290978389e+02 9.502186019993985155e+01
4.377350263902252436e+02 9.425969479167270038e+01
4.386245788446085498e+02 9.349299962329291702e+01
4.395123630504656944e+02 9.272202578035042109e+01
4.403984468550907536e+02 9.194693700413841952e+01
4.412826879235500996e+02 9.116739145227347763e+01
4.421648684725217890e+02 9.038286579474669225e+01
4.430447797292432597e+02 8.959285855649538632e+01
4.439224512368612636e+02 8.879744624209899939e+01
4.447981680607725821e+02 8.799732506574356705e+01
4.456722278460430289e+02 8.719322175080900195e+01
4.465450215101350295e+02 8.638608976613906520e+01
4.474172438667258689e+02 8.557762135314446539e+01
4.482896515183681458e+02 8.476965896216691476e+01
4.491629869219452189e+02 8.396401116028184219e+01
4.500378265631227919e+02 8.316208896198209288e+01
4.509146391193974068e+02 8.236504514773434948e+01
4.517938892628097278e+02 8.157402283764423601e+01
4.526758017177369311e+02 8.078958311780436929e+01
4.535601472269022452e+02 8.001118586432065172e+01
4.544466460143778477e+02 7.923816841168877545e+01
4.553350214253869694e+02 7.846987141488651218e+01
4.562250161976984941e+02 7.770565615993774600e+01
4.571163805059401852e+02 7.694489184467812493e+01
4.580088650713706784e+02 7.618694751987145253e+01
4.589022362364995615e+02 7.543118743629105438e+01
4.597962781254207130e+02 7.467697038090727801e+01
4.606907758358130422e+02 7.392365486055615520e+01
4.615856079023778875e+02 7.317079704343549906e+01
4.624809787263613998e+02 7.241864245217067264e+01
4.633771637049111973e+02 7.166758679767697515e+01
4.642744320271306719e+02 7.091800515969195828e+01
4.651729736187086246e+02 7.017000920205757097e+01
4.660729236837862572e+02 6.942352873264213997e+01
4.669744157841900005e+02 6.867848873865322901e+01
4.678775065158504844e+02 6.793464681946564099e+01
4.687820973944239427e+02 6.719142330103338168e+01
4.696880713104171150e+02 6.644819800275453758e+01
4.705952895774685771e+02 6.570435744420485946e+01
4.715034694908620168e+02 6.495933286639630921e+01
4.724122693817857339e+02 6.421257382022248805e+01
4.733213446961436830e+02 6.346354316307011345e+01
4.742302608814404721e+02 6.271214417335821167e+01
4.751384746126027494e+02 6.195881242487391205e+01
4.760454360576751469e+02 6.120401532549593071e+01
4.769504290264375754e+02 6.044829143858303411e+01
4.778521160513571431e+02 5.969244506292618979e+01
4.787490146610987836e+02 5.893734251897282661e+01
4.796396180267068985e+02 5.818390469897239825e+01
4.805220800454870869e+02 5.743381261782717218e+01
4.813943057525534641e+02 5.668930485139330244e+01
4.822541939214381728e+02 5.595263164133722000e+01
4.830995479597606277e+02 5.522583366824793671e+01
4.839279665180017105e+02 5.451050167074603792e+01
4.847370217429984223e+02 5.380816814722820141e+01
4.855270778868265893e+02 5.311788033542631382e+01
4.863185382983228351e+02 5.242084861712337585e+01
4.871405597657603721e+02 5.169049191323162518e+01
4.880234518974255025e+02 5.089915134573216449e+01
4.890397646164475418e+02 4.997961442802863274e+01
4.903162624438547255e+02 4.881390240929390245e+01
4.919832678062707032e+02 4.728070493462137591e+01
