5.106283404370001477e+01 4.939853885949039380e+01
5.232092728827623773e+01 5.092301539555116818e+01
5.330068349519645921e+01 5.209435879920823709e+01
5.409462341263765239e+01 5.303030158533910310e+01
5.479296288730962772e+01 5.384559004293973317e+01
5.544868722150587104e+01 5.460673463969186514e+01
5.608465085371523173e+01 5.534120835442740827e+01
5.672282701261045901e+01 5.607534251239750489e+01
5.737926608921571159e+01 5.682780950147129317e+01
5.805530146962632898e+01 5.759825086216275736e+01
5.875001943103747948e+01 5.838340235444984927e+01
5.946245182200680546e+01 5.918005258629555243e+01
6.019114530017003517e+01 5.998546126624013652e+01
6.093439175898719640e+01 6.079713546843769478e+01
6.169047970471147124e+01 6.161259244534352320e+01
6.245762497263236668e+01 6.242986320493262298e+01
6.323392785203395761e+01 6.324779562061049631e+01
6.401747834517830427e+01 6.406531029103716435e+01
6.480648180340068620e+01 6.488137537419046907e+01
6.559975848159579925e+01 6.569521255755641675e+01
6.639633271120065672e+01 6.650612767096271227e+01
6.719524905454203179e+01 6.731341774737853711e+01
6.799604683771363511e+01 6.811616187913605813e+01
6.879877893798627042e+01 6.891321294218266758e+01
6.960352212035627417e+01 6.970341327753327221e+01
7.041048513734475023e+01 7.048549583541019103e+01
7.122030937800043660e+01 7.125783499841588764e+01
7.203372473913545093e+01 7.201873179423220961e+01
7.285145113790959215e+01 7.276652444138325393e+01
7.367408407625977418e+01 7.350001481251300106e+01
7.450213460981501612e+01 7.421831948354373765e+01
7.533611019240869666e+01 7.492056571399490394e+01
7.617621659065451922e+01 7.560659066126464722e+01
7.702203797685791642e+01 7.627769415154196508e+01
7.787308186199969384e+01 7.693535640218988192e+01
7.872885471582955574e+01 7.758104734074802877e+01
7.958885554378602478e+01 7.821616312972852825e+01
8.045258009409593569e+01 7.884206774269678419e+01
8.131952828442322811e+01 7.946011387888643185e+01
8.218937218433272562e+01 8.007119575757779728e+01
8.306201317451196076e+01 8.067559688999415357e+01
8.393736854587299945e+01 8.127355841478602372e+01
8.481533964535235270e+01 8.186535248394065434e+01
8.569575833353950145e+01 8.245138641043406835e+01
8.657843754627474198e+01 8.303210431861479890e+01
8.746318495919193481e+01 8.360796271162111282e+01
8.834971253948455683e+01 8.417964332529415117e+01
8.923764877892114100e+01 8.474802433996285345e+01
9.012661942352154654e+01 8.531399039632879067e+01
9.101628261476918169e+01 8.587834913168396156e+01
9.190638386433484186e+01 8.644170050602457422e+01
9.279668326549827384e+01 8.700460981913559522e+01
9.368697829995591064e+01 8.756755256149665456e+01
9.457743375320980306e+01 8.813012193697120722e+01
9.546842288857331482e+01 8.869141037273580253e+01
9.636032168665337849e+01 8.925050378621649827e+01
9.725353222454580759e+01 8.980642680563663305e+01
9.814850138712284888e+01 9.035809882541215643e+01
9.904568047229315653e+01 9.090442887567286334e+01
9.994544446568117735e+01 9.144451045425505242e+01
1.008477243470490805e+02 9.197851034285835681e+01
1.017522909384419592e+02 9.250698246828103777e+01
1.026589077339746012e+02 9.303049845451087663e+01
1.035671363324496212e+02 9.355011749557453982e+01
1.044763125416570944e+02 9.406744406280873250e+01
1.053857602646966143e+02 9.458411137695787829e+01
1.062949212569817661e+02 9.510146807586383488e+01
1.072036578494375618e+02 9.561984721612381577e+01
1.081119261526375510e+02 9.613935540070251307e+01
1.090196950164318395e+02 9.666006846235323735e+01
1.099271102373059961e+02 9.718163484021361853e+01
1.108344471557484781e+02 9.770339007524466979e+01
1.117419840336544183e+02 9.822466265173373756e+01
1.126499890801743220e+02 9.874480525849430990e+01
1.135587080754571332e+02 9.926322458783451452e+01
1.144683837648610449e+02 9.977933463908922818e+01
1.153792080491676018e+02 1.002926721546941309e+02
1.162909731927678791e+02 1.008037386330763070e+02
1.172032825584454940e+02 1.013134915970935879e+02
1.181157382136999558e+02 1.018228916965133521e+02
1.190279336838152915e+02 1.023329202019732378e+02
1.199394502229705921e+02 1.028445880065028604e+02
1.208498681354562763e+02 1.033589082961593704e+02
1.217589124052871909e+02 1.038765449721450267e+02
1.226669951777360552e+02 1.043965029954014341e+02
1.235747323945065688e+02 1.049172953228455754e+02
1.244827604997648507e+02 1.054373854145028986e+02
1.253921380155742611e+02 1.059542177531020286e+02
1.263043201194071514e+02 1.064642792188547276e+02
1.272207773840018916e+02 1.069640195248385055e+02
1.281429986847869031e+02 1.074498441996760505e+02
1.290725265292140875e+02 1.079180292991238446e+02
1.300109131972959915e+02 1.083648272870371159e+02
1.309596148751168414e+02 1.087867226186663743e+02
1.319190444859554816e+02 1.091827184098948180e+02
1.328889753556862274e+02 1.095533619022036049e+02
1.338691683363973652e+02 1.098992304514725475e+02
1.348590518927085498e+02 1.102217038681980625e+02
1.358574377375706206e+02 1.105236509336419601e+02
1.368630705829168335e+02 1.108081021838888773e+02
1.378747706601986920e+02 1.110779058346518724e+02
1.388918382805958345e+02 1.113347510858517637e+02
1.399137617779126685e+02 1.115798732103250472e+02
1.409400307464233890e+02 1.118145044378527189e+02
1.419701619265171644e+02 1.120398114613137182e+02
1.430037047739125455e+02 1.122568819913339553e+02
1.440402106920827237e+02 1.124667990362158037e+02
1.450792923136916954e+02 1.126704977838364385e+02
1.461208002903126157e+02 1.128683387932731819e+02
1.471646431020814134e+02 1.130605430130242013e+02
1.482107323019063188e+02 1.132473239732509995e+02
1.492590272004580925e+02 1.134287799065436104e+02
1.503095248046103336e+02 1.136049180387030333e+02
1.513622228024854337e+02 1.137757439508469588e+02
1.524170105462251854e+02 1.139415247703451541e+02
1.534735153899048044e+02 1.141031601439926533e+02
1.545313258641685934e+02 1.142616434466586384e+02
1.555900795104297174e+02 1.144178497307556057e+02
1.566498370737400023e+02 1.145716323447860105e+02
1.577108757830707759e+02 1.147223219988648282e+02
1.587734740227642476e+02 1.148692466137960793e+02
1.598378746703819502e+02 1.150118198313539466e+02
1.609042655679755285e+02 1.151495881608165917e+02
1.619728298233593478e+02 1.152821095409248358e+02
1.630437864259965295e+02 1.154088552844080766e+02
1.641175401805635943e+02 1.155288481061411687e+02
1.651945558594684371e+02 1.156409659460084214e+02
1.662752690400978395e+02 1.157441572269063386e+02
1.673594278625626544e+02 1.158390299920444306e+02
1.684460844367861796e+02 1.159278726500672008e+02
1.695342599319440069e+02 1.160130483071881713e+02
1.706229825650023031e+02 1.160969030549397303e+02
1.717113030129156073e+02 1.161817287622513675e+02
1.727982764169008192e+02 1.162698065204900786e+02
1.738830261492449836e+02 1.163632526966361809e+02
1.749654968225400751e+02 1.164622010080352226e+02
1.760461765145888080e+02 1.165654731308517711e+02
1.771255613817461665e+02 1.166718712378955161e+02
1.782039273869742715e+02 1.167807290956601918e+02
1.792811085977454582e+02 1.168924473003391000e+02
1.803568862640022985e+02 1.170075539608762512e+02
1.814310520893601506e+02 1.171265519488905227e+02
1.825034704807152366e+02 1.172497686152647844e+02
1.835740367296914428e+02 1.173774567487704985e+02
1.846426479599152231e+02 1.175098647153266427e+02
1.857092681317839435e+02 1.176470795223082888e+02
1.867739480290244956e+02 1.177889785666346540e+02
1.878367442379128249e+02 1.179354252366053117e+02
1.888976643608507970e+02 1.180864011781338974e+02
1.899565085398535302e+02 1.182423888911543486e+02
1.910130220031425381e+02 1.184040034493156952e+02
1.920669490545051019e+02 1.185718621580381011e+02
1.931180178475724745e+02 1.187466213124830858e+02
1.941659427966752105e+02 1.189289703772604980e+02
1.952104379817512552e+02 1.191195996242709185e+02
1.962512700900725804e+02 1.193190723201993109e+02
1.972883438513840133e+02 1.195276184680447216e+02
1.983215863639030658e+02 1.197454140685885307e+02
1.993509459600100513e+02 1.199725838587895623e+02
2.003765728690776768e+02 1.202087651529689083e+02
2.013987289896450932e+02 1.204533256721323369e+02
2.024176771229116412e+02 1.207056309580702589e+02
2.034336594351130429e+02 1.209650963697760346e+02
2.044468835609413020e+02 1.212312206327548694e+02
2.054575538455692936e+02 1.215035104141134070e+02
2.064658590208417479e+02 1.217815100748353814e+02
2.074718995965664305e+02 1.220649769625698156e+02
2.084757451279007228e+02 1.223537431560412045e+02
2.094774560623781952e+02 1.226476627217260642e+02
2.104768474505032145e+02 1.229471821670276199e+02
2.114734666441450202e+02 1.232533942811232635e+02
2.124668474559884146e+02 1.235674245396779298e+02
2.134565854387587365e+02 1.238902493647924814e+02
2.144424903037721037e+02 1.242223281542691353e+02
2.154244181659827291e+02 1.245640082776771180e+02
2.164022564265071651e+02 1.249155615731163209e+02
2.173763114795166302e+02 1.252762483400835407e+02
2.183471888416913771e+02 1.256446067325368716e+02
2.193155012642251336e+02 1.260191574387745987e+02
2.202820082866830660e+02 1.263980667684260055e+02
2.212477883421994136e+02 1.267787311535236654e+02
2.222139617085881582e+02 1.271584460040513562e+02
2.231815826885018623e+02 1.275346660080864751e+02
2.241512027953548909e+02 1.279060596940269647e+02
2.251231421060557807e+02 1.282718543272944203e+02
2.260977141999933906e+02 1.286312928597127723e+02
2.270749885072582401e+02 1.289842076718108501e+02
2.280546924680966185e+02 1.293312567808581264e+02
2.290365279864129491e+02 1.296731598543229325e+02
2.300201827729543425e+02 1.300106708250121130e+02
2.310052790352726788e+02 1.303447017645525818e+02
2.319914200969237754e+02 1.306762103346042068e+02
2.329782110355611735e+02 1.310061499620614711e+02
2.339652916313075082e+02 1.313353902946554115e+02
2.349523334757396640e+02 1.316647241804805901e+02
2.359390093671584054e+02 1.319949415543429723e+02
2.369250201837293730e+02 1.323267645602633422e+02
2.379101468323978565e+02 1.326607221357125184e+02
2.388941843834136876e+02 1.329973090249222594e+02
2.398769438376365883e+02 1.333369815122386512e+02
2.408584034266053777e+02 1.336797921515295116e+02
2.418386413136476278e+02 1.340255522400386212e+02
2.428177382922093273e+02 1.343740667253426864e+02
2.437958970942771089e+02 1.347248461692615820e+02
2.447735409157800746e+02 1.350768688864341414e+02
2.457511161395563590e+02 1.354290572133338628e+02
2.467290147083675151e+02 1.357804649163814759e+02
2.477072925991314207e+02 1.361309568551447171e+02
2.486858777537709102e+02 1.364807069929563283e+02
2.496646914631247967e+02 1.368299053502970537e+02
2.506434542683300037e+02 1.371792266006576995e+02
2.516216507349701601e+02 1.375299151133297357e+02
2.525987519268285268e+02 1.378832478538580801e+02
2.535742580389308500e+02 1.382404314589269632e+02
2.545477793220545664e+02 1.386024068678108847e+02
2.555189520124540365e+02 1.389700522854537326e+02
2.564874453472947948e+02 1.393441662455640255e+02
2.574534223551517016e+02 1.397243551641024908e+02
2.584174261862047501e+02 1.401093077624276191e+02
2.593800101823991326e+02 1.404976881568001374e+02
2.603418410335804651e+02 1.408878868166694645e+02
2.613038522528713088e+02 1.412776500412926168e+02
2.622670157186947790e+02 1.416646315076363578e+02
2.632322764303918348e+02 1.420465497840894784e+02
2.642003545046732143e+02 1.424216663502089091e+02
2.651718580008271147e+02 1.427885132143412648e+02
2.661473897023727773e+02 1.431456351215865936e+02
2.671273025169904827e+02 1.434921800669445702e+02
2.681115717603697135e+02 1.438282076274673500e+02
2.691001413767423855e+02 1.441538531171361228e+02
2.700929392960862288e+02 1.444692905107001195e+02
2.710898128796482069e+02 1.447748882876946368e+02
2.720905842067593881e+02 1.450710759619234977e+02
2.730950773841676664e+02 1.453582781527777001e+02
2.741031623249336349e+02 1.456368088980360938e+02
2.751147541829232637e+02 1.459068730190614644e+02
2.761297700312953793e+02 1.461686707038344935e+02
2.771481188274732403e+02 1.464224217461308513e+02
2.781696843815698799e+02 1.466684066899817083e+02
2.791943456476541883e+02 1.469069178105316382e+02
2.802219679915932602e+02 1.471382801946156178e+02
2.812522588164122226e+02 1.473632003649683213e+02
2.822848236136254059e+02 1.475826309320021039e+02
2.833192653365752562e+02 1.477975306351940219e+02
2.843550829006567824e+02 1.480091094480186200e+02
2.853915718378531778e+02 1.482190684803912291e+02
2.864280041265286059e+02 1.484291657202224997e+02
2.874637432881579002e+02 1.486409381585832534e+02
2.884987706185190177e+02 1.488544313999399549e+02
2.895333228625464699e+02 1.490690743616487168e+02
2.905676405789075147e+02 1.492842867484532690e+02
2.916020747570531171e+02 1.494992214587334161e+02
2.926371162924940563e+02 1.497126933707484113e+02
2.936732650824074540e+02 1.499234956142761064e+02
2.947109962042401321e+02 1.501304809616898410e+02
2.957506825789132563e+02 1.503327476707219432e+02
2.967926708480852085e+02 1.505294571490027238e+02
2.978372979958576821e+02 1.507197940167870058e+02
2.988847387899272121e+02 1.509033327929880954e+02
2.999350333960983903e+02 1.510799715217317782e+02
3.009882179609994068e+02 1.512496179048631006e+02
3.020443522402914596e+02 1.514121217591758182e+02
3.031035562707762665e+02 1.515671851030824371e+02
3.041659595718530795e+02 1.517144867053937105e+02
3.052316474078760962e+02 1.518538123029333633e+02
3.063002976706917480e+02 1.519859322847401586e+02
3.073713687058952360e+02 1.521121477008528871e+02
3.084443226191648364e+02 1.522337506201812971e+02
3.095190285568917261e+02 1.523510566787122684e+02
3.105960195994246646e+02 1.524627888290612532e+02
3.116758899814269057e+02 1.525675233233184827e+02
3.127592380282349040e+02 1.526638318548646680e+02
3.138466845148860216e+02 1.527502610987834544e+02
3.149388578776967051e+02 1.528253491923091758e+02
3.160363658378985292e+02 1.528876855901499709e+02
3.171392816848978100e+02 1.529371834643904720e+02
3.182471100234044457e+02 1.529751645443513439e+02
3.193593278740469259e+02 1.530030188825432731e+02
3.204753896192947877e+02 1.530221992318490152e+02
3.215946733102226176e+02 1.530343697584058589e+02
3.227165409265604694e+02 1.530412391407721202e+02
3.238403655000266212e+02 1.530444831333500133e+02
3.249656628370523777e+02 1.530453521610136534e+02
3.260920481330322218e+02 1.530448005663702418e+02
3.272191388504203928e+02 1.530437750811697128e+02
3.283465946615518192e+02 1.530429523668105105e+02
3.294741645371238405e+02 1.530424377293593921e+02
3.306016088090046310e+02 1.530422637830047279e+02
3.317286787735420148e+02 1.530423876397939580e+02
3.328550589489400977e+02 1.530422084037621744e+02
3.339804039232409991e+02 1.530408750781018057e+02
3.351043660562775131e+02 1.530375290102174120e+02
3.362265066408193661e+02 1.530310289658402780e+02
3.373462625793901566e+02 1.530198477269796342e+02
3.384630618190356586e+02 1.530024302867393544e+02
3.395763469043458826e+02 1.529772633205672037e+02
3.406856258458152524e+02 1.529430204375726703e+02
3.417904249985838305e+02 1.528984276288132378e+02
3.428903028479030013e+02 1.528422899929452683e+02
3.439854269614409077e+02 1.527749122446317926e+02
3.450765095294501066e+02 1.526979400086034673e+02
3.461642822957882117e+02 1.526130670323413483e+02
3.472497499659920095e+02 1.525226442460721614e+02
3.483346739783229395e+02 1.524308444903055033e+02
3.494209458323938975e+02 1.523421537413605620e+02
3.505103688906747266e+02 1.522608405046742348e+02
3.516038516149069437e+02 1.521889651944813977e+02
3.527017812678612927e+02 1.521273022110209467e+02
3.538045350583524851e+02 1.520766010561238772e+02
3.549121787802951076e+02 1.520368349023706855e+02
3.560242295654848022e+02 1.520066091571778202e+02
3.571401486965603453e+02 1.519843900010515654e+02
3.582593961408588825e+02 1.519686566653271313e+02
3.593814239846869896e+02 1.519579665793876586e+02
3.605056813921913204e+02 1.519509061671978998e+02
3.616316193599219559e+02 1.519460770158961509e+02
3.627587436786276953e+02 1.519425315361959008e+02
3.638866229631427700e+02 1.519398390289181862e+02
3.650148292804803418e+02 1.519375972063300253e+02
3.661429154244748361e+02 1.519356359077382876e+02
3.672703634232782974e+02 1.519346372775397924e+02
3.683966390675179809e+02 1.519354790256199976e+02
3.695211973907195215e+02 1.519390835381752822e+02
3.706433383863006270e+02 1.519470171128103573e+02
3.717622456536323057e+02 1.519613294540033053e+02
3.728771000502031256e+02 1.519840820433598196e+02
3.739871031567155342e+02 1.520173438442402869e+02
3.750915040437290031e+02 1.520632009653890009e+02
3.761895584063818205e+02 1.521237419072389514e+02
3.772806222519868129e+02 1.522008258227000681e+02
3.783648649507500750e+02 1.522944522423047147e+02
3.794428506338755369e+02 1.524037181395674452e+02
3.805151509058816259e+02 1.525277037988568907e+02
3.815825928632103796e+02 1.526649262367673714e+02
3.826463800200004926e+02 1.528130726042958258e+02
3.837077460837837748e+02 1.529697634868699367e+02
3.847678654985817843e+02 1.531327369216528496e+02
3.858276230212944711e+02 1.533003050639313187e+02
3.868878150318956273e+02 1.534709552193208140e+02
3.879492082095837873e+02 1.536432175594723333e+02
3.890119303118898983e+02 1.538165441377219054e+02
3.900754935485567785e+02 1.539912751635923485e+02
3.911393850041714018e+02 1.541677867793369501e+02
3.922029055068494472e+02 1.543462390253891385e+02
3.932647946748518279e+02 1.545261408052288346e+02
3.943236868497079399e+02 1.547068788762804843e+02
3.953781399920810031e+02 1.548877978615603013e+02
3.964258541365978203e+02 1.550677691215041136e+02
3.974639897379005902e+02 1.552453663649959594e+02
3.984896952676371598e+02 1.554191616691153968e+02
3.994997134741901164e+02 1.555880651191181983e+02
4.004900144178488972e+02 1.557516305269463146e+02
4.014564814788795388e+02 1.559094839176949563e+02
4.023986108257212777e+02 1.560618809752091920e+02
4.033395598838769729e+02 1.562132012114766155e+02
4.043120085180169667e+02 1.563694837672407516e+02
4.053500517429350225e+02 1.565369570151509606e+02
4.065361712161859487e+02 1.567282827171390807e+02
4.080126364946742115e+02 1.569640719122299686e+02
4.099254185374485928e+02 1.572654277703243224e+02
