4.688899068637320511e+01 4.971800373578415133e+01
4.757927700808253491e+01 5.165295783314289224e+01
4.809774895434323838e+01 5.313129952229549247e+01
4.850067035462640064e+01 5.430554784375896560e+01
4.884263521333723190e+01 5.532389510887610840e+01
4.915359996631119088e+01 5.627069455452980407e+01
4.944473140422907420e+01 5.718161305666163940e+01
4.972670571814563800e+01 5.809103678420551375e+01
5.000683400184480831e+01 5.902278923210733552e+01
5.028506711826702258e+01 5.997759093197571900e+01
5.056038254560050405e+01 6.095310706665075173e+01
5.083195095114238171e+01 6.194692837503210114e+01
5.110032295421286364e+01 6.295611384209794181e+01
5.136664943787973669e+01 6.397749114579816876e+01
5.163209533083794867e+01 6.500789431808809127e+01
5.189824027664572270e+01 6.604441883794291357e+01
5.216718291145922848e+01 6.708448737074962764e+01
5.244105464173389919e+01 6.812554324041526854e+01
5.272228158729726033e+01 6.916507841706945214e+01
5.301440760675684771e+01 7.020076936796586153e+01
5.332124149899524923e+01 7.123033629214920381e+01
5.364653982500575324e+01 7.225154467366239430e+01
5.399333983781924928e+01 7.326278356423526361e+01
5.436415530551374786e+01 7.426289582442255721e+01
5.476148313992911199e+01 7.525073707031276626e+01
5.518702777903226320e+01 7.622555714732230570e+01
5.564084393126817218e+01 7.718742658629666664e+01
5.612278035122476894e+01 7.813651837325798510e+01
5.663261423947317041e+01 7.907303753558025505e+01
5.716963966018567334e+01 7.999740544549180754e+01
5.773295080515685385e+01 8.091013297657197256e+01
5.832163577718426950e+01 8.181173303602514579e+01
5.893460582935215086e+01 8.270277524855117690e+01
5.957056096261341338e+01 8.358389698954952962e+01
6.022818877275289395e+01 8.445573961298194376e+01
6.090609131569351575e+01 8.531897436491541953e+01
6.160256301130328183e+01 8.617437999555767192e+01
6.231582914615918156e+01 8.702275941390706748e+01
6.304407214205791377e+01 8.786493338646408802e+01
6.378492266288975543e+01 8.870195254251893857e+01
6.453562825496024402e+01 8.953502711845723638e+01
6.529342944121340508e+01 9.036537035378820804e+01
6.605565803338797082e+01 9.119416751981219704e+01
6.681982678339159065e+01 9.202254845306916309e+01
6.758346974972575083e+01 9.285163646238370916e+01
6.834430376393989093e+01 9.368248205122897332e+01
6.910121287840054549e+01 9.451567077530381766e+01
6.985354020655566387e+01 9.535160532908258801e+01
7.060065293553252275e+01 9.619067778455431039e+01
7.134259604090900098e+01 9.703297974957865790e+01
7.208018738896399213e+01 9.787826020898684476e+01
7.281428694374105248e+01 9.872624948015321422e+01
7.354574957712995342e+01 9.957663771685824372e+01
7.427541279164644550e+01 1.004289780745690166e+02
7.500411038959886412e+01 1.012827945239260998e+02
7.573272246224564697e+01 1.021375666793132382e+02
7.646268693422327090e+01 1.029922396128424253e+02
7.719581121548472424e+01 1.038454043383558485e+02
7.793390795006294525e+01 1.046956435412926822e+02
7.867863987717642260e+01 1.055413209808968134e+02
7.943138674594378301e+01 1.063803871278458075e+02
8.019349690065627101e+01 1.072107465881169901e+02
8.096624427558992920e+01 1.080302374753497787e+02
8.175045312872619263e+01 1.088362960751759090e+02
8.254677965200870915e+01 1.096262084904359568e+02
8.335587751385710931e+01 1.103972583846983326e+02
8.417834024343220278e+01 1.111466707179303199e+02
8.501469590021032730e+01 1.118716065433217182e+02
8.586546921414510791e+01 1.125692237838204619e+02
8.673108753363864309e+01 1.132369959205429240e+02
8.761166307826579214e+01 1.138734175877299748e+02
8.850724443986806023e+01 1.144771896008826957e+02
8.941784461507893411e+01 1.150471272285020348e+02
9.034307443321348785e+01 1.155833388697865018e+02
9.128229067711637867e+01 1.160867497861562754e+02
9.223484400503207326e+01 1.165583047460738442e+02
9.319988709416001882e+01 1.169995677944033048e+02
9.417621653341930710e+01 1.174132168052094869e+02
9.516259170530659617e+01 1.178020460326854106e+02
9.615779963571561950e+01 1.181688079565767140e+02
9.716078550559963389e+01 1.185160160541587686e+02
9.817055064654199725e+01 1.188460989483912584e+02
9.918610385568241838e+01 1.191614685133278329e+02
1.002066365303765991e+02 1.194641257528851952e+02
1.012315298529632344e+02 1.197556446343446481e+02
1.022601738850299000e+02 1.200375791380172643e+02
1.032920377400114376e+02 1.203112911786124073e+02
1.043268332978197037e+02 1.205775528416184272e+02
1.053643188859261812e+02 1.208370233628083099e+02
1.064042782613747562e+02 1.210902997816625088e+02
1.074467648951382159e+02 1.213373194645014479e+02
1.084919947074607478e+02 1.215776224551019453e+02
1.095401851843175507e+02 1.218107449667556779e+02
1.105915004516989768e+02 1.220363536434739018e+02
1.116460131696082527e+02 1.222543387045664929e+02
1.127037870091519380e+02 1.224646123413933765e+02
1.137647492541155145e+02 1.226674188232388332e+02
1.148280881659206187e+02 1.228648018022826705e+02
1.158927428601109426e+02 1.230594115548794321e+02
1.169576521034382779e+02 1.232538993342174365e+02
1.180217510789476876e+02 1.234509280133566733e+02
1.190839714135302358e+02 1.236531719958907445e+02
1.201432446209646940e+02 1.238633060670877484e+02
1.211985461946149769e+02 1.240838790781858449e+02
1.222489798446725331e+02 1.243170727359468799e+02
1.232936725198894123e+02 1.245650022043131457e+02
1.243317671157985700e+02 1.248297279447852617e+02
1.253625654934261888e+02 1.251127651175418691e+02
1.263854607799195122e+02 1.254153158114439606e+02
1.273998459340409966e+02 1.257385786854298999e+02
1.284050267662089198e+02 1.260837728587791133e+02
1.294001666786247711e+02 1.264521508848049507e+02
1.303844159248770893e+02 1.268449684037998679e+02
1.313569237127099996e+02 1.272633935442686095e+02
1.323168338809659872e+02 1.277081451879796106e+02
1.332632885503942077e+02 1.281797984540015705e+02
1.341954280966219244e+02 1.286789231157894164e+02
1.351123564231259593e+02 1.292059785251602193e+02
1.360131428796352679e+02 1.297613194203716489e+02
1.368968556285292664e+02 1.303452962611004864e+02
1.377626902478541240e+02 1.309581415496934085e+02
1.386101950894591255e+02 1.315997612018450980e+02
1.394389790530906623e+02 1.322700050799527673e+02
1.402487684573613080e+02 1.329686020584967991e+02
1.410403909270339113e+02 1.336941462306287178e+02
1.418152766212779738e+02 1.344446108405253426e+02
1.425748628842744097e+02 1.352179583296794760e+02
1.433206505507403961e+02 1.360118788358348070e+02
1.440542393856789829e+02 1.368236381958984396e+02
1.447772377252876481e+02 1.376504654858921697e+02
1.454912335473769076e+02 1.384896496347281243e+02
1.461977157890077024e+02 1.393387707473928003e+02
1.468981433131181689e+02 1.401954973456613516e+02
1.475940001716747645e+02 1.410575031136255859e+02
1.482872572924838437e+02 1.419225610997127660e+02
1.489803259806393214e+02 1.427885342270021454e+02
1.496756332895392916e+02 1.436532889135951052e+02
1.503755451213988863e+02 1.445148241158921678e+02
1.510822665263691249e+02 1.453714874190177397e+02
1.517979764215382374e+02 1.462216830485656089e+02
1.525247278534586997e+02 1.470638909031933963e+02
1.532634619567230061e+02 1.478972593603569976e+02
1.540145403347651154e+02 1.487212852102524607e+02
1.547783089820745488e+02 1.495354767873913602e+02
1.555545442436228427e+02 1.503398009247896425e+02
1.563421758713813006e+02 1.511349058597530757e+02
1.571400648824119344e+02 1.519214951528202846e+02
1.579470024133696597e+02 1.527004218851335224e+02
1.587614573676602561e+02 1.534732286087709667e+02
1.595818058296279389e+02 1.542416564774306380e+02
1.604064500578479056e+02 1.550074051510361528e+02
1.612342610353372834e+02 1.557714311397540143e+02
1.620645144825737418e+02 1.565340492535989085e+02
1.628965002824120347e+02 1.572955516617216176e+02
1.637298351706447193e+02 1.580556416044533421e+02
1.645649530184348919e+02 1.588125499946211505e+02
1.654024133040741162e+02 1.595642814241315932e+02
1.662428124393117344e+02 1.603087920955992729e+02
1.670870544041413268e+02 1.610436352434235232e+02
1.679361958428320349e+02 1.617661640850906508e+02
1.687912947625114555e+02 1.624737322995715090e+02
1.696534216609941836e+02 1.631637844315326333e+02
1.705236647450093983e+02 1.638338938522480248e+02
1.714031135667115961e+02 1.644816437205246586e+02
1.722928596285289871e+02 1.651046241703378712e+02
1.731940029584314971e+02 1.657004558273272323e+02
1.741076459133946059e+02 1.662667676468381330e+02
1.750348850507196516e+02 1.668011963238357964e+02
1.759767205248977291e+02 1.673015071975578394e+02
1.769340730283479957e+02 1.677655716450269097e+02
1.779078603868941570e+02 1.681912648556529462e+02
1.788988580064606140e+02 1.685766483489888401e+02
1.799075027577884498e+02 1.689202265553690836e+02
1.809341823021348148e+02 1.692205682866526786e+02
1.819791339759626680e+02 1.694765129945047306e+02
1.830414140020375555e+02 1.696890265687792692e+02
1.841195204848899607e+02 1.698600797170133774e+02
1.852119368794780030e+02 1.699916613858659673e+02
1.863166629679288633e+02 1.700862842833659272e+02
1.874310442315205023e+02 1.701471696491929606e+02
1.885523797073277308e+02 1.701775890166916270e+02
1.896780227133220649e+02 1.701805550862994210e+02
1.908055515387130185e+02 1.701580078060981975e+02
1.919326027478264507e+02 1.701116092452328132e+02
1.930568589130317889e+02 1.700430011623497819e+02
1.941767141246635333e+02 1.699535112188973471e+02
1.952911222626442793e+02 1.698442199591040662e+02
1.963990545640556036e+02 1.697162033767168623e+02
1.974999877720781853e+02 1.695710155728024802e+02
1.985945415623756105e+02 1.694112916331818610e+02
1.996834926215674386e+02 1.692398151445298708e+02
2.007676635282560653e+02 1.690593886202270255e+02
2.018482173232522996e+02 1.688729549865875015e+02
2.029264701504820891e+02 1.686835203124920213e+02
2.040037343286816167e+02 1.684940813305548488e+02
2.050811474256331621e+02 1.683072652594103147e+02
2.061596214105318268e+02 1.681252222854929812e+02
2.072400533163371676e+02 1.679500710123356271e+02
2.083232770463609427e+02 1.677839544878407310e+02
2.094098784281616190e+02 1.676291118170834409e+02
2.105003823615951433e+02 1.674878056968953217e+02
2.115952836625368434e+02 1.673622802460067476e+02
2.126946434565419111e+02 1.672545117614498906e+02
2.137981972342701340e+02 1.671662754472503991e+02
2.149056708402705738e+02 1.670993389556474824e+02
2.160164774052432790e+02 1.670549887006972085e+02
2.171293572879466751e+02 1.670334757616018351e+02
2.182429635597117112e+02 1.670349168901481676e+02
2.193559780209146197e+02 1.670593334106421253e+02
2.204672838556577688e+02 1.671060777236150443e+02
2.215758503982311254e+02 1.671742160698862278e+02
2.226806663366184296e+02 1.672627834310397077e+02
2.237813791877366043e+02 1.673697699190787489e+02
2.248784482527365185e+02 1.674918781970058888e+02
2.259723828720152881e+02 1.676257315694601573e+02
2.270638205411265744e+02 1.677678606277698066e+02
2.281538762613499500e+02 1.679144505137487329e+02
2.292437762253352389e+02 1.680616059282804144e+02
2.303347466453602692e+02 1.682054628311583429e+02
2.314280139979262287e+02 1.683425779726611040e+02
2.325248049488413358e+02 1.684698095855633824e+02
2.336263436114328442e+02 1.685840292528278610e+02
2.347334764794730404e+02 1.686831111049123706e+02
2.358462767220332807e+02 1.687669823829553479e+02
2.369647228192296495e+02 1.688358217191423023e+02
2.380887028439089761e+02 1.688900306686816180e+02
2.392175057021988778e+02 1.689314881907321251e+02
2.403501765596118389e+02 1.689626742513786439e+02
2.414857569322066695e+02 1.689860769565641476e+02
2.426231959448590203e+02 1.690043852512973217e+02
2.437613340551472163e+02 1.690205243005131308e+02
2.448990054995836090e+02 1.690374327913085324e+02
2.460350845849710879e+02 1.690579443308018313e+02
2.471685872033698104e+02 1.690845212341727120e+02
2.482985605032314140e+02 1.691195438501131605e+02
2.494240884959127982e+02 1.691653037286349104e+02
2.505447193087277640e+02 1.692229744155017102e+02
2.516603183102818093e+02 1.692929652571290262e+02
2.527707596742293106e+02 1.693756644890440555e+02
2.538762437924220308e+02 1.694706867417021670e+02
2.549776072010199357e+02 1.695761380710302433e+02
2.560757598864722127e+02 1.696899503504083953e+02
2.571715759215590538e+02 1.698101455246502951e+02
2.582657042215078036e+02 1.699353102334062271e+02
2.593587066364829639e+02 1.700642494753858784e+02
2.604511464053367717e+02 1.701957635928514776e+02
2.615436318718208213e+02 1.703285062293116994e+02
2.626368220240139522e+02 1.704609663131381865e+02
2.637313785125644472e+02 1.705916240773796062e+02
2.648278105653731700e+02 1.707192514183158494e+02
2.659261165587652727e+02 1.708435977544382354e+02
2.670261879672556233e+02 1.709646170624687898e+02
2.681279005200624965e+02 1.710822589312724347e+02
2.692309442619821311e+02 1.711964212036763797e+02
2.703348881732091513e+02 1.713069679845487485e+02
2.714393014221537328e+02 1.714137534881118370e+02
2.725439875805875545e+02 1.715156676601301058e+02
2.736491856290155056e+02 1.716098092992332909e+02
2.747551819119173047e+02 1.716930823621925128e+02
2.758621854725344065e+02 1.717624804910075227e+02
2.769699466749285648e+02 1.718155294892342511e+02
2.780780473552964622e+02 1.718499506871825417e+02
2.791860614502531348e+02 1.718635057699080164e+02
2.802933630767493582e+02 1.718550039508631642e+02
2.813991121556646817e+02 1.718243773383258031e+02
2.825024581545404772e+02 1.717716133728810917e+02
2.836027334503199313e+02 1.716971984418628381e+02
2.846998520584928087e+02 1.716032055468450039e+02
2.857938433476311388e+02 1.714920223536282720e+02
2.868847424916562545e+02 1.713660078947121974e+02
2.879726488790042822e+02 1.712272044820140593e+02
2.890577018239914651e+02 1.710774575039325498e+02
2.901400418658323019e+02 1.709186075865927705e+02
2.912198646890258260e+02 1.707523364439094280e+02
2.922974635814641715e+02 1.705800445260212825e+02
2.933731418242662699e+02 1.704031034855774749e+02
2.944471927012527317e+02 1.702228013771488122e+02
2.955198533284333280e+02 1.700399565763086684e+02
2.965913412204895963e+02 1.698552235510115054e+02
2.976618746331515695e+02 1.696692541904094185e+02
2.987316900855738595e+02 1.694826425995127011e+02
2.998010427881523015e+02 1.692959237456089454e+02
3.008701887851507877e+02 1.691096298808466543e+02
3.019393639608600779e+02 1.689242385675787830e+02
3.030087433550399965e+02 1.687400623096560537e+02
3.040784905740788417e+02 1.685573825945809858e+02
3.051487715288313893e+02 1.683764886668762699e+02
3.062197760688924859e+02 1.681977503507950189e+02
3.072917082342078743e+02 1.680215852364555360e+02
3.083647725050379904e+02 1.678484123370787984e+02
3.094391927544609189e+02 1.676787114411730499e+02
3.105152255707162112e+02 1.675130648635222315e+02
3.115931306913732897e+02 1.673520647886179233e+02
3.126731319894554986e+02 1.671962171432541027e+02
3.137552624790146751e+02 1.670455688199660926e+02
3.148394919356875334e+02 1.669000146167932144e+02
3.159257915148730262e+02 1.667594516965941125e+02
3.170141637271921695e+02 1.666238315885868815e+02
3.181046417208105481e+02 1.664931589439781305e+02
3.191972597454188758e+02 1.663674401844847068e+02
3.202918825502711684e+02 1.662462533434333807e+02
3.213878891793476100e+02 1.661279489027349427e+02
3.224845722260357661e+02 1.660106588526495557e+02
3.235812318646142103e+02 1.658925289443448037e+02
3.246772423115805850e+02 1.657718393311485556e+02
3.257720196168066309e+02 1.656469461027380987e+02
3.268649835845507141e+02 1.655162145012409098e+02
3.279557719722129150e+02 1.653785606670663242e+02
3.290443730806240978e+02 1.652337867740732236e+02
3.301308069016905051e+02 1.650817750984697909e+02
3.312150869891004845e+02 1.649224496190111324e+02
3.322971944334682348e+02 1.647559445889253027e+02
3.333771001166605288e+02 1.645824603870067619e+02
3.344547800188941551e+02 1.644022340258380268e+02
3.355303140020403703e+02 1.642162479148330192e+02
3.366038788372986801e+02 1.640261798307102197e+02
3.376756550064195039e+02 1.638337347518705087e+02
3.387458262760362686e+02 1.636410163908718687e+02
3.398145853531876810e+02 1.634512136876671207e+02
3.408821264516396354e+02 1.632676984756667196e+02
3.419486414169610953e+02 1.630939367594406235e+02
3.430143003243006774e+02 1.629342602425583948e+02
3.440792615286480327e+02 1.627934666797721661e+02
3.451436812654014261e+02 1.626763499082326803e+02
3.462075987352624225e+02 1.625872127149452808e+02
3.472708736354293251e+02 1.625296047323065238e+02
3.483333504419214819e+02 1.625070117282155593e+02
3.493948533949043735e+02 1.625221812336372409e+02
3.504551100334885518e+02 1.625743329674383517e+02
3.515138190440972039e+02 1.626616340554467115e+02
3.525706819024021570e+02 1.627822064470784653e+02
3.536254527080652110e+02 1.629333247548543966e+02
3.546779324287778081e+02 1.631115089353007477e+02
3.557279234750296837e+02 1.633132536264486134e+02
3.567751377090730784e+02 1.635355445879922911e+02
3.578190528278264537e+02 1.637766376614283672e+02
3.588591091777559541e+02 1.640349912721638361e+02
3.598947584769783816e+02 1.643091413335091033e+02
3.609255509321363320e+02 1.645982948723829793e+02
3.619510872553136096e+02 1.649020030663452019e+02
3.629709740612796622e+02 1.652198141894596688e+02
3.639851013046775847e+02 1.655509820942139356e+02
3.649937734591936760e+02 1.658943299018034452e+02
3.659973279221314897e+02 1.662486465221309118e+02
3.669961611528976846e+02 1.666126467549374297e+02
3.679909371505167996e+02 1.669847096956228540e+02
3.689823956308675861e+02 1.673631194313167612e+02
3.699712752021144979e+02 1.677461664828058474e+02
3.709582950479316423e+02 1.681322538105069953e+02
3.719441578368888486e+02 1.685198799733355486e+02
3.729295655606721880e+02 1.689075469130613101e+02
3.739151681944321126e+02 1.692938733735448977e+02
3.749014878455149642e+02 1.696777652232413516e+02
3.758890273275070513e+02 1.700581716543580342e+02
3.768783073341422210e+02 1.704339931771445720e+02
3.778699945863214111e+02 1.708037327163032728e+02
3.788648271109741472e+02 1.711656990528894937e+02
3.798635390281558557e+02 1.715182097647514468e+02
3.808666628010711293e+02 1.718600469312755763e+02
3.818744494328560108e+02 1.721906409541552136e+02
3.828871290180585447e+02 1.725094703964598750e+02
3.839047609421211860e+02 1.728164209781543263e+02
3.849266714888517527e+02 1.731131269339320511e+02
3.859519901889096900e+02 1.734016917728159228e+02
3.869798486883738065e+02 1.736842135206873650e+02
3.880094129922008506e+02 1.739627011537704107e+02
3.890398769903727612e+02 1.742390913772491956e+02
3.900704358018668927e+02 1.745153177862763982e+02
3.911003966120816813e+02 1.747930434259938579e+02
3.921293285716428159e+02 1.750732989068332017e+02
3.931568382026696327e+02 1.753570246172102713e+02
3.941825361613329051e+02 1.756451512622623170e+02
3.952060649671873307e+02 1.759385349128015150e+02
3.962270819503366965e+02 1.762379969485573952e+02
3.972452477653120013e+02 1.765443507637656069e+02
3.982603564642033689e+02 1.768580891213797770e+02
3.992723797619717629e+02 1.771792777579952940e+02
4.002813016975941878e+02 1.775079527884891490e+02
4.012871175621651787e+02 1.778441234908312083e+02
4.022898684613703040e+02 1.781876898727320793e+02
4.032896071596678098e+02 1.785385241351014827e+02
4.042863783958512727e+02 1.788965178832908123e+02
4.052801056880318811e+02 1.792618558098667449e+02
4.062706186555504928e+02 1.796349496357249791e+02
4.072577448981264183e+02 1.800162159665039212e+02
4.082414017512941200e+02 1.804058548008646881e+02
4.092217061001121010e+02 1.808035844588950454e+02
4.101988017275525635e+02 1.812090583336978113e+02
4.111728194730725363e+02 1.816219610529877286e+02
4.121437959561791331e+02 1.820422046111133909e+02
4.131117261239622849e+02 1.824698015641116342e+02
4.140766071366589358e+02 1.829047591226971576e+02
4.150385249734197259e+02 1.833468699913956925e+02
4.159976785062635827e+02 1.837956542276339462e+02
4.169542739070903394e+02 1.842506142589278966e+02
4.179085407685925020e+02 1.847111959486600483e+02
4.188607990994926809e+02 1.851766267942292643e+02
4.198113907240278309e+02 1.856460816058492469e+02
4.207606568122501471e+02 1.861187367708160991e+02
4.217089293181318226e+02 1.865937908941914714e+02
4.226565333829269093e+02 1.870704590048729301e+02
4.236037939617689858e+02 1.875479565805129027e+02
4.245510315580712017e+02 1.880255098417312638e+02
4.254985572543234866e+02 1.885023677438745722e+02
4.264466809339795077e+02 1.889777821358238157e+02
4.273957122269779916e+02 1.894510054789388107e+02
4.283459590192103974e+02 1.899212944481090233e+02
4.292977284628566395e+02 1.903879074908327595e+02
4.302513262835226442e+02 1.908501064987875395e+02
4.312070104992034203e+02 1.913072685440096166e+02
4.321649812493665763e+02 1.917589104345128135e+02
4.331254351907578553e+02 1.922045573866379300e+02
4.340885408328662152e+02 1.926438025716738309e+02
4.350543636495341957e+02 1.930764879163115779e+02
4.360229455445224858e+02 1.935025122516759097e+02
4.369943420850964912e+02 1.939217414224576146e+02
4.379687886819023106e+02 1.943336070954538286e+02
4.389466475951098801e+02 1.947372346973373567e+02
4.399282835043204045e+02 1.951317438137953673e+02
4.409140279863675573e+02 1.955163339478985733e+02
4.419041459269106440e+02 1.958903656099298587e+02
4.428988942031880356e+02 1.962532186442647912e+02
4.438985046797931773e+02 1.966043332811653386e+02
4.449030465019124563e+02 1.969435425904081285e+02
4.459125237272102709e+02 1.972708367769934057e+02
4.469269360320970463e+02 1.975862166231938488e+02
4.479461549874132515e+02 1.978899921851283921e+02
4.489699038055753704e+02 1.981828316874202756e+02
4.499978974027019376e+02 1.984654233837056267e+02
4.510297528007935171e+02 1.987386918649030463e+02
4.520647471698952131e+02 1.990043821970474482e+02
4.531020839788029662e+02 1.992644173767122027e+02
4.541409779865987275e+02 1.995206931433254738e+02
4.551807830123833583e+02 1.997747695159587522e+02
4.562209464449808252e+02 2.000279806165415835e+02
4.572609185661146967e+02 2.002816535829279303e+02
4.583002829617022940e+02 2.005367937281253603e+02
4.593388789804871521e+02 2.007937888989522150e+02
4.603765749240483842e+02 2.010529570438872611e+02
4.614132781961917544e+02 2.013145217102698439e+02
4.624491368795070798e+02 2.015781253953683176e+02
4.634843905555188144e+02 2.018431896984507716e+02
4.645192772542193893e+02 2.021091399645014235e+02
4.655539870222573313e+02 2.023755173801744149e+02
4.665886568564732784e+02 2.026419912052836025e+02
4.676234209843054259e+02 2.029082373855491426e+02
4.686583082787272474e+02 2.031741862148733446e+02
4.696930006571199669e+02 2.034406056120740232e+02
4.707271087181771918e+02 2.037084356745125433e+02
4.717602402179693968e+02 2.039786233623034661e+02
4.727919701024857204e+02 2.042521948467114896e+02
4.738218522611741719e+02 2.045302271343788902e+02
4.748494425870314899e+02 2.048137923949595915e+02
4.758745274705213433e+02 2.051034063279973623e+02
4.768973146029917416e+02 2.053985675227302181e+02
4.779180565939740291e+02 2.056986661263074154e+02
4.789370354173613009e+02 2.060030213939690498e+02
4.799547041343677165e+02 2.063105395392187802e+02
4.809715775999255811e+02 2.066199775921807031e+02
4.819881670682499362e+02 2.069301012758752449e+02
4.830048902002043860e+02 2.072399022675353137e+02
4.840220658670586431e+02 2.075486107434410030e+02
4.850400082029147484e+02 2.078554683163992820e+02
4.860590037797662148e+02 2.081597831402340830e+02
4.870792530402591183e+02 2.084610713040309236e+02
4.881009396493261647e+02 2.087588894019810368e+02
4.891242516799856048e+02 2.090527833862377349e+02
4.901494249477540848e+02 2.093421839486122167e+02
4.911767244847189318e+02 2.096264512460255958e+02
4.922064152150478549e+02 2.099049456959448321e+02
4.932387176487981719e+02 2.101771349413390908e+02
4.942737749364223419e+02 2.104426733883992711e+02
4.953117224679673996e+02 2.107012341786535785e+02
4.963526863276184713e+02 2.109525129200176252e+02
4.973967412552399310e+02 2.111963291768311706e+02
4.984439443791087569e+02 2.114325450316606236e+02
4.994943477681154036e+02 2.116610347814781221e+02
5.005478858602184573e+02 2.118819567086838731e+02
5.016043745510490908e+02 2.120957552814010114e+02
5.026636244824193227e+02 2.123028876515599563e+02
5.037254098466808045e+02 2.125038989665081317e+02
5.047893967189394289e+02 2.126995953876680687e+02
5.058552312211546678e+02 2.128908312468728070e+02
5.069225561577204644e+02 2.130784688845325832e+02
5.079909805753425189e+02 2.132634521318631471e+02
5.090600938269605535e+02 2.134467723606832124e+02
5.101294853763815809e+02 2.136294206750077649e+02
5.111987706614219746e+02 2.138123254653902734e+02
5.122676082444497752e+02 2.139963109994546926e+02
5.133356607537671152e+02 2.141821917277509044e+02
5.144026305252907605e+02 2.143706862364228698e+02
5.154684274338876548e+02 2.145620120591516127e+02
5.165330289351625197e+02 2.147562235723190724e+02
5.175964169515704043e+02 2.149533643687777840e+02
5.186586685556769680e+02 2.151532483374154481e+02
5.197199523680204720e+02 2.153554683591504215e+02
5.207804407266660291e+02 2.155596083403643206e+02
5.218403127997139563e+02 2.157652357203375004e+02
5.228997669928871801e+02 2.159718715567624940e+02
5.239590050743894381e+02 2.161790288004483784e+02
5.250182262695499276e+02 2.163862265550413326e+02
5.260776054668369852e+02 2.165930428106133547e+02
5.271373040237003806e+02 2.167990882974212639e+02
5.281974821936753415e+02 2.170039764136033966e+02
5.292582393115798141e+02 2.172074677556501001e+02
5.303195782750843819e+02 2.174095559418541939e+02
5.313814934463567852e+02 2.176102552149081930e+02
5.324439336499824549e+02 2.178096897980678932e+02
5.335066221767433490e+02 2.180085286148972727e+02
5.345692126226482515e+02 2.182076089130117964e+02
5.356313468108924098e+02 2.184077963584478823e+02
5.366924334821987941e+02 2.186105192549848653e+02
5.377516672719789312e+02 2.188177227351780516e+02
5.388082349732470675e+02 2.190313708616983490e+02
5.398613846575771049e+02 2.192532794034538597e+02
5.409105283530191173e+02 2.194848673556161884e+02
5.419551052182597459e+02 2.197274880573727103e+02
5.429946234212894751e+02 2.199823280118584989e+02
5.440292129755778205e+02 2.202490703561686587e+02
5.450593332970404390e+02 2.205266018680646312e+02
5.460854459424672314e+02 2.208138041054566827e+02
5.471079638524748816e+02 2.211096736926665471e+02
5.481272265690290624e+02 2.214133809764401803e+02
5.491435675434831865e+02 2.217241107189902891e+02
5.501573181631219995e+02 2.220410517170211335e+02
5.511688001261514955e+02 2.223634117057935100e+02
5.521783322902451800e+02 2.226904039727571103e+02
5.531862282237195814e+02 2.230212545479851372e+02
5.541927043935978645e+02 2.233554233919273031e+02
5.551978921136810641e+02 2.236925756108683458e+02
5.562019193184841015e+02 2.240323844658687733e+02
5.572047080005214639e+02 2.243750250483982711e+02
5.582056565187467640e+02 2.247219484171647821e+02
5.592040812372574692e+02 2.250748054323342160e+02
5.601992776158189145e+02 2.254353014706088061e+02
5.611903635901221605e+02 2.258056048748206024e+02
5.621763675305671768e+02 2.261881175656754692e+02
5.631563218413718914e+02 2.265852326553642797e+02
5.641294930964577361e+02 2.269988174503375262e+02
5.650954851160370254e+02 2.274299820026511156e+02
5.660539279201979070e+02 2.278797775350396932e+02
5.670045333650091379e+02 2.283490767381017292e+02
5.679473774682636531e+02 2.288379578527404874e+02
5.688826375048831778e+02 2.293462782188428832e+02
5.698104966107558766e+02 2.298738830690913915e+02
5.707312376885336107e+02 2.304204115525272698e+02
5.716452271606113982e+02 2.309853302952799936e+02
5.725528337273526631e+02 2.315681011710719019e+02
5.734543326572833166e+02 2.321683643087716575e+02
5.743497733732065171e+02 2.327861907199462905e+02
5.752391718494646966e+02 2.334217152312426720e+02
5.761225217583670428e+02 2.340750709838890202e+02
5.769996381286906626e+02 2.347463776185888378e+02
5.778702501749451130e+02 2.354357482908535530e+02
5.787340878194681864e+02 2.361432798130395838e+02
5.795909363978988722e+02 2.368683475779757828e+02
5.804406573879490452e+02 2.376093356934357814e+02
5.812831177969519558e+02 2.383645562776675604e+02
5.821181326453395286e+02 2.391321102114938526e+02
5.829452976294875270e+02 2.399092072003134319e+02
5.837641506167565240e+02 2.406928219739485257e+02
5.845742040023447998e+02 2.414799222782404513e+02
5.853745667571407694e+02 2.422673652662034840e+02
5.861640254850883593e+02 2.430519197187061877e+02
5.869413575785461035e+02 2.438303528025870150e+02
5.877052898848969562e+02 2.445996399959494170e+02
5.884544330532027061e+02 2.453572356656393367e+02
5.891873814651113435e+02 2.461006612214781910e+02
5.899051310856472128e+02 2.468299426901489539e+02
5.906268374082206947e+02 2.475640447125188075e+02
5.913799584619530378e+02 2.483305906631636049e+02
5.921929992007060264e+02 2.491582715357755262e+02
5.931343315988804079e+02 2.501163940800905436e+02
5.943246025112230200e+02 2.513275216915297676e+02
5.958880017518941941e+02 2.529178272646263110e+02
