5.226396311781768134e+01 5.648345147755242834e+01
5.393065739016617499e+01 5.715541982471378191e+01
5.521495999419791900e+01 5.768356748781981480e+01
5.624507456868268918e+01 5.811797390590599832e+01
5.714557233596422492e+01 5.850733769880595503e+01
5.798732467583213435e+01 5.887994414023920342e+01
5.880019560433677128e+01 5.924849005022745274e+01
5.961296664293295322e+01 5.962525670008506040e+01
6.044527158673884060e+01 6.001825228795018319e+01
6.129668042239376291e+01 6.042611283370957409e+01
6.216410119498161180e+01 6.084623091482083623e+01
6.304451346567218195e+01 6.127600670016845186e+01
6.393541007061704562e+01 6.171289484273577841e+01
6.483450805375127857e+01 6.215437379514472838e+01
6.573954066962215848e+01 6.259793423035571180e+01
6.664879418574535919e+01 6.304150571336108300e+01
6.756125055554736036e+01 6.348356993183463004e+01
6.847593601178078870e+01 6.392264371590945871e+01
6.939197063792502718e+01 6.435752701532408082e+01
7.030883311870454122e+01 6.478810157264402392e+01
7.122608777511631217e+01 6.521450746948551114e+01
7.214330069435411019e+01 6.563692960696705825e+01
7.306006256470925564e+01 6.605617717050118642e+01
7.397598211973375726e+01 6.647351726705457509e+01
7.489067003298387704e+01 6.689022424376763354e+01
7.580398692427910134e+01 6.730703113539590277e+01
7.671631878646385871e+01 6.772353316842624338e+01
7.762811794943108623e+01 6.813918190220061888e+01
7.853986916223767878e+01 6.855333298283743204e+01
7.945227883457337725e+01 6.896468626576223926e+01
8.036614611603108926e+01 6.937166723217137587e+01
8.128226184708118751e+01 6.977271848237135998e+01
8.220113030094876194e+01 7.016688237315823073e+01
8.312290940405409856e+01 7.055392613043733263e+01
8.404773636717263230e+01 7.093366033617358823e+01
8.497564134667251778e+01 7.130613091472777398e+01
8.590626372659079379e+01 7.167224284240388954e+01
8.683915375363902456e+01 7.203309704999540486e+01
8.777388096346719237e+01 7.238974607263250505e+01
8.871026834550330875e+01 7.274260653363889162e+01
8.964831744481210762e+01 7.309164706286782121e+01
9.058803342636437606e+01 7.343682719925554636e+01
9.152940607783878590e+01 7.377814386662342372e+01
9.247239420286993550e+01 7.411566931641885958e+01
9.341695288390724272e+01 7.444948484694117496e+01
9.436301885391407041e+01 7.477971731323492577e+01
9.531040927060850265e+01 7.510679044291160267e+01
9.625889338777685111e+01 7.543124689591806487e+01
9.720824153540877433e+01 7.575362689020718676e+01
9.815826088458462095e+01 7.607438621354742736e+01
9.910880138797857342e+01 7.639388260943667319e+01
1.000597154013701697e+02 7.671246831381516529e+01
1.010108885689372045e+02 7.703041611015603962e+01
1.019623226299025021e+02 7.734772168726159691e+01
1.029140446168872387e+02 7.766432036386444793e+01
1.038660893115938393e+02 7.798012879958207577e+01
1.048185876606181921e+02 7.829483209730554449e+01
1.057717356679983993e+02 7.860795870724601286e+01
1.067257307002974756e+02 7.891903379670040408e+01
1.076807860747019845e+02 7.922754387921948194e+01
1.086371459249964744e+02 7.953290078933139284e+01
1.095950579031070617e+02 7.983450783591968047e+01
1.105547402334668874e+02 8.013183930177038405e+01
1.115162282995921998e+02 8.042481044958840641e+01
1.124794873672310160e+02 8.071350565372067365e+01
1.134444813341418126e+02 8.099801258388669112e+01
1.144111395003955067e+02 8.127850224095021758e+01
1.153793525615963063e+02 8.155523860754944110e+01
1.163490091915480775e+02 8.182849053593629662e+01
1.173200342020772382e+02 8.209843960141725461e+01
1.182924728429918417e+02 8.236497650950657601e+01
1.192663954232667436e+02 8.262793144531944733e+01
1.202418523513192952e+02 8.288718263752485882e+01
1.212186605421943284e+02 8.314317201012104874e+01
1.221964852431164275e+02 8.339670764071870224e+01
1.231749885392617045e+02 8.364860524079378479e+01
1.241537721642920928e+02 8.389982623227160730e+01
1.251323260238311548e+02 8.415160203053167720e+01
1.261101278959458796e+02 8.440519333127451773e+01
1.270866649117941876e+02 8.466183825216826619e+01
1.280614796309662893e+02 8.492264110859633774e+01
1.290341349546474987e+02 8.518865711204705349e+01
1.300042030021479036e+02 8.546091921974173999e+01
1.309714962693446125e+02 8.573988007499518460e+01
1.319360849838009528e+02 8.602537010871824918e+01
1.328980520535945402e+02 8.631718913869495680e+01
1.338575282343670665e+02 8.661502147622556436e+01
1.348147966975340637e+02 8.691818349308076108e+01
1.357701708961066061e+02 8.722591845969986935e+01
1.367239549202697049e+02 8.753749225586082616e+01
1.376763488934189752e+02 8.785242182019263169e+01
1.386274881086220887e+02 8.817038064350568050e+01
1.395775060611696574e+02 8.849104655811208886e+01
1.405264633216321215e+02 8.881427351567226935e+01
1.414742908339823941e+02 8.914022852700907151e+01
1.424209061978800719e+02 8.946911083058765257e+01
1.433662303779001093e+02 8.980111156191122745e+01
1.443102033645674567e+02 9.013637604060741637e+01
1.452527718283192542e+02 9.047503350058802596e+01
1.461938929256203323e+02 9.081718785735645838e+01
1.471337782947021537e+02 9.116232858161546915e+01
1.480729017720423712e+02 9.150931206787100791e+01
1.490117492677002247e+02 9.185696555891149728e+01
1.499508929648436606e+02 9.220390778537608867e+01
1.508911677837657237e+02 9.254812247258800539e+01
1.518334584799339666e+02 9.288747290000372914e+01
1.527786306139515204e+02 9.321986853889569602e+01
1.537273478368983319e+02 9.354370474922427547e+01
1.546801529559158439e+02 9.385766769794956588e+01
1.556375852037186291e+02 9.416045215156837855e+01
1.566000305624623081e+02 9.445112149518540434e+01
1.575676136334222406e+02 9.472936782193139038e+01
1.585404334957574690e+02 9.499494461412204771e+01
1.595185535973459139e+02 9.524769113206826887e+01
1.605018451127247943e+02 9.548790951086513701e+01
1.614901146520720090e+02 9.571605731648395476e+01
1.624831684762909561e+02 9.593259314653445813e+01
1.634808060315730813e+02 9.613799631501049703e+01
1.644828200169141610e+02 9.633276664704267489e+01
1.654890028528033383e+02 9.651740482711097968e+01
1.664991576082002211e+02 9.669239323060276092e+01
1.675131183635871821e+02 9.685816091136597095e+01
1.685307248138968248e+02 9.701512726970362621e+01
1.695518483145479820e+02 9.716363927219235563e+01
1.705766759766418943e+02 9.730332149091908889e+01
1.716055762611318869e+02 9.743338360081780536e+01
1.726389210907262566e+02 9.755302753173020847e+01
1.736771733017755537e+02 9.766125942548686112e+01
1.747209445442921378e+02 9.775676494472233458e+01
1.757708602391788872e+02 9.783820009562846565e+01
1.768273843777118941e+02 9.790460546238138306e+01
1.778901493969860041e+02 9.795700266224051234e+01
1.789585207433196956e+02 9.799704937151295780e+01
1.800318586932540086e+02 9.802640695286811479e+01
1.811094172514826255e+02 9.804680817537018811e+01
1.821903493125100510e+02 9.806005374624602666e+01
1.832738038040009201e+02 9.806794666891063628e+01
1.843589647281210659e+02 9.807198152005824454e+01
1.854451137967028274e+02 9.807279366895728856e+01
1.865315496018274644e+02 9.807087004884576231e+01
1.876175722049066508e+02 9.806660568714694648e+01
1.887024955722060326e+02 9.805952587050248326e+01
1.897856413319142348e+02 9.804867663656662558e+01
1.908663314504084099e+02 9.803309533817517263e+01
1.919439039712028148e+02 9.801158999507347858e+01
1.930177221986555764e+02 9.798260829249484516e+01
1.940871516504839462e+02 9.794456634310566301e+01
1.951516640330433745e+02 9.789611374445277647e+01
1.962112533202554516e+02 9.783704844274198820e+01
1.972660737813844207e+02 9.776752083750673705e+01
1.983163241609356646e+02 9.768779024531133359e+01
1.993630774248618422e+02 9.760025710515863295e+01
2.004082058032680891e+02 9.750927939486075502e+01
2.014536105629835276e+02 9.741928626023130278e+01
2.025009864694740713e+02 9.733423034511258720e+01
2.035514778563880043e+02 9.725679417172437979e+01
2.046061383436512244e+02 9.718945094033882981e+01
2.056659061228870371e+02 9.713439923344225235e+01
2.067306820988777076e+02 9.709136980363049929e+01
2.077998189283605939e+02 9.705878905559893610e+01
2.088726607140850149e+02 9.703506306248642943e+01
2.099483515233979460e+02 9.701812307269098312e+01
2.110257336728706434e+02 9.700518406772803814e+01
2.121036244688887678e+02 9.699340166234684091e+01
2.131808550419845005e+02 9.697996492183824557e+01
2.142563214508358271e+02 9.696222001932004275e+01
2.153289387992427066e+02 9.693755921174086154e+01
2.163976466804932102e+02 9.690343372979626224e+01
2.174618355552007642e+02 9.685838054847771161e+01
2.185212919741936162e+02 9.680189047701634308e+01
2.195758171006099815e+02 9.673348951723363598e+01
2.206256974689434855e+02 9.665387435613374123e+01
2.216724578853793162e+02 9.656672831415951919e+01
2.227178177671985395e+02 9.647620410147747805e+01
2.237634660897201684e+02 9.638638079763553890e+01
2.248108318711468314e+02 9.630070871839558322e+01
2.258612123699380163e+02 9.622231948943766611e+01
2.269158913354003744e+02 9.615431211454247773e+01
2.279755244576419102e+02 9.609826916317106793e+01
2.290398576915940225e+02 9.605357667037078784e+01
2.301085657401929154e+02 9.601944863490450643e+01
2.311812732858327308e+02 9.599497832460923519e+01
2.322573806337023257e+02 9.597871744446456432e+01
2.333362252010820157e+02 9.596906591150298027e+01
2.344171512805041004e+02 9.596444024943711781e+01
2.354996218863608988e+02 9.596354374606437432e+01
2.365832002473773059e+02 9.596532174966958451e+01
2.376674529543730046e+02 9.596872772930099416e+01
2.387520192460717681e+02 9.597289058504718184e+01
2.398367158019184444e+02 9.597736770300652154e+01
2.409213858855739261e+02 9.598178066516547347e+01
2.420058854520247564e+02 9.598578169733717402e+01
2.430901735088345390e+02 9.598927185082490610e+01
2.441742591400051197e+02 9.599227308894367638e+01
2.452581523136929036e+02 9.599480950965134696e+01
2.463418881335905155e+02 9.599696589316327788e+01
2.474255366688532263e+02 9.599891143337865174e+01
2.485091705735799223e+02 9.600082156477358808e+01
2.495928608863691238e+02 9.600286781923952617e+01
2.506766717241106335e+02 9.600520500781384214e+01
2.517606653502811582e+02 9.600798346422209306e+01
2.528449008990919538e+02 9.601134596708256197e+01
2.539293867936821414e+02 9.601531286130504839e+01
2.550140903302787478e+02 9.601980519750134135e+01
2.560989773904751701e+02 9.602474061090087787e+01
2.571839531831067234e+02 9.602989025830702019e+01
2.582687809985702643e+02 9.603468267175703943e+01
2.593532038669007989e+02 9.603849746997042303e+01
2.604369384468396902e+02 9.604065060565669398e+01
2.615194976624748051e+02 9.603996617198424701e+01
2.626002995482047027e+02 9.603503917787794819e+01
2.636787601024160494e+02 9.602445971689836313e+01
2.647542328948608201e+02 9.600666716675482348e+01
2.658259880832420095e+02 9.597989953093104987e+01
2.668932900115725033e+02 9.594238077743941062e+01
2.679555227557871149e+02 9.589262393276142404e+01
2.690125604142515385e+02 9.583032504233102600e+01
2.700644024285775799e+02 9.575548275698631073e+01
2.711110921677822034e+02 9.566820177774064859e+01
2.721533423563828364e+02 9.557020277329628755e+01
2.731923872350231477e+02 9.546446546409801215e+01
2.742294732376613524e+02 9.535399900786948990e+01
2.752655035848159173e+02 9.524098397200046406e+01
2.763006124571209625e+02 9.512574429782810626e+01
2.773348294679906871e+02 9.500835147915232426e+01
2.783681845823467711e+02 9.488887785829295751e+01
2.794007103502734708e+02 9.476740201801109720e+01
2.804324404755823821e+02 9.464400532610333983e+01
2.814634108588651884e+02 9.451877445387128773e+01
2.824937403321393958e+02 9.439199628718060353e+01
2.835236541682454572e+02 9.426421468327899333e+01
2.845533846252961894e+02 9.413599036338487736e+01
2.855830492324857914e+02 9.400760706847844972e+01
2.866123169927028584e+02 9.387826570074453514e+01
2.876407473160626864e+02 9.374690258188613257e+01
2.886679241348252845e+02 9.361251323531227797e+01
2.896937832132459789e+02 9.347494258218085861e+01
2.907185236395410470e+02 9.333467126405673753e+01
2.917423499588649065e+02 9.319219309672227780e+01
2.927653061679785651e+02 9.304761429780612048e+01
2.937870915552600195e+02 9.290020888518714060e+01
2.948073607902367144e+02 9.274914315729772341e+01
2.958258146743964971e+02 9.259369478497865202e+01
2.968424771513249425e+02 9.243392157313475366e+01
2.978575103138325062e+02 9.227021484841553445e+01
2.988710748653616065e+02 9.210296258323685947e+01
2.998832652785578148e+02 9.193239285464390775e+01
3.008940943609333090e+02 9.175853658250827039e+01
3.019035698813415252e+02 9.158141252229624740e+01
3.029117600393005887e+02 9.140118532205190149e+01
3.039189587171405265e+02 9.121856447650159794e+01
3.049255124707161144e+02 9.103438664555028481e+01
3.059317609603986057e+02 9.084947184193916314e+01
3.069379505742333549e+02 9.066441489916546459e+01
3.079442606498169539e+02 9.047964877667661199e+01
3.089508679044440669e+02 9.029560010795077574e+01
3.099577760599030398e+02 9.011227787833529135e+01
3.109646328295851276e+02 8.992883159280550842e+01
3.119710420830624571e+02 8.974430490798656024e+01
3.129766444057167405e+02 8.955783012028678058e+01
3.139813254486329583e+02 8.936913116692161907e+01
3.149850711978672280e+02 8.917817421509774078e+01
3.159878701165898747e+02 8.898493141230346737e+01
3.169897800136516253e+02 8.878954232129878221e+01
3.179909408503058330e+02 8.859234483827526674e+01
3.189914973478217917e+02 8.839368835111861245e+01
3.199916014641635797e+02 8.819393971867259552e+01
3.209914309770343834e+02 8.799352813425615238e+01
3.219911694201468890e+02 8.779289668744931419e+01
3.229910063229542629e+02 8.759250294283101823e+01
3.239912077676560784e+02 8.739298927967260511e+01
3.249920926866192872e+02 8.719512566884665716e+01
3.259939809566606073e+02 8.699968436132859040e+01
3.269971788929829586e+02 8.680740486745095552e+01
3.280019660542250222e+02 8.661896210146439046e+01
3.290086188657308526e+02 8.643502341317399384e+01
3.300173749947912256e+02 8.625616258219027088e+01
3.310282254989153898e+02 8.608235801958943512e+01
3.320410647707806788e+02 8.591335476695803663e+01
3.330557887562483756e+02 8.574890161559696367e+01
3.340723457245220516e+02 8.558887367647683675e+01
3.350907435041807503e+02 8.543328984955722660e+01
3.361109931417172447e+02 8.528217680352474872e+01
3.371329769627849942e+02 8.513525044748470805e+01
3.381561384612194843e+02 8.499116725686172913e+01
3.391798276971786663e+02 8.484835813823913497e+01
3.402034114128687179e+02 8.470529427221994467e+01
3.412264576213268015e+02 8.456093275010105970e+01
3.422486677612353674e+02 8.441455278112859162e+01
3.432697439657407585e+02 8.426543525113351052e+01
3.442892013681745311e+02 8.411240958847307070e+01
3.453062012976928372e+02 8.395345106269670055e+01
3.463198657124560782e+02 8.378643989336623576e+01
3.473294091154861007e+02 8.360947972302079734e+01
3.483346075525873857e+02 8.342202987790915358e+01
3.493354477393451702e+02 8.322405828593581134e+01
3.503319249882138706e+02 8.301555362969426710e+01
3.513242581302385474e+02 8.279704421368730038e+01
3.523129104772731353e+02 8.256964857162452631e+01
3.532983577589211563e+02 8.233451521633254799e+01
3.542810453524890022e+02 8.209271938374092770e+01
3.552613197426979355e+02 8.184509756206411168e+01
3.562395073072030982e+02 8.159243769678413116e+01
3.572159287279155251e+02 8.133551398263347210e+01
3.581908396818024585e+02 8.107494367843005989e+01
3.591644544737600881e+02 8.081124416191724436e+01
3.601369873365155740e+02 8.054493263660528157e+01
3.611087092651014814e+02 8.027666334235229328e+01
3.620799942667496225e+02 8.000733921250053982e+01
3.630512272340270670e+02 7.973788945992015442e+01
3.640227381709037786e+02 7.946911078473526402e+01
3.649945393640812767e+02 7.920103285001576410e+01
3.659665290503910455e+02 7.893340997819073834e+01
3.669386001724386688e+02 7.866598371028995018e+01
3.679105159833102334e+02 7.839818248891737085e+01
3.688819034259424825e+02 7.812910567462898825e+01
3.698523830113809936e+02 7.785783710000926305e+01
3.708216604165182844e+02 7.758366620609209008e+01
3.717897065709177014e+02 7.730652281021278327e+01
3.727565438976481573e+02 7.702646104596833254e+01
3.737222115016688804e+02 7.674357532063442022e+01
3.746869287590188833e+02 7.645839525471265574e+01
3.756510251774291760e+02 7.617171635033777477e+01
3.766148298422742187e+02 7.588433308998997973e+01
3.775785039517259065e+02 7.559663464071189765e+01
3.785419163886453475e+02 7.530830445817444740e+01
3.795049067257490378e+02 7.501895523712080660e+01
3.804673029822932904e+02 7.472817177967726820e+01
3.814288693617777426e+02 7.443538482256832367e+01
3.823893481551946252e+02 7.413997220086281459e+01
3.833484892885275030e+02 7.384133018213113075e+01
3.843062219438246530e+02 7.353928779645828229e+01
3.852626563529496480e+02 7.323411116693824852e+01
3.862179107702935994e+02 7.292608578476510672e+01
3.871721156221816500e+02 7.261552652683538156e+01
3.881254375830857271e+02 7.230283578097630937e+01
3.890780500448306611e+02 7.198843215217044644e+01
3.900301213128136624e+02 7.167272196568582387e+01
3.909817676005478688e+02 7.135598578595913466e+01
3.919330745794882205e+02 7.103843044243271265e+01
3.928841270543192650e+02 7.072026067198200394e+01
3.938349743003616936e+02 7.040159543605165027e+01
3.947856062294540038e+02 7.008241038003291123e+01
3.957360071099469678e+02 6.976266752473830479e+01
3.966861556097398989e+02 6.944231537028626633e+01
3.976360008704737083e+02 6.912123113404638275e+01
3.985854823384620431e+02 6.879926862678225064e+01
3.995345411912752525e+02 6.847628583886564968e+01
4.004831564887001605e+02 6.815223221611022097e+01
4.014313440578681593e+02 6.782714596824290254e+01
4.023791213104978510e+02 6.750106913050902335e+01
4.033265704995726537e+02 6.717420027842756269e+01
4.042739585611423081e+02 6.684718385077643177e+01
4.052215850941669260e+02 6.652074314138027944e+01
4.061697802072335435e+02 6.619567510065931515e+01
4.071191703792911767e+02 6.587349217884923291e+01
4.080705488199316733e+02 6.555610934869977768e+01
4.090247091512018756e+02 6.524544257870476827e+01
4.099823495811023122e+02 6.494317748732223095e+01
4.109440153044930639e+02 6.465063028637027287e+01
4.119102377364928316e+02 6.436908392040771787e+01
4.128814020279772876e+02 6.409946822116718579e+01
4.138571571408093632e+02 6.384093570436578347e+01
4.148369209265811151e+02 6.359208093663563943e+01
4.158201178467708132e+02 6.335151444267350485e+01
4.168063085705948083e+02 6.311817558964662567e+01
4.177951808030595089e+02 6.289131044362051171e+01
4.187864271193728882e+02 6.267017682866079298e+01
4.197797498911899652e+02 6.245405622842333315e+01
4.207748781843227448e+02 6.224229459613858495e+01
4.217715455690018302e+02 6.203424876374612040e+01
4.227694896541793810e+02 6.182928531675047878e+01
4.237684852898057102e+02 6.162686077815003216e+01
4.247683274241052231e+02 6.142648020853703628e+01
4.257688115690119730e+02 6.122765002962341185e+01
4.267697549166513227e+02 6.102992900664608555e+01
4.277710080359129279e+02 6.083295648796232058e+01
4.287724243403766877e+02 6.063637869000022107e+01
4.297738747174666400e+02 6.043988399388778987e+01
4.307753140364297337e+02 6.024336343040013020e+01
4.317767223656824171e+02 6.004676883635918472e+01
4.327780795788483488e+02 5.985005156566002427e+01
4.337793617513223126e+02 5.965315356172062167e+01
4.347805415544902417e+02 5.945600833420044751e+01
4.357815914478420041e+02 5.925854887312916475e+01
4.367824392644940872e+02 5.906060022012514565e+01
4.377828964686726749e+02 5.886170592772039356e+01
4.387827557955095017e+02 5.866136424393720006e+01
4.397818060230184187e+02 5.845906381264477858e+01
4.407798012674672918e+02 5.825420915166746738e+01
4.417764777042581272e+02 5.804616123531918959e+01
4.427715724228017962e+02 5.783428324880090088e+01
4.437648789309261019e+02 5.761807491265379610e+01
4.447562741315471726e+02 5.739723776762659924e+01
4.457456416476554750e+02 5.717148961737936474e+01
4.467328927398407927e+02 5.694061574276944526e+01
4.477180655234634514e+02 5.670471114057612994e+01
4.487012344874615906e+02 5.646395961366804528e+01
4.496824727688428993e+02 5.621854205089238121e+01
4.506618293541648654e+02 5.596858727039175108e+01
4.516393324329837355e+02 5.571417924996094939e+01
4.526150096262412035e+02 5.545540078146500917e+01
4.535889301956649433e+02 5.519243946791223721e+01
4.545612673444966276e+02 5.492574453630979292e+01
4.555322102263805277e+02 5.465580536132134171e+01
4.565019917132084402e+02 5.438321726173430903e+01
4.574712086920925458e+02 5.410945768853427751e+01
4.584406387098567848e+02 5.383644189238969346e+01
4.594110607982635770e+02 5.356608835022209547e+01
4.603832627249391862e+02 5.330031889260676081e+01
4.613580446577792031e+02 5.304106011051895564e+01
4.623362077083932036e+02 5.279023895722107085e+01
4.633185397947167417e+02 5.254972758916297693e+01
4.643057709944626481e+02 5.232115793707466622e+01
4.652986155396704362e+02 5.210609612041945127e+01
4.662977917067873932e+02 5.190610907461282864e+01
4.673040854070817431e+02 5.172277740751236763e+01
4.683183385128530745e+02 5.155769303955029415e+01
4.693413938707984130e+02 5.141244627605905748e+01
4.703738842310725090e+02 5.128804825459325656e+01
4.714159401853084432e+02 5.118412582512604558e+01
4.724676188815193427e+02 5.110010337747698372e+01
4.735288957379571571e+02 5.103522719654686313e+01
4.745990988933733092e+02 5.098733302031230608e+01
4.756772485432393864e+02 5.095358551892557841e+01
4.767623598320432166e+02 5.093115403310923739e+01
4.778533100911188285e+02 5.091758858624073270e+01
4.789487887711746907e+02 5.091095818622732594e+01
4.800474718343282916e+02 5.090936910064871768e+01
4.811478765536678566e+02 5.091122330745222513e+01
4.822478556931728235e+02 5.091616106952005794e+01
4.833450881059293920e+02 5.092414672541077181e+01
4.844371904658221411e+02 5.093519359226316112e+01
4.855208025327104906e+02 5.095008449276453888e+01
4.865917875003103177e+02 5.097021394309919629e+01
4.876459863863518081e+02 5.099699319191329039e+01
4.886790658084026973e+02 5.103179513563342340e+01
4.896862931327721640e+02 5.107590487161674275e+01
4.906628800969376130e+02 5.113059526392236620e+01
4.916071837990963331e+02 5.119728566174590867e+01
4.925412688132729500e+02 5.127849951430221864e+01
4.934980087032822098e+02 5.137726366500645270e+01
4.945114558917683780e+02 5.149678301929558444e+01
4.956601499513783438e+02 5.164720971190715204e+01
4.970808871368049040e+02 5.184779339289340072e+01
4.989144043572874239e+02 5.211839909519206060e+01
