2.323023312106240468e+01 2.171924231570485020e+01
2.503535037184407486e+01 2.217958253825250736e+01
2.647148428566103107e+01 2.253929205860625018e+01
2.765829670295703480e+01 2.282802166996811977e+01
2.871416620803018560e+01 2.307507625854994515e+01
2.971741341800187541e+01 2.329896292018790405e+01
3.069938631814301289e+01 2.350552708394217660e+01
3.168875570279098852e+01 2.369989253100779791e+01
3.271028950294470405e+01 2.388648569659774168e+01
3.376617724723610081e+01 2.406569880903481362e+01
3.485050794830249288e+01 2.423647673305477568e+01
3.595735968285773509e+01 2.439779634880564174e+01
3.708077808314252621e+01 2.455092752573384374e+01
3.821475625498352713e+01 2.470085239899855978e+01
3.935328251378346209e+01 2.485289166345311074e+01
4.049047393388494953e+01 2.501255277827415924e+01
4.162154575976540372e+01 2.518693609399284483e+01
4.274226927518849095e+01 2.538394849388397390e+01
4.384842540273677969e+01 2.561149383259848733e+01
4.493699549642771984e+01 2.587537668304834071e+01
4.600767614639153891e+01 2.617665328731805019e+01
4.706053712209492801e+01 2.651572728165087511e+01
4.809573049027000735e+01 2.689281506200802596e+01
4.911448741104321414e+01 2.730567790326745126e+01
5.011879813099317715e+01 2.775035002946707152e+01
5.111066877603725800e+01 2.822282949816741038e+01
5.209234605862472733e+01 2.871844637305887815e+01
5.306685026643623360e+01 2.923038286895359406e+01
5.403735685975311753e+01 2.975139036047791663e+01
5.500699681347246894e+01 3.027432041432036769e+01
5.597793423108522148e+01 3.079420223015000602e+01
5.695139662125287572e+01 3.130817445029491708e+01
5.792857306448949828e+01 3.181346226675355382e+01
5.891037929312322063e+01 3.230793158658142517e+01
5.989646508241970935e+01 3.279241565956311888e+01
6.088611397849264506e+01 3.326860615907705210e+01
6.187861202059684729e+01 3.373818863618693342e+01
6.287334951746778700e+01 3.420259276097385737e+01
6.386985575275362947e+01 3.466290715418155344e+01
6.486766966130977607e+01 3.512019675215101699e+01
6.586626747558315742e+01 3.557568022773624250e+01
6.686470321255370663e+01 3.603161146017757943e+01
6.786185664848663635e+01 3.649067153973597755e+01
6.885660741141981589e+01 3.695554199679838092e+01
6.984787568074280273e+01 3.742881273158172206e+01
7.083465654661684141e+01 3.791290437530280855e+01
7.181595319244775055e+01 3.841021927161605731e+01
7.279083340855314077e+01 3.892300418761042380e+01
7.375901517094385440e+01 3.945194021180974175e+01
7.472059252353994907e+01 3.999680284304112377e+01
7.567566404908654931e+01 4.055735665069444451e+01
7.662430989355590327e+01 4.113341073079254784e+01
7.756656230624025739e+01 4.172488985458488742e+01
7.850244585884523474e+01 4.233173733545313411e+01
7.943199392406367565e+01 4.295387519127922360e+01
8.035537950940531005e+01 4.359088756952679233e+01
8.127288732819607731e+01 4.424208832625440380e+01
8.218480522407988076e+01 4.490678374318999033e+01
8.309160466854287108e+01 4.558383660526596515e+01
8.399443985317957129e+01 4.627046079615596597e+01
8.489462360278349706e+01 4.696348706964175079e+01
8.579346204736144443e+01 4.765976233658145844e+01
8.669207726738895303e+01 4.835657768963397274e+01
8.759138885508536987e+01 4.905171290294270392e+01
8.849230600959720050e+01 4.974297283310487217e+01
8.939550778722507118e+01 5.042871795108423072e+01
9.030043767983177361e+01 5.111029164634598487e+01
9.120612631429176531e+01 5.179003405330380616e+01
9.211160657073131119e+01 5.247027986707119851e+01
9.301605540391071258e+01 5.315301598585370613e+01
9.391886829246251978e+01 5.383970179010442081e+01
9.481945896366326565e+01 5.453175260795607926e+01
9.571742505194676198e+01 5.523013977937993957e+01
9.661381188253172070e+01 5.593233963316809110e+01
9.751034996500510488e+01 5.663417432786398109e+01
9.840877436235356868e+01 5.733145502914065617e+01
9.931089750087440393e+01 5.801980612149071703e+01
1.002186952638221271e+02 5.869445734906414458e+01
1.011341642991784795e+02 5.935058832294086528e+01
1.020592201130499888e+02 5.998357454462136218e+01
1.029948065537669351e+02 6.059113726432894964e+01
1.039412268474842733e+02 6.117254430422502054e+01
1.048987726077631066e+02 6.172709152127987409e+01
1.058673085996938141e+02 6.225510527724747334e+01
1.068454221761235345e+02 6.275999588408312491e+01
1.078314627522573943e+02 6.324574808681391858e+01
1.088237825786622892e+02 6.371633979408444759e+01
1.098207891472642359e+02 6.417561572128850855e+01
1.108209401610306344e+02 6.462729951924136174e+01
1.118226951493515458e+02 6.507511043504418069e+01
1.128244933429037360e+02 6.552281687221827156e+01
1.138246866114602227e+02 6.597439879199617963e+01
1.148216033277648762e+02 6.643389305723908933e+01
1.158135930163822991e+02 6.690528548085795535e+01
1.167997606169189737e+02 6.739073868035754344e+01
1.177801553550055047e+02 6.789013623742131642e+01
1.187548859732992383e+02 6.840321808929348890e+01
1.197243583343420426e+02 6.892900681367123639e+01
1.206908318852408684e+02 6.946204973548887551e+01
1.216572795696898908e+02 6.999517152961414013e+01
1.226266738047458915e+02 7.052119811436088526e+01
1.236018207656204027e+02 7.103335447367057043e+01
1.245852392111655149e+02 7.152555553804781141e+01
1.255794193405718033e+02 7.199178479582209889e+01
1.265865838514522324e+02 7.242667029745504692e+01
1.276064794567255092e+02 7.283080613663119607e+01
1.286375125477023289e+02 7.320801599753485789e+01
1.296780758967354359e+02 7.356215636256627022e+01
1.307264246778146912e+02 7.389740968334821503e+01
1.317804806402354814e+02 7.421874829145642138e+01
1.328381160170316946e+02 7.453126182202188943e+01
1.338972772739241748e+02 7.483986133124230378e+01
1.349569798083188914e+02 7.514688638439019996e+01
1.360170410109413410e+02 7.545274721994316280e+01
1.370772977480777968e+02 7.575780722747545326e+01
1.381377449153104635e+02 7.606207705290027832e+01
1.391989236735932423e+02 7.636434800083461027e+01
1.402614931346795117e+02 7.666314809308656208e+01
1.413260872876807355e+02 7.695707292558931556e+01
1.423927278169722683e+02 7.724636505308438927e+01
1.434608043086918201e+02 7.753296722908558536e+01
1.445296772663783713e+02 7.781890043260304424e+01
1.455986048422391548e+02 7.810648366677224885e+01
1.466663349408288468e+02 7.839952166146539980e+01
1.477314567766251514e+02 7.870228121647166120e+01
1.487925678117811970e+02 7.901900501007037292e+01
1.498486640994693460e+02 7.935277001505302508e+01
1.508993083173026264e+02 7.970499607400161324e+01
1.519441063566157766e+02 8.007697664814368466e+01
1.529826786169740274e+02 8.046970718226020836e+01
1.540147510591748699e+02 8.088201476683454416e+01
1.550400963136301868e+02 8.131176784251155709e+01
1.560584823263264127e+02 8.175682708450007397e+01
1.570690477949627848e+02 8.221460037442946600e+01
1.580696886603084863e+02 8.268160133268112588e+01
1.590581551515894319e+02 8.315423872873330424e+01
1.600320816211057036e+02 8.362889917787670413e+01
1.609878318448096763e+02 8.410172637743944790e+01
1.619209847900776538e+02 8.456871397937803181e+01
1.628271173375722753e+02 8.502585755508546583e+01
1.637091740229346897e+02 8.547235730600884551e+01
1.645906350956694268e+02 8.591634563332745245e+01
1.654985305730396874e+02 8.636749894272099937e+01
1.664625042882199466e+02 8.683639869915010934e+01
1.675580607602948362e+02 8.734950607786102239e+01
1.688998142149700925e+02 8.794682437188944846e+01
1.706036317565899196e+02 8.866879069573295169e+01
