2.329891147798802464e+01 4.843549763137956887e+01
2.421971561737571221e+01 4.696707671485621205e+01
2.499071884493123008e+01 4.580753270675094768e+01
2.566437878429492159e+01 4.486125909018718261e+01
2.629271817127442290e+01 4.403359761247878623e+01
2.691257349136935773e+01 4.326300333492731198e+01
2.754199485122612145e+01 4.252889464085534854e+01
2.819786721304905797e+01 4.181323048765543149e+01
2.889501311264476868e+01 4.110059079979710361e+01
2.963471002442030766e+01 4.039276879965179035e+01
3.041277045256032352e+01 3.969850268811030958e+01
3.122499111421407036e+01 3.902652921053611124e+01
3.206709731609718261e+01 3.838321625024423156e+01
3.293467786980015433e+01 3.777040380708530165e+01
3.382330620649358366e+01 3.718942167405050725e+01
3.472863081908545269e+01 3.664132738445415782e+01
3.564714869449812085e+01 3.612410086224402050e+01
3.657589300525847875e+01 3.563377720935272919e+01
3.751190567086595706e+01 3.516636111138535625e+01
3.845271698758743639e+01 3.471820604389243670e+01
3.939733837246826909e+01 3.428672327237256923e+01
4.034506096506652284e+01 3.386952383513590092e+01
4.129521376286427170e+01 3.346429950264442255e+01
4.224795073401335088e+01 3.307050129811992889e+01
4.320422616773089430e+01 3.268928693217874581e+01
4.416502727981509224e+01 3.232188433148324691e+01
4.513105011834123559e+01 3.196887958836492771e+01
4.610155405979555354e+01 3.162769187425131534e+01
4.707535614229927035e+01 3.129476529387737926e+01
4.805127051324466692e+01 3.096653930130014132e+01
4.902796237705798887e+01 3.063921766371991851e+01
5.000387542228574489e+01 3.030865362234170846e+01
5.097743533428085527e+01 2.997067193017659648e+01
5.194729333431445184e+01 2.962167206931177077e+01
5.291395345602529687e+01 2.926277500987444569e+01
5.387882896218150819e+01 2.889741869403638219e+01
5.484334095823331978e+01 2.852906225045560262e+01
5.580931021847608520e+01 2.816248966362571338e+01
5.677948491123787988e+01 2.780555912162443732e+01
5.775674441011567239e+01 2.746656374276810553e+01
5.874390099009035282e+01 2.715372809584751224e+01
5.974278119570593049e+01 2.687426970423747008e+01
6.075446198803663123e+01 2.663464029919666842e+01
6.178000156263868803e+01 2.644127242907578079e+01
6.281964759401387965e+01 2.629878138432118817e+01
6.387062402213644674e+01 2.620500298254495419e+01
6.492944981064952970e+01 2.615619242380085652e+01
6.599264745379342401e+01 2.614846915560529794e+01
6.705684800021876413e+01 2.617377867531965308e+01
6.811880885009949793e+01 2.621920822573564180e+01
6.917529451936624696e+01 2.627157144663044264e+01
7.022347128919966508e+01 2.631785034118902544e+01
7.126295941877144458e+01 2.634605527454947094e+01
7.229430547279730490e+01 2.634458478867214026e+01
7.331806694855863782e+01 2.630191967109734463e+01
7.433565211856721078e+01 2.621406422782759904e+01
7.534999545741567317e+01 2.609051917275504451e+01
7.636419038217790956e+01 2.594219076926299650e+01
7.738124695395391939e+01 2.578016233829403347e+01
7.840330766177977750e+01 2.561736002242550114e+01
7.943199995356516752e+01 2.546780397010520858e+01
8.046894351377754617e+01 2.534552495355521629e+01
8.151489425775784525e+01 2.526122151128744520e+01
8.256816055361055362e+01 2.521615007609686643e+01
8.362662025006062549e+01 2.520990623050641943e+01
8.468819191478630160e+01 2.524190200794553363e+01
8.575159339434608796e+01 2.530794652716337367e+01
8.681627226699671951e+01 2.540055949052037931e+01
8.788170288436769795e+01 2.551213991386854829e+01
8.894716493670092916e+01 2.563629336033067574e+01
9.001104271874098117e+01 2.577217521987165583e+01
9.107146324095376144e+01 2.592053557798516294e+01
9.212656898323122334e+01 2.608212106648055340e+01
9.317521724835958707e+01 2.625751249739288440e+01
9.421726486195181849e+01 2.644705882022060095e+01
9.525264309528887452e+01 2.665109171506020047e+01
9.628151868731529817e+01 2.686945152783052393e+01
9.730585156531856228e+01 2.709823688167266553e+01
9.832842656024803318e+01 2.733182512999461977e+01
9.935203005331158010e+01 2.756458857009968355e+01
1.003789163316698136e+02 2.779166578251798825e+01
1.014101830082107085e+02 2.800986110611420443e+01
1.024467758102773018e+02 2.821619761429056084e+01
1.034895992542396499e+02 2.840760828662617143e+01
1.045390045494807651e+02 2.857981648452953038e+01
1.055949472000616538e+02 2.872768049385646094e+01
1.066573740839114350e+02 2.884603989589955830e+01
1.077256605152451812e+02 2.893023315995439049e+01
1.087971926639023081e+02 2.897733497516553314e+01
1.098689242543889861e+02 2.898479748953887380e+01
1.109378247994747824e+02 2.895013918514534268e+01
1.120012941348589663e+02 2.887268653703999632e+01
1.130572034311581859e+02 2.875374632428772870e+01
1.141034478709638336e+02 2.859472621177453178e+01
1.151381928128014067e+02 2.839720898239261970e+01
1.161611395933478548e+02 2.816377298302652221e+01
1.171725316146125522e+02 2.789734790717722746e+01
1.181726189725599170e+02 2.760086768321593809e+01
1.191621133297150266e+02 2.727755752001304401e+01
1.201425038442878872e+02 2.693113328011830276e+01
1.211153543759604503e+02 2.656535796788912407e+01
1.220823710601118393e+02 2.618441768478507115e+01
1.230466261959279848e+02 2.579656120747148762e+01
1.240119536451310580e+02 2.541230203461721615e+01
1.249821937967507068e+02 2.504217623192852216e+01
1.259602542382339152e+02 2.469565240304424947e+01
1.269465713696658895e+02 2.437937122032704096e+01
1.279411770083637805e+02 2.409951036726167217e+01
1.289440273593421580e+02 2.386218942146753008e+01
1.299537360115084539e+02 2.367249619895596879e+01
1.309677630504637023e+02 2.353463208184286160e+01
1.319835310455487161e+02 2.345276962208412996e+01
1.329986904240871297e+02 2.343018240659621654e+01
1.340118689257175504e+02 2.346628824514552392e+01
1.350219562615583584e+02 2.355947139493849107e+01
1.360278580998997313e+02 2.370803900576879997e+01
1.370291177143472510e+02 2.390721711530985161e+01
1.380261168534615024e+02 2.414817998298928714e+01
1.390192943407466544e+02 2.442182606391471111e+01
1.400091943656207434e+02 2.471914607340175607e+01
1.409971058720421979e+02 2.503178284666244480e+01
1.419846387626739386e+02 2.535166025587552241e+01
1.429734013611239050e+02 2.567071729671931024e+01
1.439645909312099548e+02 2.598292439491988048e+01
1.449585670857785829e+02 2.628639159139494197e+01
1.459555874735573298e+02 2.657973282693335193e+01
1.469559011757783935e+02 2.686165145623883177e+01
1.479596518570311048e+02 2.713195100560136197e+01
1.489669123018057064e+02 2.739117473527204183e+01
1.499777539861695743e+02 2.763987965997666763e+01
1.509922800128582026e+02 2.787865006875921381e+01
1.520106962049205777e+02 2.810815883497188139e+01
1.530332292035523380e+02 2.832909678519400742e+01
1.540600845911693284e+02 2.854220170159864978e+01
1.550909560906387696e+02 2.874935267984118781e+01
1.561250098001868878e+02 2.895360528110890641e+01
1.571613876053320098e+02 2.915806905462086007e+01
1.581992551707984092e+02 2.936549291585772181e+01
1.592379040713600773e+02 2.957671623745271461e+01
1.602766673986909893e+02 2.979194874969196150e+01
1.613148704934707212e+02 3.001137968556916391e+01
1.623513449556194814e+02 3.023392160521883909e+01
1.633841410584508651e+02 3.045646678089376280e+01
1.644112399554830120e+02 3.067572876075917776e+01
1.654303937216037639e+02 3.088841707919513979e+01
1.664373214497367712e+02 3.109120564983062707e+01
1.674266786334756603e+02 3.128074975051345064e+01
1.683931342914917764e+02 3.145370771420474298e+01
1.693395860928620209e+02 3.160789779603006622e+01
1.702893266165061732e+02 3.174401314636538984e+01
1.712687538536560510e+02 3.186318465888514595e+01
1.723071159405903359e+02 3.196648055214988915e+01
1.734796157490703763e+02 3.205395849324521862e+01
1.748986043485667778e+02 3.212485925485852789e+01
1.766774966194884087e+02 3.217840021631631231e+01
