4.717571908578423745e+01 2.726206609988014407e+02
4.880724480769259799e+01 2.711720766070926061e+02
5.007845766977389701e+01 2.700497195451360994e+02
5.110913102230789207e+01 2.691448300925462718e+02
5.201630424664276120e+01 2.683511374057477497e+02
5.286935415738955157e+01 2.676057604016322102e+02
5.369717307723011146e+01 2.668826731756450954e+02
5.452735700402962493e+01 2.661570308110400447e+02
5.538027237504803679e+01 2.654112039474136964e+02
5.625631209665933596e+01 2.646474980648528685e+02
5.715244874518566576e+01 2.638716323480312553e+02
5.806568185118243974e+01 2.630892116072583917e+02
5.899330173095645335e+01 2.623046067674205233e+02
5.993277612082756178e+01 2.615214359105741551e+02
6.088157525482103694e+01 2.607432915981633528e+02
6.183716529119906369e+01 2.599719781061943422e+02
6.279700447248590223e+01 2.592058265943272772e+02
6.375855013173796948e+01 2.584427691833231506e+02
6.471938981616443698e+01 2.576807333376683573e+02
6.567803572977740600e+01 2.569176134574248636e+02
6.663340020209852810e+01 2.561512896347301194e+02
6.758440549342736858e+01 2.553796518425146758e+02
6.853035120543751191e+01 2.546010402090193736e+02
6.947106052795624009e+01 2.538144194851859368e+02
7.040639521799953116e+01 2.530188004312884971e+02
7.133629784107630201e+01 2.522133920619323533e+02
7.226110102229787913e+01 2.513983603580359727e+02
7.318125492422514355e+01 2.505741596651139105e+02
7.409723158305303059e+01 2.497413035475493359e+02
7.501000557786916545e+01 2.489016662526395578e+02
7.592105403065356484e+01 2.480584827105961097e+02
7.683187589766933456e+01 2.472150469842421785e+02
7.774389449762990978e+01 2.463745180651127953e+02
7.865828213859029461e+01 2.455396066973701750e+02
7.957615912682709336e+01 2.447129307619460121e+02
8.049857284460625806e+01 2.438969364014620851e+02
8.142558065782475296e+01 2.430917382392405841e+02
8.235652644385899634e+01 2.422957706109766605e+02
8.329073734154542308e+01 2.415074283963463131e+02
8.422729371473096194e+01 2.407245162515816332e+02
8.516470565076873811e+01 2.399434748755825524e+02
8.610140292822030972e+01 2.391605528889038510e+02
8.703589631746605448e+01 2.383721934454362099e+02
8.796740151768058524e+01 2.375765328595831818e+02
8.889549719137500006e+01 2.367725792432896128e+02
8.981977246418486516e+01 2.359593658510688101e+02
9.074033955844871002e+01 2.351371831500668179e+02
9.165816803534272594e+01 2.343083821388978549e+02
9.257430692661856142e+01 2.334755048160634772e+02
9.348976803916238509e+01 2.326410023386309831e+02
9.440534579966853812e+01 2.318067953814716304e+02
9.532175595253531242e+01 2.309746126076780399e+02
9.623969923984583374e+01 2.301461464210913732e+02
9.715940766187324584e+01 2.293219563986334038e+02
9.808056136713911144e+01 2.285012684352143992e+02
9.900280884943772719e+01 2.276832319245103236e+02
9.992589684621516710e+01 2.268672334771645467e+02
1.008499650695245577e+02 2.260536085716904893e+02
1.017752514750706752e+02 2.252429299035688359e+02
1.027019849250704340e+02 2.244357482415735205e+02
1.036302357506853298e+02 2.236322320958746559e+02
1.045599396271053791e+02 2.228322252869247109e+02
1.054910278543984532e+02 2.220355610855825148e+02
1.064233617211681349e+02 2.212419039010056849e+02
1.073566090912419355e+02 2.204504516182319094e+02
1.082904047057822794e+02 2.196603222332460064e+02
1.092243883769400554e+02 2.188706459992082216e+02
1.101582546233454707e+02 2.180806854012725466e+02
1.110917313422389725e+02 2.172897836046192026e+02
1.120245482956018037e+02 2.164972882777794325e+02
1.129566032541780913e+02 2.157029527086501730e+02
1.138881202867226534e+02 2.149073179582767352e+02
1.148193609515487879e+02 2.141110155978108196e+02
1.157506117229278431e+02 2.133147373468204364e+02
1.166823360045156761e+02 2.125196020415968974e+02
1.176150737623857481e+02 2.117269133440833286e+02
1.185493649976180990e+02 2.109379750002797209e+02
1.194857374270411867e+02 2.101540610809321947e+02
1.204247017222055547e+02 2.093764044802491640e+02
1.213667672991167024e+02 2.086062350593998929e+02
1.223124268384432440e+02 2.078447422737443731e+02
1.232620922400019339e+02 2.070929205412977012e+02
1.242161510617520719e+02 2.063517055090770498e+02
1.251749761246124280e+02 2.056219972456133007e+02
1.261386014116176568e+02 2.049038777896064119e+02
1.271067220679184828e+02 2.041966111499257863e+02
1.280790185333509044e+02 2.034994258335481163e+02
1.290553026473694160e+02 2.028118675744989901e+02
1.300358223120052514e+02 2.021345348560113280e+02
1.310209157682002967e+02 2.014682442589532059e+02
1.320109405585312743e+02 2.008138589625829979e+02
1.330065162645673240e+02 2.001728747659051351e+02
1.340084513150714542e+02 1.995472433865745074e+02
1.350175571114794479e+02 1.989389237189411119e+02
1.360343458907998979e+02 1.983491524110324065e+02
1.370586385459109522e+02 1.977774970596430251e+02
1.380901586116333135e+02 1.972232902185861008e+02
1.391285997718403564e+02 1.966857923751523174e+02
1.401733958966043474e+02 1.961636367709768933e+02
1.412238470795296337e+02 1.956551336829107015e+02
1.422792511606188555e+02 1.951585879471293197e+02
1.433388255180528290e+02 1.946721101477750153e+02
1.444016556556495630e+02 1.941934924960938247e+02
1.454668148532017540e+02 1.937204976919223327e+02
1.465334620520213207e+02 1.932510952402653288e+02
1.476012564267228413e+02 1.927844623159568869e+02
1.486700382148987387e+02 1.923202132184573259e+02
1.497396532834593188e+02 1.918579758376037034e+02
1.508101168069576374e+02 1.913977868080724249e+02
1.518816432865637864e+02 1.909401639816004206e+02
1.529544586570071942e+02 1.904856528129805895e+02
1.540286935186744586e+02 1.900345685995302176e+02
1.551040971345813944e+02 1.895863060086649057e+02
1.561803234334010995e+02 1.891400295503246696e+02
1.572570243341423577e+02 1.886948988826883635e+02
1.583338167203891658e+02 1.882499890808983309e+02
1.594102877167035501e+02 1.878043033754291855e+02
1.604860236041834582e+02 1.873568429604518712e+02
1.615606846849817941e+02 1.869067877327812539e+02
1.626341357635602947e+02 1.864538113015029239e+02
1.637062766639969880e+02 1.859976718205394661e+02
1.647769934491571746e+02 1.855380942213076310e+02
1.658460237241647803e+02 1.850744450265353862e+02
1.669130145141400021e+02 1.846058720794801218e+02
1.679776127204146121e+02 1.841315229245474541e+02
1.690396066433431486e+02 1.836508864735561417e+02
1.700990592012167895e+02 1.831641146246232665e+02
1.711560648641746241e+02 1.826714354487598087e+02
1.722107234961330278e+02 1.821730900387207726e+02
1.732631732624724918e+02 1.816694119552761322e+02
1.743135689027150192e+02 1.811607747727566675e+02
1.753620604703576760e+02 1.806475407524286538e+02
1.764085827567685101e+02 1.801295524668300345e+02
1.774527718617113123e+02 1.796059313832074906e+02
1.784942418835054525e+02 1.790757458526249764e+02
1.795325448430176039e+02 1.785379143579031052e+02
1.805669331155489772e+02 1.779906319734015767e+02
1.815965687835958420e+02 1.774318757873444099e+02
1.826206261040571803e+02 1.768596522795571104e+02
1.836385597681399986e+02 1.762726449580235339e+02
1.846501049013590148e+02 1.756702143588858860e+02
1.856550088761530333e+02 1.750517505849696249e+02
1.866532847786455136e+02 1.744172852286871489e+02
1.876458274919938276e+02 1.737689787288282446e+02
1.886337145808966227e+02 1.731094325564411065e+02
1.896180317800905755e+02 1.724412679068070133e+02
1.905999757407481354e+02 1.717673737513950982e+02
1.915808230496932651e+02 1.710908320435706855e+02
1.925618511031472906e+02 1.704147266907605456e+02
1.935440984292130224e+02 1.697415649217544455e+02
1.945280515516213597e+02 1.690725213089331760e+02
1.955141192584705152e+02 1.684085827542636764e+02
1.965026692583416548e+02 1.677506369849756709e+02
1.974937117158719673e+02 1.670987085407748225e+02
1.984870726986040381e+02 1.664523775116198294e+02
1.994825797315187685e+02 1.658112275060351521e+02
2.004802691248705173e+02 1.651753461846930122e+02
2.014805193813284632e+02 1.645456473336840304e+02
2.024837407229086352e+02 1.639231213163627672e+02
2.034903952366121302e+02 1.633088837092695371e+02
2.045012478828069504e+02 1.627047812901431598e+02
2.055171732490161958e+02 1.621129255001619640e+02
2.065390409915305838e+02 1.615354158754554703e+02
2.075675608104889989e+02 1.609739657837945686e+02
2.086032540889634106e+02 1.604298339552781556e+02
2.096466314079845290e+02 1.599042530415672729e+02
2.106981694354558954e+02 1.593983738207447516e+02
2.117582091867729730e+02 1.589130195765799840e+02
2.128270577642039996e+02 1.584489317192638396e+02
2.139049874514219880e+02 1.580067675994496881e+02
2.149916635231458031e+02 1.575857191183214638e+02
2.160862356618632987e+02 1.571837334271203872e+02
2.171878371202980418e+02 1.567987180121209008e+02
2.182955668203886717e+02 1.564284974775439423e+02
2.194084288364026634e+02 1.560706674445027033e+02
2.205254110005948291e+02 1.557227843223248556e+02
2.216455385282648081e+02 1.553824947710822073e+02
2.227682399278301943e+02 1.550484190875342279e+02
2.238931897729642913e+02 1.547197716231117113e+02
2.250200662472311137e+02 1.543957754443159445e+02
2.261485595236440815e+02 1.540756825645512151e+02
2.272783830605108051e+02 1.537588012164143265e+02
2.284092529914703960e+02 1.534444460917280821e+02
2.295409015880243828e+02 1.531319708435118798e+02
2.306731757173895971e+02 1.528210057900681988e+02
2.318059718356346366e+02 1.525113009706995797e+02
2.329391824257448889e+02 1.522025968329201078e+02
2.340725110213118114e+02 1.518941776632885876e+02
2.352053989751250356e+02 1.515846947924023311e+02
2.363372683278936393e+02 1.512727529277028395e+02
2.374675779654164387e+02 1.509570457259910370e+02
2.385959646233755223e+02 1.506366961993306006e+02
2.397221186293183166e+02 1.503109567382757064e+02
2.408457454457072799e+02 1.499791162705492980e+02
2.419668983869598264e+02 1.496413034725883335e+02
2.430859786194484400e+02 1.492984867695433593e+02
2.442034024293274115e+02 1.489516710871927785e+02
2.453195654051587269e+02 1.486018113483179661e+02
2.464347944485060680e+02 1.482496965358300258e+02
2.475494022310749926e+02 1.478960812549431694e+02
2.486636693669920817e+02 1.475416427099822840e+02
2.497774412566920432e+02 1.471860073107982316e+02
2.508902496492571288e+02 1.468280441769404945e+02
2.520016188055001010e+02 1.464666043483545650e+02
2.531109320072169737e+02 1.461001985616283605e+02
2.542172467454115576e+02 1.457265511405691711e+02
2.553195746318252191e+02 1.453432756629501341e+02
2.564169829226217985e+02 1.449481201268143593e+02
2.575090231865291344e+02 1.445400024844068696e+02
2.585954963617229510e+02 1.441184430899233462e+02
2.596762087336277887e+02 1.436829752239223410e+02
2.607511969209763834e+02 1.432336892147695551e+02
2.618208750514576195e+02 1.427715883744470489e+02
2.628856922457560472e+02 1.422977606434760673e+02
2.639461130186890614e+02 1.418133314943580672e+02
2.650026917814250282e+02 1.413196455732280583e+02
2.660560154837511391e+02 1.408181268576661296e+02
2.671066603257976340e+02 1.403101733627547674e+02
2.681548627787236114e+02 1.397963625601944671e+02
2.692004593493069251e+02 1.392763058924277288e+02
2.702432636019979668e+02 1.387495593895648938e+02
2.712830689593018292e+02 1.382156278851841762e+02
2.723195882759395658e+02 1.376738114267350568e+02
2.733525142646864765e+02 1.371233588651348896e+02
2.743815733104391938e+02 1.365635991734060894e+02
2.754070788200318702e+02 1.359952581309277093e+02
2.764298428155962029e+02 1.354202479616942583e+02
2.774506929657525234e+02 1.348405180942990000e+02
2.784703144779718968e+02 1.342576602015437288e+02
2.794889989739565976e+02 1.336722775633337790e+02
2.805069706765477235e+02 1.330848042040757662e+02
2.815244215044377256e+02 1.324955949735505669e+02
2.825411948749892872e+02 1.319041505754435661e+02
2.835569215709699620e+02 1.313094505647572134e+02
2.845712283502528521e+02 1.307104651068875114e+02
2.855836220510980752e+02 1.301059279365258305e+02
2.865933766100371258e+02 1.294941136047636405e+02
2.875997392046801338e+02 1.288732439054277279e+02
2.886019378901315235e+02 1.282415446688169709e+02
2.895990649316904637e+02 1.275972703884075372e+02
2.905901538345141262e+02 1.269386879610543986e+02
2.915742384609026203e+02 1.262640745133086284e+02
2.925503794953056058e+02 1.255721682920949434e+02
2.935176748398246218e+02 1.248623473818473286e+02
2.944752251379908330e+02 1.241340369970461381e+02
2.954222125044549330e+02 1.233869658531712332e+02
2.963582123119441007e+02 1.226223276537858311e+02
2.972829184344374767e+02 1.218417575502774355e+02
2.981960240055411759e+02 1.210468582892729472e+02
2.990972045750781376e+02 1.202384852396068311e+02
2.999861181090869877e+02 1.194167463923212154e+02
3.008624218833180635e+02 1.185817172593364432e+02
3.017261375373608416e+02 1.177335497607257366e+02
3.025784958880936415e+02 1.168726493845435357e+02
3.034209782571733740e+02 1.159994741504222873e+02
3.042550025321063458e+02 1.151145059252220335e+02
3.050811254183702204e+02 1.142185503257678221e+02
3.058992829817132701e+02 1.133126462901617515e+02
3.067093961404688685e+02 1.123978371798822309e+02
3.075110243498918408e+02 1.114749844232708256e+02
3.083028917540991642e+02 1.105445290163082319e+02
3.090836048650965040e+02 1.096068527478795005e+02
3.098518583206094377e+02 1.086623385507288475e+02
3.106071137785231144e+02 1.077113793134113280e+02
3.113492278305060950e+02 1.067543730506651798e+02
3.120780603439234255e+02 1.057917159983802406e+02
3.127934720118274186e+02 1.048236767472191389e+02
3.134953248805453541e+02 1.038503146813824856e+02
3.141834811218456025e+02 1.028716697927872019e+02
3.148579434104451025e+02 1.018878242747256877e+02
3.155195349091235357e+02 1.008991067617590716e+02
3.161693757621111445e+02 9.990593508960660074e+01
3.168086058612520333e+02 9.890873500710097233e+01
3.174389737092787982e+02 9.790817743475275847e+01
3.180629443291450684e+02 9.690522193474483004e+01
3.186830238440674066e+02 9.590084462601353721e+01
3.193016660369551118e+02 9.489600429582399954e+01
3.199211153294876340e+02 9.389159040475655615e+01
3.205435638030370455e+02 9.288847508172048606e+01
3.211711547838663137e+02 9.188751100814742756e+01
3.218051816274859220e+02 9.088921182844191549e+01
3.224462157258942625e+02 8.989380320961421944e+01
3.230948052323432762e+02 8.890150154941052563e+01
3.237512814528478202e+02 8.791243691325817622e+01
3.244153765968488301e+02 8.692650085122683379e+01
3.250867202826115658e+02 8.594354406926836987e+01
3.257648825378069546e+02 8.496339306904351929e+01
3.264487905190744641e+02 8.398561323319239591e+01
3.271369791417336614e+02 8.300961062520057965e+01
3.278279779094189621e+02 8.203478912469162765e+01
3.285203386776657908e+02 8.106056341276162414e+01
3.292126567127270391e+02 8.008636914857278555e+01
3.299035322684698599e+02 7.911164440153336841e+01
3.305915921920931169e+02 7.813583757302157551e+01
3.312756521712907443e+02 7.715847043221907597e+01
3.319546096104534172e+02 7.617909649665976701e+01
3.326273534914423635e+02 7.519726542355964227e+01
3.332923764830801474e+02 7.421234626055156980e+01
3.339476213414935728e+02 7.322345744655012822e+01
3.345909903165703554e+02 7.222969896078221552e+01
3.352207057555306164e+02 7.123029014450774810e+01
3.358365351035589583e+02 7.022502649509860362e+01
3.364387113933371438e+02 6.921387712421379490e+01
3.370275372956613182e+02 6.819683722538690063e+01
3.376049149765568131e+02 6.717450106183440539e+01
3.381743460972784305e+02 6.614806196645561442e+01
3.387394018340779098e+02 6.511873930686607537e+01
3.393035145662764194e+02 6.408769456539681642e+01
3.398696560619117690e+02 6.305589712636066224e+01
3.404407026643645509e+02 6.202427657720021870e+01
3.410194762174714356e+02 6.099376009353315453e+01
3.416080586792512008e+02 5.996524210804075494e+01
3.422079987841788125e+02 5.893959345610821288e+01
3.428208326620479056e+02 5.791768569887725704e+01
3.434478882169246390e+02 5.690070212130078176e+01
3.440900121605230311e+02 5.589054637615580390e+01
3.447479834409775208e+02 5.488922356151831394e+01
3.454224310744549484e+02 5.389883785956988760e+01
3.461126791136994143e+02 5.292235585119041019e+01
3.468173796941177898e+02 5.196318816084461645e+01
3.475351605860666950e+02 5.102474793905520301e+01
3.482633310634048485e+02 5.011036817502915142e+01
3.489970394262204536e+02 4.922325047613020388e+01
3.497312336642671653e+02 4.836658427135059668e+01
3.504640817431428559e+02 4.754005686815600029e+01
3.512125551608519345e+02 4.672290440952784252e+01
3.520004314867890116e+02 4.588696059498723656e+01
3.528528251285925421e+02 4.500282259542937879e+01
3.538366284203804639e+02 4.400249251852393684e+01
3.550679190290761085e+02 4.277253433775488389e+01
3.566655959378049943e+02 4.119690565318418152e+01
