2.252987426851523267e+01 2.337569163399666650e+01
2.393930578805636245e+01 2.490815221993432971e+01
2.507855808855464730e+01 2.616202502036864530e+01
2.603034592295766458e+01 2.722176156804599145e+01
2.687715257807819214e+01 2.817155206290708946e+01
2.768129485373205156e+01 2.907281808419590874e+01
2.846955949803895436e+01 2.994686662548131295e+01
2.926511660076189258e+01 3.081092135524306741e+01
3.009028732812030427e+01 3.168143813800523390e+01
3.095313358368778722e+01 3.256197613122326118e+01
3.184988539914949968e+01 3.344539322471984377e+01
3.277641466657063063e+01 3.432422339102387809e+01
3.372819925603565139e+01 3.519211398880201358e+01
3.469828541123841603e+01 3.604958341246929621e+01
3.567879269454772384e+01 3.689976857569077140e+01
3.666184052355196599e+01 3.774581256849563715e+01
3.764040144876647531e+01 3.859137755469964759e+01
3.860968665494179675e+01 3.944148775590868894e+01
3.956527007626191761e+01 4.030138810226777224e+01
4.050284756999544555e+01 4.117622084421974193e+01
4.142214297087231500e+01 4.206773599908483163e+01
4.232773445865714734e+01 4.297359541085718604e+01
4.322448921598177662e+01 4.389121753460736386e+01
4.411729270370175016e+01 4.481778270204642922e+01
4.501120994794284513e+01 4.574813192100199188e+01
4.591140789420646229e+01 4.667577842344915950e+01
4.682305465780034837e+01 4.759422020146807597e+01
4.775031536729616732e+01 4.849787086461829233e+01
4.869334320432132301e+01 4.938480649237691011e+01
4.965128836376717913e+01 5.025401878170050196e+01
5.062329703203124609e+01 5.110450947995366988e+01
5.160816615548797159e+01 5.193615597630331848e+01
5.260407737671211947e+01 5.275037839755368907e+01
5.360914970556274284e+01 5.354875390813499081e+01
5.462152626644770237e+01 5.433286459748167374e+01
5.563975523283759372e+01 5.510437527970869098e+01
5.666272087472765406e+01 5.586501941117760595e+01
5.768931763543835700e+01 5.661653252598605945e+01
5.871841167464658895e+01 5.736082488074838182e+01
5.974869460528408638e+01 5.810088499649846483e+01
6.077879152134292440e+01 5.884011231574450562e+01
6.180732762896390398e+01 5.958190654147159648e+01
6.283305162477110173e+01 6.032938877745925055e+01
6.385503624636157838e+01 6.108494907878435498e+01
6.487240673909691679e+01 6.185085904101904219e+01
6.588431124508232983e+01 6.262933306521630072e+01
6.689065434699311652e+01 6.342069601498273101e+01
6.789225225711491873e+01 6.422299556473767268e+01
6.888997546149640527e+01 6.503414381670702937e+01
6.988471881154090681e+01 6.585200115319771896e+01
7.087761652389644951e+01 6.667391986003200088e+01
7.186993867642894429e+01 6.749696383276361189e+01
7.286295690638701217e+01 6.831819365687147183e+01
7.385757135346369751e+01 6.913567167533577162e+01
7.485319616712968127e+01 6.995146726114177227e+01
7.584887399929993990e+01 7.076865154477590636e+01
7.684365242435005428e+01 7.159028616947622936e+01
7.783700788602084231e+01 7.241860620195386389e+01
7.882917242572999328e+01 7.325439041627308256e+01
7.982045499833947133e+01 7.409826934824013733e+01
8.081121184158493520e+01 7.495070461649675053e+01
8.180259339772166527e+01 7.580932055918616186e+01
8.279640911405752490e+01 7.666938723147075052e+01
8.379448838536265498e+01 7.752610342658405784e+01
8.479826643823517429e+01 7.837475534970836577e+01
8.580674597069219089e+01 7.921116865106117189e+01
8.681800265560522689e+01 8.003137456081333312e+01
8.783010792567199587e+01 8.083140472455596637e+01
8.883990623038336309e+01 8.160729624136065752e+01
8.984102239597326900e+01 8.235510052031796135e+01
9.082655953928076542e+01 8.307087128932123221e+01
9.178997327128965367e+01 8.375097167305676749e+01
9.273636456510459425e+01 8.440198634952044188e+01
9.368486888293290349e+01 8.504281857272579259e+01
9.465545722865877565e+01 8.569310498167706669e+01
9.567209616408891293e+01 8.637583654513032627e+01
9.679800461206082218e+01 8.714695716732201447e+01
9.811868072638787908e+01 8.808111449518392533e+01
9.971987837659051479e+01 8.925317085275193563e+01
