2.156355644548499839e+01 5.281900255312078230e+01
2.315056787466260246e+01 5.296174068370407895e+01
2.446831802704844350e+01 5.311816068347336994e+01
2.560466117668295283e+01 5.328102744187849993e+01
2.664678775225534935e+01 5.344308597565225227e+01
2.765495780699156825e+01 5.359627512018960971e+01
2.865378374664129169e+01 5.373146657135885818e+01
2.966542758460949258e+01 5.383945867066368152e+01
3.070923212721851314e+01 5.391138051175289547e+01
3.178272150899625714e+01 5.394092097628948324e+01
3.287324233627218462e+01 5.392296298354518314e+01
3.396809400603712703e+01 5.385240861386640177e+01
3.505740511622613553e+01 5.372768992699676005e+01
3.613800925624926208e+01 5.355560476589289465e+01
3.720771139819249385e+01 5.334416296265629853e+01
3.826449554305052203e+01 5.310141366405645158e+01
3.930935281801841796e+01 5.283606638042678583e+01
4.034576956570587214e+01 5.255737857028589843e+01
4.137730765654339393e+01 5.227462427802792178e+01
4.240716966525648957e+01 5.199583872173764831e+01
4.343695832134995527e+01 5.172354096575126903e+01
4.446783122778450803e+01 5.145871530940200955e+01
4.550090769015235281e+01 5.120226202219747336e+01
4.653535967893997594e+01 5.095080981018621458e+01
4.756752620393823605e+01 5.069477315806747697e+01
4.859352303114307858e+01 5.042407685565743947e+01
4.960954360319662015e+01 5.012888510177477031e+01
5.061245743725438473e+01 4.980144584026048449e+01
5.159948215692350715e+01 4.943507992196708756e+01
5.256784065032120168e+01 4.902312286515587658e+01
5.351596870502169168e+01 4.856185679571824920e+01
5.444548477587481017e+01 4.805529578437040783e+01
5.535852303875926594e+01 4.750870679011215003e+01
5.625728533506182316e+01 4.692751811098152359e+01
5.714529688311363032e+01 4.632031345417094315e+01
5.802728851013267786e+01 4.569855113439443528e+01
5.890803509107658442e+01 4.507379449210435496e+01
5.979178806384634726e+01 4.445633771880804375e+01
6.068020312363402979e+01 4.385018125191366778e+01
6.157413282210968219e+01 4.325737819105342652e+01
6.247440303378874660e+01 4.267991721547638662e+01
6.338010833832961310e+01 4.211560640165384939e+01
6.428757296073399630e+01 4.155556417852197626e+01
6.519287236819675968e+01 4.099030829306261126e+01
6.609225281156638232e+01 4.041076914884334315e+01
6.698363832030375420e+01 3.981193108772978917e+01
6.786590521352209748e+01 3.919107942470958506e+01
6.873794124826645202e+01 3.854552711121237252e+01
6.959919241773118870e+01 3.787393538910006896e+01
7.045072917233775911e+01 3.717888900131825380e+01
7.129391581554912705e+01 3.646368242493647926e+01
7.213017681641224499e+01 3.573175537988824857e+01
7.296232045240343211e+01 3.498988817197570000e+01
7.379453880942845956e+01 3.424820169286969218e+01
7.463108413897697346e+01 3.351696207710492814e+01
7.547604427339447852e+01 3.280603816240657977e+01
7.633259811495170766e+01 3.212310247888260761e+01
7.720361221689820752e+01 3.147507280712431310e+01
7.809194959548651127e+01 3.086885837729500182e+01
7.900018985973946428e+01 3.031068327734614698e+01
7.993041330149472401e+01 2.980556448671276826e+01
8.088464938632921530e+01 2.935839611140592353e+01
8.186465594509270716e+01 2.897341708875976707e+01
8.286916567933036504e+01 2.864756990331321873e+01
8.389502077783485845e+01 2.837323722226599187e+01
8.493903435884192277e+01 2.814273159856073292e+01
8.599734463558243647e+01 2.794674583222706588e+01
8.706390854272711977e+01 2.777073771647557976e+01
8.813224315547009269e+01 2.759910939422019283e+01
8.919596918861712709e+01 2.741651347899800584e+01
9.025154402550651866e+01 2.721445809184745457e+01
9.129853881362993206e+01 2.699197653105818873e+01
9.233668391016919941e+01 2.674848686431128542e+01
9.336598528759955684e+01 2.648404544863923959e+01
9.438814982203606974e+01 2.620264771378476709e+01
9.540553259593221469e+01 2.590979025148370241e+01
9.642048787217450467e+01 2.561096575285187527e+01
9.743511635045445018e+01 2.531083737374983045e+01
9.845102627301821485e+01 2.501245718917022387e+01
9.946976930189487121e+01 2.471869217119754225e+01
1.004929407169037034e+02 2.443252242361270277e+01
1.015226893070214231e+02 2.415836368987251959e+01
1.025615443351988034e+02 2.390161855082428843e+01
1.036120425276673132e+02 2.366770898570874948e+01
1.046763361985052256e+02 2.346205586223164374e+01
1.057551960323328615e+02 2.329007605309102757e+01
1.068490824252977660e+02 2.315718553377999456e+01
1.079583416383066634e+02 2.306866013512197711e+01
1.090795492420891009e+02 2.302514572329806697e+01
1.102047365338988811e+02 2.302170833041927978e+01
1.113256642681968032e+02 2.305308179382411282e+01
1.124339742692892798e+02 2.311316014336991387e+01
1.135204874433304667e+02 2.319004061827644492e+01
1.145756783064126836e+02 2.326937447619784649e+01
1.155900761302935962e+02 2.333682078700199014e+01
1.165641721114963332e+02 2.338096435593497802e+01
1.175198139058596212e+02 2.339666220471152513e+01
1.184816086534807766e+02 2.337958179287953442e+01
1.194765706902374660e+02 2.332544225444906871e+01
1.205667335875062633e+02 2.323071446957994723e+01
1.218405865519492011e+02 2.309243723265634429e+01
1.233872709330297823e+02 2.290766333739258798e+01
