4.176589146819724618e+01 1.726459655959581312e+02
4.391533383059707774e+01 1.728802777119845473e+02
4.554190894469199691e+01 1.730637788201425167e+02
4.682040518956959119e+01 1.732140653658927931e+02
4.792012148642919556e+01 1.733481720749411465e+02
4.893510002559386152e+01 1.734754328775258045e+02
4.990477977108076146e+01 1.735995943195702864e+02
5.086727691832529530e+01 1.737242662016780628e+02
5.184825961600770938e+01 1.738516074816588457e+02
5.284887856065589062e+01 1.739809195630834893e+02
5.386741929781189953e+01 1.741111699108941480e+02
5.490215190356612140e+01 1.742413023596648713e+02
5.595125395879106378e+01 1.743701194528553629e+02
5.701286881589414435e+01 1.744963714482171326e+02
5.808514316639295316e+01 1.746188346543115699e+02
5.916630564622980160e+01 1.747369163051877194e+02
6.025466904643754162e+01 1.748506715812534367e+02
6.134855014859056155e+01 1.749601853150557247e+02
6.244641481939125072e+01 1.750656507307296295e+02
6.354715635592920364e+01 1.751675718135113016e+02
6.464974417580528154e+01 1.752665078916695336e+02
6.575322698554637668e+01 1.753629178362322136e+02
6.685738000263546610e+01 1.754563400455998874e+02
6.796236853329190808e+01 1.755458186847398565e+02
6.906836017481687406e+01 1.756304015426348997e+02
7.017544913753837932e+01 1.757095614173778415e+02
7.128362286926042657e+01 1.757833894054224402e+02
7.239286040465549377e+01 1.758520253265501481e+02
7.350306396435539114e+01 1.759158263558655904e+02
7.461380910858764537e+01 1.759760739965915377e+02
7.572458457893262107e+01 1.760342954166096945e+02
7.683488673632078303e+01 1.760919981892703277e+02
7.794432504365043712e+01 1.761503990231803982e+02
7.905259556357488293e+01 1.762104919180407023e+02
8.015939808228819174e+01 1.762732613426758519e+02
8.126467339965729764e+01 1.763390790677602240e+02
8.236886454939448754e+01 1.764070400992752070e+02
8.347247733886581500e+01 1.764760798617933517e+02
8.457600014597190352e+01 1.765451670788621072e+02
8.567981031347551379e+01 1.766134826065413961e+02
8.678424161262513792e+01 1.766802905442228848e+02
8.788961029214767962e+01 1.767448962829963079e+02
8.899576789559701240e+01 1.768077015124281104e+02
9.010206261800767891e+01 1.768702953851190784e+02
9.120781745618124603e+01 1.769343264982275628e+02
9.231229764015296269e+01 1.770015775953931438e+02
9.341459259703935913e+01 1.770742396713044968e+02
9.451375843190493242e+01 1.771545811014059382e+02
9.560888813071632342e+01 1.772447809367333207e+02
9.669943699742358945e+01 1.773461407053346761e+02
9.778506598388736393e+01 1.774594638623565572e+02
9.886543991004882059e+01 1.775855445290414139e+02
9.994031188155958034e+01 1.777249650196372954e+02
1.010095706099221644e+02 1.778779823152496817e+02
1.020731163282700464e+02 1.780448257553420035e+02
1.031308844968006611e+02 1.782256404288357885e+02
1.041829698576996890e+02 1.784201904790875233e+02
1.052295121506775075e+02 1.786281324314633139e+02
1.062706653894484958e+02 1.788490884775722805e+02
1.073068134707500718e+02 1.790821278628158666e+02
1.083385260050357317e+02 1.793258731284689702e+02
1.093663776373950753e+02 1.795789347112321934e+02
1.103908873247571307e+02 1.798400580888044260e+02
1.114124511887099516e+02 1.801082866084310012e+02
1.124314489471152001e+02 1.803827033955712125e+02
1.134482908379064838e+02 1.806623179704114648e+02
1.144635943929376367e+02 1.809456399222828509e+02
1.154780633576474997e+02 1.812309709191686977e+02
1.164924007666607793e+02 1.815166143466774997e+02
1.175072802500302203e+02 1.818009446047634015e+02
1.185233418438273389e+02 1.820824172254788209e+02
1.195412236898378637e+02 1.823594923156602192e+02
1.205613657863111996e+02 1.826311082971242854e+02
1.215835677358188605e+02 1.828977494954867211e+02
1.226075000037773748e+02 1.831602119711636192e+02
1.236328059932394581e+02 1.834193571050896026e+02
1.246588436586706194e+02 1.836767352664125497e+02
1.256847997532741488e+02 1.839343100533419033e+02
1.267098594638902824e+02 1.841940488435323857e+02
1.277332595286841723e+02 1.844577944971700560e+02
1.287543203129386313e+02 1.847271878808561212e+02
1.297723698290585332e+02 1.850038513902737805e+02
1.307868230783923025e+02 1.852891973996352419e+02
1.317975133404405028e+02 1.855836284146633375e+02
1.328043994592077865e+02 1.858872437848311847e+02
1.338074523012492136e+02 1.862001138338577846e+02
1.348068530310514461e+02 1.865218011682578947e+02
1.358029620370885482e+02 1.868514356984131268e+02
1.367961457718602674e+02 1.871881326944994726e+02
1.377868577536911232e+02 1.875307972322589762e+02
1.387757548862850001e+02 1.878778433741726985e+02
1.397635230656909187e+02 1.882276151893618135e+02
1.407508589152556624e+02 1.885784308499200108e+02
1.417385367995592844e+02 1.889284208509531027e+02
1.427273653333428740e+02 1.892756330034276857e+02
1.437181468113750498e+02 1.896181303762154755e+02
1.447114698049889796e+02 1.899544920164601081e+02
1.457076653152344932e+02 1.902839188061061861e+02
1.467070490072685516e+02 1.906056486515239783e+02
1.477099236503630380e+02 1.909189505932533280e+02
1.487165477324437290e+02 1.912232005790326355e+02
1.497271702444222399e+02 1.915177974849726183e+02
1.507420254307849348e+02 1.918021757880537734e+02
1.517611802728143005e+02 1.920761737726584215e+02
1.527845957849189062e+02 1.923398855487593266e+02
1.538122289182587679e+02 1.925934150358344539e+02
1.548438460532627516e+02 1.928373262295583288e+02
1.558788869605026264e+02 1.930729716277015484e+02
1.569167593194422352e+02 1.933017812024449142e+02
1.579569064704048174e+02 1.935250988325191202e+02
1.589989541510370543e+02 1.937438280479071011e+02
1.600425862603311771e+02 1.939587319638356178e+02
1.610874993184179118e+02 1.941705432256663073e+02
1.621336307601161479e+02 1.943794128642018961e+02
1.631811345903444703e+02 1.945849690682226480e+02
1.642301727525809270e+02 1.947868208613176648e+02
1.652809890018227748e+02 1.949843797668298180e+02
1.663340295909274573e+02 1.951765684603496140e+02
1.673897715600068636e+02 1.953622352943112901e+02
1.684486601022175023e+02 1.955403055136002308e+02
1.695108939377716695e+02 1.957102994563688014e+02
1.705765568172190001e+02 1.958720150477174684e+02
1.716457289024317276e+02 1.960252588783449710e+02
1.727183812901597832e+02 1.961701009055391864e+02
1.737943464064383932e+02 1.963069459437104456e+02
1.748734477038959483e+02 1.964362204759322026e+02
1.759554177156130095e+02 1.965585705102629959e+02
1.770396571754600927e+02 1.966754431829905911e+02
1.781254911497897808e+02 1.967884683294058732e+02
1.792122184577149824e+02 1.968993391520621401e+02
1.802988172219056082e+02 1.970105230932456664e+02
1.813840510214026835e+02 1.971250055560913097e+02
1.824666822753060273e+02 1.972457747429055814e+02
1.835457376996789662e+02 1.973751806630777992e+02
1.846207227425269366e+02 1.975144173409638029e+02
1.856911933187480201e+02 1.976645569394605104e+02
1.867568384346905077e+02 1.978263501817697545e+02
1.878180714579816879e+02 1.979987983288346811e+02
1.888755509967444368e+02 1.981803103418669991e+02
1.899299408411277454e+02 1.983692826230991955e+02
1.909820091895297764e+02 1.985638585002448337e+02
1.920326232347798907e+02 1.987619413490198781e+02
1.930826539833221318e+02 1.989614252990461694e+02
1.941329270339072934e+02 1.991603133768719545e+02
1.951841488347834002e+02 1.993568943562951858e+02
1.962370065269901716e+02 1.995495033137438554e+02
1.972921611884517574e+02 1.997365380632518281e+02
1.983500582741482958e+02 1.999169154537765394e+02
1.994110368000444566e+02 2.000898085480395707e+02
2.004754330142372680e+02 2.002543970967743689e+02
2.015434988024825032e+02 2.004100649840033270e+02
2.026153728685006286e+02 2.005564699626449681e+02
2.036911859792624000e+02 2.006932889903345654e+02
2.047709603151915303e+02 2.008204631191129579e+02
2.058542968037573075e+02 2.009389579344586991e+02
2.069406942344090226e+02 2.010499874327288126e+02
2.080296639919799873e+02 2.011547364235874227e+02
2.091208835490564297e+02 2.012540048493324605e+02
2.102141476754063376e+02 2.013483208449993640e+02
2.113092552907131392e+02 2.014382028969448015e+02
2.124061991579098390e+02 2.015237165930512049e+02
2.135053432788757846e+02 2.016040601525771194e+02
2.146070935870423568e+02 2.016783338252311637e+02
2.157117818767569020e+02 2.017458235935716857e+02
2.168193103838319757e+02 2.018068915679776865e+02
2.179294270075571092e+02 2.018622865018874393e+02
2.190418700466358928e+02 2.019127810436182813e+02
2.201561616188792811e+02 2.019596858181761263e+02
2.212716076612053939e+02 2.020048494272554365e+02
2.223875047577283510e+02 2.020501437253731467e+02
2.235031850198899974e+02 2.020973352311461895e+02
2.246180794408920747e+02 2.021478972860880106e+02
2.257316360803021098e+02 2.022032526311997174e+02
2.268433543204779710e+02 2.022646770403295022e+02
2.279531879275946835e+02 2.023321451208184101e+02
2.290613279253576025e+02 2.024049520729945471e+02
2.301679728274707202e+02 2.024823684767848135e+02
2.312735793925084238e+02 2.025627745029603091e+02
2.323789700426482341e+02 2.026432895413126687e+02
2.334849949304297070e+02 2.027209373694029750e+02
2.345923631474727813e+02 2.027929068431102166e+02
2.357012020007783804e+02 2.028570676590948665e+02
2.368114888304862973e+02 2.029114650146253211e+02
2.379231688637017328e+02 2.029541772905109838e+02
2.390357293752566079e+02 2.029837560856267942e+02
2.401483162967148814e+02 2.029991057207587346e+02
2.412600670775294418e+02 2.029991395552535209e+02
2.423700732520992460e+02 2.029828571509216601e+02
2.434773333406307927e+02 2.029494326975420790e+02
2.445808346203729400e+02 2.028980614928004229e+02
2.456796248632030881e+02 2.028280469232905432e+02
2.467731251712763765e+02 2.027393594242856807e+02
2.478608989211521987e+02 2.026322236401584291e+02
2.489425127430435509e+02 2.025068617549983117e+02
2.500176086882325421e+02 2.023634208587966441e+02
2.510859083537055767e+02 2.022019688406920181e+02
2.521471371826937116e+02 2.020225698395137783e+02
2.532010796346239374e+02 2.018253287621447498e+02
2.542476944837211477e+02 2.016104709311408101e+02
2.552869725321631620e+02 2.013782437937859982e+02
2.563189771282035281e+02 2.011290542162369377e+02
2.573444597964748368e+02 2.008648213215397220e+02
2.583645519880603842e+02 2.005882991152070360e+02
2.593803908324663894e+02 2.003022538319971204e+02
2.603932055290464405e+02 2.000096404538551269e+02
2.614043629017136823e+02 1.997136960990528394e+02
2.624152410381941536e+02 1.994176809771682599e+02
2.634272034228844177e+02 1.991248184189736889e+02
2.644415495051324569e+02 1.988381700430705905e+02
2.654595611874160568e+02 1.985607531557263883e+02
2.664824894417021142e+02 1.982955111670018482e+02
2.675111071348472933e+02 1.980442452451077884e+02
2.685458111019527792e+02 1.978078581800533584e+02
2.695869862635631762e+02 1.975872242958365632e+02
2.706347027269935666e+02 1.973824656314304775e+02
2.716883557002705061e+02 1.971920914707524162e+02
2.727472531871732144e+02 1.970144027124194110e+02
2.738106902120988480e+02 1.968476708505877468e+02
2.748778764297970270e+02 1.966899739766409425e+02
2.759479870046748715e+02 1.965393120449658397e+02
2.770201983377112356e+02 1.963936881637243346e+02
2.780937242737451811e+02 1.962512001668059156e+02
2.791678203105300327e+02 1.961100512619215692e+02
2.802417441264020681e+02 1.959684501731937303e+02
2.813147598617133553e+02 1.958246218764656987e+02
2.823861519220710647e+02 1.956768423139135962e+02
2.834552086751821207e+02 1.955233973922412076e+02
2.845212163613417147e+02 1.953625678660757785e+02
2.855834395689396388e+02 1.951925820543676195e+02
2.866411302528849774e+02 1.950116376808321093e+02
2.876935424460770605e+02 1.948179374765025216e+02
2.887400711505440540e+02 1.946100239847836235e+02
2.897803338807584623e+02 1.943869761252509250e+02
2.908139677685563811e+02 1.941479201060097353e+02
2.918407145206656992e+02 1.938922344262843467e+02
2.928608034409520542e+02 1.936204739329431845e+02
2.938746058343083405e+02 1.933335360560262188e+02
2.948824981454293379e+02 1.930323306102317247e+02
2.958849428786373892e+02 1.927179747752574599e+02
2.968824739477334447e+02 1.923917577955268143e+02
2.978756274466649074e+02 1.920549741682902436e+02
2.988649437494597692e+02 1.917089286245042672e+02
2.998509729451003523e+02 1.913549491236551034e+02
3.008342664631084631e+02 1.909943668304698576e+02
3.018153898360843073e+02 1.906285469493391247e+02
3.027950075317041865e+02 1.902590934776808353e+02
3.037738263700695711e+02 1.898877126361503827e+02
3.047525495549577954e+02 1.895161019152149606e+02
3.057317622314532741e+02 1.891456738015839960e+02
3.067119110168733869e+02 1.887775063641153110e+02
3.076934345935716237e+02 1.884126585159861804e+02
3.086766085280704601e+02 1.880517953877371724e+02
3.096611650184536302e+02 1.876942703484764650e+02
3.106467232589441210e+02 1.873391639614283690e+02
3.116328870535674014e+02 1.869855196377925495e+02
3.126190919027990844e+02 1.866319745030236845e+02
3.136046695576224579e+02 1.862769152306995011e+02
3.145889508869890392e+02 1.859187263654585820e+02
3.155713140861491866e+02 1.855559067192434100e+02
3.165512162587968419e+02 1.851871456250245558e+02
3.175281219896542098e+02 1.848111504783925909e+02
3.185015146299547268e+02 1.844266739817710175e+02
3.194709705947174143e+02 1.840326935157552271e+02
3.204360950936397217e+02 1.836282559781613486e+02
3.213965116750094921e+02 1.832124525393961392e+02
3.223521793690021013e+02 1.827851842822857975e+02
3.233033508506926523e+02 1.823470612002121527e+02
3.242502892775251553e+02 1.818987185928201882e+02
3.251934308405004117e+02 1.814412094862838103e+02
3.261336277764707461e+02 1.809765912980202813e+02
3.270717935770965141e+02 1.805070693228803407e+02
3.280088517111944384e+02 1.800348729371600882e+02
3.289458003591074657e+02 1.795624118452403764e+02
3.298836715721097335e+02 1.790921775043534865e+02
3.308234895141066545e+02 1.786266423291748993e+02
3.317659966730813039e+02 1.781675986851479649e+02
3.327115868685718851e+02 1.777159971486616996e+02
3.336606322693237416e+02 1.772727360246691148e+02
3.346134184079610918e+02 1.768385044650896987e+02
3.355699241430476150e+02 1.764132512630954466e+02
3.365300605086119958e+02 1.759967614729116292e+02
3.374937355386178979e+02 1.755888129175228585e+02
3.384608219572366465e+02 1.751890983105622297e+02
3.394311695003250975e+02 1.747972549555203727e+02
3.404046277165106744e+02 1.744129197077024287e+02
3.413810640459589649e+02 1.740357728179557739e+02
3.423603774507999447e+02 1.736655709929750344e+02
3.433424701018327028e+02 1.733020787220126522e+02
3.443272260523924615e+02 1.729450168879604917e+02
3.453144337703726023e+02 1.725938763120842907e+02
3.463038503154181171e+02 1.722480722201120784e+02
3.472952312135228112e+02 1.719070161695282764e+02
3.482883016879727620e+02 1.715700472442878208e+02
3.492827589857620865e+02 1.712364376187934454e+02
3.502782993009085430e+02 1.709054569495453961e+02
3.512746170168316553e+02 1.705763707537213634e+02
3.522714019029290853e+02 1.702484340000877978e+02
3.532683430043232988e+02 1.699209000016006996e+02
3.542651270034695585e+02 1.695930162713374045e+02
3.552614216798061193e+02 1.692639839192255522e+02
3.562568857415273555e+02 1.689329817870928139e+02
3.572511775338612097e+02 1.685991877737711206e+02
3.582439433750871558e+02 1.682617482088543852e+02
3.592348138759172116e+02 1.679197681915314035e+02
3.602234185889374203e+02 1.675723500434923778e+02
3.612094050196073454e+02 1.672186369307429459e+02
3.621924882221586586e+02 1.668579256984927781e+02
3.631723991348847562e+02 1.664895493295442748e+02
3.641488765310800204e+02 1.661128587167233661e+02
3.651217586100975154e+02 1.657274320308094673e+02
3.660909519152859275e+02 1.653330036700713208e+02
3.670563649069940766e+02 1.649293124048675452e+02
3.680179659694274505e+02 1.645162329427509746e+02
3.689758350904699000e+02 1.640938931640836813e+02
3.699300644380505219e+02 1.636624485796435806e+02
3.708807834199898252e+02 1.632221431612040305e+02
3.718283305528119627e+02 1.627737176049651566e+02
3.727731172888888409e+02 1.623180858615961597e+02
3.737155579790492084e+02 1.618561697105447479e+02
3.746561288988167462e+02 1.613890587284143407e+02
3.755953666217133105e+02 1.609180058811090532e+02
3.765338102432664300e+02 1.604442710165224923e+02
3.774720138466145158e+02 1.599691843554673198e+02
3.784105720157564292e+02 1.594942662867469210e+02
3.793500861082966367e+02 1.590210690039932331e+02
3.802911587830460007e+02 1.585511696481587762e+02
3.812344038334047696e+02 1.580863588375104030e+02
3.821804407060470226e+02 1.576285355774170398e+02
3.831298872674166205e+02 1.571796000687160983e+02
3.840832889695390122e+02 1.567414678634086727e+02
3.850410914594867791e+02 1.563160756711909301e+02
3.860037331042516371e+02 1.559053617450661591e+02
3.869715643167363623e+02 1.555111403453944661e+02
3.879445836934866065e+02 1.551347297619614665e+02
3.889227018769591950e+02 1.547773242919092809e+02
3.899058128592511707e+02 1.544400850955925648e+02
3.908935823673708683e+02 1.541237190505638353e+02
3.918855105084511479e+02 1.538286034252318757e+02
3.928810930509046102e+02 1.535551040693937352e+02
3.938797464170070839e+02 1.533030743805435065e+02
3.948807307502906951e+02 1.530713584392069606e+02
3.958832879312890896e+02 1.528586823754193631e+02
3.968866545596041533e+02 1.526633817101673287e+02
3.978900356589963394e+02 1.524814564279452327e+02
3.988926245683782099e+02 1.523080422325695906e+02
3.998936271410220229e+02 1.521382606863146805e+02
4.008925517916472927e+02 1.519669256985751531e+02
4.018892176588092866e+02 1.517885352261217804e+02
4.028834579868609467e+02 1.515975735487306224e+02
4.038750475955404795e+02 1.513892298571710455e+02
4.048635937999130761e+02 1.511607143377529496e+02
4.058486740843586631e+02 1.509095970932039847e+02
4.068298856130554100e+02 1.506336614760695909e+02
4.078070058728278013e+02 1.503326448107371789e+02
4.087799091719353441e+02 1.500073335763250100e+02
4.097484770051786995e+02 1.496585434107876722e+02
4.107129093175645380e+02 1.492880624743523867e+02
4.116738693317938100e+02 1.488990937414536688e+02
4.126320567779109751e+02 1.484949516771279150e+02
4.135880330797820648e+02 1.480785592278698743e+02
4.145417714985919133e+02 1.476511743632529772e+02
4.154930889757274599e+02 1.472136125411716137e+02
4.164417775625263403e+02 1.467666086930633753e+02
4.173872598935884071e+02 1.463097025736155103e+02
4.183286757490266154e+02 1.458415188162667846e+02
4.192651585704681452e+02 1.453606600342256741e+02
4.201959763522562525e+02 1.448659246319743943e+02
4.211206774750160093e+02 1.443565190116120789e+02
4.220388453645447271e+02 1.438317005704095095e+02
4.229501157348155971e+02 1.432908295274773991e+02
4.238544574038173778e+02 1.427339211327588941e+02
4.247519699035324834e+02 1.421612476781195085e+02
4.256427634650206642e+02 1.415731055143167794e+02
4.265272255060166913e+02 1.409704166224240680e+02
4.274060436808569534e+02 1.403547806391798645e+02
4.282799206743956120e+02 1.397278311279013110e+02
4.291495941497077524e+02 1.390912833123056487e+02
4.300159082198877059e+02 1.384471009350702104e+02
4.308797271747889113e+02 1.377972948436741660e+02
4.317419054012792685e+02 1.371438531655477391e+02
4.326031999992989086e+02 1.364885408263573083e+02
4.334643128497411908e+02 1.358329960647743349e+02
4.343259442768430176e+02 1.351788535969682243e+02
4.351887405651337986e+02 1.345276270198303052e+02
4.360532649947634241e+02 1.338806438924135875e+02
4.369200737934882000e+02 1.332392159672311891e+02
4.377896611645036273e+02 1.326045080011728601e+02
4.386622408619917906e+02 1.319770200986590112e+02
4.395379474126491459e+02 1.313570645982720180e+02
4.404168953218537013e+02 1.307449058674302194e+02
4.412988766670417249e+02 1.301400357328186885e+02
4.421834230484275849e+02 1.295413219149644704e+02
4.430700585221153460e+02 1.289476140633681496e+02
4.439582880533271805e+02 1.283577170400164960e+02
4.448475744971648851e+02 1.277703369158882936e+02
4.457373750852439684e+02 1.271841665691740957e+02
4.466271485749613817e+02 1.265979026158314724e+02
4.475163640868992729e+02 1.260102670589281786e+02
4.484044950516914128e+02 1.254199924600361413e+02
4.492910213723544643e+02 1.248258269912622893e+02
4.501756142007561721e+02 1.242269800758983536e+02
4.510581631857509137e+02 1.236231881050738934e+02
4.519385699377485253e+02 1.230142163186058042e+02
4.528168146949219590e+02 1.224000195259954040e+02
4.536931318186948374e+02 1.217811652219145913e+02
4.545678069149866474e+02 1.211583444503079079e+02
4.554411309263781504e+02 1.205322610863601085e+02
4.563134510855226722e+02 1.199037543467050142e+02
4.571851483857297467e+02 1.192737446206564016e+02
4.580566036617582881e+02 1.186431519074240555e+02
4.589281557696396590e+02 1.180127946692560670e+02
4.598000754670609354e+02 1.173833266540419942e+02
4.606726272845854737e+02 1.167553865476816384e+02
4.615460467179595412e+02 1.161295429108133419e+02
4.624204296517416992e+02 1.155060271133526726e+02
4.632958300600787425e+02 1.148849693026542269e+02
4.641723114582267726e+02 1.142665226594583885e+02
4.650501047309101637e+02 1.136512444146966629e+02
4.659295834015530886e+02 1.130400361464172505e+02
4.668111253478717799e+02 1.124338099444893118e+02
4.676950533339817184e+02 1.118333448565353763e+02
4.685815613788741985e+02 1.112391091440822777e+02
4.694708251490756652e+02 1.106515267664663043e+02
4.703629910887013352e+02 1.100709511396553069e+02
4.712579938656692775e+02 1.094972244484818589e+02
4.721556748464601014e+02 1.089299636466137571e+02
4.730558738999233128e+02 1.083687820728551117e+02
4.739583948482359119e+02 1.078132060634006422e+02
4.748629980716772820e+02 1.072626571026459459e+02
4.757694413655770518e+02 1.067165504359253703e+02
4.766774943889638507e+02 1.061743299556035396e+02
4.775869675379408932e+02 1.056355379210090319e+02
4.784976799454857428e+02 1.050997376882197614e+02
4.794094485180816037e+02 1.045664872384611783e+02
4.803220649079074747e+02 1.040352835880086531e+02
4.812353047676921847e+02 1.035055851297882015e+02
4.821489428576581986e+02 1.029768481020201989e+02
4.830627028468232993e+02 1.024484053938631689e+02
4.839762208414870202e+02 1.019193784925502939e+02
4.848891243444590486e+02 1.013888681139820278e+02
4.858010223624899027e+02 1.008559303162430467e+02
4.867114292991233242e+02 1.003193927426760013e+02
4.876198293916173725e+02 9.977801020162519308e+01
4.885257118216580920e+02 9.923054943693415453e+01
4.894286605872363225e+02 9.867600607241277544e+01
4.903283449213985250e+02 9.811358148336499596e+01
4.912244373276953979e+02 9.754248493988703217e+01
4.921166947839659542e+02 9.696212963429984200e+01
4.930050833567289601e+02 9.637243350219941362e+01
4.938896009018091036e+02 9.577339121905296793e+01
4.947702789834395389e+02 9.516507883669581247e+01
4.956474100451316076e+02 9.454820220258395125e+01
4.965214082200313328e+02 9.392376093836597306e+01
4.973926899668518899e+02 9.329276028072062843e+01
4.982617325944220283e+02 9.265635239654761790e+01
4.991290907793762699e+02 9.201587626699360101e+01
4.999953242035622338e+02 9.137268295892044989e+01
5.008609947776354261e+02 9.072812896941807992e+01
5.017266725460005432e+02 9.008359061249608146e+01
5.025929294079811598e+02 8.944044872145502723e+01
5.034603236164779219e+02 8.880005121195422646e+01
5.043292466884068403e+02 8.816334380229672263e+01
5.051999785955019888e+02 8.753100314362792744e+01
5.060727958041094894e+02 8.690369743219065413e+01
5.069478358090142365e+02 8.628175970886852042e+01
5.078249843801042971e+02 8.566491593388187198e+01
5.087041007509708948e+02 8.505282807031140635e+01
5.095850761748801006e+02 8.444523553590832421e+01
5.104679761748443525e+02 8.384229930190407742e+01
5.113529252748196541e+02 8.324432306110760749e+01
5.122400518023505356e+02 8.265161970615845632e+01
5.131295627378481186e+02 8.206469236901786246e+01
5.140217396362511408e+02 8.148422455660377750e+01
5.149168669073355886e+02 8.091090668061065116e+01
5.158151855919414857e+02 8.034532411383547412e+01
5.167168229301375959e+02 7.978778660535428457e+01
5.176218877216580267e+02 7.923855924203438406e+01
5.185304832580807215e+02 7.869789337261784112e+01
5.194426672614189329e+02 7.816592668886640638e+01
5.203584749589580269e+02 7.764274077748663672e+01
5.212779405256746941e+02 7.712841453958556315e+01
5.222010607525157866e+02 7.662293108311507694e+01
5.231277822753409055e+02 7.612614499820591618e+01
5.240580482130183100e+02 7.563790186301370966e+01
5.249918233936817842e+02 7.515809589029640847e+01
5.259291568648487782e+02 7.468680996691942653e+01
5.268701180940748827e+02 7.422417272613290606e+01
5.278147628613712641e+02 7.377027868441579983e+01
5.287629664573406671e+02 7.332477248090448541e+01
5.297144767044346736e+02 7.288698103507444159e+01
5.306690384265377816e+02 7.245622378100968319e+01
5.316263597274628410e+02 7.203172732113078780e+01
5.325860783865659869e+02 7.161254047127553690e+01
5.335478242400351974e+02 7.119769196623303742e+01
5.345112784735622427e+02 7.078633854396467484e+01
5.354764197895675579e+02 7.037837858708347483e+01
5.364433337855606396e+02 6.997397694446395633e+01
5.374121092145513785e+02 6.957330907330090497e+01
5.383829041974806842e+02 6.917678642387457444e+01
5.393559462232227588e+02 6.878505643955008964e+01
5.403314658124553489e+02 6.839877695472451080e+01
5.413097055984312647e+02 6.801870577154407727e+01
5.422909419268361262e+02 6.764587892830468263e+01
5.432754569619085032e+02 6.728138048510041358e+01
5.442634893086221837e+02 6.692622213124604968e+01
5.452548919221326287e+02 6.658077482489908050e+01
5.462493163896765509e+02 6.624507496500461912e+01
5.472464101954891476e+02 6.591915496490506143e+01
5.482457088684431028e+02 6.560299591790916907e+01
5.492465894134446671e+02 6.529650625036987321e+01
5.502484168136220433e+02 6.499958887788936579e+01
5.512506483990817969e+02 6.471239403857887851e+01
5.522531223712081783e+02 6.443609201517013219e+01
5.532557751087297220e+02 6.417211602771615730e+01
5.542585606546956569e+02 6.392190008562229764e+01
5.552616849563431742e+02 6.368688945114958244e+01
5.562655417223948007e+02 6.346853777408489350e+01
5.572705304444382364e+02 6.326829457609599672e+01
5.582772340615924804e+02 6.308699643635134180e+01
5.592866071388980345e+02 6.292423824209095073e+01
5.602996491611474994e+02 6.277946479281459347e+01
5.613173797277822814e+02 6.265194745778144636e+01
5.623409425717004524e+02 6.253988731684856361e+01
5.633715287324747578e+02 6.244107756764027783e+01
5.644103089647757088e+02 6.235332919044230238e+01
5.654579371616623575e+02 6.227492456416073452e+01
5.665145220883961201e+02 6.220464324622071928e+01
5.675801462359138441e+02 6.214128841555407234e+01
5.686545931860383689e+02 6.208350674538682057e+01
5.697367636395371164e+02 6.202948264159855540e+01
5.708253960798924709e+02 6.197731557478409314e+01
5.719192247611294988e+02 6.192512766245742739e+01
5.730169438163925406e+02 6.187125585215254375e+01
5.741172252290061806e+02 6.181415569414757272e+01
5.752187471567845023e+02 6.175229658740867933e+01
5.763205370552291242e+02 6.168483502685062092e+01
5.774221445045322980e+02 6.161195456760921729e+01
5.785231618179195721e+02 6.153392282404894331e+01
5.796231973333555061e+02 6.145096158380268037e+01
5.807219296566770481e+02 6.136309168601545139e+01
5.818190566485092177e+02 6.127027890597094739e+01
5.829142579916888280e+02 6.117242974409089840e+01
5.840069323758395967e+02 6.106853447455635830e+01
5.850962574881959881e+02 6.095686275560972689e+01
5.861814059128229246e+02 6.083566647785399084e+01
5.872617032133463226e+02 6.070349562582485703e+01
5.883368029122815415e+02 6.055953924037423519e+01
5.894064009079593234e+02 6.040306893530400600e+01
5.904702388254501102e+02 6.023345882823895181e+01
5.915283590495712360e+02 6.005075723803431487e+01
5.925809254756188693e+02 5.985528486877842624e+01
5.936281053061734383e+02 5.964737034297982632e+01
5.946701491036210427e+02 5.942754332205170442e+01
5.957074001606059710e+02 5.919655710504303414e+01
5.967402066189232528e+02 5.895517668818029478e+01
5.977689184758979764e+02 5.870417729962436226e+01
5.987938915479087427e+02 5.844436625546988751e+01
5.998154827890278966e+02 5.817655714538675227e+01
6.008340509842603296e+02 5.790156948720581909e+01
6.018499735530725729e+02 5.762028313309799898e+01
6.028636387877905918e+02 5.733361313919085944e+01
6.038754352230062068e+02 5.704247532503931950e+01
6.048857580974095072e+02 5.674780589407048126e+01
6.058950132317602311e+02 5.645057322459464899e+01
6.069036073797669815e+02 5.615174853155613022e+01
6.079118988025945782e+02 5.585218501278342274e+01
6.089200196571833885e+02 5.555218559244999454e+01
6.099280362530158754e+02 5.525189294066231582e+01
6.109360069410505503e+02 5.495142977916268023e+01
6.119438565204903853e+02 5.465058406756840270e+01
6.129513989736407211e+02 5.434886599078515701e+01
6.139584452628445206e+02 5.404577809468131022e+01
6.149648830881566255e+02 5.374099940134502162e+01
6.159707743293781732e+02 5.343460949971413498e+01
6.169762049008922986e+02 5.312674325183670021e+01
6.179813134588532648e+02 5.281766141370515300e+01
6.189866086503645874e+02 5.250850790503456267e+01
6.199927575093688574e+02 5.220080471292284585e+01
6.210004320778064084e+02 5.189608651108407145e+01
6.220104421569977831e+02 5.159623970195846709e+01
6.230237591924316121e+02 5.130356339961443979e+01
6.240413638440820705e+02 5.102038025229222740e+01
6.250641950151971287e+02 5.074894609762879583e+01
6.260930525097924146e+02 5.049129421501569226e+01
6.271287072035362371e+02 5.024941159859963591e+01
6.281719039171471195e+02 5.002524256368201350e+01
6.292231025405747005e+02 4.982026469980962702e+01
6.302825873202816638e+02 4.963566788685074016e+01
6.313506361828104900e+02 4.947263155805858048e+01
6.324272515838002846e+02 4.933187696282577406e+01
6.335119766786513082e+02 4.921336140795516911e+01
6.346043110781438372e+02 4.911696977357354399e+01
6.357036524349076672e+02 4.904242684164749733e+01
6.368088927875280660e+02 4.898866346175621800e+01
6.379187677335684157e+02 4.895436483445841702e+01
6.390320143899165259e+02 4.893822175584225675e+01
6.401473985299568312e+02 4.893902876671581481e+01
6.412637110099005895e+02 4.895567121489954587e+01
6.423797441141408626e+02 4.898703746123356950e+01
6.434944677073817729e+02 4.903199953728720573e+01
6.446072786324962181e+02 4.908939021215658016e+01
6.457176365967401352e+02 4.915803647428833756e+01
6.468250743219655305e+02 4.923670585990709725e+01
6.479296712821933397e+02 4.932372071163712235e+01
6.490317548249147421e+02 4.941720154083423466e+01
6.501316476420333856e+02 4.951529211776366424e+01
6.512294665954765378e+02 4.961698454349025411e+01
6.523250737635283940e+02 4.972232101302471108e+01
6.534183154020773827e+02 4.983140892898924790e+01
6.545089505802721987e+02 4.994463895793010266e+01
6.555964297441254303e+02 5.006340446245922493e+01
6.566801350840528357e+02 5.018932056308433687e+01
6.577594523237402200e+02 5.032399805841151874e+01
6.588338087723142280e+02 5.046899687966997305e+01
6.599026588129553375e+02 5.062584384106257573e+01
6.609654561268209818e+02 5.079606784904808592e+01
6.620215529484191848e+02 5.098142937206546321e+01
6.630701227798539321e+02 5.118409685288867195e+01
6.641103209297821195e+02 5.140628026262376693e+01
6.651413791618681444e+02 5.164999961524237904e+01
6.661629326066819203e+02 5.191627273497548600e+01
6.671747489364045123e+02 5.220578813832145215e+01
6.681766098660248190e+02 5.251920063862826993e+01
6.691685764260030282e+02 5.285649481765923952e+01
6.701509675185111519e+02 5.321703648097646067e+01
6.711241120559363935e+02 5.360016744534735267e+01
6.720884845588510643e+02 5.400489335776422450e+01
6.730449306073393245e+02 5.442936318952290975e+01
6.739943540276317435e+02 5.487159143737697775e+01
6.749376767070941696e+02 5.532955439705753520e+01
6.758759650350098127e+02 5.580092272896473560e+01
6.768103547447301480e+02 5.628322042418452753e+01
6.777419756703413896e+02 5.677398564169957496e+01
6.786717082840858666e+02 5.727135047780182475e+01
6.796001073838982620e+02 5.777422272934229852e+01
6.805277058249982929e+02 5.828156245660898804e+01
6.814549133545783661e+02 5.879257801461250210e+01
6.823816765184394626e+02 5.930741198225332766e+01
6.833078329407920819e+02 5.982642662074110262e+01
6.842332032759908316e+02 6.034999175264414362e+01
6.851573928311374857e+02 6.087857315406624537e+01
6.860798588868329944e+02 6.141270255814664836e+01
6.870000555646602152e+02 6.195290936247896241e+01
6.879174109465449192e+02 6.249934348972019649e+01
6.888313046175094314e+02 6.305144811897588397e+01
6.897411108697881446e+02 6.360858929777213433e+01
6.906461693389726406e+02 6.417000669192181306e+01
6.915456250573512307e+02 6.473423031114371895e+01
6.924385551807602042e+02 6.529954264141279907e+01
6.933240260862879722e+02 6.586421855291179384e+01
6.942008692628252220e+02 6.642637147158652056e+01
6.950676874813337918e+02 6.698395762011666932e+01
6.959230740493212579e+02 6.753492693956130211e+01
6.967656290271795569e+02 6.807737183601251729e+01
6.975939707235452261e+02 6.860976969730751307e+01
6.984067204990004711e+02 6.913066229792563888e+01
6.992048582811174811e+02 6.964012859497863417e+01
7.000095465475699257e+02 7.015140140791223189e+01
7.008521948981940568e+02 7.068439205980803308e+01
7.017653144808351726e+02 7.125968810137297282e+01
7.028269294811442478e+02 7.192568124599253565e+01
7.041777922909446943e+02 7.276908420984776171e+01
7.059632308907437164e+02 7.387940496116726763e+01
