2.132092923370048965e+01 1.573408474446050889e+02
2.317653405054869253e+01 1.568496082917207275e+02
2.466327996424180569e+01 1.564503698176806950e+02
2.590236653665457922e+01 1.561134549708660302e+02
2.701333764164299822e+01 1.558095171957595539e+02
2.807229729155335107e+01 1.555178810782270205e+02
2.910870574525559107e+01 1.552271818825514629e+02
3.014972577782992857e+01 1.549265134796063705e+02
3.121731855295529101e+01 1.546060033665252718e+02
3.230893279595580481e+01 1.542606499733189764e+02
3.341480331097265832e+01 1.538868852277739165e+02
3.452525366515806127e+01 1.534812309818122458e+02
3.563374937782680263e+01 1.530433497728985230e+02
3.673764708176837956e+01 1.525767936833413785e+02
3.783454515515003891e+01 1.520853564433719214e+02
3.892271650073681855e+01 1.515735025107903198e+02
4.000418517820572362e+01 1.510494263843239935e+02
4.108227165840997941e+01 1.505226116761284629e+02
4.216027582930787787e+01 1.500024700313613835e+02
4.324043413135787972e+01 1.494948458152856290e+02
4.432346233305658245e+01 1.490004823773477085e+02
4.540995925436182290e+01 1.485197307691410629e+02
4.650024604620632829e+01 1.480522873330618836e+02
4.759281541059010578e+01 1.475935371552099582e+02
4.868542055347847963e+01 1.471371216815544756e+02
4.977582182231942909e+01 1.466767027951962632e+02
5.086244322032590048e+01 1.462077661796026291e+02
5.194480647716572719e+01 1.457288141934764667e+02
5.302253631043409854e+01 1.452386322178787452e+02
5.409527656445759192e+01 1.447360773451115676e+02
5.516282099602917555e+01 1.442205687294831193e+02
5.622503405268803078e+01 1.436917905638509865e+02
5.728178007302339836e+01 1.431494274927664776e+02
5.833286268374482120e+01 1.425930360744313248e+02
5.937796906164385291e+01 1.420219271878665950e+02
6.041677320591026756e+01 1.414353839107646422e+02
6.144904442990424798e+01 1.408329173419544418e+02
6.247544766509999192e+01 1.402161811773128761e+02
6.349713856202147610e+01 1.395880030652878645e+02
6.451527885399380580e+01 1.389512251892910228e+02
6.553125424555517498e+01 1.383092219400428178e+02
6.654695015060124774e+01 1.376665551330606831e+02
6.756431959697870582e+01 1.370279472502194835e+02
6.858524255920215751e+01 1.363979438512910747e+02
6.961076817706010900e+01 1.357790783629585292e+02
7.064141818229045100e+01 1.351726069239477965e+02
7.167770469272238643e+01 1.345797623989133740e+02
7.271955721408633622e+01 1.340003710759674220e+02
7.376538783278282096e+01 1.334305957998454915e+02
7.481336472884207467e+01 1.328660105621169976e+02
7.586165052462317249e+01 1.323021760266619253e+02
7.690833038901855900e+01 1.317344671184575873e+02
7.795143265686088796e+01 1.311581224703778048e+02
7.898898449194967952e+01 1.305683779094778458e+02
8.001925181910580420e+01 1.299610459694264648e+02
8.104122917204394128e+01 1.293336990757103422e+02
8.205404957695053270e+01 1.286842441704133364e+02
8.305690985623540712e+01 1.280107422195710285e+02
8.405011373565245947e+01 1.273139265986231692e+02
8.503490234991234331e+01 1.265967938801754258e+02
8.601254644659428550e+01 1.258624121315171465e+02
8.698453273637210259e+01 1.251143707349974932e+02
8.795312262627186328e+01 1.243581291187525721e+02
8.892075116646063293e+01 1.235995658695003812e+02
8.988981209998534894e+01 1.228444598385778619e+02
9.086178846568880374e+01 1.220963909965827128e+02
9.183727394235441466e+01 1.213567919684695653e+02
9.281682517122702336e+01 1.206270059526485738e+02
9.380074937982753625e+01 1.199077740337850031e+02
9.478830020072840057e+01 1.191972937957694256e+02
9.577845310741221851e+01 1.184930913140908331e+02
9.677018431995411163e+01 1.177926945045374367e+02
9.776249158196461053e+01 1.170936843346312770e+02
9.875439687198047523e+01 1.163937015067302525e+02
9.974492346138713117e+01 1.156903899098371369e+02
1.007332772851014511e+02 1.149818351797495524e+02
1.017195736808200763e+02 1.142683222186435898e+02
1.027042104454111495e+02 1.135508190176115733e+02
1.036875912422273132e+02 1.128303077811648478e+02
1.046703443681692818e+02 1.121083149750851931e+02
1.056533899270622499e+02 1.113870740797949850e+02
1.066376675246792445e+02 1.106688658266950824e+02
1.076240591896447825e+02 1.099558304164007865e+02
1.086131083563200548e+02 1.092492816293415245e+02
1.096052350934449038e+02 1.085502321426768191e+02
1.106008469571839186e+02 1.078596639885243462e+02
1.115996721572583255e+02 1.071768953021705642e+02
1.126004194071957301e+02 1.064987472065122347e+02
1.136017135227087493e+02 1.058218353367902580e+02
1.146022257053156181e+02 1.051428773626390267e+02
1.156009506482151323e+02 1.044593025351150004e+02
1.165970208021765018e+02 1.037688431292280029e+02
1.175895762822974149e+02 1.030692498082193396e+02
1.185783538164409379e+02 1.023597130945187246e+02
1.195641265809111076e+02 1.016419248646961080e+02
1.205477713762428351e+02 1.009178270809873368e+02
1.215301850105107633e+02 1.001894461166354802e+02
1.225124307299042101e+02 9.945951054060317631e+01
1.234956543200862882e+02 9.873109715257774610e+01
1.244809958296994665e+02 9.800727309193185022e+01
1.254687146404816644e+02 9.728941333595052754e+01
1.264572942985344781e+02 9.657548067313045692e+01
1.274450048766059638e+02 9.586302771246297993e+01
1.284299764087530207e+02 9.514936815722251140e+01
1.294089382635474692e+02 9.442942617827287677e+01
1.303778135418534134e+02 9.369675045544195768e+01
1.313325185403410273e+02 9.294487809259781841e+01
1.322697450402649224e+02 9.216867782363823380e+01
1.331880058684356527e+02 9.136614540651228822e+01
1.340860749732628960e+02 9.053572498637073807e+01
1.349630389332999698e+02 8.967618336272319368e+01
1.358217832966238632e+02 8.879020811527573187e+01
1.366677250738615612e+02 8.788309945544204993e+01
1.375063268286219227e+02 8.696020490921527824e+01
1.383427696406501752e+02 8.602678942073464441e+01
1.391814620177204631e+02 8.508789127664996954e+01
1.400266810935816011e+02 8.414851022104444667e+01
1.408825561639917225e+02 8.321357554650312238e+01
1.417510044303240875e+02 8.228696238245197492e+01
1.426322402193142409e+02 8.137173436142978744e+01
1.435264340032184691e+02 8.047093414573632231e+01
1.444335939825949708e+02 7.958729760741903192e+01
1.453532059096329760e+02 7.872257287963628869e+01
1.462846505970317708e+02 7.787830969734757502e+01
1.472272577014854278e+02 7.705588735974596659e+01
1.481793979414262594e+02 7.625349028445982924e+01
1.491385903825354262e+02 7.546646544922948863e+01
1.501023244857436225e+02 7.469006119738595828e+01
1.510679877108686355e+02 7.391906926261707156e+01
1.520325811637987385e+02 7.314655185895303191e+01
1.529930144902527331e+02 7.236516177748677592e+01
1.539462679809727774e+02 7.156771593007668741e+01
1.548910182830036320e+02 7.075097216147008794e+01
1.558276791112969306e+02 6.991572382949148334e+01
1.567567429695836836e+02 6.906294733210354764e+01
1.576790660537815256e+02 6.819450677943007122e+01
1.585971271462731238e+02 6.731622674538931506e+01
1.595138573599487586e+02 6.643503586746518863e+01
1.604321883562402036e+02 6.555786563096312136e+01
1.613550685475444197e+02 6.469173618820435934e+01
1.622854661259921158e+02 6.384377239054825992e+01
1.632263504237159850e+02 6.302110512366904516e+01
1.641803597733873517e+02 6.223007347410421630e+01
1.651483911195102223e+02 6.147285087313317575e+01
1.661307707635170345e+02 6.075024569032366628e+01
1.671277987964599561e+02 6.006300303933680595e+01
1.681386521314190077e+02 5.940915706054092027e+01
1.691609770143367086e+02 5.878304737942623603e+01
1.701923098581812326e+02 5.817874852167915378e+01
1.712301507865221311e+02 5.759024025817308967e+01
1.722717741550034702e+02 5.701091285986444746e+01
1.733143676358311325e+02 5.643393025962571130e+01
1.743551304849308394e+02 5.585248349744895080e+01
1.753919995238362901e+02 5.526149263507212339e+01
1.764240734735241745e+02 5.465860149111751554e+01
1.774505532180405112e+02 5.404169337770733250e+01
1.784706660032075547e+02 5.340870810891798470e+01
1.794838339048471596e+02 5.275800308358097368e+01
1.804895663221640518e+02 5.208812286325103003e+01
1.814873720868281168e+02 5.139761189647081352e+01
1.824766644083790368e+02 5.068491740681916724e+01
1.834566819750862692e+02 4.994830917125099745e+01
1.844266449021802714e+02 4.918603808235789643e+01
1.853858453660473629e+02 4.839662835320812917e+01
1.863342123444984395e+02 4.758101951851214295e+01
1.872720068156775994e+02 4.674141035574952241e+01
1.881994912876194519e+02 4.588001109820913825e+01
1.891167005456516677e+02 4.499912957408366765e+01
1.900231864480638535e+02 4.410128057914667465e+01
1.909184392384179318e+02 4.318900531533682852e+01
1.918019232345341720e+02 4.226476653649175574e+01
1.926728264172532192e+02 4.133019083479269540e+01
1.935301697015415812e+02 4.038639928166823267e+01
1.943729748521171530e+02 3.943450753879745463e+01
1.952013912326090121e+02 3.847620525052990104e+01
1.960183562635511407e+02 3.751460126828624198e+01
1.968272307609732650e+02 3.655301996487052207e+01
1.976314644218751368e+02 3.559491985742554476e+01
1.984356626549921998e+02 3.464550373058862931e+01
1.992452390898902479e+02 3.371119418296909487e+01
2.000656229042210441e+02 3.279843839970885000e+01
2.009011586276786261e+02 3.191321948713888546e+01
2.017530523684758634e+02 3.106017774271015242e+01
2.026219458909346542e+02 3.024371200300141993e+01
2.035081208924435998e+02 2.946796437349616227e+01
2.044060634630066602e+02 2.873294463734065118e+01
2.053055799213304908e+02 2.803532585692290624e+01
2.061963437326364499e+02 2.737168520871461652e+01
2.070741097575030381e+02 2.673455701885937685e+01
2.079552970452378418e+02 2.610273826914536954e+01
2.088607096466785720e+02 2.545211083654788098e+01
2.098130857351290501e+02 2.475693210125072952e+01
2.108744302382039564e+02 2.395847874159170487e+01
2.121433176612654563e+02 2.296731213077328704e+01
2.137197163403563422e+02 2.169282294391243582e+01
