5.619820957507241133e+01 4.476274016561804103e+01
5.616506594054602886e+01 4.689533156800653302e+01
5.613249414166801188e+01 4.851835287558621701e+01
5.609858143802100727e+01 4.979794227435796472e+01
5.606139776752527837e+01 5.089637883109506333e+01
5.601871019966527143e+01 5.190846509811510145e+01
5.596802807477172337e+01 5.287158376187605313e+01
5.590685308854342139e+01 5.382127417437302341e+01
5.583311693977640289e+01 5.478412157446745567e+01
5.574594416613704340e+01 5.576187227715553973e+01
5.564466445634571556e+01 5.675200066134995325e+01
5.552868940227287453e+01 5.775200922017477012e+01
5.539832080816719895e+01 5.875970602253456576e+01
5.525440671517851143e+01 5.977308663952054246e+01
5.509780323846837291e+01 6.079015149449966060e+01
5.492938552224568838e+01 6.180916647505791417e+01
5.475006595433725209e+01 6.282891703488374446e+01
5.456076124186415655e+01 6.384824888386554420e+01
5.436242777351691302e+01 6.486609584566814135e+01
5.415630689081632454e+01 6.588202448783137299e+01
5.394376446793137347e+01 6.689587790531287226e+01
5.372616239456232279e+01 6.790750295059382324e+01
5.350465286554216959e+01 6.891686734347331367e+01
5.328009384813417881e+01 6.992410839539431322e+01
5.305332128593448715e+01 7.092937611215708671e+01
5.282512692237163066e+01 7.193283646772570705e+01
5.259608595532581887e+01 7.293473366732344232e+01
5.236670737283034782e+01 7.393533583575887747e+01
5.213750134775354184e+01 7.493491310147398110e+01
5.190900643110882839e+01 7.593378277284816136e+01
5.168178997101963290e+01 7.693231003474643614e+01
5.145642059082408082e+01 7.793086220473558967e+01
5.123339973532075931e+01 7.892977858780157874e+01
5.101300168734694296e+01 7.992930376533504955e+01
5.079545276231843332e+01 8.092966231693311840e+01
5.058098742270742321e+01 8.193108170473028906e+01
5.036995376052202289e+01 8.293382959450893566e+01
5.016278329220783405e+01 8.393820316873187437e+01
4.995990977620101603e+01 8.494450041781129812e+01
4.976185539232341881e+01 8.595305471347032267e+01
4.956935115999182528e+01 8.696428299339952162e+01
4.938315823898971502e+01 8.797861425578466310e+01
4.920404074437062292e+01 8.899647715391898828e+01
4.903278924909754011e+01 9.001829725334761179e+01
4.887020826759574277e+01 9.104449849258894290e+01
4.871710385907191920e+01 9.207550491020002426e+01
4.857438898955662410e+01 9.311174917693458042e+01
4.844315619994384292e+01 9.415367846332702584e+01
4.832451522145847633e+01 9.520174132794598165e+01
4.821943279723264197e+01 9.625629659629210266e+01
4.812801493365219585e+01 9.731716293316128485e+01
4.805004710728100292e+01 9.838395785286388673e+01
4.798530993527643318e+01 9.945628976692462686e+01
4.793344010865838101e+01 1.005334750095703242e+02
4.789390013374103461e+01 1.016144764323381793e+02
4.786614207777786589e+01 1.026982357022001935e+02
4.784979070821585623e+01 1.037836527888099454e+02
4.784518527736302218e+01 1.048694551541818782e+02
4.785284978136168377e+01 1.059543256551547188e+02
4.787333853977541764e+01 1.070369474343024621e+02
4.790776194579900960e+01 1.081160088752020414e+02
4.795771770386400590e+01 1.091902029543468728e+02
4.802481990194634420e+01 1.102582229420887501e+02
4.811057441536937063e+01 1.113188958327487228e+02
4.821617697493163490e+01 1.123714318822710112e+02
4.834276809761279026e+01 1.134151095771705258e+02
4.849138532434185578e+01 1.144492611853500676e+02
4.866190106541863969e+01 1.154738274884602447e+02
4.885345093940781425e+01 1.164891340729871558e+02
4.906515700932985879e+01 1.174955135750593342e+02
4.929587191305141403e+01 1.184934351488866469e+02
4.954390438821599218e+01 1.194836435436401132e+02
4.980749770201061466e+01 1.204669166824575370e+02
5.008489903415789257e+01 1.214440317555442874e+02
5.037438469002252361e+01 1.224157604970203863e+02
5.067424411162244979e+01 1.233828721801262134e+02
5.098277318598471908e+01 1.243461332873717993e+02
5.129858726975162142e+01 1.253061711847422544e+02
5.162076352012897473e+01 1.262634121421350670e+02
5.194841515889632433e+01 1.272182667247362957e+02
5.228076377017439569e+01 1.281710978725932364e+02
5.261758019821699150e+01 1.291220271264838289e+02
5.295880889799003910e+01 1.300710997254543884e+02
5.330439992711326624e+01 1.310183583041403494e+02
5.365444132500448404e+01 1.319637813132930546e+02
5.400916531535632714e+01 1.329072801346243011e+02
5.436881089381530785e+01 1.338487629994429824e+02
5.473356006612264935e+01 1.347881602842917061e+02
5.510339557388918763e+01 1.357254797961047643e+02
5.547825663319144951e+01 1.366607462550419712e+02
5.585807733478841897e+01 1.375939864125808469e+02
5.624271709028944599e+01 1.385252566177939002e+02
5.663197883451164216e+01 1.394546356032066114e+02
5.702566382566137548e+01 1.403822027709547626e+02
5.742348076871893880e+01 1.413080758904316099e+02
5.782491269512114229e+01 1.422324662823342862e+02
5.822940888967588791e+01 1.431555992567762416e+02
5.863646097336744134e+01 1.440776826518258815e+02
5.904595425531174868e+01 1.449987618313440123e+02
5.945798795712602924e+01 1.459187938779825799e+02
5.987266559022015855e+01 1.468377341048147002e+02
6.029026882522431663e+01 1.477554643657717293e+02
6.071138781009310037e+01 1.486717393224929822e+02
6.113664340356923788e+01 1.495863009738540654e+02
6.156660831827673519e+01 1.504989113263096101e+02
6.200155516291359703e+01 1.514094570973651344e+02
6.244164111859588218e+01 1.523178729715595807e+02
6.288702001803173403e+01 1.532240950241379380e+02
6.333773540525363899e+01 1.541281051349993163e+02
6.379369335705623456e+01 1.550299422763892778e+02
6.425479132425761009e+01 1.559296490030596090e+02
6.472087243389576372e+01 1.568272903830352902e+02
6.519154735910666432e+01 1.577230278196508095e+02
6.566636460916834039e+01 1.586170484786582335e+02
6.614485095444985063e+01 1.595095485296864695e+02
6.662611468653236102e+01 1.604008974689730280e+02
6.710888643816397803e+01 1.612916212124515027e+02
6.759188319118406696e+01 1.621822513300178343e+02
6.807368856215693143e+01 1.630733746218456304e+02
6.855249119151383752e+01 1.639657414587347830e+02
6.902640694470211713e+01 1.648601323496343412e+02
6.949358749839589677e+01 1.657573129678253565e+02
6.995260654443542592e+01 1.666578741565849384e+02
7.040231277842799784e+01 1.675622928322187306e+02
7.084156132286210550e+01 1.684710432485923377e+02
7.126947869113431011e+01 1.693844872373719568e+02
7.168575657209798635e+01 1.703027525093819463e+02
7.209015724234100730e+01 1.712259375348636183e+02
7.248245299713374834e+01 1.721541366332041889e+02
7.286249346776702396e+01 1.730874120825966429e+02
7.323016427906490833e+01 1.740258112487032918e+02
7.358535265933981862e+01 1.749693808329871558e+02
7.392802161242448733e+01 1.759181361500382650e+02
7.425824699630824455e+01 1.768720457692833463e+02
7.457611385867613762e+01 1.778310744536980224e+02
7.488170377074006012e+01 1.787951884078523221e+02
7.517508007073639931e+01 1.797643613970126069e+02
7.545630013995946683e+01 1.807385696566201432e+02
7.572540790769259900e+01 1.817177949945342732e+02
7.598209301808182659e+01 1.827021659791707862e+02
7.622566388761349288e+01 1.836919691002847230e+02
7.645541008989302156e+01 1.846874986531848890e+02
7.667071812595531810e+01 1.856890087904866391e+02
7.687132496223355815e+01 1.866966085188419981e+02
7.705704674941046051e+01 1.877103740505834821e+02
7.722773425094608513e+01 1.887303672619613337e+02
7.738376547200975608e+01 1.897564316537788613e+02
7.752592911590164704e+01 1.907882406219599716e+02
7.765502612124002724e+01 1.918254624946981721e+02
7.777240466916816786e+01 1.928675389215227938e+02
7.788079069261438292e+01 1.939133408599568895e+02
7.798312354510031241e+01 1.949616508644978978e+02
7.808233806168109936e+01 1.960112533537899537e+02
7.818132541713262640e+01 1.970609507590416172e+02
7.828295232676271098e+01 1.981095556025041731e+02
7.839007610633902345e+01 1.991558842983181137e+02
7.850472487599870419e+01 2.001990966263704763e+02
7.862744663731892558e+01 2.012389652762105356e+02
7.875863621222961797e+01 2.022753263683101181e+02
7.889860506820423325e+01 2.033080504995295996e+02
7.904712657210716031e+01 2.043372308315014436e+02
7.920376035742989984e+01 2.053630489285073395e+02
7.936807183534030230e+01 2.063856839546810988e+02
7.953986570028767744e+01 2.074052157087564296e+02
7.971925383128599663e+01 2.084215964272036103e+02
7.990636827364222938e+01 2.094347699721851086e+02
8.010136753570405688e+01 2.104446691991167029e+02
8.030452724986923840e+01 2.114511782481208684e+02
8.051615544127163560e+01 2.124541677862407880e+02
8.073651780121899435e+01 2.134535260374326526e+02
8.096502365646978205e+01 2.144494963818110023e+02
8.120028649112956032e+01 2.154426522556789223e+02
8.144088956423566117e+01 2.164335796308561157e+02
8.168538965880864566e+01 2.174228761926401603e+02
8.193226252022215306e+01 2.184111754788768280e+02
8.217996844243910459e+01 2.193991178634005905e+02
8.242698487181900191e+01 2.203873369574469052e+02
8.267199989490983114e+01 2.213763833240792849e+02
8.291384303186183047e+01 2.223667517639632081e+02
8.315134732900716585e+01 2.233589356878122771e+02
8.338350882579305789e+01 2.243533642977077136e+02
8.360967377010065604e+01 2.253503288365016033e+02
8.382923377841234469e+01 2.263501026747830167e+02
8.404161616246405231e+01 2.273529452950544112e+02
8.424653403550345843e+01 2.283590049819498233e+02
8.444383774945494281e+01 2.293683766241354647e+02
8.463338119693048611e+01 2.303811536599656620e+02
8.481517431702934573e+01 2.313973645662086085e+02
8.498946651460394719e+01 2.324169381309082212e+02
8.515652751501428952e+01 2.334397946827546093e+02
8.531661606251287822e+01 2.344658549606176337e+02
8.546993130291308205e+01 2.354950419295579991e+02
8.561665225837651860e+01 2.365272793063190875e+02
8.575697178761755879e+01 2.375624833987068314e+02
8.589146890785637822e+01 2.386003639587268879e+02
8.602115053347677076e+01 2.396404018566184391e+02
8.614704580435132186e+01 2.406820660736211721e+02
8.626999490266388193e+01 2.417248694120100652e+02
8.639013142716652283e+01 2.427684885372925407e+02
8.650742385018138236e+01 2.438126384093220054e+02
8.662181209563422613e+01 2.448570378948291193e+02
8.673278112804067064e+01 2.459014681222023739e+02
8.683945090224855790e+01 2.469457601717748503e+02
8.694093125456620896e+01 2.479897463784080287e+02
8.703641144899360427e+01 2.490331858362014827e+02
8.712528725617045211e+01 2.500756472182139589e+02
8.720698757690351499e+01 2.511166686479740520e+02
8.728086010043953991e+01 2.521558364174272242e+02
8.734543677907046799e+01 2.531932206505956913e+02
8.739877844112433536e+01 2.542291709058027038e+02
8.743894623835066682e+01 2.552640415625422463e+02
8.746460677643824511e+01 2.562983310778052441e+02
8.747554094859361840e+01 2.573328030712094119e+02
8.747164947554443870e+01 2.583682496772570971e+02
8.745316378432039528e+01 2.594054725216809061e+02
8.742252683138525526e+01 2.604453367008369469e+02
8.738308856557918602e+01 2.614887333416511410e+02
8.733818943812011071e+01 2.625365456637438228e+02
8.729067407019412883e+01 2.635893336839976087e+02
8.724273144792661583e+01 2.646472300489612621e+02
8.719650556043970369e+01 2.657103380742562422e+02
8.715386419799629891e+01 2.667786751259777134e+02
8.711541068560907775e+01 2.678518650849280220e+02
8.708138670891935362e+01 2.689294192943970074e+02
8.705201717710122011e+01 2.700108483392505718e+02
8.702717065664091933e+01 2.710956468578581848e+02
8.700637470038132903e+01 2.721832942280739758e+02
8.698914318384923661e+01 2.732732692265400942e+02
8.697499693695532130e+01 2.743650788949930757e+02
8.696347879151207394e+01 2.754583196987395013e+02
8.695413592003959025e+01 2.765526057452678401e+02
8.694653465006106785e+01 2.776475544985327133e+02
8.694048658556788212e+01 2.787428264014514525e+02
8.693597301067968885e+01 2.798381116294133903e+02
8.693297943770384961e+01 2.809331008815636324e+02
8.693166424013109861e+01 2.820274704049544425e+02
8.693256904682591824e+01 2.831208644044988318e+02
8.693628697050627352e+01 2.842129227807923826e+02
8.694345052315466660e+01 2.853032772285200167e+02
8.695501952879432395e+01 2.863914912712123169e+02
8.697211594798247347e+01 2.874770946632949062e+02
8.699586279636311303e+01 2.885596171817819595e+02
8.702737641417100178e+01 2.896386053504294296e+02
8.706776258543689551e+01 2.907136321755663175e+02
8.711812616121778774e+01 2.917842730040928245e+02
8.717942133838539576e+01 2.928501655705334770e+02
8.725175606604886980e+01 2.939112980503113590e+02
8.733494302866563430e+01 2.949677808913259014e+02
8.742878292776852334e+01 2.960197293065056101e+02
8.753273149207821291e+01 2.970673955391972072e+02
8.764585079987176641e+01 2.981111881989377252e+02
8.776718146361739059e+01 2.991515244219253304e+02
8.789597129441951040e+01 3.001887330790536339e+02
8.803226943074150768e+01 3.012228016808487610e+02
8.817631870219062762e+01 3.022536352266393465e+02
8.832838471362208566e+01 3.032811290001474163e+02
8.848911309448666884e+01 3.043050161718471145e+02
8.865946348270125554e+01 3.053248959605343771e+02
8.884040523460073757e+01 3.063403634425099540e+02
8.903308376714434758e+01 3.073509405121964164e+02
8.923911728278154953e+01 3.083559525446075895e+02
8.946020252446314203e+01 3.093546922683812568e+02
8.969794437070608240e+01 3.103464909823085804e+02
8.995298805920783991e+01 3.113310828994765416e+02
9.022540752191615354e+01 3.123084421011067775e+02
9.051526625901274770e+01 3.132785470974142754e+02
9.082231065097207079e+01 3.142415150193685918e+02
9.114568525298410862e+01 3.151977260704439914e+02
9.148446739813738304e+01 3.161475898385338041e+02
9.183769706301001179e+01 3.170915346359230966e+02
9.220415538464439464e+01 3.180301185143372891e+02
9.258251390903345168e+01 3.189639544563743812e+02
9.297144238623684487e+01 3.198936565814426558e+02
9.336954976982146093e+01 3.208198797389491119e+02
9.377536220455786520e+01 3.217433342552209297e+02
9.418739989795791701e+01 3.226647344341918142e+02
9.460410632517672980e+01 3.235848277131943291e+02
9.502356157571800566e+01 3.245045184412239223e+02
9.544373827515460107e+01 3.254247573707161791e+02
9.586261488729729763e+01 3.263464911296027822e+02
9.627830104093521868e+01 3.272705737820971308e+02
9.668903562153565190e+01 3.281977681753903653e+02
9.709306306056210190e+01 3.291288332511200565e+02
9.748891829478606041e+01 3.300643557771181804e+02
9.787608638598534583e+01 3.310043594105485454e+02
9.825424633058490542e+01 3.319487528693115337e+02
9.862314906350061960e+01 3.328973924336979167e+02
9.898350658971992289e+01 3.338494338380686486e+02
9.933671586520638641e+01 3.348035335403712907e+02
9.968418797210505033e+01 3.357583366004691356e+02
1.000271921609980836e+02 3.367123289157557906e+02
1.003666731466463347e+02 3.376636321916089969e+02
1.007035304500476514e+02 3.386103174172560557e+02
1.010385597130411952e+02 3.395504486821772616e+02
1.013716608673220634e+02 3.404820305819825990e+02
1.017022761954185341e+02 3.414030373148149238e+02
1.020298401289024639e+02 3.423114456646415533e+02
1.023534993100368098e+02 3.432054275783702906e+02
1.026719313655262908e+02 3.440834730635616552e+02
1.029837707707418133e+02 3.449441013906470630e+02
1.032889618290914342e+02 3.457896396113155220e+02
1.035950647629155981e+02 3.466445548998904655e+02
1.039123852355448321e+02 3.475412956606354555e+02
1.042517279207850578e+02 3.485139508402383512e+02
1.046394281808245239e+02 3.496477117680140054e+02
1.051200721470485320e+02 3.510878223458220759e+02
1.057392897494868578e+02 3.529829610043983052e+02
