4.723884899173638985e+01 3.729298361942017550e+02
4.888438476687891665e+01 3.712910152598878426e+02
5.013933024328714083e+01 3.700297686746998806e+02
5.113160410109604470e+01 3.690196674542814890e+02
5.198568629309312428e+01 3.681375557583160116e+02
5.277192375087962972e+01 3.673118041275399150e+02
5.351757731259779405e+01 3.665117944931686793e+02
5.424868763211797784e+01 3.657080723526199790e+02
5.498318739709889513e+01 3.648795427688010022e+02
5.571957687844573570e+01 3.640251462310426405e+02
5.645350552207472816e+01 3.631467625179591323e+02
5.718069189664205965e+01 3.622462762037681614e+02
5.789743288310301494e+01 3.613256119848925323e+02
5.860031353133569354e+01 3.603867145503648430e+02
5.928592813320788935e+01 3.594315211525655513e+02
5.995125382026169092e+01 3.584615620250665984e+02
6.059383654472793523e+01 3.574777626555523966e+02
6.121126842536357771e+01 3.564809994494263492e+02
6.180116130828555754e+01 3.554719820961573191e+02
6.236122254862219449e+01 3.544506131384839591e+02
6.288918836623368946e+01 3.534165511832736684e+02
6.338285143032744884e+01 3.523694624045685373e+02
6.384116821715491596e+01 3.513091700758150182e+02
6.426418891188286864e+01 3.502356451074924166e+02
6.465200680402223554e+01 3.491488643829666216e+02
6.500541012480722713e+01 3.480490523153012532e+02
6.532718610952575489e+01 3.469371453382266850e+02
6.562047923258444371e+01 3.458142071296556423e+02
6.588847296189975111e+01 3.446813261099676993e+02
6.613475556245784048e+01 3.435398475545493397e+02
6.636315513240052155e+01 3.423912689195989856e+02
6.657750167146659237e+01 3.412370905769867022e+02
6.678151730528951191e+01 3.400788933508782748e+02
6.697873410297293617e+01 3.389183998092277079e+02
6.717266478747532688e+01 3.377573469483054964e+02
6.736670422485745746e+01 3.365974757683912912e+02
6.756355481603225144e+01 3.354405507952131984e+02
6.776566687530579713e+01 3.342883451187580590e+02
6.797548171544129048e+01 3.331426320976794955e+02
6.819519938476312859e+01 3.320051922497928558e+02
6.842675234042521026e+01 3.308778140332818793e+02
6.867205911815521802e+01 3.297622863057006839e+02
6.893304338904789574e+01 3.286602516623855195e+02
6.921164663732169231e+01 3.275728453567575684e+02
6.950981420692222912e+01 3.265010927119732287e+02
6.982957218085292084e+01 3.254459519393896016e+02
7.017400221320407638e+01 3.244075038401459778e+02
7.054692697609164043e+01 3.233852132674878703e+02
7.095218143656316556e+01 3.223785315874897037e+02
7.139310461641505867e+01 3.213867918615869144e+02
7.187199554139739632e+01 3.204090790666601833e+02
7.239102228327945454e+01 3.194444469413372190e+02
7.295207926808348020e+01 3.184921095953761210e+02
7.355509922771217646e+01 3.175524307968342441e+02
7.419915886689838658e+01 3.166262759917472636e+02
7.488331799104024356e+01 3.157145192596209995e+02
7.560610816419600155e+01 3.148182939299597933e+02
7.636536898867818479e+01 3.139390729328787302e+02
7.715889323809179245e+01 3.130783521810605521e+02
7.798425038082297078e+01 3.122373616655686419e+02
7.883807309452920720e+01 3.114162158061027412e+02
7.971674844061622878e+01 3.106147365317894469e+02
8.061668578862673940e+01 3.098327208627337086e+02
8.153466923083078655e+01 3.090695474440592534e+02
8.246779379221729300e+01 3.083242477669522259e+02
8.341316511492115637e+01 3.075958435562719160e+02
8.436835298111348891e+01 3.068836421025462187e+02
8.533209095332179572e+01 3.061876667209696734e+02
8.630329206608701043e+01 3.055080511482516386e+02
8.728094237996761251e+01 3.048449577003619311e+02
8.826467203735884937e+01 3.041988007593673728e+02
8.925444644563989982e+01 3.035701259157169147e+02
9.025023215243133734e+01 3.029594700210647034e+02
9.125189125954857161e+01 3.023667779492785712e+02
9.225912397780871288e+01 3.017910770086562025e+02
9.327161659192168486e+01 3.012313155771237234e+02
9.428900987267324751e+01 3.006863116550060795e+02
9.531071339316923741e+01 3.001542209618054926e+02
9.633606349535996571e+01 2.996329894416071511e+02
9.736442394976427295e+01 2.991206324573024062e+02
9.839576712766066180e+01 2.986167058915988264e+02
9.943066152997664631e+01 2.981222745795391802e+02
1.004697006540884701e+02 2.976384666488428934e+02
1.015135284770675099e+02 2.971665690257943879e+02
1.025629410764857568e+02 2.967083471130478642e+02
1.036187630622785747e+02 2.962656560701056492e+02
1.046817355065875859e+02 2.958401551846834536e+02
1.057516822353808266e+02 2.954313530694695373e+02
1.068278599218589875e+02 2.950374285291578644e+02
1.079095150724351697e+02 2.946565365558204235e+02
1.089957176969691659e+02 2.942864208672141331e+02
1.100852131360195614e+02 2.939240686329260939e+02
1.111767118372063692e+02 2.935663857146132045e+02
1.122689469699147367e+02 2.932103332791658090e+02
1.133607919262744446e+02 2.928532137984539077e+02
1.144511735366405247e+02 2.924924598140626699e+02
1.155390224451440560e+02 2.921255129445756893e+02
1.166233817702744062e+02 2.917500823316352125e+02
1.177034246627003853e+02 2.913641864016553313e+02
1.187783315198873311e+02 2.909658608178187365e+02
1.198474018802223497e+02 2.905534274624714612e+02
1.209103685999076561e+02 2.901262492025385882e+02
1.219670630180839765e+02 2.896839254962343375e+02
1.230173313731162494e+02 2.892260917093083208e+02
1.240612268513546326e+02 2.887528819577825061e+02
1.250989541473723818e+02 2.882647954966166708e+02
1.261307210850972638e+02 2.877623391262152381e+02
1.271566683587389832e+02 2.872458585704260372e+02
1.281767895258836063e+02 2.867153465014025073e+02
1.291910586381924873e+02 2.861707487871814806e+02
1.301994550908225960e+02 2.856120244816870581e+02
1.312019985858583766e+02 2.850392321023165323e+02
1.321987272150456647e+02 2.844524755457532024e+02
1.331896811384025909e+02 2.838518636466431531e+02
1.341749866664716819e+02 2.832377105939131638e+02
1.351548877844471122e+02 2.826106110738360826e+02
1.361296369495119052e+02 2.819711799670967594e+02
1.370994673610352947e+02 2.813199809383382330e+02
1.380645274853968090e+02 2.806573523053207850e+02
1.390249424916037526e+02 2.799835704265810818e+02
1.399808425769631981e+02 2.792989218499566846e+02
1.409324482190062895e+02 2.786038760740264024e+02
1.418800579852434680e+02 2.778990608448671651e+02
1.428239730075237048e+02 2.771851090561056026e+02
1.437644890842423990e+02 2.764626178903110940e+02
1.447018880187294769e+02 2.757320908236774244e+02
1.456364493465474084e+02 2.749940161481692940e+02
1.465684302371502952e+02 2.742488245208571129e+02
1.474978797494385958e+02 2.734964103217959064e+02
1.484247338093640280e+02 2.727363764004142013e+02
1.493489258177451688e+02 2.719683201406103308e+02
1.502702949682899032e+02 2.711916664353782380e+02
1.511885280952066921e+02 2.704055612112123868e+02
1.521032981566290800e+02 2.696091249878552389e+02
1.530143180000604275e+02 2.688016475329686727e+02
1.539215131155049505e+02 2.679833208420776032e+02
1.548248795655726724e+02 2.671546363455369146e+02
1.557244072358494975e+02 2.663160951970243673e+02
1.566199373912905912e+02 2.654684260326869207e+02
1.575111595670574047e+02 2.646125897301045029e+02
1.583977563702006250e+02 2.637495575892722286e+02
1.592792028470666139e+02 2.628801617117095475e+02
1.601543187552377390e+02 2.620047947361887850e+02
1.610217948511618715e+02 2.611237627881833987e+02
1.618802855439570862e+02 2.602373361302285275e+02
1.627280227050321457e+02 2.593453681182005539e+02
1.635629656008219115e+02 2.584474431359383289e+02
1.643830711498709718e+02 2.575431411679836629e+02
1.651865517659315685e+02 2.566320519240283602e+02
1.659721106978581133e+02 2.557137837968730878e+02
1.667385068454035206e+02 2.547879472976102875e+02
1.674845840136516699e+02 2.538541733610910285e+02
1.682097365735079393e+02 2.529122253593558867e+02
1.689135784730847831e+02 2.519619194831770130e+02
1.695957318579731066e+02 2.510030747427490212e+02
1.702560708529665021e+02 2.500355987614343576e+02
1.708947732573461451e+02 2.490595059553702981e+02
1.715120349502933834e+02 2.480748170988785546e+02
1.721082287457954010e+02 2.470816286815405078e+02
1.726844022946402220e+02 2.460803259741269926e+02
1.732417641102022117e+02 2.450713630849248261e+02
1.737815189125487620e+02 2.440551934237751084e+02
1.743048153701628280e+02 2.430322600799772772e+02
1.748127593619307447e+02 2.420029982641630681e+02
1.753064553276560389e+02 2.409678428586164216e+02
1.757869215147066768e+02 2.399271976563582314e+02
1.762549786496240358e+02 2.388813952054457843e+02
1.767114199058598274e+02 2.378307581156482229e+02
1.771570055539684176e+02 2.367755959942353172e+02
1.775922345598617085e+02 2.357161151866444584e+02
1.780174812805199167e+02 2.346524727956113168e+02
1.784331136572438368e+02 2.335848233049409259e+02
1.788392269492391620e+02 2.325132094047297926e+02
1.792355279834130783e+02 2.314375145363088677e+02
1.796216938760653647e+02 2.303576099603081104e+02
1.799975048789900995e+02 2.292734098858599339e+02
1.803632172271784668e+02 2.281850267348028467e+02
1.807192243773965572e+02 2.270926300719572168e+02
1.810659558010527519e+02 2.259964044097025351e+02
1.814045329544483707e+02 2.248968214622867379e+02
1.817367011984277951e+02 2.237946118897127121e+02
1.820642284111213769e+02 2.226905156964567141e+02
1.823890057750164715e+02 2.215853232876849859e+02
1.827132631814710066e+02 2.204799635159075706e+02
1.830392881697648022e+02 2.193753887972386281e+02
1.833693468794258479e+02 2.182725418075702351e+02
1.837054952188225627e+02 2.171722695348547063e+02
1.840496697713081744e+02 2.160753646555670002e+02
1.844038001112222105e+02 2.149826167321288040e+02
1.847693850390738817e+02 2.138946250738046899e+02
1.851471962833225291e+02 2.128116678752894302e+02
1.855379355346399848e+02 2.117339923987807992e+02
1.859422440928781270e+02 2.106618150771130331e+02
1.863604253287878407e+02 2.095951798311534446e+02
1.867926651341026911e+02 2.085340706090228480e+02
1.872391784001060273e+02 2.074784827708226089e+02
1.877009309875385554e+02 2.064287075560119433e+02
1.881796878578267922e+02 2.053853510469449759e+02
1.886772527100530965e+02 2.043490345910435622e+02
1.891953459580327035e+02 2.033203587683832438e+02
1.897354124372879483e+02 2.022998554430476474e+02
1.902988400627206147e+02 2.012880422858510485e+02
1.908869469073108860e+02 2.002854218543834008e+02
1.915001905173009789e+02 1.992923104952407130e+02
1.921384492691132095e+02 1.983088992273755480e+02
1.928015901285851328e+02 1.973353779168772064e+02
1.934893953227870043e+02 1.963720979093892538e+02
1.942014770206483831e+02 1.954197346160772213e+02
1.949374270649104517e+02 1.944790021820171546e+02
1.956968128374238063e+02 1.935506891396595677e+02
1.964790349843676438e+02 1.926360910769460020e+02
1.972834245832611089e+02 1.917367151452505709e+02
1.981093059142080222e+02 1.908540724052508324e+02
1.989557661654585559e+02 1.899897896548124834e+02
1.998215946449648754e+02 1.891456391030727673e+02
2.007055617382342234e+02 1.883234021962241513e+02
2.016064686035707325e+02 1.875247343515069929e+02
2.025232394904664943e+02 1.867507868703528118e+02
2.034548294212107464e+02 1.860025850252405917e+02
2.044002096395414299e+02 1.852811308919494593e+02
2.053586067499576870e+02 1.845870613799246200e+02
2.063294506062387939e+02 1.839207227517852630e+02
2.073121767176576782e+02 1.832824521582050750e+02
2.083062286575188580e+02 1.826722673823157663e+02
2.093110693262457573e+02 1.820894207769287618e+02
2.103261644596388749e+02 1.815330524027040724e+02
2.113509967252782644e+02 1.810023000743790647e+02
2.123851904497161911e+02 1.804962828162809387e+02
2.134284405471675541e+02 1.800141102896085101e+02
2.144804405716868416e+02 1.795548867730535392e+02
2.155407833356617573e+02 1.791174313173374344e+02
2.166089119701696006e+02 1.787001391833248363e+02
2.176842574578786298e+02 1.783013712363216143e+02
2.187661957913427102e+02 1.779193670028836038e+02
2.198538367312656874e+02 1.775517785541692604e+02
2.209462095777668651e+02 1.771960804205772888e+02
2.220423579476361340e+02 1.768497841837316571e+02
2.231416210076183120e+02 1.765111661672033279e+02
2.242436156729236245e+02 1.761792213747684173e+02
2.253479696826332770e+02 1.758529728224019664e+02
2.264543652270499479e+02 1.755315895958923420e+02
2.275626411257425161e+02 1.752146609517256479e+02
2.286726641892689997e+02 1.749018512344849512e+02
2.297843171776821691e+02 1.745928647266405278e+02
2.308976484249653822e+02 1.742878203114491100e+02
2.320128043639302575e+02 1.739870825138046939e+02
2.331299320077459356e+02 1.736910173844173926e+02
2.342491170429187832e+02 1.733998437349162600e+02
2.353703371084048683e+02 1.731135209657517748e+02
2.364935588448349506e+02 1.728319820715133517e+02
2.376186853595663138e+02 1.725550060800436540e+02
2.387452464718538749e+02 1.722814673915558217e+02
2.398726361082929373e+02 1.720099110835377303e+02
2.410002375807348471e+02 1.717388565214453706e+02
2.421271432145641995e+02 1.714661182219409739e+02
2.432521225963072879e+02 1.711887289399206509e+02
2.443739285253245441e+02 1.709036807670893836e+02
2.454913553054283852e+02 1.706080654348479584e+02
2.466033412075375111e+02 1.702993202962817634e+02
2.477088556971984303e+02 1.699749575933871313e+02
2.488069040435777026e+02 1.696325759626476497e+02
2.498969596073371520e+02 1.692709035499231618e+02
2.509788243525263169e+02 1.688894614242772434e+02
2.520523083371617759e+02 1.684877901869090522e+02
2.531174306547631261e+02 1.680659350572129256e+02
2.541746487458192689e+02 1.676249994377738517e+02
2.552244752464905559e+02 1.671662199752422566e+02
2.562674202438867610e+02 1.666908271747873869e+02
2.573039755516460332e+02 1.662000075149206282e+02
2.583346250093862295e+02 1.656949282621799284e+02
2.593598478607028142e+02 1.651767455915859557e+02
2.603799425968073820e+02 1.646461794657437565e+02
2.613949709350637818e+02 1.641033784374086224e+02
2.624049785690983754e+02 1.635484523890121409e+02
2.634099976154636238e+02 1.629814785945547158e+02
2.644100032333478794e+02 1.624023975319684610e+02
2.654049556483428205e+02 1.618111138127573554e+02
2.663948109531674504e+02 1.612075221426349287e+02
2.673794558221447915e+02 1.605913508432926164e+02
2.683587193284729437e+02 1.599621901763772485e+02
2.693324291218429494e+02 1.593196269994949716e+02
2.703005360668911408e+02 1.586635465225122914e+02
2.712632999762466284e+02 1.579945820409434418e+02
2.722210283068539525e+02 1.573134822160904491e+02
2.731740657443467626e+02 1.566210857589709633e+02
2.741230853275010304e+02 1.559190256096752023e+02
2.750689310132979131e+02 1.552093481296664947e+02
2.760124457386795598e+02 1.544940972007646849e+02
2.769543231140444277e+02 1.537749547689960821e+02
2.778950252936487004e+02 1.530530417799075167e+02
2.788349945215421144e+02 1.523294309209399273e+02
2.797746277268804533e+02 1.516050829490851299e+02
2.807140916521526037e+02 1.508803900467561903e+02
2.816534801289272991e+02 1.501555643021139019e+02
2.825928861821195142e+02 1.494308148888464132e+02
2.835323856006406231e+02 1.487062879707669651e+02
2.844720372905883323e+02 1.479820679929770790e+02
2.854118994691576745e+02 1.472582368504448880e+02
2.863520577660140134e+02 1.465349285617739383e+02
2.872926804074097618e+02 1.458124341994289637e+02
2.882339511137991508e+02 1.450910742974332948e+02
2.891760296421667817e+02 1.443711091931074861e+02
2.901188126302612886e+02 1.436521382631090376e+02
2.910620340236257562e+02 1.429333521980964861e+02
2.920054238690116790e+02 1.422139323125001340e+02
2.929485631372796206e+02 1.414927272895816373e+02
2.938907585709033015e+02 1.407679739302350868e+02
2.948312874404158492e+02 1.400378432749824924e+02
2.957694077039833473e+02 1.393005006272993569e+02
2.967042581374318502e+02 1.385540758856446928e+02
2.976349320967610765e+02 1.377966854557932379e+02
2.985605282732804540e+02 1.370264711833708020e+02
2.994803098798551559e+02 1.362423472625116574e+02
3.003937303335596312e+02 1.354441208034005797e+02
3.013002536468654284e+02 1.346316486620954720e+02
3.021993521593420837e+02 1.338050207052029350e+02
3.030905284963752138e+02 1.329651742631572802e+02
3.039732921666033008e+02 1.321132392749711073e+02
3.048471353762220701e+02 1.312503339644485152e+02
3.057113100031012891e+02 1.303774138329077914e+02
3.065648919788812350e+02 1.294953152512744339e+02
3.074069538738531264e+02 1.286048713720780370e+02
3.082366996252490594e+02 1.277068197500400686e+02
3.090536211037034491e+02 1.268016884061746765e+02
3.098572483512255644e+02 1.258899775835804888e+02
3.106471760475197925e+02 1.249721768160262343e+02
3.114234864457970957e+02 1.240486948549228856e+02
3.121864842501536828e+02 1.231199035954805510e+02
3.129364707429666623e+02 1.221861706584096652e+02
3.136735483284563770e+02 1.212476853608748968e+02
3.143975477593588153e+02 1.203043934718113093e+02
3.151082802308559394e+02 1.193562232258943254e+02
3.158056030860235524e+02 1.184031110581019703e+02
3.164895767153354882e+02 1.174450294841503251e+02
3.171603173372362789e+02 1.164819609401701967e+02
3.178179660884403006e+02 1.155138983010339473e+02
3.184631114092480857e+02 1.145410218327118059e+02
3.190967286456018996e+02 1.135636738894637574e+02
3.197198056935015984e+02 1.125822020906944800e+02
3.203332251588006443e+02 1.115969137497044557e+02
3.209375933643507324e+02 1.106080104159419619e+02
3.215334718639650760e+02 1.096156765008263392e+02
3.221214819875911530e+02 1.086201203287820931e+02
3.227028012658454372e+02 1.076217727282375023e+02
3.232789095908580634e+02 1.066211854851298284e+02
3.238512960901332463e+02 1.056189139428273052e+02
3.244218694537946135e+02 1.046156720361716026e+02
3.249932169231939838e+02 1.036124301871999478e+02
3.255679875384392972e+02 1.026101821774082623e+02
3.261486830926536982e+02 1.016098571581452745e+02
3.267370204338142230e+02 1.006120397499669821e+02
3.273344558993042028e+02 9.961720022923395845e+01
3.279424286396510979e+02 9.862580339756910064e+01
3.285619714782072265e+02 9.763818511799291855e+01
3.291937024107334082e+02 9.665454961751093776e+01
3.298382207154388084e+02 9.567509521236469539e+01
3.304961203344536784e+02 9.470009090917201888e+01
3.311679783634041883e+02 9.373002889075023347e+01
3.318543685814873356e+02 9.276544527472016455e+01
3.325558273465847492e+02 9.180689641780435295e+01
3.332724559937789195e+02 9.085517395628593817e+01
3.340040751982819529e+02 8.991122131971263798e+01
3.347505033127078491e+02 8.897598804780463411e+01
3.355118327507306049e+02 8.805084032105952474e+01
3.362886824282220459e+02 8.713794473388605866e+01
3.370817309558887587e+02 8.623955863164577806e+01
3.378916827486340253e+02 8.535800413728689762e+01
3.387194095478236022e+02 8.449602342188275372e+01
3.395658498281296716e+02 8.365652618051673528e+01
3.404319227567477242e+02 8.284240161107337030e+01
3.413179039129027501e+02 8.205584737003266582e+01
3.422232932513038577e+02 8.129822769794454018e+01
3.431475445495829035e+02 8.057085721698675229e+01
3.440900169088817506e+02 7.987477484753138413e+01
3.450497083302190049e+02 7.920996797165338421e+01
3.460255307382472552e+02 7.857617331353512213e+01
3.470163725486942212e+02 7.797303210559232411e+01
3.480207747989930454e+02 7.739877455155642849e+01
3.490370133391198237e+02 7.685055368046289459e+01
3.500633576713813113e+02 7.632549514303366323e+01
3.510981605265258736e+02 7.582067975849962238e+01
3.521399653637614620e+02 7.533308560908166385e+01
3.531873422478876137e+02 7.485967644574199653e+01
3.542389598538466089e+02 7.439762018697344104e+01
3.552942699878627764e+02 7.394570618670205420e+01
3.563530979097340605e+02 7.350349701641181355e+01
3.574152724560485694e+02 7.307056224061712157e+01
3.584806841058371560e+02 7.264657913523484467e+01
3.595493111470334497e+02 7.223137840975317658e+01
3.606211385839433206e+02 7.182480250956531620e+01
3.616961242842562569e+02 7.142663069416647659e+01
3.627741008767860649e+02 7.103635061223405955e+01
3.638548648850786549e+02 7.065336584360827032e+01
3.649382077294486066e+02 7.027706740704330457e+01
3.660238228068677131e+02 6.990660503812968329e+01
3.671113151349089776e+02 6.954091092773481364e+01
3.682002864157012709e+02 6.917890907386238553e+01
3.692902334818602981e+02 6.881924313964361772e+01
3.703803650964234180e+02 6.845978672695407852e+01
3.714698409932648815e+02 6.809828237398912165e+01
3.725578411473737219e+02 6.773250982790358421e+01
3.736437443824540878e+02 6.736061437666990059e+01
3.747270423866682449e+02 6.698094878541846242e+01
3.758072262661337390e+02 6.659186329547344485e+01
3.768836437140051885e+02 6.619133346081565605e+01
3.779554003670481279e+02 6.577670242770724940e+01
3.790215785450905059e+02 6.534525242349999985e+01
3.800812545224320047e+02 6.489430385905015441e+01
3.811334707443912180e+02 6.442139080877089441e+01
3.821772578958453437e+02 6.392412162592425062e+01
3.832116593578960533e+02 6.340016308690486113e+01
3.842360462645113444e+02 6.284868683570073955e+01
3.852501385089025803e+02 6.227046583405500968e+01
3.862536728747927555e+02 6.166635077235829243e+01
3.872462740204985039e+02 6.103750561913308559e+01
3.882271955984033411e+02 6.038613093263811038e+01
3.891956146297191026e+02 5.971464137845532605e+01
3.901506623970632290e+02 5.902551462805888605e+01
3.910909066349522618e+02 5.832200465250046051e+01
3.920145357868960900e+02 5.760788790431574569e+01
3.929197319784628917e+02 5.688695464541297753e+01
3.938047795830078144e+02 5.616355184692504565e+01
3.946681681700324589e+02 5.544314371285077669e+01
3.955084118350943641e+02 5.473132798437477931e+01
3.963269738267827620e+02 5.403088415839651049e+01
3.971454200555489251e+02 5.332538139878042927e+01
3.979937040505953405e+02 5.259037356521466222e+01
3.989029901938317266e+02 5.180031739160665438e+01
3.999471583900404994e+02 5.089101599338059145e+01
4.012537559832865099e+02 4.974970839067422190e+01
4.029537394695180978e+02 4.826054863480390367e+01
