4.976666503838057309e+01 1.420535013521675864e+02
5.040957568594136973e+01 1.402146905957636420e+02
5.090509839370446343e+01 1.388032655291964943e+02
5.130489855942363420e+01 1.376764923416979229e+02
5.165921151637907371e+01 1.366958725656128308e+02
5.199776461993663190e+01 1.357836450808872826e+02
5.233494131138856176e+01 1.349074919918817557e+02
5.268473149219760643e+01 1.340362550429199473e+02
5.305726498331669205e+01 1.331492460200822450e+02
5.345456351136566298e+01 1.322477690191997510e+02
5.387762584784348263e+01 1.313359027888093351e+02
5.432722027227675454e+01 1.304175793467462086e+02
5.480257840457380780e+01 1.294957524765853236e+02
5.530230338825616343e+01 1.285729758751640475e+02
5.582500587411720971e+01 1.276517851978666016e+02
5.636958303124188063e+01 1.267342019744303769e+02
5.693526431642442276e+01 1.258216514807465956e+02
5.752129783271134045e+01 1.249155256000361192e+02
5.812724247324461402e+01 1.240171475382920221e+02
5.875371472018495922e+01 1.231276067994581638e+02
5.940155581196929546e+01 1.222479432216808561e+02
6.007151643093415316e+01 1.213791427115819914e+02
6.076328763137917832e+01 1.205215601044904616e+02
6.147587353949346323e+01 1.196751411293358416e+02
6.220826260270536068e+01 1.188398232330615656e+02
6.295905521859408793e+01 1.180154131361831418e+02
6.372614921045605740e+01 1.172014808756387367e+02
6.450736837954441683e+01 1.163975715517833862e+02
6.530059814129306517e+01 1.156032536620562468e+02
6.610407123420752384e+01 1.148182275947526279e+02
6.691614198922243872e+01 1.140422399111145779e+02
6.773517512027953558e+01 1.132750248695456037e+02
6.855977419529401118e+01 1.125160289951458168e+02
6.938878332615550448e+01 1.117644090438672322e+02
7.022105728001173475e+01 1.110193088815254754e+02
7.105551906792274508e+01 1.102797318259577963e+02
7.189128973103728981e+01 1.095442733530767043e+02
7.272752602712057524e+01 1.088114553806108802e+02
7.356345797727061608e+01 1.080799357603291924e+02
7.439902396198392864e+01 1.073496866461414925e+02
7.523455939696685846e+01 1.066214168578752464e+02
7.607040597893335132e+01 1.058958470142726327e+02
7.690702256357535305e+01 1.051739240445076007e+02
7.774505136021113572e+01 1.044569490532433065e+02
7.858515055769440494e+01 1.037462540120525603e+02
7.942794740204043080e+01 1.030431041414706215e+02
8.027392114422426062e+01 1.023484454016500820e+02
8.112350684019111213e+01 1.016631284135883533e+02
8.197714141139573485e+01 1.009880110202768435e+02
8.283529601698816691e+01 1.003240833650544346e+02
8.369847175820895302e+01 9.967245129265049286e+01
8.456717046305919894e+01 9.903422391740721764e+01
8.544179106738276630e+01 9.841028070883294276e+01
8.632247702915802279e+01 9.780093093581534447e+01
8.720933282946444365e+01 9.720639687476671043e+01
8.810244341525392997e+01 9.662685634596587647e+01
8.900173614401492728e+01 9.606212852463882257e+01
8.990706221469646664e+01 9.551185926298140316e+01
9.081826780523705622e+01 9.497568244081854516e+01
9.173500503563985831e+01 9.445276691044404060e+01
9.265666293232035855e+01 9.394165106417443667e+01
9.358261178629794586e+01 9.344082839806890206e+01
9.451222058695148576e+01 9.294878875755016168e+01
9.544485303197706116e+01 9.246400714676238408e+01
9.637987147452334113e+01 9.198495479887456838e+01
9.731665207950238994e+01 9.151013609057611120e+01
9.825477331647073242e+01 9.103854086068932361e+01
9.919396718914886435e+01 9.056952737765385564e+01
1.001339702158821012e+02 9.010246474705508035e+01
1.010746389987662894e+02 8.963701085847552008e+01
1.020160861959789855e+02 8.917343937922294117e+01
1.029584573442476483e+02 8.871210304474719521e+01
1.039019235008765918e+02 8.825341603910814570e+01
1.048468287888208721e+02 8.779820925495901918e+01
1.057935892078118059e+02 8.734748665031968073e+01
1.067426192611570741e+02 8.690224856382911867e+01
1.076942791065988700e+02 8.646336396900292698e+01
1.086488649771631145e+02 8.603154731933013011e+01
1.096066694374358121e+02 8.560750420090212742e+01
1.105679164180548639e+02 8.519177454101969715e+01
1.115325925071215067e+02 8.478432540357280800e+01
1.125006330248666444e+02 8.438500010941135088e+01
1.134719740284164970e+02 8.399364377198500620e+01
1.144465603692984814e+02 8.361012289834161493e+01
1.154243426830177697e+02 8.323431806585529102e+01
1.164052715907053823e+02 8.286610981969185730e+01
1.173892861493627322e+02 8.250535084900437255e+01
1.183763041683806279e+02 8.215184266108369115e+01
1.193662411769463603e+02 8.180538127059983822e+01
1.203590527359019973e+02 8.146585934634659054e+01
1.213549238431516528e+02 8.113372351968442331e+01
1.223541210911746333e+02 8.080961742737395070e+01
1.233569164144312538e+02 8.049419760313472239e+01
1.243637070679686758e+02 8.018842313740715610e+01
1.253750183064341712e+02 7.989356214519143862e+01
1.263913810983068942e+02 7.961089653617580097e+01
1.274132454776621444e+02 7.934151282428743457e+01
1.284408228866405466e+02 7.908592150324123793e+01
1.294742810179209300e+02 7.884452744468089236e+01
1.305137414170741863e+02 7.861762411037865661e+01
1.315588710715039156e+02 7.840440755277489870e+01
1.326090784255633253e+02 7.820344964114288189e+01
1.336637680376530568e+02 7.801331286312432667e+01
1.347222868644323626e+02 7.783242063997252558e+01
1.357838904026239106e+02 7.765897558359108643e+01
1.368478260213398698e+02 7.749116068360459053e+01
1.379134502446921147e+02 7.732742245267940007e+01
1.389806502616832233e+02 7.716748853972366362e+01
1.400494742929458880e+02 7.701147535774319408e+01
1.411199790293016747e+02 7.685951976858582668e+01
1.421923789205484923e+02 7.671213949790428899e+01
1.432670283456517382e+02 7.657019009019630573e+01
1.443442861160184236e+02 7.643453779081924893e+01
1.454243442430096422e+02 7.630564615447578092e+01
1.465069741417507885e+02 7.618296332743328492e+01
1.475918819634079284e+02 7.606577989493186465e+01
1.486787557847678158e+02 7.595334280682504868e+01
1.497671352601730632e+02 7.584454068968847196e+01
1.508564872340554928e+02 7.573808639152220223e+01
1.519462878016205138e+02 7.563271509367498879e+01
1.530364455123931577e+02 7.552820601480797791e+01
1.541274636432145826e+02 7.542577417264988071e+01
1.552198887145812591e+02 7.532673898437047910e+01
1.563141175441321877e+02 7.523205845253268365e+01
1.574099283974363175e+02 7.514119726315476555e+01
1.585069398052727934e+02 7.505323446842467661e+01
1.596047651193235311e+02 7.496723661706579378e+01
1.607029401995498574e+02 7.488208317598220276e+01
1.618009412526334074e+02 7.479650959612320094e+01
1.628982451160092069e+02 7.470925285120640069e+01
1.639947302239579869e+02 7.462001945550078119e+01
1.650911443400505050e+02 7.453061466983761818e+01
1.661883488260388333e+02 7.444311800531767176e+01
1.672871402110775989e+02 7.435945245336129972e+01
1.683878677893244173e+02 7.428046128497081213e+01
1.694906922451976641e+02 7.420653242711789233e+01
1.705957566251074695e+02 7.413801122485197936e+01
1.717026549005385618e+02 7.407391743895674097e+01
1.728103259806305800e+02 7.401168936965783018e+01
1.739176704007301453e+02 7.394867267464043437e+01
1.750236653960761544e+02 7.388239818142405113e+01
1.761275577450330161e+02 7.381104745189685445e+01
1.772286534047934765e+02 7.373294491821143026e+01
1.783263021387420224e+02 7.364652077003138686e+01
1.794203869917166969e+02 7.355149265244813250e+01
1.805111468285205092e+02 7.344843723601216823e+01
1.815988235368635344e+02 7.333793848921807523e+01
1.826832961022254835e+02 7.321970425702181728e+01
1.837637668170203256e+02 7.309180870270701291e+01
1.848393640114348386e+02 7.295214742893388404e+01
1.859092556729814021e+02 7.279871177949787864e+01
1.869728408925336112e+02 7.263005103037166066e+01
1.880296022468886861e+02 7.244491601012761350e+01
1.890790420569976220e+02 7.224210521394567763e+01
1.901211441437027929e+02 7.202157958068346488e+01
1.911563911055482095e+02 7.178450420520444197e+01
1.921852886726429688e+02 7.153210002691488967e+01
1.932084055039040038e+02 7.126573990916169521e+01
1.942264987282894708e+02 7.098725172329588418e+01
1.952403606084328089e+02 7.069854816106345652e+01
1.962507456172931484e+02 7.040145068212149226e+01
1.972580289657747699e+02 7.009686512908434963e+01
1.982623669681642014e+02 6.978516888285825814e+01
1.992639088001557184e+02 6.946672209031733303e+01
2.002625039008658518e+02 6.914116127268337664e+01
2.012575188438389091e+02 6.880695721452661928e+01
2.022482764540507958e+02 6.846247508238869273e+01
2.032341733124787311e+02 6.810625810640779321e+01
2.042149704789351290e+02 6.773772945071134188e+01
2.051905414001187751e+02 6.735658360667918032e+01
2.061607868650667967e+02 6.696258107584652919e+01
2.071261306348683320e+02 6.655674492425893618e+01
2.080874669348270913e+02 6.614123401751081133e+01
2.090457068552990734e+02 6.571824793696133327e+01
2.100018020527025726e+02 6.529008419099018568e+01
2.109568080668728669e+02 6.485929106394557664e+01
2.119117968317325449e+02 6.442845641572297666e+01
2.128677905911515040e+02 6.400004813753422184e+01
2.138253962126971146e+02 6.357553126095085361e+01
2.147850137318298493e+02 6.315587145450670192e+01
2.157470386538701916e+02 6.274202344859891411e+01
2.167117279095147637e+02 6.233460736890148723e+01
2.176791451137881381e+02 6.193377655766680334e+01
2.186493395315405053e+02 6.153964970696446102e+01
2.196223446561639889e+02 6.115230741433339290e+01
2.205981277498069346e+02 6.077167030173333018e+01
2.215766386916398858e+02 6.039761700411357737e+01
2.225578427555136329e+02 6.003006332668872602e+01
2.235419405707748979e+02 5.966949333761076701e+01
2.245293165379948164e+02 5.931683481838389582e+01
2.255203600166614990e+02 5.897302752483118837e+01
2.265154760917982628e+02 5.863904939493480128e+01
2.275151044071395461e+02 5.831596227645815134e+01
2.285196892018349502e+02 5.800483917499590802e+01
2.295295784258721596e+02 5.770652080480019208e+01
2.305444443104449306e+02 5.742021775246143278e+01
2.315636697329151161e+02 5.714444255726237998e+01
2.325866334584483752e+02 5.687769787091197315e+01
2.336126138626133866e+02 5.661824525568364663e+01
2.346407678451329843e+02 5.636405454498610368e+01
2.356702450324408744e+02 5.611307810522896489e+01
2.367002993149989436e+02 5.586352037206402343e+01
2.377305569528473370e+02 5.561448602371957151e+01
2.387607273010496556e+02 5.536528062937256323e+01
2.397905395690023909e+02 5.511525749353610593e+01
2.408199695438806600e+02 5.486436276224323194e+01
2.418491599190933812e+02 5.461294387050821086e+01
2.428782573968540248e+02 5.436135784429077944e+01
2.439075028790673514e+02 5.411018296698246388e+01
2.449373155339720256e+02 5.386041623620647556e+01
2.459681343726241209e+02 5.361310125664802939e+01
2.470004075366115330e+02 5.336929914589769197e+01
2.480346372701293660e+02 5.313017479357637285e+01
2.490713456700371466e+02 5.289693116790103034e+01
2.501110473208879057e+02 5.267075206293975498e+01
2.511540668876222071e+02 5.245233701163869000e+01
2.522005295061595405e+02 5.224187678354515185e+01
2.532505508265651315e+02 5.203953796083129646e+01
2.543042131034428621e+02 5.184540174065027429e+01
2.553614969746843997e+02 5.165928950805452757e+01
2.564223638207712384e+02 5.148097341103562030e+01
2.574867753650902955e+02 5.131023433152902413e+01
2.585546968377932444e+02 5.114694247015986406e+01
2.596260955227980389e+02 5.099102033779523424e+01
2.607009400479138321e+02 5.084239670024135904e+01
2.617792906918670042e+02 5.070138930819567236e+01
2.628613575378195719e+02 5.056895171245363940e+01
2.639473645051531321e+02 5.044609618750495628e+01
2.650374363968928151e+02 5.033371251470067165e+01
2.661312001325593428e+02 5.023207516511089210e+01
2.672281266365843067e+02 5.014126582297689083e+01
2.683276557003728158e+02 5.006131816150860914e+01
2.694286177419633646e+02 4.999132579712641444e+01
2.705292871942305624e+02 4.992952464938257151e+01
2.716279185813187382e+02 4.987412024732383031e+01
2.727229892393398814e+02 4.982381639290624520e+01
2.738135560024931010e+02 4.977861281577223451e+01
2.748987687098551760e+02 4.973871723174821113e+01
2.759779571171624184e+02 4.970449830092309895e+01
2.770519821158418381e+02 4.967769435923740673e+01
2.781224784553297695e+02 4.966073599651588211e+01
2.791910878101204503e+02 4.965602737653696153e+01
2.802594969941302452e+02 4.966446344538234570e+01
2.813294566994171646e+02 4.968480341015581558e+01
2.824027224582392819e+02 4.971564464789703663e+01
2.834806485483652523e+02 4.975581793146184850e+01
2.845628766394428908e+02 4.980515019843599589e+01
2.856485915726893836e+02 4.986373410765497027e+01
2.867369457100791124e+02 4.993171890167949556e+01
2.878265840622970018e+02 5.001013778382314001e+01
2.889157498208377888e+02 5.010072404903552012e+01
2.900026767875261839e+02 5.020522753106267544e+01
2.910859418547131554e+02 5.032483827004800503e+01
2.921648873950273355e+02 5.045949733267234194e+01
2.932389593555957390e+02 5.060897679132141036e+01
2.943076311874164048e+02 5.077306680012706153e+01
2.953705727018068501e+02 5.095168660550377382e+01
2.964275390861744768e+02 5.114481158228493030e+01
2.974782933892148549e+02 5.135240615799627761e+01
2.985228565722972007e+02 5.157405100930115083e+01
2.995615661365569622e+02 5.180885583015886198e+01
3.005947789771267367e+02 5.205590145693400217e+01
3.016229250543706826e+02 5.231412544045622326e+01
3.026466995234844717e+02 5.258194526773699806e+01
3.036668576879986290e+02 5.285766047110257659e+01
3.046841443821720645e+02 5.313959582596267239e+01
3.056991717767944010e+02 5.342639598048633331e+01
3.067124609451785773e+02 5.371692523337463854e+01
3.077245302252072747e+02 5.401005433373852327e+01
3.087357875735580137e+02 5.430490330062822579e+01
3.097464289420534556e+02 5.460107091609453533e+01
3.107566262523030218e+02 5.489821022876193268e+01
3.117665318068191596e+02 5.519601679733000310e+01
3.127761796971889794e+02 5.549444231641483327e+01
3.137855599558536710e+02 5.579353394667899835e+01
3.147946625113391974e+02 5.609333866114148748e+01
3.158034765404162272e+02 5.639389438802155041e+01
3.168119904188417877e+02 5.669522941809756844e+01
3.178201925156839138e+02 5.699737149508549550e+01
3.188281350054603536e+02 5.730019289056086507e+01
3.198360673207101854e+02 5.760308522551437704e+01
3.208442768960055673e+02 5.790534752293174847e+01
3.218530353460000129e+02 5.820631706066959765e+01
3.228624494131407232e+02 5.850572980163676107e+01
3.238725278626105819e+02 5.880355863206444411e+01
3.248832777560702425e+02 5.909978057026229692e+01
3.258946764673157759e+02 5.939444534623284255e+01
3.269066521346141485e+02 5.968772327792573407e+01
3.279191282609373275e+02 5.997979603608220600e+01
3.289320290748021876e+02 6.027084381748513664e+01
3.299452825095194157e+02 6.056103929255735352e+01
3.309588176778343040e+02 6.085055273567682121e+01
3.319725641120662658e+02 6.113955343357716998e+01
3.329864597601405194e+02 6.142819086007872897e+01
3.340004503574232899e+02 6.171659615498290208e+01
3.350144819433236307e+02 6.200489974173865448e+01
3.360285063063454345e+02 6.229321822093433525e+01
3.370424904215399806e+02 6.258163167931981974e+01
3.380564037425560855e+02 6.287021424421924110e+01
3.390702126756894472e+02 6.315904739281884872e+01
3.400838572232202068e+02 6.344827628573854383e+01
3.410972638425461128e+02 6.373807875228619935e+01
3.421103590823797731e+02 6.402863239986892552e+01
3.431230794196870875e+02 6.432009080834797032e+01
3.441353755838853203e+02 6.461257306496756314e+01
3.451471994065871627e+02 6.490619558952985813e+01
3.461585053890139534e+02 6.520106834124422335e+01
3.471692596131069877e+02 6.549727325336952788e+01
3.481794313002987451e+02 6.579488466143220649e+01
3.491889980149342705e+02 6.609395675796659475e+01
3.501980705389437958e+02 6.639422209717439216e+01
3.512068666698610286e+02 6.669515485655398379e+01
3.522156067775119936e+02 6.699622300301818711e+01
3.532244086407604300e+02 6.729714217810996502e+01
3.542331576456048765e+02 6.759818906516171921e+01
3.552417071842572227e+02 6.789971758675710589e+01
3.562498980021969146e+02 6.820211219808950887e+01
3.572574789829851625e+02 6.850597913368812897e+01
3.582641584572930924e+02 6.881202253365030685e+01
3.592696473632242373e+02 6.912094024327993225e+01
3.602737552400778895e+02 6.943319206696791923e+01
3.612764143701240300e+02 6.974894148563110718e+01
3.622775647222022144e+02 7.006833342343259119e+01
3.632771295155421853e+02 7.039155324243283474e+01
3.642749701846587982e+02 7.071893546900253114e+01
3.652709339213424187e+02 7.105084901513848195e+01
3.662648609509321318e+02 7.138767961130388073e+01
3.672565014157858627e+02 7.173003046705956365e+01
3.682455427064855940e+02 7.207865628783531520e+01
3.692316714300293370e+02 7.243431367077799621e+01
3.702146344881446112e+02 7.279761364663551149e+01
3.711942963194296112e+02 7.316888348305896272e+01
3.721705349277031019e+02 7.354841769790077421e+01
3.731432834443922957e+02 7.393637771789994417e+01
3.741128127718229734e+02 7.433210951078338269e+01
3.750795216805556720e+02 7.473465034005089080e+01
3.760438057406655048e+02 7.514304519566321972e+01
3.770059691162402373e+02 7.555655973612070397e+01
3.779662171922138327e+02 7.597469808845808359e+01
3.789247504510979070e+02 7.639697621493297675e+01
3.798818084789918998e+02 7.682281567520460897e+01
3.808377536926238349e+02 7.725134149525823091e+01
3.817929725638048808e+02 7.768162062808508495e+01
3.827478566484805924e+02 7.811270775569906277e+01
3.837028515056385913e+02 7.854352721930969494e+01
3.846584352568286818e+02 7.897292476769035829e+01
3.856150850782076986e+02 7.939974843297085272e+01
3.865731725856737171e+02 7.982310114452971561e+01
3.875328917625625991e+02 8.024251476259973970e+01
3.884944195479019982e+02 8.065756230444814889e+01
3.894579626242264681e+02 8.106774500922557536e+01
3.904238820643734584e+02 8.147219153576982364e+01
3.913925888805570708e+02 8.186991002739111423e+01
3.923644837282935782e+02 8.225993363480569087e+01
3.933397536907951348e+02 8.264181120224154142e+01
3.943183854122996763e+02 8.301557555558865431e+01
3.953003576170534643e+02 8.338127864423898927e+01
3.962855501057787251e+02 8.373921117543822845e+01
3.972735772668494860e+02 8.409030444503838453e+01
3.982640094389845444e+02 8.443559606537439777e+01
3.992564199559964209e+02 8.477611632221325522e+01
4.002504085757017265e+02 8.511283086319501479e+01
4.012455888136843214e+02 8.544667168185125661e+01
4.022415755807759297e+02 8.577856737574902013e+01
4.032380489153137546e+02 8.610928809915310467e+01
4.042347836995451758e+02 8.643937326845666291e+01
4.052315623004203644e+02 8.676934409113947311e+01
4.062281903858699934e+02 8.709966484442576018e+01
4.072245763581666438e+02 8.743054879926471301e+01
4.082206569244643788e+02 8.776214007053825128e+01
4.092163733591804089e+02 8.809457166739103684e+01
4.102117414758465088e+02 8.842779535012893177e+01
4.112068378215398070e+02 8.876161519975335068e+01
4.122017409071422662e+02 8.909583053452348622e+01
4.131965768667342900e+02 8.943012791038265163e+01
4.141915813651395979e+02 8.976393453613670204e+01
4.151870054089749260e+02 9.009664129425955537e+01
4.161831163537690372e+02 9.042760231160630724e+01
4.171803023837292699e+02 9.075590006803683707e+01
4.181790058388345983e+02 9.108049529042382630e+01
4.191796697218684926e+02 9.140034790925137997e+01
4.201827519049758166e+02 9.171440974847548944e+01
4.211887290348891497e+02 9.202162239645980435e+01
4.221980789594895782e+02 9.232092678796765028e+01
4.232112173755493814e+02 9.261142914182332220e+01
4.242283269810073421e+02 9.289285531172153298e+01
4.252495358834786430e+02 9.316507632833597086e+01
4.262749637311303559e+02 9.342798465260787566e+01
4.273046185292440100e+02 9.368175556967196371e+01
4.283384293907736833e+02 9.392676422208110409e+01
4.293763246066255874e+02 9.416338739332555008e+01
4.304183410997267174e+02 9.439166948034264237e+01
4.314647307295470569e+02 9.461099722852743810e+01
4.325157706117535668e+02 9.482068010568951877e+01
4.335717679860736098e+02 9.501987623321819854e+01
4.346332177902972944e+02 9.520680071786300402e+01
4.357006871304850506e+02 9.537930608545717348e+01
4.367747316664869004e+02 9.553524850709982275e+01
4.378555905828568484e+02 9.567260424624127779e+01
4.389431561994679214e+02 9.578948119049226761e+01
4.400373030333702218e+02 9.588399409325622003e+01
4.411375832822182019e+02 9.595469602244826035e+01
4.422425204092905915e+02 9.600153899749355446e+01
4.433504330821613166e+02 9.602475353464512864e+01
4.444596412257621409e+02 9.602458754295395238e+01
4.455684783784073488e+02 9.600147724289581674e+01
4.466752864071303293e+02 9.595597406458479384e+01
4.477784128374503894e+02 9.588863557130349591e+01
4.488766432489898648e+02 9.580037336807706083e+01
4.499695111899732751e+02 9.569270357910933456e+01
4.510566233480302003e+02 9.556720144094285274e+01
4.521375512156359946e+02 9.542513955700302120e+01
4.532116805689222474e+02 9.526619360871184483e+01
4.542783361499366492e+02 9.508951446276944353e+01
4.553368548771633186e+02 9.489425903822564123e+01
4.563868311013835637e+02 9.467971843954330780e+01
4.574281042076202084e+02 9.444531149416800986e+01
4.584605240117581388e+02 9.419046371235097581e+01
4.594843994557876385e+02 9.391565763912745979e+01
4.605012906950600495e+02 9.362425645739710944e+01
4.615129690437631780e+02 9.332010949587585458e+01
4.625212259871977949e+02 9.300714238024529834e+01
4.635280342263786224e+02 9.268996618221038375e+01
4.645354622205261990e+02 9.237355417761295939e+01
4.655455725235543696e+02 9.206287451291473189e+01
4.665600694342213046e+02 9.176245043588087924e+01
4.675801279854902077e+02 9.147614792624284519e+01
4.686068805940783477e+02 9.120778004080167989e+01
4.696413376253858587e+02 9.096111551845842769e+01
4.706839625023431495e+02 9.073972449852169575e+01
4.717350655031865472e+02 9.054712151212278570e+01
4.727949065547437613e+02 9.038674104780047003e+01
4.738629053406081084e+02 9.026068172485233276e+01
4.749377871538223985e+02 9.016993817870485373e+01
4.760182558495775424e+02 9.011546861404593756e+01
4.771028580778004198e+02 9.009736334036675487e+01
4.781897733719703183e+02 9.011368589912687810e+01
4.792771289518890967e+02 9.016221101964063678e+01
4.803631416488090053e+02 9.024062198396202916e+01
4.814467021953122980e+02 9.034591436705338197e+01
4.825270079748530634e+02 9.047477081085418149e+01
4.836032553717035398e+02 9.062390922081243616e+01
4.846745448402540433e+02 9.079143507694283244e+01
4.857398539776584130e+02 9.097723092365401953e+01
4.867981523454677699e+02 9.118129554426280947e+01
4.878485488398430903e+02 9.140362991727545250e+01
4.888906832386306860e+02 9.164424338513572366e+01
4.899243217370267871e+02 9.190314728196813121e+01
4.909492625029855049e+02 9.218030767686654769e+01
4.919657344194654343e+02 9.247508085957719004e+01
4.929742751191957950e+02 9.278638601124190188e+01
4.939754285666683700e+02 9.311313402959316932e+01
4.949696843078136226e+02 9.345440609549073940e+01
4.959574226009816584e+02 9.380962536559769660e+01
4.969390106308207464e+02 9.417825590597792029e+01
4.979147546621055653e+02 9.455989693938369101e+01
4.988845749323438667e+02 9.495500412774859456e+01
4.998482409369278798e+02 9.536436756910848089e+01
5.008055274735648936e+02 9.578876231299518906e+01
5.017563677658199026e+02 9.622851978553933350e+01
5.027008711447971905e+02 9.668347827729758137e+01
5.036391561689079026e+02 9.715345024770880400e+01
5.045714496357947496e+02 9.763797028139990175e+01
5.054983293707937264e+02 9.813567179479835545e+01
5.064204442332656981e+02 9.864500584377631753e+01
5.073384450220186181e+02 9.916441716198988843e+01
5.082530039420922776e+02 9.969228070297256750e+01
5.091648064863461514e+02 1.002269281045682021e+02
5.100745370288073559e+02 1.007666935225367695e+02
5.109827709503315418e+02 1.013101730209112930e+02
5.118898947893207492e+02 1.018564164481237384e+02
5.127962762679137541e+02 1.024045188676868179e+02
5.137022344378844991e+02 1.029536936106710954e+02
5.146078272651535599e+02 1.035037884391179261e+02
5.155130255409286519e+02 1.040548629470630573e+02
5.164177961656882871e+02 1.046069862761456477e+02
5.173220233022613002e+02 1.051604306325194358e+02
5.182255112418828276e+02 1.057156642526361168e+02
5.191280610107079383e+02 1.062731633874593058e+02
5.200294672124382487e+02 1.068334207601453159e+02
5.209295066723231002e+02 1.073969746917065322e+02
5.218279531648311149e+02 1.079643713277453685e+02
5.227246014193704013e+02 1.085361063010876421e+02
5.236194378856748699e+02 1.091122130945314979e+02
5.245125518307490893e+02 1.096924773454564388e+02
5.254040341363909192e+02 1.102766807862465868e+02
5.262940105256860761e+02 1.108645204785205038e+02
5.271826589397356884e+02 1.114555665844722228e+02
5.280701616090692596e+02 1.120493788421933488e+02
5.289567063764584418e+02 1.126455028674987915e+02
5.298425066468821569e+02 1.132434199531566037e+02
5.307277830991771452e+02 1.138425930884785942e+02
5.316127606058015544e+02 1.144424749678055946e+02
5.324977356076633441e+02 1.150423425917765599e+02
5.333830645345268522e+02 1.156413256941223153e+02
5.342691059029536973e+02 1.162385488915778637e+02
5.351562842557746080e+02 1.168329763872629741e+02
5.360451806985655594e+02 1.174231920084853869e+02
5.369363990327326519e+02 1.180077244420744620e+02
5.378305544084503254e+02 1.185850755350513310e+02
5.387283488242669591e+02 1.191535417382684301e+02
5.396305243993531349e+02 1.197113246174122594e+02
5.405378191161759105e+02 1.202566360831978471e+02
5.414508017336403327e+02 1.207881100970348029e+02
5.423698211832593188e+02 1.213049288791130635e+02
5.432952117049892422e+02 1.218063112909895835e+02
5.442272079052593199e+02 1.222917295197754868e+02
5.451656585727022275e+02 1.227616367226408727e+02
5.461103191197757951e+02 1.232167234725330331e+02
5.470609412157932638e+02 1.236576937286905746e+02
5.480172250508319394e+02 1.240854355511913241e+02
5.489788333819860782e+02 1.245009708685277872e+02
5.499454294027432297e+02 1.249053216660318384e+02
5.509168620838639754e+02 1.252990802015538208e+02
5.518933591016556193e+02 1.256819627367694352e+02
5.528751942498961398e+02 1.260535788575284215e+02
5.538626923855380255e+02 1.264133960018692164e+02
5.548565074442436753e+02 1.267599655304911863e+02
5.558574238677020958e+02 1.270914755061630217e+02
5.568662304636969793e+02 1.274060914442176369e+02
5.578838325023147036e+02 1.277013549023922110e+02
5.589112665555988997e+02 1.279741039759985597e+02
5.599495761541697902e+02 1.282211392263050413e+02
5.609995360801799507e+02 1.284395834684073350e+02
5.620610354799853212e+02 1.286276214751793248e+02
5.631337813292792589e+02 1.287836564586701797e+02
5.642173741500456572e+02 1.289062318757165428e+02
5.653102165415368745e+02 1.289954693566287744e+02
5.664099566476884320e+02 1.290524844700885296e+02
5.675142302957881384e+02 1.290784071182496291e+02
5.686206262525955708e+02 1.290742653753492561e+02
5.697266505452747651e+02 1.290409082865961068e+02
5.708298008012000082e+02 1.289791667220290492e+02
5.719277620287904256e+02 1.288899473406642358e+02
5.730192411371713206e+02 1.287745701240585845e+02
5.741032916814057216e+02 1.286344952597387419e+02
5.751789827231556274e+02 1.284711652304549148e+02
5.762457205326552412e+02 1.282856278867155311e+02
5.773032415309836551e+02 1.280785447063825586e+02
5.783512959451210236e+02 1.278505606233924681e+02
5.793896273834440080e+02 1.276020074957941830e+02
5.804179608433731801e+02 1.273323368386502210e+02
5.814360180751317557e+02 1.270408465667889288e+02
5.824435420603816738e+02 1.267268632948756704e+02
5.834404736215972207e+02 1.263899810711232590e+02
5.844268612572119537e+02 1.260299394959385353e+02
5.854027625591789956e+02 1.256464993073779226e+02
5.863686919699355258e+02 1.252405429875036020e+02
5.873258585622606915e+02 1.248146586035779819e+02
5.882755296129923863e+02 1.243715771362582245e+02
5.892191398491087284e+02 1.239144503109901763e+02
5.901588992012568724e+02 1.234483776742390830e+02
5.910972417709765523e+02 1.229790220370603464e+02
5.920365867079707414e+02 1.225120117826690915e+02
5.929790917387161926e+02 1.220523732635638652e+02
5.939266923408636103e+02 1.216046210161290730e+02
5.948813153978779837e+02 1.211732496351046535e+02
5.958444199945234914e+02 1.207616302101976657e+02
5.968163388449791000e+02 1.203704286439889160e+02
5.977972385667602566e+02 1.199999119272272026e+02
5.987872357038551172e+02 1.196502350234759717e+02
5.997860568307636413e+02 1.193206804356138662e+02
6.007932456362734683e+02 1.190101215047822336e+02
6.018083438014679132e+02 1.187174310037695051e+02
6.028308546075489858e+02 1.184415533032634897e+02
6.038602307380283492e+02 1.181815271150889259e+02
6.048959214220084277e+02 1.179363975919642513e+02
6.059373838322386518e+02 1.177053755467565708e+02
6.069841064049700208e+02 1.174883237744412554e+02
6.080355852666061764e+02 1.172852654436214692e+02
6.090913213632818497e+02 1.170962791669444130e+02
6.101508833226746447e+02 1.169222221353360993e+02
6.112138896943954478e+02 1.167645258193723237e+02
6.122799609783866117e+02 1.166246375933340431e+02
6.133488386221567907e+02 1.165043910030918681e+02
6.144205143414355916e+02 1.164064186719959224e+02
6.154950108741497843e+02 1.163334522736821981e+02
6.165723146596747029e+02 1.162878205076398501e+02
6.176521742150098362e+02 1.162692107402123156e+02
6.187342422353641496e+02 1.162762465568750372e+02
6.198181803925421036e+02 1.163074981472848464e+02
6.209039244502854444e+02 1.163600384217272392e+02
6.219917235865331122e+02 1.164292282057844261e+02
6.230818440893577872e+02 1.165103347956954849e+02
6.241743349835782055e+02 1.165994619239360475e+02
6.252685177487661576e+02 1.166955142808079842e+02
6.263635617491577250e+02 1.167979821815488606e+02
6.274586165250823342e+02 1.169064973394118852e+02
6.285526041518526199e+02 1.170223139077288010e+02
6.296443013595862794e+02 1.171477227437418946e+02
6.307324861738056825e+02 1.172850247791993752e+02
6.318162680744978843e+02 1.174359080979201764e+02
6.328953478969732487e+02 1.176009673880253104e+02
6.339694876385196949e+02 1.177806842512378722e+02
6.350384254452482082e+02 1.179754180008345656e+02
6.361017672208799922e+02 1.181848499241716723e+02
6.371590732965756843e+02 1.184084276514788598e+02
6.382099249799496192e+02 1.186454724114366712e+02
6.392543809335602418e+02 1.188924397089522387e+02
6.402929738211371387e+02 1.191429394590093409e+02
6.413262566876948085e+02 1.193904583340880095e+02
6.423548137106731701e+02 1.196274626372258041e+02
6.433793179958261135e+02 1.198435040339992952e+02
6.444004584245523120e+02 1.200276171411215955e+02
6.454188371869252023e+02 1.201690460938691558e+02
6.464342336492761660e+02 1.202590236561478605e+02
6.474459727112155178e+02 1.202898809626101979e+02
6.484533718194115863e+02 1.202540293920326064e+02
6.494555900684044900e+02 1.201479489444878084e+02
6.504515422850281539e+02 1.199743957137626609e+02
6.514401224209311749e+02 1.197366621503202992e+02
6.524202679591560354e+02 1.194388170748666766e+02
6.533911212194000200e+02 1.190885825126267292e+02
6.543518847160128189e+02 1.186947540436378148e+02
6.553017317642930948e+02 1.182660918739537124e+02
6.562393140164397209e+02 1.178107218150950501e+02
6.571628333155972541e+02 1.173362226657598626e+02
6.580704758952726934e+02 1.168501519075322364e+02
6.589601364010711677e+02 1.163589321347956798e+02
6.598289965300033373e+02 1.158662110797924925e+02
6.606741310400261682e+02 1.153752202580306374e+02
6.614951699176290276e+02 1.148874767330008382e+02
6.623119962704446380e+02 1.143909085666785472e+02
6.631541352594634873e+02 1.138669744044613168e+02
6.640521372807402258e+02 1.132963889015872638e+02
6.650766311723969011e+02 1.126306488236741785e+02
6.663518127959893036e+02 1.117821996335132440e+02
6.680056133543873784e+02 1.106607636643379351e+02
