4.492810221384457492e+01 3.145529170861196349e+02
4.698735584483801375e+01 3.140630985121933918e+02
4.855470447835443082e+01 3.136816728420115510e+02
4.979385559141573481e+01 3.133721815961025072e+02
5.086394910426427884e+01 3.130991644912303400e+02
5.185542333619661548e+01 3.128421753277973494e+02
5.280564657917269500e+01 3.125923658576080015e+02
5.375056232828185188e+01 3.123412014726138182e+02
5.471536584691715177e+01 3.120829930046153322e+02
5.570109401325960619e+01 3.118184468706507460e+02
5.670548720504824303e+01 3.115491421888672789e+02
5.772627955454542104e+01 3.112766295393846008e+02
5.876115844648387565e+01 3.110022458945602466e+02
5.980779008027653276e+01 3.107272314227321885e+02
6.086385413976158532e+01 3.104528315498989173e+02
6.192757540479664868e+01 3.101805218454648525e+02
6.299789663323053901e+01 3.099120810142353548e+02
6.407380957338506278e+01 3.096493084451411164e+02
6.515432780259720857e+01 3.093936597665809813e+02
6.623855395477107777e+01 3.091451881555502723e+02
6.732561337171775051e+01 3.089035891878356779e+02
6.841462539281533850e+01 3.086684915234176856e+02
6.950461667378465336e+01 3.084384905769446732e+02
7.059454102566505185e+01 3.082113696843317712e+02
7.168335045187812682e+01 3.079848899811055958e+02
7.277003395600415558e+01 3.077567351238250239e+02
7.385366525741638100e+01 3.075244113727241029e+02
7.493332988107620452e+01 3.072854002669327542e+02
7.600815499456265911e+01 3.070372778702744085e+02
7.707758614948559739e+01 3.067783429473748242e+02
7.814121586196392855e+01 3.065072278580094007e+02
7.919864212254071845e+01 3.062225792926369650e+02
8.024965846112007739e+01 3.059235672804173305e+02
8.129432046823561109e+01 3.056100632257674192e+02
8.233270208204575624e+01 3.052819876384203326e+02
8.336497193585472587e+01 3.049395117358757830e+02
8.439169269600603229e+01 3.045838499479601182e+02
8.541352950251493326e+01 3.042164880061083636e+02
8.643114956495249146e+01 3.038389196288426888e+02
8.744525290320257227e+01 3.034527651646323534e+02
8.845656577386594677e+01 3.030597462213923450e+02
8.946581498549015521e+01 3.026615868427140299e+02
9.047367971499569705e+01 3.022599071704736389e+02
9.148072804058811869e+01 3.018560850002803591e+02
9.248751223048557790e+01 3.014514636404727526e+02
9.349457043625042729e+01 3.010473531020914493e+02
9.450233055180322594e+01 3.006448033288044144e+02
9.551116863492973152e+01 3.002447419971322802e+02
9.652145945581611386e+01 2.998480936518732278e+02
9.753353490404975901e+01 2.994556775812333171e+02
9.854766839460798167e+01 2.990681695390844652e+02
9.956412914274851289e+01 2.986862349704829285e+02
1.005832254388328266e+02 2.983106325256885611e+02
1.016054314099641260e+02 2.979425164226175866e+02
1.026312651701938563e+02 2.975831458005313834e+02
1.036612348401612849e+02 2.972337554972042426e+02
1.046956857876004960e+02 2.968951845761570212e+02
1.057348309689390646e+02 2.965679501098170476e+02
1.067788791469349121e+02 2.962525589760539333e+02
1.078279386864931126e+02 2.959492748860474194e+02
1.088818793835293945e+02 2.956577837295432118e+02
1.099405363683806485e+02 2.953776874351876813e+02
1.110037416670864445e+02 2.951085803631656859e+02
1.120713025343839746e+02 2.948499964797491657e+02
1.131430143642188852e+02 2.946014408338929798e+02
1.142186716915515632e+02 2.943624163996221910e+02
1.152980335061854902e+02 2.941323403652093589e+02
1.163808094764760597e+02 2.939105108850580450e+02
1.174667056377902412e+02 2.936962173456088863e+02
1.185554284888230541e+02 2.934887503094044519e+02
1.196466865338887402e+02 2.932874054300118019e+02
1.207401888198615438e+02 2.930914797382213806e+02
1.218356481052153697e+02 2.929002792358660940e+02
1.229328392498245393e+02 2.927132600256196042e+02
1.240315885165349670e+02 2.925300024525913045e+02
1.251317238295274024e+02 2.923500908772207367e+02
1.262331090586046543e+02 2.921731964898444858e+02
1.273356950967225458e+02 2.919992006930870048e+02
1.284394457474089677e+02 2.918280160762255377e+02
1.295443334268781257e+02 2.916595760268120898e+02
1.306504007743737930e+02 2.914939835099012271e+02
1.317577246715119372e+02 2.913314241804577591e+02
1.328663799524120748e+02 2.911720787505313979e+02
1.339763338312545500e+02 2.910158681162602647e+02
1.350874015698258006e+02 2.908623463305191876e+02
1.361993869532858810e+02 2.907110397393269068e+02
1.373121010624528822e+02 2.905614922993020741e+02
1.384253871895270436e+02 2.904133257203999392e+02
1.395390975137108853e+02 2.902661831644373365e+02
1.406530723048998368e+02 2.901196790410587028e+02
1.417669470462923869e+02 2.899729333514494556e+02
1.428801847672162637e+02 2.898246497482037967e+02
1.439922434226177188e+02 2.896735196330137683e+02
1.451026892994833588e+02 2.895184959412407011e+02
1.462113559044705369e+02 2.893591767261701193e+02
1.473181172177575320e+02 2.891952577516859151e+02
1.484228444460290746e+02 2.890264280855251400e+02
1.495253856874639382e+02 2.888523210037193962e+02
1.506255775651931685e+02 2.886725420776757005e+02
1.517232563221124337e+02 2.884866959608152115e+02
1.528182435390407079e+02 2.882943519088837547e+02
1.539103397308599597e+02 2.880950283195384145e+02
1.549993437813839421e+02 2.878882396526568073e+02
1.560850915125917027e+02 2.876735895448510405e+02
1.571675850920721587e+02 2.874510832270790956e+02
1.582468734924815692e+02 2.872208389278727054e+02
1.593230169856194607e+02 2.869830021543373277e+02
1.603962755267677665e+02 2.867382004926635091e+02
1.614670801484130607e+02 2.864874745463879435e+02
1.625358674693286787e+02 2.862318784055517540e+02
1.636030951390407324e+02 2.859725169330965286e+02
1.646692736652985332e+02 2.857106226034354108e+02
1.657349217287132888e+02 2.854474476220820520e+02
1.668005556739492761e+02 2.851842385550984318e+02
1.678666719544504531e+02 2.849221939470858160e+02
1.689337569654283016e+02 2.846624880600219285e+02
1.700022958508362763e+02 2.844062921350819124e+02
1.710727133023866031e+02 2.841546314688583266e+02
1.721453456265428485e+02 2.839083179771325263e+02
1.732205221157832113e+02 2.836681466424323048e+02
1.742985127695560834e+02 2.834347693012456375e+02
1.753793152303375678e+02 2.832081802621519842e+02
1.764628489881262112e+02 2.829881851569555238e+02
1.775490372519339815e+02 2.827745985959497830e+02
1.786378709516601475e+02 2.825673986820461323e+02
1.797294000436199326e+02 2.823667060204709855e+02
1.808236765843031435e+02 2.821726462867193277e+02
1.819208066158672921e+02 2.819854754892186293e+02
1.830210344435018328e+02 2.818057834328888021e+02
1.841246261944323237e+02 2.816342126057053292e+02
1.852318209590181368e+02 2.814713402228802011e+02
1.863426225067459541e+02 2.813171753848284879e+02
1.874569134418874796e+02 2.811714346732830450e+02
1.885745734040370962e+02 2.810338275126120493e+02
1.896953762742984395e+02 2.809038080035411440e+02
1.908189385801091476e+02 2.807804503613533598e+02
1.919448640531142019e+02 2.806627979095479759e+02
1.930728147060936237e+02 2.805500346747461435e+02
1.942027256197310408e+02 2.804420039278759873e+02
1.953346117814244565e+02 2.803387418517590390e+02
1.964684667627100225e+02 2.802402329267542882e+02
1.976038835349604028e+02 2.801454944988934699e+02
1.987400998439921125e+02 2.800526863238713418e+02
1.998763411991964745e+02 2.799599386160396080e+02
2.010118691204039862e+02 2.798654685265892681e+02
2.021460391104914720e+02 2.797677201017216362e+02
2.032782218126979501e+02 2.796651739396845073e+02
2.044078491981769901e+02 2.795564586974147687e+02
2.055348988972900486e+02 2.794415203697619745e+02
2.066596346130383210e+02 2.793209955920509060e+02
2.077823213480616289e+02 2.791955241372114074e+02
2.089031552324369727e+02 2.790655795051107475e+02
2.100222281129398993e+02 2.789313834334741387e+02
2.111396231482490009e+02 2.787931366851066741e+02
2.122554748888499603e+02 2.786511640936073491e+02
2.133701635000639669e+02 2.785063834592231160e+02
2.144841424397645255e+02 2.783598895260694235e+02
2.155978593283951739e+02 2.782127629454604403e+02
2.167116492371701781e+02 2.780658126508624832e+02
2.178257457057572992e+02 2.779196024569303063e+02
2.189403786143021193e+02 2.777746873434513759e+02
2.200557666575194560e+02 2.776315952862087215e+02
2.211720987798541103e+02 2.774907824375155201e+02
2.222895590341995273e+02 2.773526931404416587e+02
2.234082830990616344e+02 2.772176549519537616e+02
2.245279666117342856e+02 2.770849330755497704e+02
2.256480703187174299e+02 2.769532256381834827e+02
2.267680546426979049e+02 2.768212299850544014e+02
2.278874910356254304e+02 2.766879115096588748e+02
2.290061220400264688e+02 2.765526486546011711e+02
2.301237047990840381e+02 2.764148551115816304e+02
2.312399810078587166e+02 2.762739072772549207e+02
2.323546170490979534e+02 2.761289997283747084e+02
2.334672563891209904e+02 2.759792717165749991e+02
2.345775420251684125e+02 2.758238613610323000e+02
2.356851077726448125e+02 2.756618846139771222e+02
2.367895790204001401e+02 2.754924370841067116e+02
2.378905807668919863e+02 2.753146134376274858e+02
2.389876886381520649e+02 2.751273891451702980e+02
2.400803444271737135e+02 2.749294165758427084e+02
2.411679674694859727e+02 2.747192938816398851e+02
2.422499920504385216e+02 2.744956553066131164e+02
2.433259915100804847e+02 2.742574708025202881e+02
2.443956147597854454e+02 2.740038927664176640e+02
2.454585126359683613e+02 2.737340782428218517e+02
2.465144085463789452e+02 2.734473594789639606e+02
2.475631397106434690e+02 2.731433434882725919e+02
2.486045532953299357e+02 2.728216612982198512e+02
2.496385030127435982e+02 2.724819597390880972e+02
2.506648751282038461e+02 2.721239642310999329e+02
2.516835660072264602e+02 2.717474245785130620e+02
2.526944732581371795e+02 2.713520935859924066e+02
2.536975197655474972e+02 2.709377850805309436e+02
2.546926520130375877e+02 2.705043698620490886e+02
2.556798174634747625e+02 2.700517210946740647e+02
2.566590183492091910e+02 2.695798441677114852e+02
2.576304082174531231e+02 2.690891097767174074e+02
2.585941665270497083e+02 2.685799511734355747e+02
2.595504729494680305e+02 2.680528021229387150e+02
2.604995091787136516e+02 2.675081012731826604e+02
2.614414580278377684e+02 2.669462899737652606e+02
2.623764992150994999e+02 2.663678021027938598e+02
2.633046104535042105e+02 2.657725838544357657e+02
2.642254470277076166e+02 2.651598030117782514e+02
2.651386353679274634e+02 2.645285576971164687e+02
2.660438194422696370e+02 2.638779883728864775e+02
2.669407321935051982e+02 2.632074503050334897e+02
2.678291347121527792e+02 2.625163667140713528e+02
2.687088070505837436e+02 2.618042065984798228e+02
2.695799272441306584e+02 2.610713997727061724e+02
2.704430513363628847e+02 2.603192886439087488e+02
2.712987504666648420e+02 2.595492520637710641e+02
2.721477158969328798e+02 2.587629588857506064e+02
2.729909771521823814e+02 2.579628946037728383e+02
2.738296228671723043e+02 2.571516874154920060e+02
2.746647472231121014e+02 2.563319789090661516e+02
2.754974983631792043e+02 2.555065409501836484e+02
2.763290548254787495e+02 2.546782187854026063e+02
2.771605952904350261e+02 2.538498580049057409e+02
2.779932848939220094e+02 2.530242715010809604e+02
2.788282667679985138e+02 2.522042190470747869e+02
2.796666820287775295e+02 2.513924555493543664e+02
2.805096409038818592e+02 2.505916613435808529e+02
2.813580937544049902e+02 2.498041308166048395e+02
2.822129393766017529e+02 2.490320338677552172e+02
2.830750640956129018e+02 2.482775102884241392e+02
2.839450849219450106e+02 2.475420496868678413e+02
2.848233586392726693e+02 2.468265134281056703e+02
2.857102314094452709e+02 2.461317372337948655e+02
2.866060550577609547e+02 2.454585704949959677e+02
2.875111976658108688e+02 2.448079018392537876e+02
2.884260302138243901e+02 2.441806268903189334e+02
2.893509506032384024e+02 2.435777062630253624e+02
2.902866246659955891e+02 2.430007473891750465e+02
2.912338718653271599e+02 2.424517285852663804e+02
2.921935105172538556e+02 2.419326253976476551e+02
2.931661455498380064e+02 2.414448981818144375e+02
2.941520290482105793e+02 2.409891554108413061e+02
2.951513800080084593e+02 2.405659256685481751e+02
2.961642046057420998e+02 2.401752237340704710e+02
2.971893852931078186e+02 2.398143514016502138e+02
2.982254349878718926e+02 2.394797183076303781e+02
2.992708585969255068e+02 2.391677147468841156e+02
3.003239873028178977e+02 2.388743115733387867e+02
3.013829815198927236e+02 2.385950673372865936e+02
3.024459947426623216e+02 2.383255238817187376e+02
3.035115006604765995e+02 2.380619961005010907e+02
3.045789098509063137e+02 2.378030608298355446e+02
3.056478033452265208e+02 2.375477064346865177e+02
3.067178091724636602e+02 2.372950347788079739e+02
3.077890339088329483e+02 2.370453034094692839e+02
3.088618634551614832e+02 2.367994444382407835e+02
3.099366851811300307e+02 2.365583935320274804e+02
3.110137329082509723e+02 2.363227161533114327e+02
3.120929820238017669e+02 2.360923546799918427e+02
3.131743831114337695e+02 2.358671916884596840e+02
3.142578277213016236e+02 2.356469674968313086e+02
3.153428893837183864e+02 2.354306560624954727e+02
3.164290350122182076e+02 2.352169744188933862e+02
3.175157214888607768e+02 2.350046154201944262e+02
3.186021767539446614e+02 2.347917200918710137e+02
3.196873998060059989e+02 2.345758776306983577e+02
3.207703796386009572e+02 2.343546531175736050e+02
3.218500350831087076e+02 2.341254419382944434e+02
3.229250756889874765e+02 2.338851333068473650e+02
3.239941721570393156e+02 2.336305224773823852e+02
3.250560448867415175e+02 2.333585241592900559e+02
3.261099320986045313e+02 2.330672976914151491e+02
3.271553796754396899e+02 2.327557419066316129e+02
3.281919433463465907e+02 2.324227792719671299e+02
3.292196410334132679e+02 2.320684405972285163e+02
3.302392825014281925e+02 2.316946555378589494e+02
3.312517552814426836e+02 2.313035402334721766e+02
3.322579384015778601e+02 2.308971860863273093e+02
3.332586641541232666e+02 2.304775485313464571e+02
3.342547488587356952e+02 2.300465365346859130e+02
3.352470006866922745e+02 2.296060385901317886e+02
3.362360348059094122e+02 2.291574584111565969e+02
3.372222700398981488e+02 2.287017065389785557e+02
3.382061163698679138e+02 2.282396713083178952e+02
3.391879180933711950e+02 2.277720816278656457e+02
3.401678197689112721e+02 2.272991816037803687e+02
3.411459281269670214e+02 2.268211235268137500e+02
3.421223213053205541e+02 2.263379964099404447e+02
3.430967725494882643e+02 2.258492145167481340e+02
3.440688707160355762e+02 2.253537840442840263e+02
3.450382001060873449e+02 2.248507019842837451e+02
3.460041769915097802e+02 2.243386674125883076e+02
3.469659246038366405e+02 2.238158598444923655e+02
3.479225367304001679e+02 2.232804065907185134e+02
3.488730764834928664e+02 2.227304291330343347e+02
3.498164349420538883e+02 2.221640162629581141e+02
3.507514432511774203e+02 2.215792453832147260e+02
3.516769299542554563e+02 2.209742025431996524e+02
3.525916613894573288e+02 2.203471857989391651e+02
3.534943395173612544e+02 2.196967126169178073e+02
3.543836634009077784e+02 2.190213108408468088e+02
3.552584901442814385e+02 2.183199931854522333e+02
3.561181668271223657e+02 2.175932756116402516e+02
3.569621351993058624e+02 2.168419645288844322e+02
3.577898836496216290e+02 2.160669365156146000e+02
3.586014096251983574e+02 2.152698340362679801e+02
3.593970239263816211e+02 2.144527709999592844e+02
3.601770479124609778e+02 2.136178699356149480e+02
3.609423361500162741e+02 2.127674069976403644e+02
3.616946898410252516e+02 2.119039310811174346e+02
3.624360074868585571e+02 2.110300191146268105e+02
3.631683492902234320e+02 2.101482748425233353e+02
3.638947008105518535e+02 2.092614554658840973e+02
3.646183762158889294e+02 2.083723726806628349e+02
3.653426823096333464e+02 2.074838346750205176e+02
3.660707298046046958e+02 2.065985593150877264e+02
3.668054229612193353e+02 2.057191693721648846e+02
3.675496560520568323e+02 2.048482830400868693e+02
3.683059227965323430e+02 2.039883928086866263e+02
3.690754507707027869e+02 2.031415938190790200e+02
3.698592179798037023e+02 2.023099028905635919e+02
3.706581404542412201e+02 2.014953036124250048e+02
3.714724416986479696e+02 2.006994082515611808e+02
3.723019113418990287e+02 1.999235964369112253e+02
3.731463324740391272e+02 1.991692449662229478e+02
3.740055008284773521e+02 1.984378012222259713e+02
3.748792349899373448e+02 1.977308401612644957e+02
3.757673559454612473e+02 1.970499501512720144e+02
3.766697083863994635e+02 1.963967057779992444e+02
3.775862754289670988e+02 1.957726011440709897e+02
3.785170902932372314e+02 1.951791012206760456e+02
3.794621706594840020e+02 1.946176204208047977e+02
3.804211266206355617e+02 1.940882540065821047e+02
3.813931317126562703e+02 1.935896843294909502e+02
3.823773380386689951e+02 1.931205243598731158e+02
3.833728280123391414e+02 1.926791158793718353e+02
3.843784594376530777e+02 1.922629266262812564e+02
3.853930449542394854e+02 1.918692485868698441e+02
3.864153982909547267e+02 1.914953650692611404e+02
3.874443456394835152e+02 1.911384600871461430e+02
3.884787211383440422e+02 1.907956543398257736e+02
3.895173593173600466e+02 1.904640679799327927e+02
3.905591210879916844e+02 1.901408688601787276e+02
3.916029159051195165e+02 1.898233126036050749e+02
3.926476584425446390e+02 1.895086642694726891e+02
3.936922632127590873e+02 1.891941912810604265e+02
3.947356437669503748e+02 1.888771751497771447e+02
3.957767133016699290e+02 1.885549025842921367e+02
3.968143943747434150e+02 1.882246834447327899e+02
3.978478621651181584e+02 1.878844520916844090e+02
3.988765671155655355e+02 1.875328233608364030e+02
3.998999735892518856e+02 1.871684464995667838e+02
4.009176290176517341e+02 1.867901731894435216e+02
4.019293538270659383e+02 1.863975203896597179e+02
4.029350244407164610e+02 1.859901415216958185e+02
4.039345315643785739e+02 1.855677238925119639e+02
4.049279332668670577e+02 1.851303518793106377e+02
4.059153962272732201e+02 1.846783675381031742e+02
4.068970901998819727e+02 1.842121202429100890e+02
4.078733167206406733e+02 1.837322743750509915e+02
4.088446242034679585e+02 1.832400844462267173e+02
4.098115882019458240e+02 1.827368698420517035e+02
4.107747811667638302e+02 1.822239465370358289e+02
4.117347566769071250e+02 1.817026097594500982e+02
4.126920612160259907e+02 1.811741469374475741e+02
4.136472306143047604e+02 1.806398223649924830e+02
4.146005038470826207e+02 1.801002553281722669e+02
4.155517908216882006e+02 1.795553501122516593e+02
4.165009843254928228e+02 1.790049738120098937e+02
4.174478902028855600e+02 1.784488495407189532e+02
4.183920229386900473e+02 1.778862179070450225e+02
4.193328360544142583e+02 1.773162185616496345e+02
4.202697594289227254e+02 1.767379580942845791e+02
4.212019391582392700e+02 1.761501462643421121e+02
4.221283339176664526e+02 1.755512307497158417e+02
4.230478989366953328e+02 1.749396555694509914e+02
4.239595756625882359e+02 1.743139770473728163e+02
4.248622792541809190e+02 1.736729657191144440e+02
4.257549219156917388e+02 1.730154161960753640e+02
4.266364510794530815e+02 1.723401904297688247e+02
4.275060328545620223e+02 1.716465683821107859e+02
4.283629171380612206e+02 1.709339901794173784e+02
4.292063727565514455e+02 1.702019182270284716e+02
4.300362098622608187e+02 1.694504484207092503e+02
4.308528490790776573e+02 1.686803910653186449e+02
4.316567436834491218e+02 1.678925946944360703e+02
4.324483617847656092e+02 1.670880596589794038e+02
4.332282221815339085e+02 1.662683051203676428e+02
4.339968544908859371e+02 1.654349609702242958e+02
4.347547105026189911e+02 1.645896160617952546e+02
4.355012849406812165e+02 1.637333545872019158e+02
4.362354292784194740e+02 1.628669215523209743e+02
4.369559839512506301e+02 1.619910547646733505e+02
4.376618987109152386e+02 1.611063829300269958e+02
4.383523356177164487e+02 1.602133228623164030e+02
4.390264811248560477e+02 1.593122670304566384e+02
4.396836259400363929e+02 1.584036065204759893e+02
4.403237213208445837e+02 1.574877236565181988e+02
4.409469764407116941e+02 1.565649973415939371e+02
4.415536089181954367e+02 1.556358059293220322e+02
4.421440709325499938e+02 1.547005116002117973e+02
4.427190837740395750e+02 1.537594579793973821e+02
4.432793835442866452e+02 1.528129876721083633e+02
4.438257782301259340e+02 1.518614541158653140e+02
4.443593263342988280e+02 1.509052484981132238e+02
4.448811408977027213e+02 1.499447702245827543e+02
4.453922995631116919e+02 1.489804035614447173e+02
4.458934339113284295e+02 1.480123419969111467e+02
4.463848704332665420e+02 1.470406485341266603e+02
4.468669269529956409e+02 1.460653825600912796e+02
4.473395664545993782e+02 1.450864634135625124e+02
4.478020501884953433e+02 1.441035334730611339e+02
4.482535569962553836e+02 1.431162025919853136e+02
4.486932419365891747e+02 1.421240728662186541e+02
4.491201062518452432e+02 1.411266962196922350e+02
4.495330899853075266e+02 1.401236046143733631e+02
4.499311571889279548e+02 1.391143400565086097e+02
4.503140191755601336e+02 1.380987567299511909e+02
4.506822594704591438e+02 1.370770731962147124e+02
4.510365109519214002e+02 1.360495286345375234e+02
4.513775866458739756e+02 1.350164351636810807e+02
4.517069398244692024e+02 1.339783641300966508e+02
4.520261659308540629e+02 1.329359444434936961e+02
4.523368089731167743e+02 1.318897832049899819e+02
4.526397486538477324e+02 1.308402058485336852e+02
4.529354023131875806e+02 1.297873417652544106e+02
4.532241788949181682e+02 1.287313168075035321e+02
4.535066229865360015e+02 1.276723172890406914e+02
4.537835523355001897e+02 1.266106512810990665e+02
4.540558174740571076e+02 1.255466414683012317e+02
4.543244545153365266e+02 1.244806954407445403e+02
4.545917248392852912e+02 1.234137813627571916e+02
4.548603865544562268e+02 1.223470946579489862e+02
4.551332215894009323e+02 1.212818433805948928e+02
4.554137296218667643e+02 1.202196194737410053e+02
4.557062626473023101e+02 1.191624707432850272e+02
4.560152222311765513e+02 1.181124715092687154e+02
4.563450889028555935e+02 1.170717871266957957e+02
4.567006294002713389e+02 1.160429129113085907e+02
4.570866752856413768e+02 1.150284189127030317e+02
4.575079736113347053e+02 1.140308530703936896e+02
4.579681525056387841e+02 1.130524705828363068e+02
4.584700476213902789e+02 1.120953193152928833e+02
4.590164682751264422e+02 1.111614387245981845e+02
4.596088037320403714e+02 1.102522712734445633e+02
4.602455310669436130e+02 1.093680351303438698e+02
4.609247701814728657e+02 1.085087983070596920e+02
4.616444084690457430e+02 1.076744754225499037e+02
4.624007661114689540e+02 1.068639471581967939e+02
4.631895159410315159e+02 1.060756671190469547e+02
4.640063420907414979e+02 1.053080986139307242e+02
4.648473718116722466e+02 1.045600719540912564e+02
4.657092676985088247e+02 1.038308608368860604e+02
4.665887243464840708e+02 1.031197654617764243e+02
4.674827253388722852e+02 1.024262293787525095e+02
4.683893225281070727e+02 1.017502260453662331e+02
4.693068145526166290e+02 1.010918513356634634e+02
4.702335323120925068e+02 1.004511751258425392e+02
4.711682446851352779e+02 9.982791434532416019e+01
4.721100361945443638e+02 9.922153156058894297e+01
4.730579976247873333e+02 9.863147972335742963e+01
4.740111068758338888e+02 9.805657302860012692e+01
4.749681060880037649e+02 9.749429162569265372e+01
4.759277078566215096e+02 9.694194848370389650e+01
4.768885759585929236e+02 9.639673375062133687e+01
4.778490382017963043e+02 9.585499231806790021e+01
4.788072810070457308e+02 9.531271336536498495e+01
4.797614908107613019e+02 9.476589500604488592e+01
4.807098715322240992e+02 9.421088571027131309e+01
4.816506485797151527e+02 9.364446458786410687e+01
4.825820486816770085e+02 9.306343719426224936e+01
4.835023874262166714e+02 9.246495179905473094e+01
4.844103154143892311e+02 9.184744875050456869e+01
4.853045621843147046e+02 9.120967284152158072e+01
4.861838859710535985e+02 9.055042420828610261e+01
4.870474445702632238e+02 8.986927355658289684e+01
4.878946887833611186e+02 8.916635666626802958e+01
4.887250782285551054e+02 8.844182338550842815e+01
4.895384299165245920e+02 8.769600739866164929e+01
4.903353210467886925e+02 8.692963341740652083e+01
4.911164261483926339e+02 8.614347621796109422e+01
4.918824535363043537e+02 8.533839450220895628e+01
4.926343489432989031e+02 8.451583672794878055e+01
4.933731598908752858e+02 8.367750420049162585e+01
4.940999268697008233e+02 8.282509652571822301e+01
4.948154251410735469e+02 8.196021802087226149e+01
4.955200982838450727e+02 8.108435384004303614e+01
4.962143689574410814e+02 8.019898162147921994e+01
4.968984933908477615e+02 7.930545362656687303e+01
4.975720878526528850e+02 7.840464001601796440e+01
4.982346148143317919e+02 7.749729509073289080e+01
4.988855490891565410e+02 7.658416994958814428e+01
4.995245417692872820e+02 7.566596995668957959e+01
5.001513754792745203e+02 7.474336635065132839e+01
5.007658358263541913e+02 7.381702945153347173e+01
5.013676770425693690e+02 7.288761078771278790e+01
5.019565853887204412e+02 7.195572117724788086e+01
5.025322382353998023e+02 7.102196611354524691e+01
5.030942246161113189e+02 7.008691076025652933e+01
5.036414996657042593e+02 6.915083087849639298e+01
5.041727416597792057e+02 6.821387583099016183e+01
5.046866276589750555e+02 6.727618800114845499e+01
5.051818326008487361e+02 6.633767031278358672e+01
5.056570287216613337e+02 6.539792101418505865e+01
5.061108880828697352e+02 6.445651862206825911e+01
5.065425786840634146e+02 6.351311198611062991e+01
5.069532135102348320e+02 6.256762578996155355e+01
5.073443822896089159e+02 6.162005232805073263e+01
5.077177358463234214e+02 6.067048489191711980e+01
5.080758203933116306e+02 5.972049693235502588e+01
5.084218619315699925e+02 5.877278565176132474e+01
5.087591014851361706e+02 5.783007785225076702e+01
5.090903919091254011e+02 5.689541988733850530e+01
5.094177295250514703e+02 5.597256323270541145e+01
5.097429962214180250e+02 5.506535356845357398e+01
5.100690927320149513e+02 5.417444762979020823e+01
5.104063863926677413e+02 5.327713198693946595e+01
5.107685664817882980e+02 5.234029566302898928e+01
5.111699216542795057e+02 5.132949672494024895e+01
5.116472768225070240e+02 5.016078137474564613e+01
5.122666311247566000e+02 4.868610041926502419e+01
5.130959233183547212e+02 4.675314334748737366e+01
