2.243262979159909065e+01 7.492416927115000647e+01
2.393573717003397050e+01 7.448263723960447180e+01
2.519593601974843011e+01 7.413198872174500309e+01
2.629062489487147403e+01 7.383641650948055712e+01
2.729634272136560114e+01 7.356051611930867296e+01
2.826395628526323733e+01 7.328091013058239866e+01
2.921487877857860838e+01 7.298801974744964127e+01
3.016890299510689033e+01 7.267302530949785933e+01
3.114292123416662150e+01 7.232955517987778649e+01
3.213788340695349888e+01 7.196469313153056646e+01
3.314929088741001806e+01 7.159012151453239881e+01
3.417267579908360631e+01 7.121750327019459803e+01
3.520557014702147569e+01 7.085718237294310029e+01
3.624853405423696984e+01 7.051750568521389084e+01
3.730237992366912181e+01 7.020665368515075500e+01
3.836786067360366559e+01 6.993198347203833976e+01
3.944527442469880896e+01 6.969455689535962506e+01
4.053470936525567225e+01 6.949252994812613338e+01
4.163624534076090100e+01 6.932402643922266350e+01
4.274896353449318553e+01 6.918487652627082696e+01
4.386993401899266587e+01 6.906629140099065012e+01
4.499598549233988365e+01 6.895892788463567058e+01
4.612400184031071859e+01 6.885388457790944017e+01
4.725146931596969324e+01 6.874708205293511298e+01
4.837624496235413574e+01 6.863740906866352987e+01
4.949619276061987705e+01 6.852380381658385033e+01
5.061013254475274437e+01 6.840899593972098103e+01
5.171947516358077479e+01 6.830599250759647134e+01
5.282606624364983361e+01 6.822952516342593299e+01
5.393169353176627823e+01 6.819369507307656875e+01
5.503720217426069894e+01 6.820233576379513352e+01
5.614267044352977365e+01 6.825092729322742002e+01
5.724815435656035589e+01 6.833470715877660950e+01
5.835426591739179969e+01 6.844698408766613795e+01
5.946367238403131950e+01 6.857393694223048897e+01
6.057951580858834006e+01 6.870009748043074183e+01
6.170485794248332212e+01 6.881029667099909375e+01
6.284066368677270020e+01 6.889717861879796601e+01
6.398565205671374656e+01 6.896175589016065999e+01
6.513843191572706814e+01 6.900545149143572132e+01
6.629757557841831783e+01 6.903011875712046219e+01
6.746146993691928628e+01 6.903979419810731599e+01
6.862844322368603400e+01 6.903920498816691520e+01
6.979683587555412316e+01 6.903305254859418483e+01
7.096556597577351511e+01 6.902480890039070971e+01
7.213436720697185933e+01 6.901621023085604634e+01
7.330303485218439619e+01 6.900886162362968435e+01
7.447141125646408000e+01 6.900423441254062595e+01
7.563966947541811692e+01 6.900286005514436738e+01
7.680812435100810376e+01 6.900486705351517003e+01
7.797708903066222774e+01 6.901037733166788257e+01
7.914663828115992317e+01 6.901897578978133652e+01
8.031640029022238991e+01 6.902924127489971795e+01
8.148595415246802531e+01 6.903964203714380687e+01
8.265476955780742685e+01 6.904840882063054153e+01
8.382122735723217488e+01 6.905140861580007083e+01
8.498308406175436858e+01 6.904315303729175923e+01
8.613808920103913636e+01 6.901813872674442507e+01
8.728415500987468079e+01 6.897128688650015249e+01
8.841960266246262279e+01 6.889858580026633206e+01
8.954281656262359945e+01 6.879618874232332359e+01
9.065229594638967114e+01 6.866052526667721168e+01
9.174822296884470063e+01 6.849207393421406209e+01
9.283205747392585749e+01 6.829438735204425370e+01
9.390529115325458065e+01 6.807109475028931911e+01
9.496937104997522283e+01 6.782571238998498586e+01
9.602559162848820051e+01 6.756137047910679883e+01
9.707521478817162119e+01 6.728111682996892284e+01
9.811950231369917219e+01 6.698799887009735698e+01
9.915971335154307553e+01 6.668505517689048645e+01
1.001971044099738606e+02 6.637531547761884099e+01
1.012329318825578355e+02 6.606180911476489825e+01
1.022678683874095071e+02 6.574615639772960662e+01
1.032998513464472694e+02 6.542337581339126018e+01
1.043260177926127881e+02 6.508655398502736489e+01
1.053435153832246840e+02 6.472880320192187753e+01
1.063499219525837418e+02 6.434427495174165301e+01
1.073433819463668470e+02 6.392848951139592373e+01
1.083220784723820032e+02 6.347706055568804828e+01
1.092846273164616377e+02 6.298664637000938171e+01
1.102324426222365332e+02 6.246066128933230033e+01
1.111680519186833180e+02 6.190520768466353729e+01
1.120939852691412568e+02 6.132639404629450297e+01
1.130127459204772293e+02 6.073026417206095573e+01
1.139267903520602232e+02 6.012274903719275443e+01
1.148385703441393701e+02 5.950976828069349978e+01
1.157504077040180448e+02 5.889692774348047521e+01
1.166634419304348569e+02 5.828697877884906120e+01
1.175781814144277888e+02 5.768114903539231619e+01
1.184951260928576033e+02 5.708064574842762084e+01
1.194141129869291262e+02 5.648507511209129461e+01
1.203334328956821935e+02 5.589030896104361545e+01
1.212511565818312533e+02 5.529168770906949248e+01
1.221653532387052650e+02 5.468454778505353886e+01
1.230740712807140653e+02 5.406417285715401277e+01
1.239753444056450320e+02 5.342580922586407866e+01
1.248672063753073331e+02 5.276470330754801097e+01
1.257486480578412795e+02 5.207841275703519557e+01
1.266216857220787375e+02 5.137180102394977865e+01
1.274889319766993765e+02 5.065117161065585805e+01
1.283529304471151988e+02 4.992266233931638908e+01
1.292148182588946952e+02 4.918903297847410272e+01
1.300744193721236854e+02 4.844988940836354629e+01
1.309315074580861165e+02 4.770471672835263632e+01
1.317857486942589844e+02 4.695275110136554986e+01
1.326363439467942271e+02 4.619215111246388972e+01
1.334823682058807321e+02 4.542078384047736961e+01
1.343229191812847603e+02 4.463657061085141464e+01
1.351578771944280675e+02 4.383930135398451000e+01
1.359880845111752024e+02 4.303106278966892262e+01
1.368144424649333928e+02 4.221408267048365559e+01
1.376378447001606560e+02 4.139051417955125345e+01
1.384591390397819168e+02 4.056206611068819257e+01
1.392791564026732374e+02 3.973028331778705535e+01
1.400987293418839670e+02 3.889670925803133628e+01
1.409188039142182163e+02 3.806280966555066669e+01
1.417405105691387064e+02 3.722992400939544666e+01
1.425649966497972514e+02 3.639938019046026341e+01
1.433934266752848714e+02 3.557259423481951188e+01
1.442271082731020329e+02 3.475171641978458581e+01
1.450674201344442906e+02 3.393926163161036413e+01
1.459157354511754647e+02 3.313774453672749587e+01
1.467723083898271739e+02 3.234914865805499318e+01
1.476349688595488772e+02 3.157430684878022120e+01
1.485012296919569792e+02 3.081390146176714850e+01
1.493683388626682529e+02 3.006870866860794322e+01
1.502303652786184216e+02 2.934063074784015868e+01
1.510792782717881835e+02 2.863231370082593941e+01
1.519070151256910322e+02 2.794641376112182485e+01
1.527115032123367939e+02 2.728217304452844161e+01
1.535081968676262250e+02 2.662884397826910288e+01
1.543157392133287544e+02 2.597386150549135664e+01
1.551542193631975977e+02 2.530336325602763381e+01
1.560700098842382317e+02 2.457990590334500070e+01
1.571323923470003479e+02 2.374549264919751579e+01
1.584114154269481958e+02 2.274143846509227984e+01
