2.133810689076693734e+01 1.070191207782357878e+02
2.292351240731471052e+01 1.064270608154105844e+02
2.423054372908065446e+01 1.059567898269923631e+02
2.534854533890510098e+01 1.055677951836249235e+02
2.636606400730856237e+01 1.052199321108361261e+02
2.734315747496425786e+01 1.048861931876957669e+02
2.830427154576567261e+01 1.045559929846960472e+02
2.927160745305684131e+01 1.042197811274720891e+02
3.026455471722801249e+01 1.038692186807306967e+02
3.128356979489397460e+01 1.035041241041839157e+02
3.232129580843356109e+01 1.031276822674616795e+02
3.337036836732819012e+01 1.027430973351670502e+02
3.442561329894649447e+01 1.023546956855088155e+02
3.548618208161719423e+01 1.019690200535198557e+02
3.655173337030246472e+01 1.015928730390264576e+02
3.762198345944609912e+01 1.012328226508090268e+02
3.869733886478986307e+01 1.008926277166547436e+02
3.977866117080478148e+01 1.005741949476039849e+02
4.086681987648530168e+01 1.002793979778969486e+02
4.196230328951701694e+01 1.000089365619170962e+02
4.306437404567193994e+01 9.975973599346357901e+01
4.417204892137868910e+01 9.952796444170002133e+01
4.528434320340701191e+01 9.930980302617250288e+01
4.640023587162961860e+01 9.910174850124352020e+01
4.751866842535727642e+01 9.890062345937462851e+01
4.863858063943437315e+01 9.870326548471386729e+01
4.975878825502871194e+01 9.850628593458519333e+01
5.087744111557243798e+01 9.830508162576101938e+01
5.199246655415955587e+01 9.809464353517634549e+01
5.310179924180463473e+01 9.786998099993571998e+01
5.420388102869470259e+01 9.762736517493836175e+01
5.529797486952597296e+01 9.736511005189021262e+01
5.638341860396054983e+01 9.708171592979776676e+01
5.745976975814340193e+01 9.677620989640773530e+01
5.852861926816792959e+01 9.645249497653517778e+01
5.959265881331808146e+01 9.611711367973322240e+01
6.065459098897930090e+01 9.577663467085127991e+01
6.171715956060661767e+01 9.543771554201424578e+01
6.278321524890447591e+01 9.510724490849131030e+01
6.385562591894286300e+01 9.479214841735014829e+01
6.493719189871859498e+01 9.449918840790857644e+01
6.602952854505845437e+01 9.423226190468317043e+01
6.713324067877340440e+01 9.399282240961692025e+01
6.824890074817423624e+01 9.378224514645792453e+01
6.937666334356866571e+01 9.360089707638172740e+01
7.051488469235474099e+01 9.344480583476257607e+01
7.166143732517589626e+01 9.330883193003052156e+01
7.281415068160930559e+01 9.318773186988671853e+01
7.396907855239449248e+01 9.307197661525538024e+01
7.511990806603196802e+01 9.294632516334628747e+01
7.626016199655614969e+01 9.279513984017060579e+01
7.738367142871982196e+01 9.260352736245775418e+01
7.848651070223357351e+01 9.236201060041319977e+01
7.956574592093305398e+01 9.206350695665832973e+01
8.061845488917698788e+01 9.170096208190919640e+01
8.164293926113441557e+01 9.127027620118215623e+01
8.264008650024808844e+01 9.077359210746236329e+01
8.361111255780991769e+01 9.021384561731431972e+01
8.455735691444395741e+01 8.959427076866714401e+01
8.548177878486234249e+01 8.892201192019729206e+01
8.638847678302592215e+01 8.820696413920308032e+01
8.728157329372136530e+01 8.745907987990725019e+01
8.816569066453381254e+01 8.668951862009306808e+01
8.904717948186359422e+01 8.591361219791690473e+01
8.993276349717227447e+01 8.514759335660690454e+01
9.082910474513732879e+01 8.440754583741737349e+01
9.174116857525228852e+01 8.370545709814865631e+01
9.267205367197990995e+01 8.304880793316615950e+01
9.362476290985195249e+01 8.244484782425065816e+01
9.460133597007755668e+01 8.189850074565208615e+01
9.559824037709051936e+01 8.140123740918639328e+01
9.660994451719464848e+01 8.093970186241961073e+01
9.763092132194996964e+01 8.050054911821018777e+01
9.865622915010466443e+01 8.007184691818250144e+01
9.968193850840674486e+01 7.964410547780477145e+01
1.007042204775744949e+02 7.920807771350577298e+01
1.017195064028607305e+02 7.875514506695193973e+01
1.027268468582046808e+02 7.828301428008578000e+01
1.037268073814493619e+02 7.779305065343616832e+01
1.047199718764422585e+02 7.728666384602824735e+01
1.057068667978297754e+02 7.676512908451948647e+01
1.066878584732768758e+02 7.622934689498214311e+01
1.076632855511770543e+02 7.568015303339724653e+01
1.086334899143801920e+02 7.511839179870653993e+01
1.095988764626533509e+02 7.454507393236634982e+01
1.105599073743153724e+02 7.396136146197386552e+01
1.115170469111877196e+02 7.336842191814719172e+01
1.124707241525024557e+02 7.276733378177058853e+01
1.134212052364155028e+02 7.215876311782305663e+01
1.143687091638030040e+02 7.154325668334523414e+01
1.153134656170227004e+02 7.092138521013043828e+01
1.162562175845905017e+02 7.029487161899567127e+01
1.171984377548909180e+02 6.966707674638755066e+01
1.181416544670094595e+02 6.904148634470351453e+01
1.190873250704353694e+02 6.842138117864433866e+01
1.200363480947304282e+02 6.780842837913968424e+01
1.209893575829492676e+02 6.720353135281627033e+01
1.219469811293490125e+02 6.660757734443599531e+01
1.229087468837275026e+02 6.601883418868563069e+01
1.238716961805480139e+02 6.542964491969816265e+01
1.248325285688607380e+02 6.483153827294246696e+01
1.257879566099137634e+02 6.421617387550465139e+01
1.267348802372738845e+02 6.357709616025074695e+01
1.276703399653791848e+02 6.290926368375958333e+01
1.285913797227724444e+02 6.220766933631953322e+01
1.294952682880130226e+02 6.146888084147618514e+01
1.303801104219694764e+02 6.069532108242056267e+01
1.312442051298959598e+02 5.989077341597453596e+01
1.320858255555743881e+02 5.905900131335237546e+01
1.329024375542249459e+02 5.820314749907208807e+01
1.336905603412091068e+02 5.732562679985513654e+01
1.344466591784359650e+02 5.642881255610856783e+01
1.351669579030962325e+02 5.551468935852822995e+01
1.358461742225149180e+02 5.458281657990462321e+01
1.364784460924698806e+02 5.363182005876591063e+01
1.370579331762030506e+02 5.266032920066901823e+01
1.375811251256506864e+02 5.166753502895575423e+01
1.380488157957933311e+02 5.065366604710015253e+01
1.384622640610871542e+02 4.961906284633383990e+01
1.388235334148644711e+02 4.856439186171802191e+01
1.391435098982033196e+02 4.749389236612456955e+01
1.394385290563742785e+02 4.641401050000951756e+01
1.397250069138148660e+02 4.533122498213714380e+01
1.400192903535351263e+02 4.425196797099317081e+01
1.403375193417776359e+02 4.318253228599142091e+01
1.406957953033601711e+02 4.212918479250431147e+01
1.411098175937897850e+02 4.109802133879571073e+01
1.415865467586019406e+02 4.009142078709609791e+01
1.421244781801444788e+02 3.910816140717048484e+01
1.427217599181775540e+02 3.814687373777571366e+01
1.433758758855232998e+02 3.720601074356653726e+01
1.440809990521013049e+02 3.628314013673389837e+01
1.448302726647505381e+02 3.537555431064854616e+01
1.456168173511056239e+02 3.448055801631281270e+01
1.464324912687158076e+02 3.359616079399875588e+01
1.472672377352721469e+02 3.272144116660307844e+01
1.481108401626833597e+02 3.185556692636906106e+01
1.489529162154748292e+02 3.099799500527122120e+01
1.497816699178749218e+02 3.015064837467462411e+01
1.505845895220135731e+02 2.931669864196075181e+01
1.513491787659835950e+02 2.849930696191606216e+01
1.520696441319626047e+02 2.769521560067300570e+01
1.527564340133793337e+02 2.688561274404649382e+01
1.534224088587210417e+02 2.604937667124413991e+01
1.540815438587160031e+02 2.516314782866316335e+01
1.547655004961159477e+02 2.416806162563003468e+01
1.555200890292494478e+02 2.297684995983154721e+01
1.563915158918378268e+02 2.150144941120286646e+01
