2.355735891817394290e+01 8.413694401116785571e+01
2.511326329022591963e+01 8.384283249340650457e+01
2.640589871019817281e+01 8.361063958520369965e+01
2.752473688366255544e+01 8.342049221814133375e+01
2.855777619999916794e+01 8.325265916536191924e+01
2.955912877617868872e+01 8.309067155590460629e+01
3.054902045676233513e+01 8.292132287470516872e+01
3.154620377011962518e+01 8.273154844826004251e+01
3.256486660379116671e+01 8.251092613981150237e+01
3.360093828200197663e+01 8.225960395958529148e+01
3.464578348814819719e+01 8.198037245455293487e+01
3.569088066633758416e+01 8.167594912828215570e+01
3.673032475704543742e+01 8.134737148605157131e+01
3.776082719711453706e+01 8.099399703485070745e+01
3.877921318409930507e+01 8.061511023826528799e+01
3.978299042411390474e+01 8.021026423303206343e+01
4.077239665751132236e+01 7.978008684849223187e+01
4.174835213320423577e+01 7.932547458713801802e+01
4.271183429984490942e+01 7.884745732032126853e+01
4.366513620009560270e+01 7.835013240316426675e+01
4.461186647062859834e+01 7.784066467455961913e+01
4.555569094785573725e+01 7.732635234225961085e+01
4.649993918487901112e+01 7.681387491804747469e+01
4.744659560156107148e+01 7.630743712983058913e+01
4.839730833445472058e+01 7.581062500954737970e+01
4.935364831836229627e+01 7.532684848035714253e+01
5.031541084782551820e+01 7.485546696350043305e+01
5.128061557712543106e+01 7.439178937829903759e+01
5.224720495879267901e+01 7.393094853529565569e+01
5.321342570849916598e+01 7.346881296915496762e+01
5.417874159448214044e+01 7.300419411102956246e+01
5.514292064812010352e+01 7.253663911619395321e+01
5.610570260153794919e+01 7.206562510411882272e+01
5.706617630402705288e+01 7.158901837078516905e+01
5.802277972204517198e+01 7.110307438868423446e+01
5.897392252279639990e+01 7.060397859450338842e+01
5.991873187251820809e+01 7.008964298261676618e+01
6.085920493358105432e+01 6.956488577814536711e+01
6.179805636738866070e+01 6.903625176389689955e+01
6.273802872188867497e+01 6.851035302555499129e+01
6.368250593553701577e+01 6.799534961494794061e+01
6.463551333729802195e+01 6.750094955004884412e+01
6.560110414267980161e+01 6.703692815170656161e+01
6.658272700797901678e+01 6.661160228379912951e+01
6.758141235264598379e+01 6.622745498232082184e+01
6.859758603691948053e+01 6.588551082629500399e+01
6.963157588183595692e+01 6.558655808557917055e+01
7.068145480677719661e+01 6.532594991921442329e+01
7.174304082947033123e+01 6.509360437542559907e+01
7.281205392844009339e+01 6.487920319327156449e+01
7.388457957321752190e+01 6.467331585304309272e+01
7.495816519735832628e+01 6.447006279995841282e+01
7.603072372542452229e+01 6.426445222046758943e+01
7.710023473197304611e+01 6.405165255562224047e+01
7.816621074144637760e+01 6.383051810230878687e+01
7.922969722817248339e+01 6.360358901324847380e+01
8.029180631647425059e+01 6.337356569576405008e+01
8.135351636452081436e+01 6.314277898899160846e+01
8.241527066586601791e+01 6.291208145932067453e+01
8.347737874790978196e+01 6.268195610495412495e+01
8.454017612325912978e+01 6.245293983600527810e+01
8.560459596428361806e+01 6.222680953652776736e+01
8.667216910311520905e+01 6.200658206451558385e+01
8.774445235709298174e+01 6.179532818987311060e+01
8.882314169516101288e+01 6.159658234635460872e+01
8.991048969268348401e+01 6.141573362311375206e+01
9.100888807662963131e+01 6.125863477315407124e+01
9.212062092385498602e+01 6.113097862532221427e+01
9.324549635860282137e+01 6.103477975285790791e+01
9.438084655250388266e+01 6.096837447339385818e+01
9.552389602707552285e+01 6.092993918040596668e+01
9.667162428708503796e+01 6.091796591295769758e+01
9.782003077030023519e+01 6.093220929246282225e+01
9.896486989773910636e+01 6.097273958592273857e+01
1.001020062154104835e+02 6.103953133437880041e+01
1.012298371441135174e+02 6.113035738179193856e+01
1.023492929794378341e+02 6.124078887504270341e+01
1.034614141419639282e+02 6.136630123505159418e+01
1.045679069200621427e+02 6.150132654316485059e+01
1.056731410732630536e+02 6.163612352243155357e+01
1.067821522288869289e+02 6.175990755632649609e+01
1.078998537156215889e+02 6.186218087477466554e+01
1.090283459936043471e+02 6.193904317605525733e+01
1.101669166544219536e+02 6.199319162680170336e+01
1.113147309910285543e+02 6.202761024009758017e+01
1.124706473616916611e+02 6.204539029598185351e+01
1.136322963859322783e+02 6.205005214231476174e+01
1.147970017485847052e+02 6.204522339391191821e+01
1.159620622362054689e+02 6.203446337654331444e+01
1.171242039749631090e+02 6.201976076793091153e+01
1.182795804306377363e+02 6.200153359774853357e+01
1.194243201707319457e+02 6.198013160662451071e+01
1.205549366560092039e+02 6.195632384194246356e+01
1.216694829202773178e+02 6.193255657810778558e+01
1.227663968906050513e+02 6.191169539628124596e+01
1.238443352739841430e+02 6.189659163825391630e+01
1.249069867156348295e+02 6.188976914031474053e+01
1.259630717990055757e+02 6.189342423325042830e+01
1.270215298874679775e+02 6.190973900847806988e+01
1.280900477381161977e+02 6.193917908197293798e+01
1.291713016829349954e+02 6.197534416794320578e+01
1.302667154476316682e+02 6.201011750515522181e+01
1.313775163504281522e+02 6.203535256692307343e+01
1.325004143373805334e+02 6.204221822115821539e+01
1.336276019823791898e+02 6.202119873036949116e+01
1.347510754518290241e+02 6.196274859161345461e+01
1.358637001437348033e+02 6.185875100658203252e+01
1.369618183825006099e+02 6.170680399550857942e+01
1.380426417241305330e+02 6.150593428326179435e+01
1.391035137067657956e+02 6.125537877827081701e+01
1.401448134577057090e+02 6.095920861085362219e+01
1.411699556934077009e+02 6.062632913321720451e+01
1.421824871124663900e+02 6.026585588112882874e+01
1.431855450055975609e+02 5.988571095859797566e+01
1.441806290320015194e+02 5.948904274260261360e+01
1.451688294429997654e+02 5.907780617836287718e+01
1.461511644890900641e+02 5.865378949149007326e+01
1.471269964018262613e+02 5.821494635659239947e+01
1.480940313938184829e+02 5.775539589727507206e+01
1.490499036768529777e+02 5.726909051753446533e+01
1.499923313068393327e+02 5.675023731333392618e+01
1.509193677161802896e+02 5.619406214850485526e+01
1.518291501814017010e+02 5.559604557884573239e+01
1.527199056750654620e+02 5.495188605732167986e+01
1.535919241785596512e+02 5.426229367173273488e+01
1.544475586820986734e+02 5.353299014471383543e+01
1.552892518719329473e+02 5.276991509606666142e+01
1.561194895820210604e+02 5.197910762208341851e+01
1.569409302371548733e+02 5.116700472501830177e+01
1.577562754098348421e+02 5.034014288361611733e+01
1.585681943070363786e+02 4.950498009540016398e+01
1.593786117286660442e+02 4.866616928980004531e+01
1.601887080675612935e+02 4.782655832815181896e+01
1.609996313510348500e+02 4.698891659056993575e+01
1.618125200180890602e+02 4.615599578985444396e+01
1.626284741544849624e+02 4.533047696954722028e+01
1.634485842576733035e+02 4.451502350587559675e+01
1.642739350242136993e+02 4.371228631128340680e+01
1.651054777301741581e+02 4.292462963119209718e+01
1.659440302311309381e+02 4.215413104400091271e+01
1.667904045817691951e+02 4.140285566432544329e+01
1.676451058319177605e+02 4.067212059114351774e+01
1.685074110119797126e+02 3.996025086088180700e+01
1.693762901475016918e+02 3.926482349432921382e+01
1.702507482014569860e+02 3.858348863956888408e+01
1.711305936976312410e+02 3.791557837245293427e+01
1.720164387206222898e+02 3.726210669660246566e+01
1.729089302924546985e+02 3.662416074293281554e+01
1.738088837697424651e+02 3.600305403947343308e+01
1.747177878474578279e+02 3.540100570270990232e+01
1.756372995551627412e+02 3.482046124624190497e+01
1.765689685791188026e+02 3.426362260386385117e+01
1.775118757096858531e+02 3.372708937384999217e+01
1.784626328413218630e+02 3.320185881895437774e+01
1.794177445251846450e+02 3.267868462212587133e+01
1.803735800044862572e+02 3.214934091538560068e+01
1.813259672906553988e+02 3.160968362704391410e+01
1.822705990871750714e+02 3.105658913448348812e+01
1.832031284688631558e+02 3.048715190262077712e+01
1.841182970512428767e+02 2.990348240964989657e+01
1.850099349905430017e+02 2.931270714704253066e+01
1.858718328143272061e+02 2.872217069380422672e+01
1.867021603331351116e+02 2.813610611669664507e+01
1.875166044894096444e+02 2.754630043350601198e+01
1.883352315085695921e+02 2.694142914977475911e+01
1.891791880251136604e+02 2.630908201348523079e+01
1.900944700823756932e+02 2.561187634873878238e+01
1.911519231325248995e+02 2.478745705575575897e+01
1.924234730368100941e+02 2.377238327719643962e+01
