4.849902476868831513e+01 6.450564803623957744e+01
5.109536925921472061e+01 6.474859717187932517e+01
5.321606347574034146e+01 6.494860114406216667e+01
5.496083223135152451e+01 6.511474807464534820e+01
5.642940033913464504e+01 6.525612608548617288e+01
5.772145496343609494e+01 6.538181994151410947e+01
5.891729839172579375e+01 6.549918596651551184e+01
6.004626054460341322e+01 6.561103556317016228e+01
6.112939313218599580e+01 6.571944201238994765e+01
6.218774786459071180e+01 6.582647859508682586e+01
6.324229359904811076e+01 6.593421119313524059e+01
6.430669039732217129e+01 6.604405298874348773e+01
6.538167067983792435e+01 6.615626268288897904e+01
6.646664435112542435e+01 6.627098087149522598e+01
6.756102131571456937e+01 6.638834815048561211e+01
6.866420758859416651e+01 6.650850721900680185e+01
6.977547913684843195e+01 6.663167109806387600e+01
7.089395430336352888e+01 6.675813804207339786e+01
7.201874196220583713e+01 6.688821142560367150e+01
7.314895098744179336e+01 6.702219462322295840e+01
7.428369679661794578e+01 6.716038463498539102e+01
7.542220604709929432e+01 6.730297009356409887e+01
7.656379840351397092e+01 6.745004902600544483e+01
7.770779639078936896e+01 6.760171667291507447e+01
7.885352253385291021e+01 6.775806827489859074e+01
8.000033061398514178e+01 6.791915587189809855e+01
8.114788534429951028e+01 6.808460175245518542e+01
8.229602966168019407e+01 6.825378187486477088e+01
8.344460861250769312e+01 6.842606928180208570e+01
8.459346724316253585e+01 6.860083701594237482e+01
8.574245068285557636e+01 6.877750608812468158e+01
8.689140457893110181e+01 6.895579756713769370e+01
8.804017477867412822e+01 6.913554831004199741e+01
8.918860712979565619e+01 6.931659542062669743e+01
9.033654748000671475e+01 6.949877600268077060e+01
9.148381488778369430e+01 6.968204959903965801e+01
9.263011961031973840e+01 6.986687302413147904e+01
9.377514428711242545e+01 7.005382931787613643e+01
9.491857155765566745e+01 7.024350152020971905e+01
9.606008409218236466e+01 7.043647267999016037e+01
9.719938199051092909e+01 7.063333090489263100e+01
9.833621185793120389e+01 7.083467780048573559e+01
9.947032797233561041e+01 7.104111719925815294e+01
1.006014846116165700e+02 7.125325293369856183e+01
1.017294369252254000e+02 7.147168703251429633e+01
1.028540204084681307e+02 7.169685524035017465e+01
1.039752146425165336e+02 7.192889510123831087e+01
1.050930142079360792e+02 7.216791311641303253e+01
1.062074136852922663e+02 7.241401578710858189e+01
1.073184111579051603e+02 7.266730146011926195e+01
1.084261251755449393e+02 7.292758803540243662e+01
1.095308222551905288e+02 7.319434894409741332e+01
1.106327779897269465e+02 7.346703648856376390e+01
1.117322679720390539e+02 7.374510297116101754e+01
1.128295723092977028e+02 7.402798992085612895e+01
1.139250494948793033e+02 7.431495179708686294e+01
1.150191244375761670e+02 7.460508455818026619e+01
1.161122241456787663e+02 7.489747915198826433e+01
1.172047756274776305e+02 7.519122652636289672e+01
1.182972073471942025e+02 7.548541411186117500e+01
1.193899625096399433e+02 7.577909372814768574e+01
1.204834928856437983e+02 7.607129650076751659e+01
1.215782503518090607e+02 7.636105329973189271e+01
1.226746867847390661e+02 7.664739499505212450e+01
1.237732261504113609e+02 7.692941862782647888e+01
1.248741150396929811e+02 7.720664176372318366e+01
1.259775305939334089e+02 7.747874662075865615e+01
1.270836497926801343e+02 7.774541580055293366e+01
1.281926496154806046e+02 7.800633190472601086e+01
1.293046626778412929e+02 7.826127623892674023e+01
1.304196386508656360e+02 7.851043713551199232e+01
1.315374800553278760e+02 7.875410782998440595e+01
1.326580894119542506e+02 7.899258155795297398e+01
1.337813691326438743e+02 7.922615176189637509e+01
1.349071534000472639e+02 7.945524158102348622e+01
1.360350916628221398e+02 7.968062531471892385e+01
1.371648024092401386e+02 7.990313611485301237e+01
1.382959041275727259e+02 8.012360713329599093e+01
1.394280152341549979e+02 8.034287068970809287e+01
1.405607472088825034e+02 8.056167885826489794e+01
1.416936989194855698e+02 8.078063780697975460e+01
1.428264678977889162e+02 8.100033824919287895e+01
1.439586516756171761e+02 8.122137089824447287e+01
1.450898503133596762e+02 8.144431477234428485e+01
1.462197533538859489e+02 8.166933501487162061e+01
1.473481617236492980e+02 8.189608159727768566e+01
1.484748833238111274e+02 8.212417223155814838e+01
1.495997260555327557e+02 8.235322462970870561e+01
1.507225081885181623e+02 8.258281517529442795e+01
1.518432319187571977e+02 8.281178713200429797e+01
1.529620573641969372e+02 8.303835429544838576e+01
1.540791497725489307e+02 8.326071001428283580e+01
1.551946743915247851e+02 8.347704763716393472e+01
1.563087999909241717e+02 8.368552765657469195e+01
1.574217316367451360e+02 8.388397197206943190e+01
1.585336957784878962e+02 8.407000300493804446e+01
1.596449191408972013e+02 8.424124060882067511e+01
1.607556284487180562e+02 8.439530463735758303e+01
1.618660214232618841e+02 8.452989964936448075e+01
1.629761085187001868e+02 8.464327712152706340e+01
1.640858257946448191e+02 8.473390580150537232e+01
1.651951091218170120e+02 8.480025498861847666e+01
1.663038943709381954e+02 8.484079398218544554e+01
1.674120962949066040e+02 8.485426428973364921e+01
1.685195412261792001e+02 8.484054715605670083e+01
1.696260323590922781e+02 8.479982207574124686e+01
1.707313728879041435e+02 8.473226854438058808e+01
1.718353660658984836e+02 8.463806650190218761e+01
1.729378562415317901e+02 8.451770524569693066e+01
1.740388006752936576e+02 8.437252405571754821e+01
1.751381758499676948e+02 8.420400691407431282e+01
1.762359582483375959e+02 8.401363780287746863e+01
1.773321250516456757e+02 8.380290211970921632e+01
1.784267239522231989e+02 8.357342815746162046e+01
1.795199326343626751e+02 8.332710764619474730e+01
1.806119427911455375e+02 8.306586070569119329e+01
1.817029461156533898e+02 8.279160745573366853e+01
1.827931351804875817e+02 8.250626525275403367e+01
1.838827345971638749e+02 8.221165079059477421e+01
1.849720093927942912e+02 8.190945378193549686e+01
1.860612271777300464e+02 8.160135582321490233e+01
1.871506555623224131e+02 8.128903851087167709e+01
1.882405602145011585e+02 8.097416621999747122e+01
1.893311715956572243e+02 8.065809118744599004e+01
1.904226895342501678e+02 8.034189406105376463e+01
1.915153128365957969e+02 8.002664642641555304e+01
1.926092403090097207e+02 7.971341986912608490e+01
1.937046627990929437e+02 7.940324965920440548e+01
1.948016876650549989e+02 7.909679010499452545e+01
1.959003724004561775e+02 7.879446798269653129e+01
1.970007738303053202e+02 7.849670701791248462e+01
1.981029487796110118e+02 7.820393093624437597e+01
1.992069346467499713e+02 7.791650284769033874e+01
2.003126413866873463e+02 7.763438820920561056e+01
2.014199275871795578e+02 7.735739220012351325e+01
2.025286516942743162e+02 7.708531955761414167e+01
2.036386721540198437e+02 7.681797501884777546e+01
2.047498313300090729e+02 7.655512447851204172e+01
2.058619032146429788e+02 7.629636870060569720e+01
2.069746436345074585e+02 7.604126457489498137e+01
2.080878084160447941e+02 7.578936899080025569e+01
2.092011533783905008e+02 7.554023884273622969e+01
2.103144286644393901e+02 7.529343490468318123e+01
2.114273685901352451e+02 7.504852876793864880e+01
2.125397047345599617e+02 7.480509389437534651e+01
2.136511686767956348e+02 7.456270374586597427e+01
2.147614921705085180e+02 7.432093236019642291e+01
2.158704254397485727e+02 7.407941470468182388e+01
2.169777532350348679e+02 7.383789964148255081e+01
2.180832640921757388e+02 7.359614851955456061e+01
2.191867465469796343e+02 7.335392268785379599e+01
2.202879912041381374e+02 7.311098721892740571e+01
2.213868662754319416e+02 7.286724686314056498e+01
2.224833391848469830e+02 7.262278493372471644e+01
2.235773838281464805e+02 7.237769639186457482e+01
2.246689741010937382e+02 7.213207619874484067e+01
2.257580926190576918e+02 7.188602817110505327e+01
2.268448835115768247e+02 7.163982015805416381e+01
2.279296333179241287e+02 7.139386463877427502e+01
2.290126334571004350e+02 7.114857904825632318e+01
2.300941753481065177e+02 7.090438082149115928e+01
2.311745635705638335e+02 7.066167463539767368e+01
2.322542432550354192e+02 7.042072891503229926e+01
2.333337446320540494e+02 7.018172958846352572e+01
2.344135991196951636e+02 6.994486143254110289e+01
2.354943381360342016e+02 6.971030922411483743e+01
2.365764821069228674e+02 6.947823572074761955e+01
2.376604781871605496e+02 6.924865690566463172e+01
2.387467435691908690e+02 6.902152874241393476e+01
2.398356953559010663e+02 6.879680701514725172e+01
2.409277506501787229e+02 6.857444750801630562e+01
2.420232714431534475e+02 6.835441025472134413e+01
2.431223818312766980e+02 6.813667363250722531e+01
2.442251417356362424e+02 6.792122096704244427e+01
2.453316110763466042e+02 6.770803558407052947e+01
2.464418496689331448e+02 6.749710071626392960e+01
2.475558262156718001e+02 6.728831851707772671e+01
2.486732515975231195e+02 6.708136171174811579e+01
2.497937914108219388e+02 6.687586272794698061e+01
2.509171112519026678e+02 6.667145399334616229e+01
2.520428763565238057e+02 6.646776829986819735e+01
2.531707119415663669e+02 6.626447886611335036e+01
2.543001673714552453e+02 6.606133553609021192e+01
2.554307835511050371e+02 6.585809669952146805e+01
2.565621013854308217e+02 6.565452074612983324e+01
2.576936628317348550e+02 6.545037285250293735e+01
2.588250505145549596e+02 6.524568045886402956e+01
2.599558997456854286e+02 6.504081078637932478e+01
2.610858493439588983e+02 6.483615367316045308e+01
2.622145381282081757e+02 6.463209895731915822e+01
2.633416121984448637e+02 6.442906373913106677e+01
2.644668555125277294e+02 6.422798128572556209e+01
2.655901752031314800e+02 6.403024605493379795e+01
2.667114827358231537e+02 6.383726872778696304e+01
2.678306895761697319e+02 6.365045998531625315e+01
2.689477209839671445e+02 6.347126883082032833e+01
2.700626522104471405e+02 6.330156096446905423e+01
2.711756505702205118e+02 6.314345785118107557e+01
2.722868847140973116e+02 6.299908466802022389e+01
2.733965232928874798e+02 6.287056659205037334e+01
2.745047318776099132e+02 6.275995528106896870e+01
2.756116551792453038e+02 6.266880443223892883e+01
2.767174292547204004e+02 6.259846115738838535e+01
2.778221901330117589e+02 6.255027190111619717e+01
2.789260738430951960e+02 6.252558310802118058e+01
2.800292238454817380e+02 6.252542743610968756e+01
2.811318161724685751e+02 6.254946224334932481e+01
2.822340357775200346e+02 6.259696820339178913e+01
2.833360676143304886e+02 6.266722598016148993e+01
2.844380966662280912e+02 6.275951588672745629e+01
2.855403370293000194e+02 6.287277354684557906e+01
2.866430864051829417e+02 6.300494471109897177e+01
2.877466574107386350e+02 6.315379853674551214e+01
2.888513626628295583e+02 6.331710418104316318e+01
2.899575141278567685e+02 6.349263184689723261e+01
2.910653479585027981e+02 6.367827361137221232e+01
2.921749545963702417e+02 6.387215578902723934e+01
2.932864079534204507e+02 6.407243126660509347e+01
2.943997819416155153e+02 6.427725293084860425e+01
2.955151475652131694e+02 6.448478333284728592e+01
2.966324600314151212e+02 6.469356989883746678e+01
2.977515225064381639e+02 6.490266539429497072e+01
2.988721278310908929e+02 6.511115690329692995e+01
2.999940688461816762e+02 6.531813150992044825e+01
3.011171330920512901e+02 6.552270117086041523e+01
3.022410055098119983e+02 6.572445929301638046e+01
3.033652781452794329e+02 6.592343519747845448e+01
3.044895396905961320e+02 6.611967394255916020e+01
3.056133788379039515e+02 6.631322058657079310e+01
3.067363791704407276e+02 6.650416703978771693e+01
3.078580677058838546e+02 6.669312395529421167e+01
3.089779362663251163e+02 6.688102475248584255e+01
3.100954761429287601e+02 6.706880771970509159e+01
3.112101786268589763e+02 6.725741114529439812e+01
3.123215464690621843e+02 6.744783737087897180e+01
3.134291612951998900e+02 6.764152960025322159e+01
3.145326379272039503e+02 6.784011658437604808e+01
3.156315913025733835e+02 6.804522772015860710e+01
3.167256363588073214e+02 6.825849240451206867e+01
3.178144601269570444e+02 6.848143841714752966e+01
3.188980704759585478e+02 6.871514131082004440e+01
3.199765644934561806e+02 6.896055088285868351e+01
3.210500392706995285e+02 6.921861692551095757e+01
3.221185919362916366e+02 6.949028899595694497e+01
3.231823612564611494e+02 6.977625462295340242e+01
3.242416073546600046e+02 7.007643762596470083e+01
3.252966123435750774e+02 7.039062344469593313e+01
3.263476583358935272e+02 7.071859751885227752e+01
3.273950268191823625e+02 7.106014540043082661e+01
3.284389226807498972e+02 7.141506640133243877e+01
3.294794015192588859e+02 7.178318665056571035e+01
3.305165017083269845e+02 7.216433537131892706e+01
3.315502616215724174e+02 7.255834178678050250e+01
3.325807183707287891e+02 7.296503606204893799e+01
3.336078572561181090e+02 7.338428703592228430e+01
3.346315946341315453e+02 7.381601500915813574e+01
3.356518420848686901e+02 7.426014384769153764e+01
3.366685111884286812e+02 7.471659741745745009e+01
3.376815175376798948e+02 7.518528978303714894e+01
3.386908561510406912e+02 7.566594100881475526e+01
3.396965949200122168e+02 7.615809316365144355e+01
3.406988044353244049e+02 7.666128172343007918e+01
3.416975552877071323e+02 7.717504216403339967e+01
3.426929293602535722e+02 7.769888665189110100e+01
3.436851358597065200e+02 7.823206453469342136e+01
3.446744642995387267e+02 7.877365939270546846e+01
3.456612054514814645e+02 7.932275220892260847e+01
3.466456500872659490e+02 7.987842396634005127e+01
3.476280821884125771e+02 8.043978008913406086e+01
3.486087382430048933e+02 8.100609695282591360e+01
3.495878344614480397e+02 8.157672392189283528e+01
3.505655869782351601e+02 8.215101063405705872e+01
3.515422119278587161e+02 8.272830672704054678e+01
3.525178710987087243e+02 8.330810399606976091e+01
3.534924807020519211e+02 8.389053661234493120e+01
3.544658876159422221e+02 8.447592010756754632e+01
3.554379387143122244e+02 8.506457002421994673e+01
3.564084808312443897e+02 8.565680201033276830e+01
3.573773100601018768e+02 8.625306610725445466e+01
3.583440723953397082e+02 8.685420991258965273e+01
3.593083862091406786e+02 8.746115418508213679e+01
3.602698698736875258e+02 8.807481968347552481e+01
3.612281424432239874e+02 8.869612558756122667e+01
3.621829109417528798e+02 8.932578742955439566e+01
3.631340562508536891e+02 8.996411826615452867e+01
3.640814796534262996e+02 9.061138392556469512e+01
3.650250824323708230e+02 9.126785023598804969e+01
3.659647683329604888e+02 9.193377711729361579e+01
3.669005453813099393e+02 9.260917427302594263e+01
3.678325622368004133e+02 9.329371396469618105e+01
3.687609774961329663e+02 9.398704460974595065e+01
3.696859497560085401e+02 9.468881462561702733e+01
3.706076395590239940e+02 9.539866728650895311e+01
3.715262468399652676e+02 9.611614174820675771e+01
3.724420081581977797e+02 9.684068036321825446e+01
3.733551614645391510e+02 9.757172180627070190e+01
3.742659447098069450e+02 9.830870475209150072e+01
3.751745943740596658e+02 9.905106923378629347e+01
3.760813300480646717e+02 9.979827088324408635e+01
3.769863605243642724e+02 1.005497753054879979e+02
3.778898944198866729e+02 1.013050482677367086e+02
3.787921403515598513e+02 1.020635555372090408e+02
3.796932987458808384e+02 1.028247759312436926e+02
3.805935118099141619e+02 1.035882810303796617e+02
3.814928965349706687e+02 1.043536825923590357e+02
3.823915698110748735e+02 1.051205925363077256e+02
3.832896485282511776e+02 1.058886227813514722e+02
3.841872318097804282e+02 1.066574129066250265e+02
3.850843372592912033e+02 1.074267294044666841e+02
3.859809591140523253e+02 1.081963751449396369e+02
3.868770916093836263e+02 1.089661530011419757e+02
3.877727289623185811e+02 1.097358658729883558e+02
3.886678385950959864e+02 1.105053559540186399e+02
3.895623074800223549e+02 1.112745834147759609e+02
3.904560075533760255e+02 1.120435304756111918e+02
3.913488107514350531e+02 1.128121793568753475e+02
3.922405885514982629e+02 1.135805132167234035e+02
3.931311500469639668e+02 1.143486426784806440e+02
3.940201793028725206e+02 1.151169338281919750e+02
3.949073454641078911e+02 1.158857832373356302e+02
3.957923176755543864e+02 1.166555874773899291e+02
3.966747643963687437e+02 1.174267453444064415e+02
3.975543241190744652e+02 1.181997528493999567e+02
3.984305943780619259e+02 1.189752388759529111e+02
3.993031697561908686e+02 1.197538418827280822e+02
4.001716448363209793e+02 1.205362003283879915e+02
4.010356206060766908e+02 1.213229456830295021e+02
4.018948306882302859e+02 1.221145646917607763e+02
4.027491336667966380e+02 1.229114077480911362e+02
4.035983929940655912e+02 1.237138199335068407e+02
4.044424721223266488e+02 1.245221463294940918e+02
4.052812633012611059e+02 1.253367007494362468e+02
4.061149956142612041e+02 1.261574312739048906e+02
4.069441164409032581e+02 1.269840489582722398e+02
4.077690768435040241e+02 1.278162608592044904e+02
4.085903278843801445e+02 1.286537740333681086e+02
4.094083549963633004e+02 1.294962604660348973e+02
4.102238919146225271e+02 1.303431387767851106e+02
4.110377814657078943e+02 1.311937162692400136e+02
4.118508669453554489e+02 1.320472997682664129e+02
4.126639916493011810e+02 1.329031960987314278e+02
4.134779429862163056e+02 1.337607259120898107e+02
4.142932479856962686e+02 1.346192742781771585e+02
4.151103579065800204e+02 1.354782450126876654e+02
4.159297239991602737e+02 1.363370419334297026e+02
4.167517974542124648e+02 1.371950688900837179e+02
4.175769282762932448e+02 1.380517839177255723e+02
4.184051581058325269e+02 1.389068101809560858e+02
4.192364700522957719e+02 1.397598021878091288e+02
4.200708472251483840e+02 1.406104144463188845e+02
4.209082720914155971e+02 1.414583020914901113e+02
4.217486349818306621e+02 1.423032101761538115e+02
4.225916389629089736e+02 1.431450665083923752e+02
4.234369643769058484e+02 1.439838210733909989e+02
4.242842915660765470e+02 1.448194238563353622e+02
4.251332990573932307e+02 1.456518284421890712e+02
4.259835834816215083e+02 1.464811508193309066e+02
4.268346280231430683e+02 1.473077319448020148e+02
4.276859075302080555e+02 1.481319293065220393e+02
4.285368968510668992e+02 1.489541003924107656e+02
4.293870699277949825e+02 1.497746110892133515e+02
4.302358815014197262e+02 1.505940052474244339e+02
4.310827679816079581e+02 1.514129966206364770e+02
4.319271650459070884e+02 1.522323057480518003e+02
4.327685083718639589e+02 1.530526531688723821e+02
4.336062525099368941e+02 1.538747477550732867e+02
4.344400768858538981e+02 1.546991593608139226e+02
4.352698086502579145e+02 1.555263665167618683e+02
4.360952775374394719e+02 1.563568461563747292e+02
4.369163132816884740e+02 1.571910752131099684e+02
4.377327882803811576e+02 1.580294814282191851e+02
4.385448881901821210e+02 1.588721313427438417e+02
4.393529382742560756e+02 1.597189305259715297e+02
4.401572644373834464e+02 1.605697838073823789e+02
4.409581925843442605e+02 1.614245960164563485e+02
4.417560575954786373e+02 1.622832352130268134e+02
4.425512368133262271e+02 1.631453955045323596e+02
4.433441201249943333e+02 1.640107196078207039e+02
4.441350974194471064e+02 1.648788502321338285e+02
4.449245585726584977e+02 1.657494300819581667e+02
4.457128676012040387e+02 1.666220923944042909e+02
4.465003085307315018e+02 1.674964411211302604e+02
4.472871499675284213e+02 1.683720745686175349e+02
4.480736605178821037e+02 1.692485910433472043e+02
4.488601090891165768e+02 1.701255887220116279e+02
4.496468102040294639e+02 1.710026461146437669e+02
4.504341724089974264e+02 1.718793011939420978e+02
4.512226158518545844e+02 1.727550869307516450e+02
4.520125606804346035e+02 1.736295362959173190e+02
4.528044270081963987e+02 1.745021829757500029e+02
4.535986333468101748e+02 1.753725939949358121e+02
4.543955959590849147e+02 1.762403831842338775e+02
4.551957309393498008e+02 1.771051678809946850e+02
4.559994543819346973e+02 1.779665654225688911e+02
4.568071711018174028e+02 1.788242021970803819e+02
4.576190413178296126e+02 1.796779008614031454e+02
4.584349886178777069e+02 1.805276739497123231e+02
4.592549269041074922e+02 1.813735417682270850e+02
4.600787700786647179e+02 1.822155246231668571e+02
4.609064084311769989e+02 1.830536666847723950e+02
4.617374456127271287e+02 1.838883018148900135e+02
4.625712944121053170e+02 1.847199567705840195e+02
4.634073641595043682e+02 1.855491618043534459e+02
4.642450641851175419e+02 1.863764471686972968e+02
4.650837915586336067e+02 1.872023577105155141e+02
4.659228518455435051e+02 1.880275471995504972e+02
4.667615092474574681e+02 1.888527186434100429e+02
4.675990277632226935e+02 1.896785752910629412e+02
4.684346713916864360e+02 1.905058203914783519e+02
4.692677436161994251e+02 1.913351144510338031e+02
4.700977375995605598e+02 1.921669126451449756e+02
4.709242033926673798e+02 1.930016085669732036e+02
4.717466910571933454e+02 1.938395957980148410e+02
4.725647507161306180e+02 1.946812678606659119e+02
4.733780769151707091e+02 1.955268790800699890e+02
4.741868176714012293e+02 1.963762467173048663e+02
4.749912097725422200e+02 1.972291024746800474e+02
4.757914900063138361e+02 1.980851780545056045e+02
4.765878964007845298e+02 1.989442041534935868e+02
4.773808658379492726e+02 1.998057502499237614e+02
4.781712508920384721e+02 2.006690488045878737e+02
4.789599562879644736e+02 2.015332899977386205e+02
4.797478867506392817e+02 2.023976640096288122e+02
4.805359469691603636e+02 2.032613601662287692e+02
4.813250399081014734e+02 2.041235266592899222e+02
4.821160660780961962e+02 2.049832531478851934e+02
4.829099258023643984e+02 2.058396248208144925e+02
4.837075194041265149e+02 2.066917268668775307e+02
4.845097386669671664e+02 2.075386500606369111e+02
4.853172858110268635e+02 2.083796091698277451e+02
4.861306772212424221e+02 2.092139405167185942e+02
4.869504214886568434e+02 2.100409855215534662e+02
4.877770272043129580e+02 2.108600856045761702e+02
4.886109775914377451e+02 2.116706082634047164e+02
4.894524421006317425e+02 2.124722435447561679e+02
4.903013784115446470e+02 2.132648991897035557e+02
4.911577402300764561e+02 2.140484870242173372e+02
4.920214812621276224e+02 2.148229188742685096e+02
4.928925273477391329e+02 2.155881472053432617e+02
4.937705929240547675e+02 2.163444327925025732e+02
4.946552954986257191e+02 2.170921777727388076e+02
4.955462520731197174e+02 2.178317850208231903e+02
4.964430796492040940e+02 2.185636574115268331e+02
4.973453916339437910e+02 2.192882059133206951e+02
4.982527838994655554e+02 2.200058809767878927e+02
4.991648469791035154e+02 2.207171450734723521e+02
5.000811714049241345e+02 2.214224606777726478e+02
5.010013477259450383e+02 2.221222902330908937e+02
5.019250142788059179e+02 2.228170087990755235e+02
5.028519617120921907e+02 2.235067129199548788e+02
5.037820109531288040e+02 2.241914437726960614e+02
5.047149829292390564e+02 2.248712425342654342e+02
5.056506990170054223e+02 2.255461495624909105e+02
5.065890569091650377e+02 2.262160660668603498e+02
5.075301160990676408e+02 2.268805982434819271e+02
5.084739567173590444e+02 2.275393146601854255e+02
5.094206588946854026e+02 2.281917838848007989e+02
5.103703021116087939e+02 2.288375769960007347e+02
5.113229334868233309e+02 2.294763900648663366e+02
5.122785534652582555e+02 2.301080994322440461e+02
5.132371588585026529e+02 2.307325954721607673e+02
5.141987464781453809e+02 2.313497685586432908e+02
5.151633066380499031e+02 2.319595265124227126e+02
5.161306819705359885e+02 2.325621736862393618e+02
5.171005684009589913e+02 2.331584083480502159e+02
5.180726555518670011e+02 2.337489456891505313e+02
5.190466330458082211e+02 2.343345009008359057e+02
5.200221774127061281e+02 2.349158227680656523e+02
5.209988001574610053e+02 2.354940835046505754e+02
5.219758998939390722e+02 2.360707449854504887e+02
5.229528730436572914e+02 2.366472747105551662e+02
5.239291160281327393e+02 2.372251401800548933e+02
5.249040262706255362e+02 2.378058078567252096e+02
5.258770089198904998e+02 2.383907362035220672e+02
5.268474727174041163e+02 2.389813799631038478e+02
5.278148264245735390e+02 2.395791938574913900e+02
5.287784788028059211e+02 2.401856326087053333e+02
5.297378899832208390e+02 2.408020271024804231e+02
5.306927745617684877e+02 2.414290947895528348e+02
5.316429257834524833e+02 2.420673635224267173e+02
5.325881369162765395e+02 2.427173610981590173e+02
5.335282012513339396e+02 2.433796152578021008e+02
5.344629910305577596e+02 2.440544622369931176e+02
5.353926339371283802e+02 2.447416186657819708e+02
5.363173092210510049e+02 2.454406760922535682e+02
5.372371961323306095e+02 2.461512260644929597e+02
5.381524743314082571e+02 2.468728591318779308e+02
5.390633974664153811e+02 2.476049858105548367e+02
5.399703782825030203e+02 2.483466294880824705e+02
5.408738501544896735e+02 2.490967633541316388e+02
5.417742464571940673e+02 2.498543605983736313e+02
5.426720006244862589e+02 2.506183942354902285e+02
5.435675491309793870e+02 2.513878282694203676e+02
5.444613328962703918e+02 2.521616135321262107e+02
5.453537931926084639e+02 2.529386998105418911e+02
5.462453712922431350e+02 2.537180368916016278e+02
5.471365048998311522e+02 2.544985830509804430e+02
5.480275486791456387e+02 2.552794941520895406e+02
5.489187737014328832e+02 2.560601249586581503e+02
5.498104473600166102e+02 2.568398389856768063e+02
5.507028370482203172e+02 2.576179997481359010e+02
5.515962028568648066e+02 2.583939878775594821e+02
5.524907110690633090e+02 2.591674038838916658e+02
5.533864629251251017e+02 2.599380007326659552e+02
5.542835583587809651e+02 2.607055344519379219e+02
5.551820973037617932e+02 2.614697610697627965e+02
5.560821652951661918e+02 2.622304695438654676e+02
5.569837349798701780e+02 2.629877070072964216e+02
5.578867257590004556e+02 2.637416423661189242e+02
5.587910567202361563e+02 2.644924452432497333e+02
5.596966469512568665e+02 2.652402852616061182e+02
5.606033959296664761e+02 2.659853743064248306e+02
5.615111044879831752e+02 2.667281368562229318e+02
5.624195425089917535e+02 2.674690640903082794e+02
5.633284798644986040e+02 2.682086472116487244e+02
5.642376864209447831e+02 2.689473774335779126e+02
5.651469094471895005e+02 2.696857896230148413e+02
5.660558219917179485e+02 2.704245620244121255e+02
5.669640818880895949e+02 2.711644022741331810e+02
5.678713469698634526e+02 2.719060180085406841e+02
5.687772751068954449e+02 2.726501166872412227e+02
5.696815311237336346e+02 2.733973719024421030e+02
5.705837950130676290e+02 2.741483833817434288e+02
5.714837487669611846e+02 2.749037411163568549e+02
5.723810743774771481e+02 2.756640350974938656e+02
5.732754554234159059e+02 2.764298512473465621e+02
5.741666600446965276e+02 2.772015586399407994e+02
5.750545816720984931e+02 2.779792050539690536e+02
5.759391238658873817e+02 2.787628122921137788e+02
5.768201901863283183e+02 2.795524021570570881e+02
5.776976894479519160e+02 2.803479846650197942e+02
5.785716557463558729e+02 2.811492887994818943e+02
5.794422509716044942e+02 2.819557568730782009e+02
5.803096427707691873e+02 2.827668182842215288e+02
5.811739987909218144e+02 2.835819024313249770e+02
5.820354956952169232e+02 2.844004254851253108e+02
5.828944282012225813e+02 2.852216304163545146e+02
5.837511739900121484e+02 2.860446384783206213e+02
5.846061124656580432e+02 2.868685683964830559e+02
5.854596230322335941e+02 2.876925388963013006e+02
5.863121012871612265e+02 2.885156636696939927e+02
5.871640719047925359e+02 2.893370162863098471e+02
5.880161213057699570e+02 2.901556511225807071e+02
5.888688362958779408e+02 2.909706224352211166e+02
5.897228036809002560e+02 2.917809844809457900e+02
5.905786065040475705e+02 2.925858343557756029e+02
5.914368085879870023e+02 2.933844879938694703e+02
5.922979676339788284e+02 2.941763310255012129e+02
5.931626413406848997e+02 2.949607491105365398e+02
5.940313873881882500e+02 2.957371279367471288e+02
5.949046653749514917e+02 2.965050005125220309e+02
5.957826078702692030e+02 2.972643910508136287e+02
5.966652793676142892e+02 2.980154260158640795e+02
5.975527443604594282e+02 2.987582318719158820e+02
5.984450668735528325e+02 2.994929356755332606e+02
5.993422153115525361e+02 3.002197853175201203e+02
6.002439465506121223e+02 3.009392959953295303e+02
6.011499891245107392e+02 3.016520187224127767e+02
6.020600715670292402e+02 3.023585045122215433e+02
6.029739204229661027e+02 3.030593080799516770e+02
6.038911524754004176e+02 3.037551884211715105e+02
6.048112196663656732e+02 3.044472113213730609e+02
6.057335603587309834e+02 3.051364678385840534e+02
6.066576129153655756e+02 3.058240490308322705e+02
6.075828130484709391e+02 3.065110514065776215e+02
6.085085317123202913e+02 3.071987046327423059e+02
6.094340729234446599e+02 3.078883760169491666e+02
6.103587376115955294e+02 3.085814392140098334e+02
6.112818267065248392e+02 3.092792678787358795e+02
6.122026527588767522e+02 3.099832078595566145e+02
6.131206834352664146e+02 3.106942338446118583e+02
6.140354968861456655e+02 3.114130561571732869e+02
6.149466736330292633e+02 3.121403794470522826e+02
6.158537941974316254e+02 3.128769083640603412e+02
6.167564674257457682e+02 3.136232822729205054e+02
6.176545317222851281e+02 3.143796114377908566e+02
6.185479368612270719e+02 3.151457494300609596e+02
6.194366333517283465e+02 3.159215481270917962e+02
6.203205717029451307e+02 3.167068594062440638e+02
6.211997265342668015e+02 3.175014898227090612e+02
6.220741975416016203e+02 3.183050108141186456e+02
6.229441248554883259e+02 3.191169178095002508e+02
6.238096486267762657e+02 3.199367061997007227e+02
6.246709090097001535e+02 3.207638713739172545e+02
6.255280690348403141e+02 3.215978975745090338e+02
6.263813691670845856e+02 3.224382313128171518e+02
6.272310662392033009e+02 3.232843111246903618e+02
6.280774170839665658e+02 3.241355755459768488e+02
6.289206787059994213e+02 3.249914631816179735e+02
6.297611455030989873e+02 3.258514276701407653e+02
6.305991957786029616e+02 3.267149563835349682e+02
6.314352192630260561e+02 3.275815412879833843e+02
6.322696056868818459e+02 3.284506743496681338e+02
6.331027439715230685e+02 3.293218487595738111e+02
6.339349767729524956e+02 3.301946277390472915e+02
6.347665763194253259e+02 3.310686811136376946e+02
6.355978089284683392e+02 3.319436876557720097e+02
6.364289409176080881e+02 3.328193261378772831e+02
6.372602311177035972e+02 3.336952804615665400e+02
6.380917509028961376e+02 3.345713629567913472e+02
6.389233752971687181e+02 3.354475204748218857e+02
6.397549700579489809e+02 3.363237062155303079e+02
6.405864009426661596e+02 3.371998733787893912e+02
6.414175224302127845e+02 3.380759826968633774e+02
6.422480355099410190e+02 3.389520974103162416e+02
6.430775303681003834e+02 3.398283547597858387e+02
6.439055947349169173e+02 3.407048936261705308e+02
6.447318163406167741e+02 3.415818528903685660e+02
6.455557765000487507e+02 3.424593769295037191e+02
6.463770036607517113e+02 3.433376554135423930e+02
6.471950002588970392e+02 3.442169002970850897e+02
6.480092685492875262e+02 3.450973236901166956e+02
6.488193107867257368e+02 3.459791377026223245e+02
6.496246507924247453e+02 3.468625473429461294e+02
6.504249260079249098e+02 3.477477202051981635e+02
6.512198111579984925e+02 3.486348116064284568e+02
6.520089809893482879e+02 3.495239768564659357e+02
6.527921102549790930e+02 3.504153712625532080e+02
6.535689295882608576e+02 3.513091272077925851e+02
6.543393616501798533e+02 3.522052982986313623e+02
6.551033703180138446e+02 3.531039212331075419e+02
6.558609194690408231e+02 3.540050327092595808e+02
6.566119730006734017e+02 3.549086694108660822e+02
6.573564994918294815e+02 3.558148647062469081e+02
6.580944781769798055e+02 3.567236444174218946e+02
6.588258897655575765e+02 3.576350333218367723e+02
6.595507149669972478e+02 3.585490561969380110e+02
6.602689347987206929e+02 3.594657376536200672e+02
6.609805485343458713e+02 3.603850924303965257e+02
6.616855836170238945e+02 3.613071200325736072e+02
6.623840698982435242e+02 3.622318186631036951e+02
6.630760372294930676e+02 3.631591865249392299e+02
6.637615188094932819e+02 3.640892203380618639e+02
6.644406337553514277e+02 3.650218787568304037e+02
6.651135923788332320e+02 3.659570800323604089e+02
6.657806093953662412e+02 3.668947404647519761e+02
6.664418995203776603e+02 3.678347763541048039e+02
6.670976819029659737e+02 3.687771020213160682e+02
6.677482372178905052e+02 3.697216043220499841e+02
6.683938911545830024e+02 3.706681500172925325e+02
6.690349704325467428e+02 3.716166054082022470e+02
6.696718017712860274e+02 3.725668367959380589e+02
6.703047016235408364e+02 3.735187145913662334e+02
6.709339004083315103e+02 3.744721436440037792e+02
6.715595856174641085e+02 3.754270459868080252e+02
6.721819444269154928e+02 3.763833437791607821e+02
6.728011640126615021e+02 3.773409591804434626e+02
6.734173962873727532e+02 3.782998288682496764e+02
6.740306044881897378e+02 3.792599671995401422e+02
6.746406890116541035e+02 3.802214144032999457e+02
6.752475502114205028e+02 3.811842107261713863e+02
6.758510884349204844e+02 3.821483964173739878e+02
6.764511294265321339e+02 3.831140426217500590e+02
6.770472386583816160e+02 3.840813282715981813e+02
6.776389248777421699e+02 3.850504557908789707e+02
6.782256968318865802e+02 3.860216276035523038e+02
6.788070629927443633e+02 3.869950462479094995e+02
6.793824632842696474e+02 3.879709427254712182e+02
6.799511793633120078e+02 3.889496137551323613e+02
6.805124706213752006e+02 3.899313653010439680e+02
6.810655964499637776e+02 3.909165033273576455e+02
6.816098188739479156e+02 3.919053327093049006e+02
6.821445618394606072e+02 3.928980913662934427e+02
6.826695025504945988e+02 3.938949124934426891e+02
6.831843402653306612e+02 3.948959201662365217e+02
6.836887742422486554e+02 3.959012384601583676e+02
6.841825155257674851e+02 3.969109865732689855e+02
6.846655853873335218e+02 3.979251553244333195e+02
6.851383387682502644e+02 3.989435974520839636e+02
6.856011470924470359e+02 3.999661588737555462e+02
6.860543817838533869e+02 4.009926855069824114e+02
6.864984332948783958e+02 4.020230153941222397e+02
6.869339613695829030e+02 4.030568751277701267e+02
6.873618254342266027e+02 4.040939086595133176e+02
6.877828896301468831e+02 4.051337579895456429e+02
6.881980180986798814e+02 4.061760651180601371e+02
6.886080647453454731e+02 4.072204762914421963e+02
6.890137962472700792e+02 4.082666739416075643e+02
6.894159351451053226e+02 4.093143588098985788e+02
6.898152036372969178e+02 4.103632317796170810e+02
6.902123239222901248e+02 4.114129937340641732e+02
6.906079628546638105e+02 4.124633684841025456e+02
6.910024865514631074e+02 4.135142044285289558e+02
6.913961594658450167e+02 4.145653920829114440e+02
6.917892459711224546e+02 4.156168219958951227e+02
6.921820104377950429e+02 4.166683847172910191e+02
6.925746698977961842e+02 4.177199904044953200e+02
6.929672737106234308e+02 4.187716186646568985e+02
6.933598341299421008e+02 4.198232644741226522e+02
6.937523634094176259e+02 4.208749228092394787e+02
6.941448735630892770e+02 4.219265887455945858e+02
6.945373125963096754e+02 4.229782838678172538e+02
6.949294785962549668e+02 4.240300918487839112e+02
6.953211482160652395e+02 4.250821052382248126e+02
6.957120981088806957e+02 4.261344165858701558e+02
6.961021030322995102e+02 4.271871192265183481e+02
6.964908167633631138e+02 4.282403566009323868e+02
6.968777012684646479e+02 4.292943515912164685e+02
6.972622015022667483e+02 4.303493341251443667e+02
6.976437624194331875e+02 4.314055341304904800e+02
6.980218307665763859e+02 4.324631807925775888e+02
6.983959016689012742e+02 4.335224832522116571e+02
6.987655229802217036e+02 4.345836288033567598e+02
6.991302452183276728e+02 4.356468036362225007e+02
6.994896189010082708e+02 4.367121939410179721e+02
6.998431920590385289e+02 4.377799869378224003e+02
7.001904768240981412e+02 4.388503847124922572e+02
7.005309583496712094e+02 4.399236005225262716e+02
7.008641211321789797e+02 4.409998478975114153e+02
7.011894496680434941e+02 4.420793403670352859e+02
7.015064475253667524e+02 4.431622835606789295e+02
7.018147835656016014e+02 4.442488146390433030e+02
7.021142114625008617e+02 4.453390356311790583e+02
7.024044855819545319e+02 4.464330482794350701e+02
7.026853602898520421e+02 4.475309543261602698e+02
7.029566989265306347e+02 4.486328103748636522e+02
7.032189662555296081e+02 4.497384239106007158e+02
7.034728333885051370e+02 4.508475169459630933e+02
7.037189716222288780e+02 4.519598114168642269e+02
7.039580522544978294e+02 4.530750292587923127e+02
7.041907719582899290e+02 4.541928818965234314e+02
7.044179186578410281e+02 4.553130429574361528e+02
7.046403007819072855e+02 4.564351775756830421e+02
7.048587267592458829e+02 4.575589508854169480e+02
7.050740046580128819e+02 4.586840281701570916e+02
7.052868389652846872e+02 4.598101176183280359e+02
7.054976880583160437e+02 4.609370293608957354e+02
7.057069745568328472e+02 4.620645883401548417e+02
7.059151210805601977e+02 4.631926194984002905e+02
7.061225491962771912e+02 4.643209482140812838e+02
7.063296106700895507e+02 4.654494287786886275e+02
7.065365450860208512e+02 4.665779619521076143e+02
7.067435818960005918e+02 4.677064526911694884e+02
7.069509505519586128e+02 4.688348059527050964e+02
7.071588815426408701e+02 4.699629262641355467e+02
7.073676340761659276e+02 4.710907062584188338e+02
7.075774990800754267e+02 4.722180254315409229e+02
7.077887691205968395e+02 4.733447626008078828e+02
7.080017367639570693e+02 4.744707965835258960e+02
7.082166939620162793e+02 4.755960064516949046e+02
7.084339236201228687e+02 4.767202750276676397e+02
7.086537017536430767e+02 4.778434879901307681e+02
7.088763042049341720e+02 4.789655310894943341e+02
7.091020068163529686e+02 4.800862900761684386e+02
7.093310698599947273e+02 4.812056571505213469e+02
7.095636163539300014e+02 4.823235813701991219e+02
7.097996979027331008e+02 4.834400413757853130e+02
7.100393654982683529e+02 4.845550160616759854e+02
7.102826701324008809e+02 4.856684843222677159e+02
7.105296835435839284e+02 4.867804164594635381e+02
7.107805937628382935e+02 4.878907346109498349e+02
7.110356293160753012e+02 4.889993441428806591e+02
7.112950187704249174e+02 4.901061504043382229e+02
7.115589906939505909e+02 4.912110587440189420e+02
7.118278097660124786e+02 4.923139595538021354e+02
7.121018725107734326e+02 4.934146886172150630e+02
7.123816055339282229e+02 4.945130692584179997e+02
7.126674354411704826e+02 4.956089248015700264e+02
7.129597889527728967e+02 4.967020785233651736e+02
7.132591282643163595e+02 4.977923390042910796e+02
7.135660010823265793e+02 4.988794794005777931e+02
7.138809677382262180e+02 4.999632676383915282e+02
7.142045885634381648e+02 5.010434716438993519e+02
7.145374230526748534e+02 5.021198596896674644e+02
7.148799730517341686e+02 5.031922239149874372e+02
7.152326464836903597e+02 5.042603953432817434e+02
7.155958426338472691e+02 5.053242085740206448e+02
7.159699607875089669e+02 5.063834982066744033e+02
7.163553800332608716e+02 5.074381072053112689e+02
7.167519053104028899e+02 5.084881163215317201e+02
7.171586989675895438e+02 5.095338724398883414e+02
7.175748894140403991e+02 5.105757365011631919e+02
7.179996050589752485e+02 5.116140694461387284e+02
7.184319464716410266e+02 5.126492437433075793e+02
7.188705959732960764e+02 5.136818050452980060e+02
7.193139130559140995e+02 5.147124326788078861e+02
7.197602488572852053e+02 5.157418094297553353e+02
7.202079545151993898e+02 5.167706180840591514e+02
7.206554240425243734e+02 5.177995236575039826e+02
7.211014358928283627e+02 5.188290318294255030e+02
7.215449713461412102e+02 5.198595642150952472e+02
7.219850135099898125e+02 5.208915416723547196e+02
7.224205454919012936e+02 5.219253850590441743e+02
7.228506305523956144e+02 5.229614820122588981e+02
7.232747882911949091e+02 5.240000310316905825e+02
7.236926995768724282e+02 5.250411637764620991e+02
7.241040454631220200e+02 5.260850118289697548e+02
7.245085070036325305e+02 5.271317067716129259e+02
7.249057648464703334e+02 5.281813803417871895e+02
7.252954981360835518e+02 5.292341648514538974e+02
7.256773856685865667e+02 5.302901927456807698e+02
7.260511062400925084e+02 5.313495964695358680e+02
7.264163390031744711e+02 5.324125083206159843e+02
7.267728823691281832e+02 5.334790112580708410e+02
7.271208263889393493e+02 5.345490675869875759e+02
7.274603048657786530e+02 5.356226215117648053e+02
7.277914516028171192e+02 5.366996172368018279e+02
7.281144041689740334e+02 5.377799974109914274e+02
7.284295699888550644e+02 5.388635932147930134e+02
7.287378021801833938e+02 5.399500517276184155e+02
7.290399955935798744e+02 5.410390027904054477e+02
7.293370450796650175e+02 5.421300762440910148e+02
7.296298466922885382e+02 5.432229014583519984e+02
7.299193316003027121e+02 5.443170940496390813e+02
7.302064707982792697e+02 5.454122540361647680e+02
7.304922374308468989e+02 5.465079805940453070e+02
7.307776046426338326e+02 5.476038728993962650e+02
7.310635534890312783e+02 5.486995269518228042e+02
7.313511862972517292e+02 5.497944900550838838e+02
7.316417002573621176e+02 5.508882714214264524e+02
7.319362950883244139e+02 5.519803792476375293e+02
7.322361705091003614e+02 5.530703217305042472e+02
7.325425105796000480e+02 5.541576138035087524e+02
7.328563565300321443e+02 5.552418318470311078e+02
7.331786731819987608e+02 5.563225851132685875e+02
7.335104246348781771e+02 5.573994831651261848e+02
7.338525749880494686e+02 5.584721355655105981e+02
7.342060342449320842e+02 5.595401746313369813e+02
7.345713995783384007e+02 5.606033642633044565e+02
7.349491559662722011e+02 5.616615155538423778e+02
7.353397882423047349e+02 5.627144396561296844e+02
7.357437812393616241e+02 5.637619477236145258e+02
7.361615376614706747e+02 5.648038849055153605e+02
7.365931511018111451e+02 5.658402243018947502e+02
7.370386424436808284e+02 5.668709691097540144e+02
7.374980325703779727e+02 5.678961225260954961e+02
7.379713422601655566e+02 5.689156877857776635e+02
7.384585542176894251e+02 5.699296818460238683e+02
7.389595566859376277e+02 5.709381557096112374e+02
7.394742235087874178e+02 5.719411655689958707e+02
7.400024285301158216e+02 5.729387676166342089e+02
7.405440446873868723e+02 5.739310183208104945e+02
7.410988773122771818e+02 5.749179947227639786e+02
7.416666185427251321e+02 5.758998083094497815e+02
7.422469497263549556e+02 5.768765738513960741e+02
7.428395522107921352e+02 5.778484061191317096e+02
7.434441049966807213e+02 5.788154202742429106e+02
7.440602167473153941e+02 5.797777431980396159e+02
7.446874152870185526e+02 5.807355152413517771e+02
7.453252239800517600e+02 5.816888774981526922e+02
7.459731661906760110e+02 5.826379710624155450e+02
7.466307663456985892e+02 5.835829346338191499e+02
7.472975654958008818e+02 5.845238694525507981e+02
7.479731178700152441e+02 5.854608470632964554e+02
7.486569780591403287e+02 5.863939381955517547e+02
7.493487006539751292e+02 5.873232135788128971e+02
7.500478618292499959e+02 5.882487304243688868e+02
7.507542380437869269e+02 5.891704205038164446e+02
7.514677143958131182e+02 5.900881475469345787e+02
7.521881770597004788e+02 5.910017746095031725e+02
7.529155122098208039e+02 5.919111647473025641e+02
7.536496263031056060e+02 5.928161663700302597e+02
7.543905449365330469e+02 5.937165418560871331e+02
7.551383370689856065e+02 5.946120222721441451e+02
7.558930717216271660e+02 5.955023386398989942e+02
7.566548179156511651e+02 5.963872219810434672e+02
7.574236533128446354e+02 5.972664014567902768e+02
7.581996885943229927e+02 5.981395991186868741e+02
7.589830423273454016e+02 5.990065353202494407e+02
7.597738330791705721e+02 5.998669304149935897e+02
7.605721793520793881e+02 6.007205048102192677e+02
7.613781740566954568e+02 6.015670000957858292e+02
7.621918456839246119e+02 6.024062111826220871e+02
7.630132127475199013e+02 6.032379412398815930e+02
7.638422937612334636e+02 6.040619934367174437e+02
7.646791066373409649e+02 6.048781705383368035e+02
7.655236225598850979e+02 6.056862439277056183e+02
7.663757333967541854e+02 6.064859317198071267e+02
7.672353233192043263e+02 6.072769468606395549e+02
7.681022764984911646e+02 6.080590022962002195e+02
7.689764765188818956e+02 6.088318111542888573e+02
7.698577888939562399e+02 6.095950921595559748e+02
7.707460580909829559e+02 6.103485705551125875e+02
7.716411273907798432e+02 6.110919719515370616e+02
7.725428400741645873e+02 6.118250219594074224e+02
7.734510391748922302e+02 6.125474509003918229e+02
7.743655637812084933e+02 6.132590643305635467e+02
7.752862498116479628e+02 6.139597282472306006e+02
7.762129330951760267e+02 6.146493103556280175e+02
7.771454494607581864e+02 6.153276783609904896e+02
7.780836316408501716e+02 6.159947196395603441e+02
7.790272831340350876e+02 6.166505072797649518e+02
7.799761913608510895e+02 6.172952165080372424e+02
7.809301435750910514e+02 6.179290236100623588e+02
7.818889270305505761e+02 6.185521048715262395e+02
7.828523198161149139e+02 6.191646776814219493e+02
7.838200453356211028e+02 6.197672046833724835e+02
7.847918067956500181e+02 6.203602391028085776e+02
7.857673073705672095e+02 6.209443343096415902e+02
7.867462502347143527e+02 6.215200436738626877e+02
7.877283153233705661e+02 6.220879996473915980e+02
7.887130924036939632e+02 6.226491415219157943e+02
7.897001493770617344e+02 6.232044829978055986e+02
7.906890541448519798e+02 6.237550377754319015e+02
7.916793746886446570e+02 6.243018194151469515e+02
7.926707134151943137e+02 6.248457813780074730e+02
7.936627606536656003e+02 6.253877236305669385e+02
7.946552205681380201e+02 6.259284219864539409e+02
7.956477973226907352e+02 6.264686522592975280e+02
7.966401965244949679e+02 6.270091869854777542e+02
7.976322406478590210e+02 6.275505332970660675e+02
7.986239532746114946e+02 6.280927416126058915e+02
7.996153778500125782e+02 6.286358172409557028e+02
8.006065578193204146e+02 6.291797654909730682e+02
8.015975375816117321e+02 6.297245894710765697e+02
8.025883917089528268e+02 6.302702226810999946e+02
8.035792303848165830e+02 6.308165164659631046e+02
8.045701658435475565e+02 6.313633174392585943e+02
8.055613103194889391e+02 6.319104722145782489e+02
8.065527718398636807e+02 6.324578359821533695e+02
8.075445898419146715e+02 6.330054037597157048e+02
8.085367479208430268e+02 6.335532844045633283e+02
8.095292280481532998e+02 6.341015900840606037e+02
8.105220121953493617e+02 6.346504329655722358e+02
8.115150789973448582e+02 6.351999249674229304e+02
8.125083750373784142e+02 6.357501756156276542e+02
8.135018290258821025e+02 6.363012931021918348e+02
8.144953694794094190e+02 6.368533856046493611e+02
8.154889249145151098e+02 6.374065613005341220e+02
8.164824117467298947e+02 6.379609292288649840e+02
8.174756730444021287e+02 6.385166036503261466e+02
8.184685243864046242e+02 6.390737007826070339e+02
8.194607813031295791e+02 6.396323368468483750e+02
8.204522593249693045e+02 6.401926280641853282e+02
8.214427648840352276e+02 6.407546432915630703e+02
8.224320685693176074e+02 6.413182647923497370e+02
8.234199321444516499e+02 6.418833288865293980e+02
8.244061173730741530e+02 6.424496718940872597e+02
8.253903859409090273e+02 6.430171300602762585e+02
8.263724629701440563e+02 6.435855045594022386e+02
8.273519788308873331e+02 6.441545056816408987e+02
8.283285487458944090e+02 6.447238291881575378e+02
8.293017879379210626e+02 6.452931708401179094e+02
8.302713102731827348e+02 6.458622279117166727e+02
8.312366150087017331e+02 6.464308255076098249e+02
8.321970014526008299e+02 6.469990117473686269e+02
8.331517488131842128e+02 6.475668571690887347e+02
8.341001362987573202e+02 6.481344323108667140e+02
8.350414405467797678e+02 6.487018139248506259e+02
8.359748545995497579e+02 6.492692808231573736e+02
8.368994715167366394e+02 6.498373534884310629e+02
8.378143784767130455e+02 6.504065666191451101e+02
8.387186626578518371e+02 6.509774549137727035e+02
8.396114308815784852e+02 6.515505385985811699e+02
8.404921169604901934e+02 6.521260969859840770e+02
8.413604244913733510e+02 6.527042106223270821e+02
8.422160651398628488e+02 6.532849541091561605e+02
8.430587505715930092e+02 6.538684020480171739e+02
8.438892305645191527e+02 6.544553609658654523e+02
8.447184024825762663e+02 6.550537919873553392e+02
8.455629007478718222e+02 6.556757011738665142e+02
8.464394248181039302e+02 6.563331404403925262e+02
8.473646741509713820e+02 6.570381617019268106e+02
8.483616188177936692e+02 6.578080707862709460e+02
8.494918396522842841e+02 6.586925240360745875e+02
8.508316012260549996e+02 6.597534807492123718e+02
8.524571966290424143e+02 6.610529241179967812e+02
8.544449189511828990e+02 6.626528373347408660e+02
