4.682143111370179156e+01 5.192154637668301120e+02
4.684433362610313623e+01 5.171264237235474184e+02
4.686819391210011787e+01 5.155435980160712006e+02
4.689427523963644973e+01 5.142991508076993341e+02
4.692387897979911315e+01 5.132301699640407833e+02
4.695886081793483413e+01 5.122453720450350829e+02
4.700149520169856032e+01 5.113075862314760798e+02
4.705406490034881273e+01 5.103810384660521322e+02
4.711849656722089463e+01 5.094411418862969185e+02
4.719595341129510047e+01 5.084872928335104802e+02
4.728749999632929502e+01 5.075219865368887895e+02
4.739399437587501041e+01 5.065476477171734473e+02
4.751486916198951604e+01 5.055662144088628338e+02
4.764895549535815888e+01 5.045794192870324082e+02
4.779506945401312379e+01 5.035889797655785287e+02
4.795159958266282274e+01 5.025961330056787801e+02
4.811641918125900474e+01 5.016015373886096427e+02
4.828737087408988060e+01 5.006058168319960942e+02
4.846228199961677063e+01 4.996094475376491459e+02
4.863892495696443774e+01 4.986123747966945530e+02
4.881505980689670565e+01 4.976144246675179375e+02
4.898847863327605978e+01 4.966154132582735770e+02
4.915737989264684416e+01 4.956150304088083658e+02
4.932024137609938919e+01 4.946128791640111899e+02
4.947555070866597760e+01 4.936085619850100557e+02
4.962232101993470934e+01 4.926018171413238065e+02
4.976058604751536052e+01 4.915926466625697913e+02
4.989049679036492080e+01 4.905810828827168280e+02
5.001228686497294973e+01 4.895671835164005188e+02
5.012669974510210835e+01 4.885511629098674575e+02
5.023467320871219499e+01 4.875332951009315821e+02
5.033712007910487785e+01 4.865138439035780493e+02
5.043425968907581591e+01 4.854927900843147768e+02
5.052555013835683440e+01 4.844698037131133788e+02
5.061041065516944570e+01 4.834445389972187854e+02
5.068843256513857654e+01 4.824167292937981415e+02
5.075976340902145978e+01 4.813863637708775514e+02
5.082466288954363165e+01 4.803534831812886523e+02
5.088346437940533917e+01 4.793181607413065990e+02
5.093732169573838320e+01 4.782808312046180390e+02
5.098790138108375203e+01 4.772421552627180859e+02
5.103687703160603917e+01 4.762027968263639082e+02
5.108585460877653617e+01 4.751633996740993098e+02
5.113632091279901459e+01 4.741245721147989798e+02
5.118975061426941409e+01 4.730869188468256539e+02
5.124741121653867282e+01 4.720509599647351138e+02
5.130942497591008333e+01 4.710167478624056230e+02
5.137552059058572240e+01 4.699841742108479821e+02
5.144540779168567468e+01 4.689531228705531589e+02
5.151836830110070764e+01 4.679233014225577563e+02
5.159325583149227157e+01 4.668942411684445801e+02
5.166890590959260976e+01 4.658654659204618156e+02
5.174461928021258927e+01 4.648366918695361960e+02
5.182105046446523744e+01 4.638081950251131502e+02
5.189909887220387219e+01 4.627803526639242477e+02
5.197970366642967122e+01 4.617535583983693641e+02
5.206419454506843181e+01 4.607283663224566226e+02
5.215412286959838895e+01 4.597054216178819388e+02
5.225103291851669240e+01 4.586853665150000552e+02
5.235583855493739236e+01 4.576685815207214318e+02
5.246844487435477333e+01 4.566550283416815432e+02
5.258866639222845407e+01 4.556446310792806571e+02
5.271618556694490110e+01 4.546372590209348346e+02
5.285002998123631812e+01 4.536325096295901176e+02
5.298902459407815968e+01 4.526298962635312932e+02
5.313199053939486305e+01 4.516289306880722165e+02
5.327767531774937737e+01 4.506290940017536286e+02
5.342475934901718659e+01 4.496298393653955827e+02
5.357192096794367586e+01 4.486306190705597601e+02
5.371802428910230276e+01 4.476309623529153896e+02
5.386242091626104411e+01 4.466306003506836646e+02
5.400454144618565522e+01 4.456292969184780759e+02
5.414382834570096037e+01 4.446268208328228866e+02
5.427982739510848376e+01 4.436229837090946830e+02
5.441213757015950137e+01 4.426176192201219237e+02
5.454036548507042426e+01 4.416105642034058860e+02
5.466448397310519169e+01 4.406018072160749171e+02
5.478499863878256804e+01 4.395915575352245241e+02
5.490245707021713173e+01 4.385800418311895896e+02
5.501750904986153756e+01 4.375675291106843474e+02
5.513125940352455245e+01 4.365544768927085784e+02
5.524493956418528029e+01 4.355413951462240334e+02
5.535972680611374130e+01 4.345287714077298347e+02
5.547588861930343285e+01 4.335167163823190322e+02
5.559293758437593169e+01 4.325050280926525943e+02
5.571036326393787164e+01 4.314934950274250696e+02
5.582760770121022631e+01 4.304818860110076457e+02
5.594400032207728657e+01 4.294699232648171687e+02
5.605885423703647774e+01 4.284573222586884640e+02
5.617143684240975432e+01 4.274437795428817708e+02
5.628066173908627690e+01 4.264288452435143881e+02
5.638527749669073330e+01 4.254120011857609711e+02
5.648403232678931829e+01 4.243927290505581595e+02
5.657569753492000331e+01 4.233705202369243921e+02
5.665907499603369502e+01 4.223448790076711816e+02
5.673296868639959456e+01 4.213153105098573405e+02
5.679652695362471349e+01 4.202814626308693278e+02
5.685027563066727652e+01 4.192435542194049845e+02
5.689508492182316957e+01 4.182019468644894005e+02
5.693186011453104101e+01 4.171570167074892197e+02
5.696201687633400468e+01 4.161093515933011986e+02
5.698735644658202659e+01 4.150596993003941861e+02
5.700968953904100545e+01 4.140088115369927095e+02
5.703082151166938729e+01 4.129574377555660476e+02
5.705254624059988799e+01 4.119063225726755491e+02
5.707665611838980624e+01 4.108562099800309397e+02
5.710486867389647614e+01 4.098078127799296340e+02
5.713838468754968147e+01 4.087616284890234510e+02
5.717818689548425937e+01 4.077180637832292973e+02
5.722523236629500332e+01 4.066775146367945695e+02
5.727965559876886203e+01 4.056400340585691424e+02
5.734059976597144015e+01 4.046052617302718204e+02
5.740714901437394246e+01 4.035728127228031781e+02
5.747818917066827282e+01 4.025422183376405201e+02
5.755189327333988558e+01 4.015127087975836275e+02
5.762627428180048383e+01 4.004834467087191001e+02
5.769943569793937854e+01 3.994536316542606755e+02
5.777063000644613311e+01 3.984229324566601917e+02
5.783989948572190798e+01 3.973913404864524637e+02
5.790730457898076367e+01 3.963588545261695231e+02
5.797322513274163924e+01 3.953256030234043692e+02
5.803866132225596886e+01 3.942919662545875212e+02
5.810468459458697055e+01 3.932583534296754806e+02
5.817225595013211858e+01 3.922251291807310736e+02
5.824165479018917324e+01 3.911923830364256105e+02
5.831290076186043336e+01 3.901600996848288787e+02
5.838598260748544533e+01 3.891282518850974270e+02
5.846005718571682053e+01 3.880964915447180488e+02
5.853336821023642500e+01 3.870641183776040748e+02
5.860411279016524588e+01 3.860304141326329272e+02
5.867077591948180526e+01 3.849948053529021195e+02
5.873277302987542470e+01 3.839571865533368964e+02
5.878970717778540234e+01 3.829175466163803208e+02
5.884127457676594020e+01 3.818759241936468243e+02
5.888820890830204746e+01 3.808329122038012997e+02
5.893189220512456217e+01 3.797894499470423284e+02
5.897371779408628356e+01 3.787464835450236933e+02
5.901520037045484202e+01 3.777050925777294879e+02
5.905806846079378403e+01 3.766665917568925011e+02
5.910407235788161273e+01 3.756323197286666300e+02
5.915483520346849389e+01 3.746035730184794375e+02
5.921127723214384986e+01 3.735814153029906493e+02
5.927407712816258822e+01 3.725668302416108872e+02
5.934385510363556904e+01 3.715607681728877196e+02
5.941989156485105639e+01 3.705634147295683078e+02
5.950012711227476814e+01 3.695741908385993497e+02
5.958244374293810353e+01 3.685924838080438803e+02
5.966433756694312507e+01 3.676172732935192471e+02
5.974218177031759325e+01 3.666463526893043650e+02
5.981214640991531439e+01 3.656773008032329244e+02
5.987053449544887940e+01 3.647077728312349336e+02
5.991495516551609057e+01 3.637361744059055582e+02
5.994375890385555294e+01 3.627613370998682853e+02
5.995531003358451727e+01 3.617821087246459228e+02
5.994832192733670695e+01 3.607980803261222036e+02
5.992206649400530694e+01 3.598100322466005991e+02
5.987586579499900097e+01 3.588188516185995240e+02
5.980922692390632278e+01 3.578254416576689891e+02
5.972257455538024828e+01 3.568307853356777173e+02
5.961661727098232433e+01 3.558358903017358443e+02
5.949209296309893347e+01 3.548417468458830513e+02
5.935031112722138147e+01 3.538490056127058665e+02
5.919310199466463018e+01 3.528580078265775910e+02
5.902231469708820555e+01 3.518690832392481980e+02
5.883973481919925774e+01 3.508824763876293673e+02
5.864698119750107708e+01 3.498982082035561234e+02
5.844564564853294542e+01 3.489162633857821447e+02
5.823728498289232647e+01 3.479366148784296797e+02
5.802315132983115120e+01 3.469591333167882112e+02
5.780433994012130938e+01 3.459836366579820606e+02
5.758194574337601068e+01 3.450099403079141211e+02
5.735711328760439187e+01 3.440377520342030380e+02
5.713105930508669417e+01 3.430666230135310570e+02
5.690500621638923207e+01 3.420960920828559324e+02
5.668016406190709944e+01 3.411256892795526028e+02
5.645768775652884841e+01 3.401549054588683134e+02
5.623871687751793047e+01 3.391832205743680220e+02
5.602438820396578478e+01 3.382101152171831586e+02
5.581579152498292729e+01 3.372350806950833544e+02
5.561397763892358626e+01 3.362576172081561481e+02
5.541999628705879388e+01 3.352772251893276803e+02
5.523493211759293331e+01 3.342933947740082772e+02
5.505995250551283249e+01 3.333055916932770515e+02
5.489623681081126705e+01 3.323132781426463680e+02
5.474492919758196763e+01 3.313159326997416088e+02
5.460690143851618217e+01 3.303131607281723063e+02
5.448289824672954040e+01 3.293046267320835341e+02
5.437364144915282793e+01 3.282900049047335642e+02
5.427895340695217641e+01 3.272693490187121483e+02
5.419746586148436052e+01 3.262432152944937229e+02
5.412772871180042955e+01 3.252121944904407655e+02
5.406807411722662238e+01 3.241769692671202279e+02
5.401596327819042642e+01 3.231385898939191748e+02
5.396863965539458263e+01 3.220981985424290315e+02
5.392336264062711848e+01 3.210569309413512542e+02
5.387762338681104524e+01 3.200158290899578333e+02
5.382908813316046803e+01 3.189758641786757494e+02
5.377543064865450617e+01 3.179380043221254937e+02
5.371489664186823632e+01 3.169029808839563884e+02
5.364695795036294612e+01 3.158710176790671085e+02
5.357124484075342963e+01 3.148422729415977983e+02
5.348752549972201109e+01 3.138168476207110871e+02
5.339652011041942359e+01 3.127944472546806765e+02
5.329935055513611530e+01 3.117746105363985976e+02
5.319712740666911088e+01 3.107568807843875334e+02
5.309054079389269276e+01 3.097409735775273703e+02
5.297977414476523705e+01 3.087268120954647657e+02
5.286498072685099459e+01 3.077143318747938565e+02
5.274645977631670490e+01 3.067034065236190941e+02
5.262503516029983075e+01 3.056936870706446712e+02
5.250164856836975247e+01 3.046847745573503516e+02
5.237724423383034633e+01 3.036762684700844375e+02
5.225279866994159761e+01 3.026677485606014102e+02
5.212931057872579288e+01 3.016587810153887972e+02
5.200777860827168553e+01 3.006489319234829622e+02
5.188914210432358942e+01 2.996377878475987586e+02
5.177422523865114812e+01 2.986249751133804011e+02
5.166383895026942952e+01 2.976101246149783606e+02
5.155882079700855769e+01 2.965928558536981541e+02
5.146017260929317416e+01 2.955727180222197603e+02
5.136895882105741151e+01 2.945492335189388200e+02
5.128620981128860024e+01 2.935219392987567062e+02
5.121202048486444625e+01 2.924907721791425956e+02
5.114545889219749597e+01 2.914561079000962422e+02
5.108554052474528362e+01 2.904183446722350936e+02
5.103109573760491458e+01 2.893779754175486119e+02
5.098035652911089244e+01 2.883357991631572759e+02
5.093143423767971711e+01 2.872926766629348094e+02
5.088248032124857900e+01 2.862494612015643156e+02
5.083209303901310960e+01 2.852069228811870403e+02
5.077914987244075462e+01 2.841657798201644027e+02
5.072254181939038631e+01 2.831267464873372433e+02
5.066196598782152449e+01 2.820902885515329217e+02
5.059853971984528442e+01 2.810564333366483538e+02
5.053352492538132879e+01 2.800251635467790834e+02
5.046842050176864802e+01 2.789963882417841887e+02
5.040603544313466955e+01 2.779696093667591867e+02
5.034962895145109485e+01 2.769441889639597321e+02
5.030242463790155227e+01 2.759195016508310232e+02
5.026681810671515649e+01 2.748952142010779198e+02
5.024437695516651559e+01 2.738712855446661933e+02
5.023663228988753815e+01 2.728476873326695227e+02
5.024457615189613335e+01 2.718244117329955998e+02
5.026763191089855098e+01 2.708015106171711750e+02
5.030493917484457000e+01 2.697790466566938790e+02
5.035553778916539613e+01 2.687570552854912194e+02
5.041748753231065194e+01 2.677353043556048533e+02
5.048829190692671887e+01 2.667134098423867385e+02
5.056545841134101238e+01 2.656909894735576358e+02
5.064717428747046313e+01 2.646678898769312127e+02
5.073271447804209799e+01 2.636443239578715634e+02
5.082145159344705831e+01 2.626205375108171438e+02
5.091295387577407894e+01 2.615968266278422902e+02
5.100775971155694322e+01 2.605737368287603886e+02
5.110670765776760049e+01 2.595518908083195129e+02
5.121062088769231480e+01 2.585319003956759616e+02
5.132001996468262917e+01 2.575141644670289338e+02
5.143514977158351087e+01 2.564988878964230139e+02
5.155624558749694586e+01 2.554862686195549770e+02
5.168378065482388450e+01 2.544765805955544522e+02
5.181885263540918629e+01 2.534702972702370687e+02
5.196266037234284596e+01 2.524679244143425763e+02
5.211640072701491988e+01 2.514699643957554542e+02
5.228125331268591935e+01 2.504768899649154150e+02
5.245838886166455239e+01 2.494891586224288744e+02
5.264896957664254984e+01 2.485072242152463957e+02
5.285372747545132199e+01 2.475313611330184642e+02
5.307276874793950583e+01 2.465615826929817160e+02
5.330615026727650019e+01 2.455978816392681381e+02
5.355401896696901076e+01 2.446402894265900443e+02
5.381692279450221861e+01 2.436890098772556712e+02
5.409552127188364068e+01 2.427442947715831849e+02
5.439044796391064551e+01 2.418063854758177627e+02
5.470190035851061339e+01 2.408753483992947793e+02
5.502971410122191287e+01 2.399511047778015040e+02
5.537371285973423340e+01 2.390335710348948908e+02
5.573342965585707987e+01 2.381225451029822011e+02
5.610770870272670408e+01 2.372175440994412270e+02
5.649529442262716827e+01 2.363180444586964768e+02
5.689496414665000401e+01 2.354235365390357515e+02
5.730574989681413456e+01 2.345336184596160365e+02
5.772680249815820730e+01 2.336479386056821568e+02
5.815727336368178157e+01 2.327661456250163781e+02
5.859631067680201255e+01 2.318878873574803379e+02
5.904305834594845948e+01 2.310128105734940505e+02
5.949665998569126657e+01 2.301405619699654608e+02
5.995629946724582737e+01 2.292708049177064424e+02
6.042132168840871032e+01 2.284032694831468575e+02
6.089111180362169762e+01 2.275377024066209799e+02
6.136506917086703083e+01 2.266738562942670683e+02
6.184279977740618506e+01 2.258115690863600378e+02
6.232406571067735257e+01 2.249507431897102663e+02
6.280863230971256428e+01 2.240912823524610076e+02
6.329615878661742556e+01 2.232330462244365208e+02
6.378607683768731818e+01 2.223757999171075426e+02
6.427778876172774858e+01 2.215192963265728849e+02
6.477070991647963183e+01 2.206632937286922811e+02
6.526434579928910296e+01 2.198075875332505973e+02
6.575823994230924541e+01 2.189519888188573304e+02
6.625193440291724301e+01 2.180963080507247867e+02
6.674491808389866776e+01 2.172403336032858761e+02
6.723661582841380380e+01 2.163838272281167292e+02
6.772644866370877992e+01 2.155265490909214918e+02
6.821378563446756971e+01 2.146682378151560329e+02
6.869780895298920598e+01 2.138085545985123304e+02
6.917765887246800105e+01 2.129471432502845403e+02
6.965249181225328812e+01 2.120836542761419423e+02
7.012166933998143747e+01 2.112178231586617017e+02
7.058469403917418106e+01 2.103494437922855411e+02
7.104107112004646751e+01 2.094783111595503442e+02
7.149028821377032727e+01 2.086042129688293301e+02
7.193179881040114765e+01 2.077269228009879214e+02
7.236505247739806634e+01 2.068462126137306711e+02
7.278948815796145766e+01 2.059618499664638591e+02
7.320447922984271827e+01 2.050735752753910504e+02
7.360937408411042782e+01 2.041811186125695201e+02
7.400352912847397135e+01 2.032842133709280859e+02
7.438652153640649090e+01 2.023826843946665122e+02
7.475817081231019756e+01 2.014764569125323419e+02
7.511830886922926709e+01 2.005654612934998511e+02
7.546682841149323906e+01 1.996496530888030350e+02
7.580381861956722389e+01 1.987290692382017596e+02
7.612940829374834095e+01 1.978037630936260598e+02
7.644371090937241320e+01 1.968737816593562115e+02
7.674666927144119200e+01 1.959391012474572449e+02
7.703811952688958797e+01 1.949996539918711278e+02
7.731789610846442429e+01 1.940553713165194551e+02
7.758582600892687253e+01 1.931061815638304608e+02
7.784172311300005731e+01 1.921520076471447851e+02
7.808539997111999753e+01 1.911927719271682520e+02
7.831668393742745593e+01 1.902284028965637503e+02
7.853548420283854625e+01 1.892588629462377696e+02
7.874173808104509931e+01 1.882841261160496344e+02
7.893538862605853978e+01 1.873041688235943525e+02
7.911651033088266161e+01 1.863190219306864037e+02
7.928530912751362791e+01 1.853287707433595415e+02
7.944199683660781375e+01 1.843335030068277831e+02
7.958697648294406690e+01 1.833333856655874001e+02
7.972120749188339062e+01 1.823288161326298678e+02
7.984574993779166618e+01 1.813202335110989054e+02
7.996171594081351941e+01 1.803080984619319338e+02
8.007072891882418730e+01 1.792930834298350646e+02
8.017470249696127382e+01 1.782759810657736352e+02
8.027554486505307807e+01 1.772575817692428188e+02
8.037459017457524624e+01 1.762384381604303769e+02
8.047225402184409404e+01 1.752187223737805084e+02
8.056886952356755671e+01 1.741985723788699829e+02
8.066477406049665433e+01 1.731781279079987712e+02
8.076032615892080457e+01 1.721575374348732339e+02
8.085589088772803734e+01 1.711369521378607033e+02
8.095185038041580583e+01 1.701165302626840230e+02
8.104892047583787473e+01 1.690965682600997582e+02
8.114812102157713980e+01 1.680774884869547350e+02
8.125048230570827457e+01 1.670597176239972725e+02
8.135669594615107769e+01 1.660435420611394477e+02
8.146656488500549642e+01 1.650288800629309662e+02
8.157974806288808622e+01 1.640155902426998011e+02
8.169592347272178756e+01 1.630035391062622807e+02
8.181493493305740117e+01 1.619926618533143596e+02
8.193671164500314319e+01 1.609829290535919029e+02
8.206118268683427175e+01 1.599743112269709115e+02
8.218823499070393268e+01 1.589667614862225946e+02
8.231769417507192088e+01 1.579602076204624268e+02
8.244938102673845037e+01 1.569545754232442221e+02
8.258306491820776785e+01 1.559497694413766169e+02
8.271828628822659368e+01 1.549455996157416280e+02
8.285452187907216626e+01 1.539418495649190390e+02
8.299125943007248907e+01 1.529383074824260689e+02
8.312817144051666673e+01 1.519348384245596719e+02
8.326508371749415005e+01 1.509313712258488920e+02
8.340182670774694884e+01 1.499278366517342533e+02
8.353823062263683141e+01 1.489241655822980874e+02
8.367412511569217770e+01 1.479202891693145148e+02
8.380933975962572902e+01 1.469161386039191370e+02
8.394376520473224446e+01 1.459116704225864964e+02
8.407776479865728447e+01 1.449070373168152344e+02
8.421192238324805146e+01 1.439024834764916818e+02
8.434681349981893561e+01 1.428982496478250823e+02
8.448262669757980348e+01 1.418944160191896344e+02
8.461903826559243669e+01 1.408908502490923524e+02
8.475568928054323692e+01 1.398874053868977683e+02
8.489227660625884653e+01 1.388839569741851108e+02
8.502872025512623111e+01 1.378804705213916293e+02
8.516499602667255431e+01 1.368769340311689291e+02
8.530105967640099607e+01 1.358733268953608331e+02
8.543657536475529923e+01 1.348695032380996679e+02
8.557098696374526980e+01 1.338652225487595615e+02
8.570373418490589756e+01 1.328602424869571905e+02
8.583448270467368957e+01 1.318544102330704106e+02
8.596338262496874449e+01 1.308477648828492192e+02
8.609064664069438777e+01 1.298403703295734317e+02
8.621643766944200138e+01 1.288322683030061739e+02
8.634057503975182613e+01 1.278233475487204487e+02
8.646273310123746114e+01 1.268134322599307922e+02
8.658258863457839993e+01 1.258023475409859344e+02
8.669991563070350082e+01 1.247899561199866696e+02
8.681460523414915542e+01 1.237761660675601973e+02
8.692655556782239046e+01 1.227608881555224798e+02
8.703575361776753994e+01 1.217440752633217471e+02
8.714250575620698669e+01 1.207258316109518574e+02
8.724719008360297323e+01 1.197062954066999509e+02
8.735010530795409522e+01 1.186855762287374887e+02
8.745054264798304189e+01 1.176634203394634852e+02
8.754710078924802019e+01 1.166393242634113250e+02
8.763836528512786117e+01 1.156127803317064746e+02
8.772297989833458587e+01 1.145833674792886399e+02
8.779970144276482813e+01 1.135508328385885051e+02
8.786729972117454679e+01 1.125149428668546960e+02
8.792466412893121230e+01 1.114755468582996656e+02
8.797142210284205532e+01 1.104330053185821470e+02
8.800748234381893553e+01 1.093878735736271608e+02
8.803275386923672841e+01 1.083407124487264923e+02
8.804713920400988059e+01 1.072922227929100814e+02
8.805053374638637820e+01 1.062432591569500744e+02
8.804283251802877430e+01 1.051946839445019890e+02
8.802388944034834140e+01 1.041473392276450625e+02
8.799342559962225607e+01 1.031020013672372926e+02
8.795113529563951715e+01 1.020594334733288804e+02
8.789675315055157512e+01 1.010203670443683279e+02
8.783046284676700566e+01 9.998518152815172755e+01
8.775272870069615294e+01 9.895403636328506991e+01
8.766402381113437059e+01 9.792708493260995795e+01
8.756521305835194369e+01 9.690424573292690980e+01
8.745785157749901373e+01 9.588502343024957497e+01
8.734356476582669870e+01 9.486888056612214370e+01
8.722384610175006969e+01 9.385532054253172873e+01
8.709945979947269734e+01 9.284407264322319975e+01
8.697091946540224683e+01 9.183494377501475014e+01
8.683874368858820958e+01 9.082773770612189423e+01
8.670357090182527315e+01 8.982218439293778545e+01
8.656615938165330704e+01 8.881793998003357160e+01
8.642727252331152954e+01 8.781465743791090972e+01
8.628757269186749568e+01 8.681202836942617296e+01
8.614742825639285684e+01 8.580985679689717927e+01
8.600715440412355406e+01 8.480796707854254635e+01
8.586706175714058986e+01 8.380618483400910179e+01
8.572741608944446057e+01 8.280434807521533003e+01
8.558845771973258820e+01 8.180230184780394609e+01
8.545042347493922819e+01 8.079989248322198137e+01
8.531334066350176215e+01 7.979704522452375670e+01
8.517690133002830066e+01 7.879381158622904024e+01
8.504076741486042579e+01 7.779025442112181565e+01
8.490457832391609827e+01 7.678644178433424372e+01
8.476786171411654891e+01 7.578246752962590449e+01
8.463011066635118596e+01 7.477843349305761933e+01
8.449083820651779320e+01 7.377443308880827999e+01
8.434994763820452590e+01 7.277039497269655044e+01
8.420769781165893164e+01 7.176609770411974409e+01
8.406436056607088858e+01 7.076131439989244143e+01
8.392020713287342915e+01 6.975583915319977280e+01
8.377550714873599702e+01 6.874952109955276569e+01
8.363052999191177150e+01 6.774221829354897295e+01
8.348560289056857187e+01 6.673378261296873859e+01
8.334155658139036404e+01 6.572401217440358323e+01
8.319948105438223251e+01 6.471267741315202215e+01
8.306046769454088974e+01 6.369955291933589336e+01
8.292556985506735145e+01 6.268463628528512288e+01
8.279578556094404007e+01 6.166824952437464447e+01
8.267210847716290800e+01 6.065074021510122293e+01
8.255559307461916774e+01 5.963254276509368879e+01
8.244756457621633672e+01 5.861447820828946220e+01
8.234942353646128765e+01 5.759747515005216911e+01
8.226251581188454054e+01 5.658250688564640996e+01
8.218726845205483755e+01 5.557129728691995751e+01
8.212334611043854693e+01 5.456619302973192731e+01
8.207038951755784240e+01 5.356955984866866061e+01
8.202779958553713868e+01 5.258382217230030165e+01
8.199440887510277776e+01 5.161154352948375390e+01
8.196896760732347786e+01 5.065530760116810427e+01
8.195024389254024300e+01 4.971454960313390359e+01
8.193714429142676181e+01 4.876433785431510870e+01
8.192863994613897205e+01 4.776837450149294284e+01
8.192372061135105810e+01 4.668896041563707655e+01
8.192211637871990604e+01 4.543414152814600016e+01
8.192453732147781409e+01 4.384014668928158187e+01
8.193176087604989277e+01 4.173826809742855204e+01
