1.326854531448622687e+01 2.529200598573635261e+01
1.308340278464426731e+01 2.703427228416165917e+01
1.291693769948031267e+01 2.841464296714444160e+01
1.276227133622340659e+01 2.954730764163297252e+01
1.261258949840819632e+01 3.054548276233215987e+01
1.246349624283536173e+01 3.148591394359216977e+01
1.231368581075954083e+01 3.239874224205608044e+01
1.216205389356291988e+01 3.331107054812346746e+01
1.200791862295306167e+01 3.424722618757391501e+01
1.185359789919299445e+01 3.521182707169649717e+01
1.170270770840677166e+01 3.620096228303684427e+01
1.155886742273640522e+01 3.721068997200858064e+01
1.142539138057910897e+01 3.823760520760985315e+01
1.130494806282003140e+01 3.927943989339257058e+01
1.120012370014564418e+01 4.033407070921951032e+01
1.111330855455306477e+01 4.139938520087537199e+01
1.104423241711254988e+01 4.247341842990154959e+01
1.099070772123761230e+01 4.355431177001997867e+01
1.095050457530992105e+01 4.464020894471087786e+01
1.092154418865351140e+01 4.572935138500818653e+01
1.090229814335948078e+01 4.682033641368177257e+01
1.089136329489364741e+01 4.791184235997836538e+01
1.088738305067551337e+01 4.900254667389710050e+01
1.089046591532592601e+01 5.009109913349011123e+01
1.090244525871188941e+01 5.117611693850732024e+01
1.092525339056695977e+01 5.225621541997698216e+01
1.096096495995848841e+01 5.333001467357028247e+01
1.101257047479667861e+01 5.439616545226264321e+01
1.108342312879200975e+01 5.545333064951285706e+01
1.117686492687364286e+01 5.650017848165926893e+01
1.129477465367338596e+01 5.753601757218357449e+01
1.143618930233647113e+01 5.856140031050682637e+01
1.159981936230539823e+01 5.957702198681760564e+01
1.178425111416257565e+01 6.058362607033512859e+01
1.198657093033220633e+01 6.158253782549780908e+01
1.220287023821424732e+01 6.257546844321268509e+01
1.242922269329083207e+01 6.356413600299985234e+01
1.266209222315380067e+01 6.455008321314616637e+01
1.289923791182992119e+01 6.553427079522813870e+01
1.313868716039021223e+01 6.651753890086672527e+01
1.337852015297695019e+01 6.750070532148804148e+01
1.361822967383433536e+01 6.848398943670360950e+01
1.385884112428300163e+01 6.946696137219643674e+01
1.410145674215586808e+01 7.044915870383108825e+01
1.434710729656159245e+01 7.143014824750562752e+01
1.459640620426274538e+01 7.240966757068369475e+01
1.484981581839189246e+01 7.338751604556442487e+01
1.510779645641552982e+01 7.436349390267690751e+01
1.537064298847924704e+01 7.533747136882313100e+01
1.563835524181061132e+01 7.630944349545919181e+01
1.591090254598468334e+01 7.727941823677045363e+01
1.618827468206442077e+01 7.824739527714001497e+01
1.647068206440713922e+01 7.921328508525446921e+01
1.675846972456436035e+01 8.017694369573700897e+01
1.705198456036419685e+01 8.113822638930348319e+01
1.735148728365040682e+01 8.209702447503789813e+01
1.765697778317833055e+01 8.305333829402479751e+01
1.796840679789217887e+01 8.400718873346760063e+01
1.828573621442226482e+01 8.495859207191649887e+01
1.860918431617944080e+01 8.590745858889350473e+01
1.893922578335507012e+01 8.685359256489267921e+01
1.927634644382665741e+01 8.779679367175469906e+01
1.962092931118391093e+01 8.873690420068486162e+01
1.997281179488388858e+01 8.967399261088542062e+01
2.033165101578449097e+01 9.060820209616724696e+01
2.069709240020764796e+01 9.153968069354922932e+01
2.106796970533771685e+01 9.246891258391129043e+01
2.144178638849077601e+01 9.339693287721728154e+01
2.181592259553193003e+01 9.432482775151441956e+01
2.218788365060805035e+01 9.525363139179779637e+01
2.255638588797646094e+01 9.618387498756685261e+01
2.292082472404196025e+01 9.711580767017916571e+01
2.328060374682744538e+01 9.804967517550883827e+01
2.363561332041293284e+01 9.898552005147764987e+01
2.398708865362671006e+01 9.992282348674095260e+01
2.433649525072821973e+01 1.008609705410331259e+02
2.468525605566310333e+01 1.017993636733168756e+02
2.503394508441567012e+01 1.027377523957132155e+02
2.538235390330086716e+01 1.036762060962824989e+02
2.573024484169913606e+01 1.046148061155367799e+02
2.607709173060101193e+01 1.055537535759448673e+02
2.642097582995410932e+01 1.064938277830445372e+02
2.675955877345536393e+01 1.074359822674479688e+02
2.709050900991792332e+01 1.083811680470893037e+02
2.741187959146301978e+01 1.093301941182534165e+02
2.772230337072894812e+01 1.102836553755160338e+02
2.802046121420130120e+01 1.112421289834809954e+02
2.830518842644613287e+01 1.122061368884233872e+02
2.857666449532215580e+01 1.131757204326447237e+02
2.883576102008560582e+01 1.141506734985283344e+02
2.908335483775533703e+01 1.151307882263907771e+02
2.932012932868006772e+01 1.161159783501655767e+02
2.954627935393929405e+01 1.171064646535498355e+02
2.976192385078659797e+01 1.181025156407588099e+02
2.996712840209693596e+01 1.191044190476402491e+02
3.016102843875795259e+01 1.201127978841341530e+02
3.034196932235972355e+01 1.211285599413455714e+02
3.050827131085464217e+01 1.221526220590077116e+02
3.065886995497816159e+01 1.231854911453053063e+02
3.079540401668144511e+01 1.242258731258829840e+02
3.092025440539555703e+01 1.252719794793936217e+02
3.103580374095074745e+01 1.263219984663478925e+02
3.114451118239189498e+01 1.273730672746953445e+02
3.124894209240020615e+01 1.284208646540074881e+02
3.135166965655288607e+01 1.294609619261615876e+02
3.145479035557163883e+01 1.304889327726682211e+02
3.155665741585279704e+01 1.315003694037101809e+02
3.165385615235197037e+01 1.324908727804255477e+02
3.174296605659541015e+01 1.334560785209173446e+02
3.182172709090514573e+01 1.344002748165268599e+02
3.189056096917867933e+01 1.353477452363309226e+02
3.195026706111833192e+01 1.363255891846016539e+02
3.200161807330145791e+01 1.373640322285186528e+02
3.204497770797629386e+01 1.385412543353625949e+02
3.208038959715920413e+01 1.399729626447863780e+02
3.210788883242545211e+01 1.417758656348168245e+02
