5.726545412206586150e+01 3.088998622665280323e+02
5.899727620514830306e+01 3.074348031582533167e+02
6.034224863478989676e+01 3.062689529749378039e+02
6.142825791456480999e+01 3.053012142219171210e+02
6.238038008333033702e+01 3.044326999175235642e+02
6.327323771734421598e+01 3.036042062094004450e+02
6.413781249673884588e+01 3.027908540909993462e+02
6.500363961075618136e+01 3.019689033093538342e+02
6.589275142513743333e+01 3.011215566554395195e+02
6.680559838862637889e+01 3.002519886279584966e+02
6.773877407684186380e+01 2.993669428405709141e+02
6.868888813850679753e+01 2.984729828481879963e+02
6.965273707217829724e+01 2.975745790227619523e+02
7.062723792469365947e+01 2.966748512956265245e+02
7.160931224681102947e+01 2.957768909882279331e+02
7.259628667965554882e+01 2.948827985214688852e+02
7.358633733791636189e+01 2.939925964001002399e+02
7.457774730009786879e+01 2.931060454823096393e+02
7.556898386218091446e+01 2.922230597312457121e+02
7.655997731841537757e+01 2.913447690223499649e+02
7.755135562632253254e+01 2.904728830658894481e+02
7.854374894007412422e+01 2.896091038722067310e+02
7.953766141581890281e+01 2.887544571984637969e+02
8.053340191276993210e+01 2.879089206093933626e+02
8.153126249040387563e+01 2.870723815026374268e+02
8.253144183141782264e+01 2.862445211260067026e+02
8.353361610977161433e+01 2.854238671740567952e+02
8.453727985240855958e+01 2.846085463154998365e+02
8.554194148170515177e+01 2.837967244018037718e+02
8.654753637360946072e+01 2.829877678351618897e+02
8.755449350727134572e+01 2.821824309805843427e+02
8.856326935756266039e+01 2.813815455183008680e+02
8.957437307442832264e+01 2.805861091913949394e+02
9.058852450810509538e+01 2.797977839943663412e+02
9.160649618390267790e+01 2.790183979845685940e+02
9.262903218655736737e+01 2.782497128127235442e+02
9.365636603563103790e+01 2.774922979976979605e+02
9.468828962546106709e+01 2.767456918961791530e+02
9.572458021475260637e+01 2.760093986852996295e+02
9.676494129983827008e+01 2.752827439003649488e+02
9.780886419914102703e+01 2.745645392123890360e+02
9.885580231307717725e+01 2.738535044604427071e+02
9.990520679591428177e+01 2.731483530160644477e+02
1.009565026904424343e+02 2.724477230657298605e+02
1.020090981933371239e+02 2.717502042894222996e+02
1.030624001147990043e+02 2.710543828610852870e+02
1.041156357259662855e+02 2.703584069321174752e+02
1.051676558049779260e+02 2.696595061216528961e+02
1.062172637228148062e+02 2.689547943892931698e+02
1.072633878467894135e+02 2.682416870648416989e+02
1.083059492264515598e+02 2.675199928671117959e+02
1.093453422939596607e+02 2.667906618557107095e+02
1.103819676663132157e+02 2.660546590251576617e+02
1.114164221289918828e+02 2.653134237221074159e+02
1.124496065286195687e+02 2.645691305390254229e+02
1.134824478676175232e+02 2.638240173153289447e+02
1.145158046106945733e+02 2.630801570563669998e+02
1.155501517058675205e+02 2.623387004049797611e+02
1.165858307738843394e+02 2.616004773502350531e+02
1.176231643907638329e+02 2.608662719651929933e+02
1.186619016013991086e+02 2.601354855403847068e+02
1.197011283884238537e+02 2.594059207244063145e+02
1.207398937991854950e+02 2.586752911149442298e+02
1.217772825872565363e+02 2.579413953783141551e+02
1.228125223311105430e+02 2.572023724553504849e+02
1.238448763154460721e+02 2.564564463555167890e+02
1.248736201384353279e+02 2.557018698389481983e+02
1.258982504497256798e+02 2.549374117978271670e+02
1.269184551025801113e+02 2.541622875647572641e+02
1.279339283928729287e+02 2.533757275100545883e+02
1.289445021769125219e+02 2.525772781034169441e+02
1.299504040044248825e+02 2.517673950763187918e+02
1.309519321389335289e+02 2.509466966530895888e+02
1.319493877917259681e+02 2.501158050078157089e+02
1.329431064418479593e+02 2.492753882305099751e+02
1.339334456765760990e+02 2.484261440343630909e+02
1.349207620326373558e+02 2.475687673525692389e+02
1.359051816333317788e+02 2.467034215486264941e+02
1.368863474255357460e+02 2.458291552856075555e+02
1.378638415156289057e+02 2.449448768659960649e+02
1.388372956225300641e+02 2.440496519610416044e+02
1.398067354726126439e+02 2.431437960161017884e+02
1.407723746834703036e+02 2.422282204591212746e+02
1.417344258857847592e+02 2.413038419010260327e+02
1.426929730669026810e+02 2.403716677071172114e+02
1.436479008170009593e+02 2.394328459119770685e+02
1.445990765738118569e+02 2.384885366507710671e+02
1.455462619831312168e+02 2.375397951951854623e+02
1.464886267104853346e+02 2.365870900320066994e+02
1.474251346230239790e+02 2.356306856557837364e+02
1.483547494719067572e+02 2.346708392629101922e+02
1.492764377570708234e+02 2.337075929219554666e+02
1.501891691563292000e+02 2.327407399911145376e+02
1.510919135245156326e+02 2.317700599743946555e+02
1.519840261460811632e+02 2.307954537670019590e+02
1.528664040239461883e+02 2.298173078289376292e+02
1.537403295906482867e+02 2.288361300114014512e+02
1.546070696352115021e+02 2.278524203224060614e+02
1.554676101143024027e+02 2.268665379690667123e+02
1.563226940721073674e+02 2.258787203694871266e+02
1.571730562554288326e+02 2.248892008122899426e+02
1.580191446578382397e+02 2.238980992718404650e+02
1.588605824255111258e+02 2.229052097733608946e+02
1.596968452973393653e+02 2.219102680921739079e+02
1.605273828019344364e+02 2.209130006770041632e+02
1.613513397733958641e+02 2.199130255548739115e+02
1.621676644687186695e+02 2.189098908033196267e+02
1.629752993730534172e+02 2.179031423297519154e+02
1.637727817550890848e+02 2.168921629681640866e+02
1.645577991455301401e+02 2.158759935879702141e+02
1.653279320779708712e+02 2.148536319991678738e+02
1.660808277547228613e+02 2.138241039513226269e+02
1.668146628404480225e+02 2.127866570814164788e+02
1.675278664857090405e+02 2.117406448383820248e+02
1.682188917223193130e+02 2.106854305634869604e+02
1.688875311598199005e+02 2.096209320389993991e+02
1.695356537532297807e+02 2.085479264307381300e+02
1.701653070679314226e+02 2.074672648299884656e+02
1.707785729205007783e+02 2.063798122988711725e+02
1.713777247870228564e+02 2.052865120761523485e+02
1.719651027728572785e+02 2.041883345782382833e+02
1.725430487318607788e+02 2.030862509300537511e+02
1.731139555176789599e+02 2.019812529170053779e+02
1.736802749450729664e+02 2.008743562101876421e+02
1.742444621131800488e+02 1.997665778112260568e+02
1.748083480297839003e+02 1.986586761643619923e+02
1.753712673372543520e+02 1.975503754842999626e+02
1.759319305866075922e+02 1.964411414283601687e+02
1.764891845300179796e+02 1.953304960718517407e+02
1.770443210028471412e+02 1.942189743058156921e+02
1.776007467720374962e+02 1.931079870798207025e+02
1.781619389239692737e+02 1.919989744715559823e+02
1.787319566523133290e+02 1.908936177006655726e+02
1.793165335858684273e+02 1.897942916330788989e+02
1.799217025893095183e+02 1.887034950952482859e+02
1.805532211337822446e+02 1.876236128450538843e+02
1.812136452406545573e+02 1.865557035932240524e+02
1.819034654798247459e+02 1.854999705361954909e+02
1.826231285512240561e+02 1.844565986992955118e+02
1.833715473969202208e+02 1.834251378094845677e+02
1.841444186722833933e+02 1.824038053745153150e+02
1.849370340450415426e+02 1.813906511520711433e+02
1.857445892294445287e+02 1.803836851543661055e+02
1.865615179068724672e+02 1.793806017473785914e+02
1.873818903663790252e+02 1.783789447741573611e+02
1.881998035526158048e+02 1.773762691188151734e+02
1.890110880250283572e+02 1.763708477497725937e+02
1.898142614459932815e+02 1.753620666661277028e+02
1.906080726265263365e+02 1.743494076115529765e+02
1.913916765015324870e+02 1.733325205512530260e+02
1.921665005546321936e+02 1.723119967681866171e+02
1.929347623073240356e+02 1.712887547887616790e+02
1.936986773181980652e+02 1.702637123263195065e+02
1.944603775579134606e+02 1.692377524708730334e+02
1.952218983606962581e+02 1.682117182842282830e+02
1.959852696777270467e+02 1.671864505984562186e+02
1.967524861146426929e+02 1.661627756059087346e+02
1.975254008949057720e+02 1.651414609400619895e+02
1.983058318964350804e+02 1.641232595946730726e+02
1.990955853343141086e+02 1.631089197329168314e+02
1.998962580524046473e+02 1.620991027993538296e+02
2.007092657940601157e+02 1.610943952292618633e+02
2.015360181409600386e+02 1.600953809058375441e+02
2.023777351340094413e+02 1.591025652045891832e+02
2.032350915989333373e+02 1.581162276731857901e+02
2.041086649268416977e+02 1.571366075019304844e+02
2.049988760589382935e+02 1.561638790769610239e+02
2.059043272062682775e+02 1.551974634359931429e+02
2.068224472055810281e+02 1.542362955855026883e+02
2.077506434643962336e+02 1.532793016554926169e+02
2.086860192632873350e+02 1.523252817807427846e+02
2.096250401293234233e+02 1.513727718843409775e+02
2.105640912850759605e+02 1.504202746204286996e+02
2.114996015359930936e+02 1.494663106821641918e+02
2.124283458092639876e+02 1.485095440230035706e+02
2.133472640879296307e+02 1.475487069132631177e+02
2.142533166001364577e+02 1.465825400073852336e+02
2.151446172897478846e+02 1.456102617632830061e+02
2.160210683599881634e+02 1.446318312342488070e+02
2.168827258428437688e+02 1.436472711807043936e+02
2.177301288483257338e+02 1.426568044660761814e+02
2.185665196476560084e+02 1.416617736707993345e+02
2.193960802497758777e+02 1.406639106381852571e+02
2.202229755198418957e+02 1.396649401256046303e+02
2.210508217692188850e+02 1.386663601341073218e+02
2.218826011234349096e+02 1.376694065106044036e+02
2.227212603812669727e+02 1.366753004989466262e+02
2.235689897968597393e+02 1.356849504225975807e+02
2.244249534458288622e+02 1.346980129234731294e+02
2.252875588591574001e+02 1.337138317231018618e+02
2.261552313216436687e+02 1.327317580066637959e+02
2.270267148345714361e+02 1.317512769468053477e+02
2.279010290804630188e+02 1.307719896117491487e+02
2.287772035613374726e+02 1.297935011934554552e+02
2.296549944046419398e+02 1.288157180227505876e+02
2.305362478802447299e+02 1.278394126582244041e+02
2.314231837843384483e+02 1.268655124607751929e+02
2.323179165140305713e+02 1.258949004947265848e+02
2.332213352020619652e+02 1.249279448767209715e+02
2.341335384880337074e+02 1.239646814990902328e+02
2.350546089356631967e+02 1.230051394412762136e+02
2.359841580590822332e+02 1.220491406217242059e+02
2.369208095825302962e+02 1.210960725427488853e+02
2.378630628499481929e+02 1.201452680059551170e+02
2.388093965406189056e+02 1.191960459492332234e+02
2.397581252214971244e+02 1.182476152091348354e+02
2.407074851989230808e+02 1.172991321179391093e+02
2.416557125961142845e+02 1.163497525725644977e+02
2.426010614673913608e+02 1.153986257494138670e+02
2.435418136602845607e+02 1.144448904080908278e+02
2.444762534131384086e+02 1.134876844121300934e+02
2.454027855169275654e+02 1.125262135342073293e+02
2.463204893393593125e+02 1.115600635463903672e+02
2.472286787606801681e+02 1.105889523252476039e+02
2.481267201723686071e+02 1.096126284893131526e+02
2.490155653922273018e+02 1.086317689807278555e+02
2.498979991575185409e+02 1.076481239812888333e+02
2.507769083066330325e+02 1.066635034566424594e+02
2.516553570341486079e+02 1.056799922291554168e+02
2.525371189593920747e+02 1.047007745480770353e+02
2.534261450578770507e+02 1.037293095193769545e+02
2.543263047465934505e+02 1.027690497607294446e+02
2.552400033039054676e+02 1.018233314119244994e+02
2.561683795674149451e+02 1.008953898624969270e+02
2.571125301963462562e+02 9.998845659799704322e+01
2.580731331185700697e+02 9.910518345485073155e+01
2.590496617786967022e+02 9.824655490528539303e+01
2.600413743698770759e+02 9.741325744928764152e+01
2.610473881665099043e+02 9.660561422207331361e+01
2.620651822624923284e+02 9.581972424339625150e+01
2.630911788610759459e+02 9.504896129722823162e+01
2.641217825425684396e+02 9.428665322329040066e+01
2.651533965720772130e+02 9.352604283290304465e+01
2.661824214567383251e+02 9.276019463302635870e+01
2.672052573564100726e+02 9.198215067893364960e+01
2.682184734552794794e+02 9.118539541415303518e+01
2.692199812765185811e+02 9.036692659301824904e+01
2.702083324675068638e+02 8.952541737028025182e+01
2.711820942194344752e+02 8.865957585342749780e+01
2.721405298166293392e+02 8.776958822859185716e+01
2.730839814877829212e+02 8.685793170380276251e+01
2.740128842740050459e+02 8.592728056424211047e+01
2.749279259806293680e+02 8.498037916250063972e+01
2.758312088065483749e+02 8.402036392758820682e+01
2.767253266560587690e+02 8.305050759152116768e+01
2.776128775401519420e+02 8.207406622510899297e+01
2.784965690457754022e+02 8.109378644558326243e+01
2.793792354411982046e+02 8.011182588829545637e+01
2.802637180513580120e+02 7.913030937989174163e+01
2.811520657074493101e+02 7.815088186134649106e+01
2.820431572656906951e+02 7.717326873094776829e+01
2.829350790885571314e+02 7.619671550131195659e+01
2.838258808680695893e+02 7.522043986694339424e+01
2.847129539882567997e+02 7.424316013159638317e+01
2.855931204143365676e+02 7.326316263937954432e+01
2.864631844255224564e+02 7.227871992349824382e+01
2.873210352126505995e+02 7.128853475959162722e+01
2.881676827213736942e+02 7.029254751825116898e+01
2.890046946029170272e+02 6.929091973886961853e+01
2.898338737439949000e+02 6.828393702079938521e+01
2.906597576438764463e+02 6.727332716042522520e+01
2.914886480679962233e+02 6.626174840383018250e+01
2.923268649019401551e+02 6.525187276981003492e+01
2.931788957456439562e+02 6.424609059192145821e+01
2.940453859002665808e+02 6.324620151042500282e+01
2.949264968532811508e+02 6.225393078679984171e+01
2.958219624588780334e+02 6.127103788815606578e+01
2.967281204398749423e+02 6.029955393215428217e+01
2.976396889982909215e+02 5.934163957906329756e+01
2.985513697038946930e+02 5.839946501620911334e+01
2.994574646286562825e+02 5.747572418641258452e+01
3.003516566229585578e+02 5.657392285351149752e+01
3.012275752708111440e+02 5.569763661540946487e+01
3.020827936163474305e+02 5.484674294449628462e+01
3.029369511358390241e+02 5.400042570066669612e+01
3.038173585678299560e+02 5.313067473402661989e+01
3.047527057299922717e+02 5.220813243487415178e+01
3.058132737348315686e+02 5.116279432108135694e+01
3.071174276029455541e+02 4.987766385399061875e+01
3.087862108257481282e+02 4.823312684473643230e+01
