4.958833065010459507e+01 8.782794915870549346e+01
5.158092776039441674e+01 8.830761312412951725e+01
5.314791517107284591e+01 8.867824060278753961e+01
5.440898520615455425e+01 8.896975498734103383e+01
5.548379846767504375e+01 8.921207148520498720e+01
5.646992985700931200e+01 8.942940651361288928e+01
5.740427217586979936e+01 8.963031864135245996e+01
5.831338762492233485e+01 8.982070082434645997e+01
5.922376115091253723e+01 9.000642928364160866e+01
6.015287346386101319e+01 9.019142972716065287e+01
6.110089947356671303e+01 9.037587905085226225e+01
6.206605089899439065e+01 9.055952888091665898e+01
6.304653805911361530e+01 9.074213324141314274e+01
6.404051009240444614e+01 9.092355094404094018e+01
6.504603251638513939e+01 9.110378402333542169e+01
6.606116482266924095e+01 9.128284483477459332e+01
6.708398243570283626e+01 9.146074384224284870e+01
6.811291445810930156e+01 9.163744951989153265e+01
6.914673671471749117e+01 9.181288917797277804e+01
7.018423957182223205e+01 9.198698840033220847e+01
7.122424549548726702e+01 9.215966675083872417e+01
7.226599725841396094e+01 9.233076496923547438e+01
7.330903300651473842e+01 9.250006840110100370e+01
7.435289702006342338e+01 9.266736124157831966e+01
7.539716440440665224e+01 9.283242934746364483e+01
7.644166857373113544e+01 9.299507249992268498e+01
7.748637182748825580e+01 9.315509742779691749e+01
7.853123741338168884e+01 9.331231091104417885e+01
7.957624043701183325e+01 9.346654391397285622e+01
8.062142247202794465e+01 9.361776296343171566e+01
8.166684823729306686e+01 9.376598179126533239e+01
8.271258247519912743e+01 9.391121417749026534e+01
8.375868093461640740e+01 9.405351020372053483e+01
8.480516499640557981e+01 9.419305867516534647e+01
8.585204783317205113e+01 9.433008152896903198e+01
8.689934269258085919e+01 9.446480049059923090e+01
8.794710146956224150e+01 9.459732829578351243e+01
8.899547768169767892e+01 9.472749109266601408e+01
9.004464135068135988e+01 9.485506848589122342e+01
9.109476235023657864e+01 9.497984013256092339e+01
9.214599561605261613e+01 9.510159098545788936e+01
9.319846854454291929e+01 9.522011576031121649e+01
9.425230556430730644e+01 9.533521022496931607e+01
9.530763072239122380e+01 9.544667038746653986e+01
9.636455287072961085e+01 9.555430182105648385e+01
9.742316091014947688e+01 9.565792265808026684e+01
9.848354238655807080e+01 9.575735188379181295e+01
9.954577440670820465e+01 9.585243289626214391e+01
1.006097178947312472e+02 9.594351465431479653e+01
1.016750300998689056e+02 9.603142242717194677e+01
1.027413603365403816e+02 9.611700004028718070e+01
1.038083770268909944e+02 9.620104472465811796e+01
1.048759849351073967e+02 9.628377738792369200e+01
1.059442483369931551e+02 9.636502996642397534e+01
1.070132345014872612e+02 9.644462709769652520e+01
1.080830465035730441e+02 9.652230709195170277e+01
1.091540728276305288e+02 9.659712014567867300e+01
1.102268384888049866e+02 9.666778728367827966e+01
1.113018693538505062e+02 9.673302747754775055e+01
1.123796276343910563e+02 9.679171396900387947e+01
1.134602349567007167e+02 9.684354541859022447e+01
1.145436995111069081e+02 9.688849540227437274e+01
1.156300294091634839e+02 9.692653768694114547e+01
1.167191802121982960e+02 9.695777366223809679e+01
1.178109156170925047e+02 9.698277067719367039e+01
1.189049555451954632e+02 9.700220239349700080e+01
1.200010199265877020e+02 9.701674245325800428e+01
1.210988321302049826e+02 9.702705678733659056e+01
1.221981241813225836e+02 9.703379191571426077e+01
1.232986294458865189e+02 9.703759135206763631e+01
1.244000817067009024e+02 9.703909760697220577e+01
1.255022515193517592e+02 9.703886470330986924e+01
1.266049744823363881e+02 9.703729014881983517e+01
1.277080928481332620e+02 9.703475543952195892e+01
1.288114500460619070e+02 9.703163923132693469e+01
1.299149323750814062e+02 9.702821672142013654e+01
1.310184802122024905e+02 9.702463259862896905e+01
1.321220373909367254e+02 9.702102321009260777e+01
1.332255493717109118e+02 9.701752097071177161e+01
1.343289931065595795e+02 9.701418218047788855e+01
1.354323740606191677e+02 9.701099422349308554e+01
1.365356987283959427e+02 9.700794199588202105e+01
1.376389747222697224e+02 9.700500768389596828e+01
1.387422227300205861e+02 9.700214177727946208e+01
1.398454719133726201e+02 9.699927422381136921e+01
1.409487515770085793e+02 9.699633462471987855e+01
1.420520897874956745e+02 9.699325554423890594e+01
1.431555052185024692e+02 9.698999202529282115e+01
1.442590122369928451e+02 9.698650941743066767e+01
1.453626251874533466e+02 9.698277312399250150e+01
1.464663509084297175e+02 9.697876659402987798e+01
1.475701578954989088e+02 9.697456546039092018e+01
1.486740024326737739e+02 9.697027471484875605e+01
1.497778407970899366e+02 9.696599936571192302e+01
1.508816089770197379e+02 9.696189321188542465e+01
1.519851721777329203e+02 9.695828027102457725e+01
1.530883801777475810e+02 9.695552165899049157e+01
1.541910826410282311e+02 9.695397876711052731e+01
1.552930937639071090e+02 9.695409827567577565e+01
1.563941422502745127e+02 9.695653244852729813e+01
1.574939441818549426e+02 9.696196390200935866e+01
1.585922153318143728e+02 9.697107599443214099e+01
1.596886475016942200e+02 9.698460972673758818e+01
1.607828918037777726e+02 9.700340394204359029e+01
1.618745954019691453e+02 9.702830697781719493e+01
1.629634080996782757e+02 9.706016082493944452e+01
1.640490679529355020e+02 9.709959527439924898e+01
1.651314199841124832e+02 9.714698292090142218e+01
1.662103156412757698e+02 9.720268090882470347e+01
1.672856239642020739e+02 9.726700412481787339e+01
1.683575328437644032e+02 9.733950153093051938e+01
1.694265076006581694e+02 9.741905566426342489e+01
1.704930228127135763e+02 9.750452682499465595e+01
1.715575516209121076e+02 9.759477960712506217e+01
1.726205512575119769e+02 9.768872614566838308e+01
1.736824690562245905e+02 9.778530815607206250e+01
1.747437522014414242e+02 9.788346780000605918e+01
1.758048297341061357e+02 9.798219319456205767e+01
1.768659996217564299e+02 9.808080445181974483e+01
1.779275022449616586e+02 9.817876754552000307e+01
1.789895777366180880e+02 9.827554907673386708e+01
1.800525187532339828e+02 9.837049162338195174e+01
1.811168741682805319e+02 9.846233276244046806e+01
1.821832708645847276e+02 9.854962586866331264e+01
1.832523357259652812e+02 9.863092431481599931e+01
1.843246030811208982e+02 9.870500188822262544e+01
1.854002986563425566e+02 9.877136729463592246e+01
1.864795839378944606e+02 9.882968222364277722e+01
1.875626198538716096e+02 9.887960959496045632e+01
1.886494283736001307e+02 9.892111857481430093e+01
1.897397106312290589e+02 9.895488540717279591e+01
1.908331226251473254e+02 9.898168580917263171e+01
1.919293194952734041e+02 9.900229620116702733e+01
1.930278972333961178e+02 9.901754145474134816e+01
1.941283554660285802e+02 9.902832537916462741e+01
1.952301849572802723e+02 9.903555904335010496e+01
1.963328753643159530e+02 9.904014988900638627e+01
1.974358822665383855e+02 9.904289369281869426e+01
1.985386215541503532e+02 9.904445617905062704e+01
1.996405068799413414e+02 9.904549574047385363e+01
2.007409505552926134e+02 9.904665977133704757e+01
2.018393420875173376e+02 9.904840868989525404e+01
2.029350519175187912e+02 9.905104658436246723e+01
2.040274498998411161e+02 9.905487273525574210e+01
2.051159165449999477e+02 9.906016061023284180e+01
2.061999441479604798e+02 9.906691289203553197e+01
2.072790917677673406e+02 9.907497053513581875e+01
2.083529193585930841e+02 9.908417232566182520e+01
2.094210658424017026e+02 9.909429690716814321e+01
2.104837136560293516e+02 9.910470897743927310e+01
2.115412739872699603e+02 9.911459901549216056e+01
2.125941588202767321e+02 9.912315689382937478e+01
2.136429451704895826e+02 9.912963052209688897e+01
2.146889789377785007e+02 9.913353820628070423e+01
2.157338297686954149e+02 9.913447693816353024e+01
2.167790672907905218e+02 9.913204381112716135e+01
2.178261364147948314e+02 9.912609732060188605e+01
2.188760845455445860e+02 9.911732912033839682e+01
2.199298800659925917e+02 9.910659649116441017e+01
2.209884897674659783e+02 9.909475602616926437e+01
2.220525557483229591e+02 9.908252401924443120e+01
2.231220018288065603e+02 9.907030639771014080e+01
2.241966555882018497e+02 9.905846750335656736e+01
2.252763425749253656e+02 9.904736923518376557e+01
2.263607634627030620e+02 9.903722328914193440e+01
2.274494236112142858e+02 9.902800643154600380e+01
2.285418113717339850e+02 9.901967497048858036e+01
2.296374165509168961e+02 9.901218308305820415e+01
2.307357703287306094e+02 9.900542436647781130e+01
2.318364501903535597e+02 9.899922461669339668e+01
2.329390360666468496e+02 9.899340604861980353e+01
2.340431135916208518e+02 9.898779306156285429e+01
2.351483594765377916e+02 9.898224493876861629e+01
2.362545236015958494e+02 9.897664898827238744e+01
2.373613579145755068e+02 9.897089331002437973e+01
2.384686189539316956e+02 9.896488043685418745e+01
2.395761089252129636e+02 9.895865647693702272e+01
2.406836562099997536e+02 9.895234983474827573e+01
2.417910894996982165e+02 9.894608988884078826e+01
2.428982306254438868e+02 9.894004674045427805e+01
2.440048564133371087e+02 9.893465764151815733e+01
2.451107255497960296e+02 9.893046752144101674e+01
2.462155966711959252e+02 9.892802160668480838e+01
2.473192029061520429e+02 9.892794082431306890e+01
2.484211638661115842e+02 9.893118299172424202e+01
2.495210675956294324e+02 9.893879960889599090e+01
2.506185021249099520e+02 9.895184221228515753e+01
2.517130332560581394e+02 9.897141792122735637e+01
2.528041590512375194e+02 9.899880324340045945e+01
2.538913647148121413e+02 9.903530683828678605e+01
2.549741359510012444e+02 9.908223611962147004e+01
2.560520433752296867e+02 9.914068688423613196e+01
2.571248376262092279e+02 9.921130627238488842e+01
2.581922923042080811e+02 9.929468419920712563e+01
2.592541838578064244e+02 9.939140354340025851e+01
2.603104459193777416e+02 9.950165887834972978e+01
2.613612481811941848e+02 9.962506161736618537e+01
2.624067797815126255e+02 9.976117513458970620e+01
2.634472274735919086e+02 9.990956829892972735e+01
2.644827152348929644e+02 1.000699546077483717e+02
2.655132995232978601e+02 1.002422031160043900e+02
2.665390334613557570e+02 1.004261905628917191e+02
2.675599641327760310e+02 1.006218080234018686e+02
2.685760478980230914e+02 1.008291619433786224e+02
2.695871710918318058e+02 1.010485250050124222e+02
2.705932182368102872e+02 1.012801741923623666e+02
2.715940726476054010e+02 1.015243893060448670e+02
2.725896062346170083e+02 1.017814767375396769e+02
2.735796846361357666e+02 1.020517575027720625e+02
2.745641734254055564e+02 1.023355527693344840e+02
2.755429600270267656e+02 1.026331310274732402e+02
2.765160685536151846e+02 1.029444312518722597e+02
2.774835758638285483e+02 1.032692652616523930e+02
2.784455589287188673e+02 1.036074446049839395e+02
2.794021176748864264e+02 1.039587255967171160e+02
2.803534496196432997e+02 1.043226297387956976e+02
2.812997782095676484e+02 1.046986161447841823e+02
2.822413268995385920e+02 1.050861439083944049e+02
2.831783281698208725e+02 1.054846505417716713e+02
2.841110408061112480e+02 1.058935106553245049e+02
2.850397283605004191e+02 1.063120874620261418e+02
2.859646545025985915e+02 1.067397438921747010e+02
2.868860997562027819e+02 1.071758023358413539e+02
2.878043789007344913e+02 1.076195027863172697e+02
2.887198108724888357e+02 1.080700752381554821e+02
2.896327142093795146e+02 1.085267506490468747e+02
2.905433876174769239e+02 1.089888079227029891e+02
2.914521012004603904e+02 1.094555951127781128e+02
2.923591228354433724e+02 1.099264656559347060e+02
2.932647211091639292e+02 1.104007712757724420e+02
2.941691819450629737e+02 1.108778218443885351e+02
2.950728091868537035e+02 1.113568839736166609e+02
2.959759075046281964e+02 1.118372222803786684e+02
2.968787897550166122e+02 1.123180816154921757e+02
2.977818846507954618e+02 1.127984270992346012e+02
2.986857068131238293e+02 1.132770164291541590e+02
2.995907728917071609e+02 1.137526024049458613e+02
3.004975948257501273e+02 1.142239491948195536e+02
3.014066423176107605e+02 1.146899229031217260e+02
3.023183627859755234e+02 1.151494434145237165e+02
3.032332034487516808e+02 1.156014310982659623e+02
3.041515579178329745e+02 1.160449357360415519e+02
3.050734999495118700e+02 1.164797792859281316e+02
3.059989851653139112e+02 1.169060688999384183e+02
3.069279689983366097e+02 1.173239121849764928e+02
3.078603767869043395e+02 1.177334894003231796e+02
3.087960116430065227e+02 1.181352758742274602e+02
3.097346456531740273e+02 1.185298218341002752e+02
3.106760508196737192e+02 1.189176777107828258e+02
3.116199336910127045e+02 1.192995519534285052e+02
3.125658183122528726e+02 1.196765936105778252e+02
3.135131971692072170e+02 1.200500279210351806e+02
3.144615622957771279e+02 1.204210812146219638e+02
3.154103503499833323e+02 1.207911135109563219e+02
3.163588900660587342e+02 1.211617453818931693e+02
3.173064977259014086e+02 1.215346274620156777e+02
3.182524946380485744e+02 1.219113982505604099e+02
3.191964288870450446e+02 1.222931487625688476e+02
3.201381626979669477e+02 1.226802116128526166e+02
3.210775813791897804e+02 1.230728636883639524e+02
3.220145961938459322e+02 1.234713192157776689e+02
3.229497083097188010e+02 1.238743682670846198e+02
3.238840049063456945e+02 1.242793861578674495e+02
3.248185983394311620e+02 1.246836874231129286e+02
3.257546104601716479e+02 1.250845636736758735e+02
3.266932898658275803e+02 1.254790005285238834e+02
3.276359754305757974e+02 1.258637656589960301e+02
3.285840079660011952e+02 1.262356220591186542e+02
3.295386490009846625e+02 1.265915241282790618e+02
3.305004844268273700e+02 1.269300573991261274e+02
3.314697582706673415e+02 1.272506327373347972e+02
3.324467119090474512e+02 1.275526674076816107e+02
3.334314664309721365e+02 1.278358690748608950e+02
3.344234580861484574e+02 1.281015987525219657e+02
3.354218811042098878e+02 1.283518017426815163e+02
3.364259294370008888e+02 1.285884240179997278e+02
3.374348226222405742e+02 1.288133497814052078e+02
3.384478794714549963e+02 1.290282235677943277e+02
3.394644428700806884e+02 1.292346317925349410e+02
3.404838558486165994e+02 1.294341605207841042e+02
3.415055436909458422e+02 1.296281972404224234e+02
3.425291511487293974e+02 1.298175995971394059e+02
3.435543591820350571e+02 1.300031378217798022e+02
3.445808493268874599e+02 1.301855807547056827e+02
3.456083640534215533e+02 1.303655501282460989e+02
3.466367597351818404e+02 1.305433926874315773e+02
3.476659052334472335e+02 1.307194250292189963e+02
3.486956697874095426e+02 1.308939628382030662e+02
3.497259381529007669e+02 1.310672843384950852e+02
3.507566157332910279e+02 1.312396179066373065e+02
3.517876093623694942e+02 1.314111884658361475e+02
3.528188278440851491e+02 1.315822161829086099e+02
3.538502217283532900e+02 1.317528204409476587e+02
3.548817814202226941e+02 1.319230244041984008e+02
3.559134989164811032e+02 1.320928473941065135e+02
3.569453699280267074e+02 1.322622997654631263e+02
3.579774369799894203e+02 1.324312788535268055e+02
3.590097746223821105e+02 1.325996046786630700e+02
3.600424580271424020e+02 1.327670957597787833e+02
3.610755614251098677e+02 1.329335728877919678e+02
3.621091514200304573e+02 1.330988752670510280e+02
3.631432909153713240e+02 1.332628510351670741e+02
3.641780427901793473e+02 1.334253483887057428e+02
3.652134624534273826e+02 1.335862335585728431e+02
3.662495647218427166e+02 1.337454707739394735e+02
3.672863506900031325e+02 1.339030573921486962e+02
3.683238214418361167e+02 1.340589907962552161e+02
3.693619864229440282e+02 1.342132481824860122e+02
3.704008860752163628e+02 1.343657319155649930e+02
3.714405680212822745e+02 1.345163270244115097e+02
3.724810798810509596e+02 1.346649185445118633e+02
3.735224681068734185e+02 1.348113943300510016e+02
3.745647761691398614e+02 1.349556494342129724e+02
3.756080470690178572e+02 1.350975800429705771e+02
3.766523240778109312e+02 1.352370816901304806e+02
3.776976753696885680e+02 1.353739897886585482e+02
3.787442137776387199e+02 1.355080319355863878e+02
3.797920567836494001e+02 1.356389245042657308e+02
3.808413191059692622e+02 1.357663905403055082e+02
3.818920117905877305e+02 1.358904033762819950e+02
3.829440133498108025e+02 1.360112563093792062e+02
3.839971936505514805e+02 1.361292635086055611e+02
3.850514286131461859e+02 1.362447245287174837e+02
3.861067139745758254e+02 1.363576496615991971e+02
3.871631554038044101e+02 1.364677837999395535e+02
3.882208626416913830e+02 1.365748620060049632e+02
3.892799349711876857e+02 1.366786445896671296e+02
3.903403470667524857e+02 1.367791926920813523e+02
3.914019917451161632e+02 1.368767650762918322e+02
3.924647603913515468e+02 1.369716239616675466e+02
3.935285435774586063e+02 1.370640335305553208e+02
3.945932256049812850e+02 1.371542731038843499e+02
3.956586878594021073e+02 1.372426290427451647e+02
3.967248117100274385e+02 1.373293877472828513e+02
3.977915568437254024e+02 1.374146465423080485e+02
3.988592892349298040e+02 1.374975218876023746e+02
3.999285062023734554e+02 1.375768131497359832e+02
4.009997051274631303e+02 1.376513195439692367e+02
4.020733278462303701e+02 1.377199743838509960e+02
4.031496194538809164e+02 1.377821859569072558e+02
4.042287815069669250e+02 1.378374676621842809e+02
4.053110152274967959e+02 1.378853337063891615e+02
4.063964099108601431e+02 1.379255685110574348e+02
4.074847811429541480e+02 1.379586172910568678e+02
4.085759034474033911e+02 1.379850243943747614e+02
4.096695511550681772e+02 1.380053346343743783e+02
4.107654829859649794e+02 1.380201305123764541e+02
4.118634307966324286e+02 1.380300593839614862e+02
4.129631237902967200e+02 1.380357750103780461e+02
4.140642923326207665e+02 1.380379283465056801e+02
4.151667067676768283e+02 1.380370738308079126e+02
4.162701865444427085e+02 1.380336473520217453e+02
4.173745541238573651e+02 1.380280775273667473e+02
4.184796338071984678e+02 1.380207885310900622e+02
4.195852839845314293e+02 1.380121222397992824e+02
4.206913931025734996e+02 1.380023479669017092e+02
4.217978506379456576e+02 1.379917325393967644e+02
4.229045439453616382e+02 1.379805479070189733e+02
4.240113364546112393e+02 1.379691237793635992e+02
4.251180765053390473e+02 1.379578262968503282e+02
4.262246122007545637e+02 1.379470221707028088e+02
4.273307773032570935e+02 1.379371127339310590e+02
4.284363002759713481e+02 1.379287535345434321e+02
4.295408626545611241e+02 1.379227134134891344e+02
4.306441457590160553e+02 1.379197617323986265e+02
4.317458010844891305e+02 1.379207398564732330e+02
4.328453323859226884e+02 1.379268458275528815e+02
4.339421977552578937e+02 1.379393879277804160e+02
4.350358552693152774e+02 1.379596744758055991e+02
4.361257510607773611e+02 1.379890426260978700e+02
4.372112908325302669e+02 1.380289271397080029e+02
4.382918717415042238e+02 1.380807834095355418e+02
4.393668914821240037e+02 1.381460655308549121e+02
4.404358913238481819e+02 1.382258809783486129e+02
4.414987488109164246e+02 1.383205253880356906e+02
4.425553895652993788e+02 1.384301783260929710e+02
4.436057442746179618e+02 1.385550071291300469e+02
4.446501066339207000e+02 1.386943027559849213e+02
4.456893698806044313e+02 1.388459087416995317e+02
4.467244833907813018e+02 1.390075330904195141e+02
4.477563917490625158e+02 1.391768953739479002e+02
4.487858879659532931e+02 1.393520810947754001e+02
4.498135861579668244e+02 1.395316076418392015e+02
4.508400901390548370e+02 1.397140172765515160e+02
4.518659834947598029e+02 1.398979010958841229e+02
4.528914985638760413e+02 1.400826981790112882e+02
4.539165700792760845e+02 1.402685660872752464e+02
4.549411233660305243e+02 1.404556850943954203e+02
4.559650661169812906e+02 1.406442780416570315e+02
4.569881177187749017e+02 1.408350223774464212e+02
4.580098835435142632e+02 1.410288708030229827e+02
4.590299673722658440e+02 1.412267798607105078e+02
4.600479714611474265e+02 1.414297097738516698e+02
4.610634874001772801e+02 1.416386465123001983e+02
4.620761022254019963e+02 1.418545870385751186e+02
4.630854029558205411e+02 1.420785283563483574e+02
4.640909628605138550e+02 1.423115006652216721e+02
4.650922901595002941e+02 1.425546912104045418e+02
4.660888738554149313e+02 1.428093336329414740e+02
4.670802029756638944e+02 1.430766615140775286e+02
4.680658609745952390e+02 1.433576804750831855e+02
4.690457368199088819e+02 1.436526585848521904e+02
4.700197811543615671e+02 1.439617150199791524e+02
4.709879459641678068e+02 1.442849657137574582e+02
4.719504755530035709e+02 1.446218209027217938e+02
4.729082701478716331e+02 1.449701073293357467e+02
4.738623193066076738e+02 1.453274360784735961e+02
4.748136118438061430e+02 1.456914200300112441e+02
4.757630891376437603e+02 1.460597866275102206e+02
4.767116173574355571e+02 1.464304449514457929e+02
4.776600560022052377e+02 1.468013201917117101e+02
4.786092528239425974e+02 1.471703659002332927e+02
4.795597127497874226e+02 1.475363633450405700e+02
4.805115518916690007e+02 1.478990325493659839e+02
4.814648653706931327e+02 1.482581442166723207e+02
4.824197497282623885e+02 1.486134656230244957e+02
4.833763246612897433e+02 1.489647081665927715e+02
4.843347287185837899e+02 1.493115377529573209e+02
4.852951009971022245e+02 1.496536189649286541e+02
4.862575946710550170e+02 1.499905823828419784e+02
4.872225054399622763e+02 1.503217143285862107e+02
4.881902118273218889e+02 1.506461010693778348e+02
4.891610933793538152e+02 1.509628264021309860e+02
4.901355126026358562e+02 1.512710151649442309e+02
4.911137184223136956e+02 1.515700657648423828e+02
4.920959133172593738e+02 1.518594884779880942e+02
4.930822996275198875e+02 1.521387939149163344e+02
4.940730674810454843e+02 1.524075218694950991e+02
4.950683518222261910e+02 1.526653440081386464e+02
4.960682720156063397e+02 1.529119692285274823e+02
4.970729474183282832e+02 1.531471064458841909e+02
4.980824844945005339e+02 1.533704950914723497e+02
4.990969498261857211e+02 1.535819689918828601e+02
5.001164023076291301e+02 1.537813801697147369e+02
5.011409004524244324e+02 1.539685815629102024e+02
5.021704341555233100e+02 1.541435911149136189e+02
5.032048457600174629e+02 1.543067815833701388e+02
5.042439584763598077e+02 1.544585717336955497e+02
5.052875917565676787e+02 1.545993894212382997e+02
5.063353501570370554e+02 1.547301822353871898e+02
5.073865111078225709e+02 1.548526889342588220e+02
5.084403245845314245e+02 1.549687146756988056e+02
5.094960420572503494e+02 1.550800612508208758e+02
5.105529553436531387e+02 1.551884395565872978e+02
5.116104002368997499e+02 1.552954614229556398e+02
5.126677147518971651e+02 1.554027336747815013e+02
5.137242678698502232e+02 1.555117894892233039e+02
5.147799032846319278e+02 1.556230330258646859e+02
5.158348360261658172e+02 1.557359852891589753e+02
5.168892910236111220e+02 1.558501437400313705e+02
5.179435140158838067e+02 1.559649588454386162e+02
5.189979506427624756e+02 1.560794296429830013e+02
5.200531580137082983e+02 1.561923034420553620e+02
5.211096944473595158e+02 1.563023248214018679e+02
5.221681237428056193e+02 1.564082304426009387e+02
5.232290445280084441e+02 1.565087066527551087e+02
5.242930690678389283e+02 1.566024200988180155e+02
5.253608096589397292e+02 1.566880373818463568e+02
5.264327742265625147e+02 1.567644761790284917e+02
5.275090201678076482e+02 1.568317379594365093e+02
5.285894833436062754e+02 1.568901165599194201e+02
5.296740995529951306e+02 1.569399059353515327e+02
5.307627281331450604e+02 1.569815446751810271e+02
5.318550022351801090e+02 1.570158992203334662e+02
5.329505133858544923e+02 1.570439147480162490e+02
5.340488530087817480e+02 1.570665356743980396e+02
5.351495968989387393e+02 1.570845910969976273e+02
5.362522886372245239e+02 1.570986724160922279e+02
5.373564678296814918e+02 1.571093417027797159e+02
5.384616737915728208e+02 1.571171548312295556e+02
5.395674308649831801e+02 1.571223485760253880e+02
5.406732415040861497e+02 1.571246932494084660e+02
5.417786064265285404e+02 1.571239221557989367e+02
5.428830244097259765e+02 1.571197524025336065e+02
5.439859456501353634e+02 1.571114955424216646e+02
5.450867694584452465e+02 1.570980383331681196e+02
5.461848927438410328e+02 1.570782474846874095e+02
5.472797118346863954e+02 1.570509756664781662e+02
5.483706146754228712e+02 1.570148728800567426e+02
5.494569829099691560e+02 1.569684368218070745e+02
5.505381980287919532e+02 1.569101614786724497e+02
5.516136685536311006e+02 1.568386007978790246e+02
5.526830495644937855e+02 1.567528556377555731e+02
5.537461280409393112e+02 1.566523194338403187e+02
5.548026922092574296e+02 1.565363883871463315e+02
5.558525596071042401e+02 1.564045415826979024e+02
5.568957254353069857e+02 1.562567604852501404e+02
5.579322514803085369e+02 1.560932148442966252e+02
5.589621996459826505e+02 1.559140747413902091e+02
5.599855877121410686e+02 1.557194460187213565e+02
5.610022515037998119e+02 1.555091696140338797e+02
5.620119799506974232e+02 1.552830181911494094e+02
5.630145619331105991e+02 1.550407643846388908e+02
5.640097432845964249e+02 1.547821554074685082e+02
5.649971480302768896e+02 1.545068665376051342e+02
5.659763788004208891e+02 1.542145604181039289e+02
5.669470375330381557e+02 1.539048985245659082e+02
5.679086368810886825e+02 1.535773917585500214e+02
5.688605130405023829e+02 1.532312534371006905e+02
5.698019815008561864e+02 1.528656619572021214e+02
5.707323547905790520e+02 1.524797858422651302e+02
5.716508074581901155e+02 1.520723335391563467e+02
5.725563203325856421e+02 1.516413675611713643e+02
5.734478597296806583e+02 1.511849020299099777e+02
5.743244220694336946e+02 1.507009948027741189e+02
5.751857044870149593e+02 1.501887217513056783e+02
5.760321094876818506e+02 1.496481835238901681e+02
5.768640706117232639e+02 1.490795258572744615e+02
5.776820898570961162e+02 1.484829950765198419e+02
5.784876008619108916e+02 1.478602064126781670e+02
5.792827098092470806e+02 1.472137633011361970e+02
5.800695377895849560e+02 1.465462910814781026e+02
5.808501486916297836e+02 1.458603692981725715e+02
5.816261106390234090e+02 1.451581805915960501e+02
5.823987373775090646e+02 1.444417039499590771e+02
5.831693405768995717e+02 1.437129166995055414e+02
5.839391358670359296e+02 1.429737384234767035e+02
5.847087834898281926e+02 1.422257547840816301e+02
5.854787445006552389e+02 1.414704316847658845e+02
5.862494796984772165e+02 1.407092348748120116e+02
5.870214372993990537e+02 1.399436698753451367e+02
5.877950159487420478e+02 1.391753988906398263e+02
5.885706020864261063e+02 1.384061227037590243e+02
5.893485821670277574e+02 1.376375420895848265e+02
5.901293518341341269e+02 1.368713526940171619e+02
5.909133316110255691e+02 1.361092362759896162e+02
5.917009461906786782e+02 1.353528722670577622e+02
5.924926199470399979e+02 1.346039385854217016e+02
5.932887418461450579e+02 1.338639451881996649e+02
5.940896337412773391e+02 1.331340836762373385e+02
5.948956100009129386e+02 1.324155101454248893e+02
5.957069797171348000e+02 1.317093658282514639e+02
5.965238285282233619e+02 1.310161624962466362e+02
5.973459407223928110e+02 1.303355630291397631e+02
5.981730792940912806e+02 1.296671703229206685e+02
5.990049963001555398e+02 1.290105576495658113e+02
5.998412066120074542e+02 1.283646558753824820e+02
6.006809956395470635e+02 1.277277743808095494e+02
6.015236394003704845e+02 1.270981971076703161e+02
6.023684207384584397e+02 1.264742217757172966e+02
6.032147101892772980e+02 1.258543230955250181e+02
6.040619390903376598e+02 1.252370984965778717e+02
6.049095400005402325e+02 1.246211478735329194e+02
6.057569554024694298e+02 1.240050942896627220e+02
6.066037095569996609e+02 1.233877517342627641e+02
6.074493669609266817e+02 1.227680281345746636e+02
6.082934923916003527e+02 1.221448320728420498e+02
6.091356642728951556e+02 1.215171063308156079e+02
6.099755363430115267e+02 1.208839824351993713e+02
6.108127881804709887e+02 1.202446566710331552e+02
6.116470993876495186e+02 1.195983253830944335e+02
6.124782348648861898e+02 1.189443933588712241e+02
6.133062805508756128e+02 1.182830499075720923e+02
6.141313978998136918e+02 1.176146688757034724e+02
6.149537484711935349e+02 1.169396243693267934e+02
6.157735432398618514e+02 1.162584123021830607e+02
6.165911212374163597e+02 1.155718442448749244e+02
6.174068419669907826e+02 1.148807822298577150e+02
6.182210640352666360e+02 1.141860861444061044e+02
6.190340596089605469e+02 1.134884090277326862e+02
6.198459436855265494e+02 1.127880278180507787e+02
6.206568146147347989e+02 1.120851796162017138e+02
6.214667708584214552e+02 1.113801018165912353e+02
6.222759152089356576e+02 1.106730431577833116e+02
6.230843560691102994e+02 1.099642670754945186e+02
6.238922022152314639e+02 1.092540379837325588e+02
6.246995594698455534e+02 1.085426131680542312e+02
6.255064738608048174e+02 1.078301056075661677e+02
6.263129358223129657e+02 1.071164941135871089e+02
6.271189336764423388e+02 1.064017524000913966e+02
6.279244664786912153e+02 1.056858800649064278e+02
6.287296635804169682e+02 1.049691909167316766e+02
6.295347410923023972e+02 1.042522079859806894e+02
6.303399166971870500e+02 1.035354580943533023e+02
6.311454199357051493e+02 1.028194966402234058e+02
6.319515733160200170e+02 1.021051030689194477e+02
6.327587431960932918e+02 1.013931625015257225e+02
6.335672961920214448e+02 1.006845606812189544e+02
6.343775749592535931e+02 9.998012544912008082e+01
6.351897959191278460e+02 9.928037959556212400e+01
6.360041340706793562e+02 9.858574581189469654e+01
6.368207643890690406e+02 9.789664673177064458e+01
6.376398739795092752e+02 9.721353423003608896e+01
6.384616935678857317e+02 9.653696533529468127e+01
6.392864636818230792e+02 9.586752070461903941e+01
6.401144249389124070e+02 9.520578121222897039e+01
6.409458505682437135e+02 9.455240644501792247e+01
6.417810947089025149e+02 9.390825127811659456e+01
6.426205238333598118e+02 9.327420035510509422e+01
6.434645040554505613e+02 9.265113745377342980e+01
6.443133711891415487e+02 9.203987320441405018e+01
6.451674081868002304e+02 9.144109062311099478e+01
6.460268926868938024e+02 9.085545989755866003e+01
6.468920971043621648e+02 9.028363860515602823e+01
6.477631090006098020e+02 8.972583806202398193e+01
6.486397858400508767e+02 8.918171409922803150e+01
6.495219706786983807e+02 8.865088776401812254e+01
6.504094991273556161e+02 8.813296213016440106e+01
6.513020658332968651e+02 8.762719997143290129e+01
6.521992394940808708e+02 8.713256000642519439e+01
6.531005843767617307e+02 8.664799025806362920e+01
6.540056640673481070e+02 8.617243710607698404e+01
6.549140343311362358e+02 8.570482806076998372e+01
6.558252459332236413e+02 8.524407856821764540e+01
6.567388495573890168e+02 8.478910387829145634e+01
6.576543755648397109e+02 8.433877017853833991e+01
6.585712026427117962e+02 8.389157748814389493e+01
6.594886409148590474e+02 8.344586030225771367e+01
6.604060001690429544e+02 8.299995230464043061e+01
6.613226053127633577e+02 8.255222368142503342e+01
6.622378573107432658e+02 8.210122823760596589e+01
6.631511809905346126e+02 8.164557738829256550e+01
6.640620011996932135e+02 8.118388259688711628e+01
6.649698450886331784e+02 8.071500230744371152e+01
6.658745913619213752e+02 8.023864368979715778e+01
6.667761941807619905e+02 7.975469608200199900e+01
6.676746081118600387e+02 7.926304980107470044e+01
6.685699042001409680e+02 7.876387636689328531e+01
6.694624302441065993e+02 7.825801544052670522e+01
6.703525742520475887e+02 7.774640375791157965e+01
6.712407258505425034e+02 7.722998196187711528e+01
6.721273953678662565e+02 7.670998209506842613e+01
6.730132952255862619e+02 7.618812409674117703e+01
6.738991571100289093e+02 7.566617441541264100e+01
6.747857096232078220e+02 7.514589205344043421e+01
6.756735810757591025e+02 7.462879388924181967e+01
6.765632798264523444e+02 7.411610721284789349e+01
6.774553071781067501e+02 7.360904227977928826e+01
6.783501673225616742e+02 7.310881632037867917e+01
6.792484156996295042e+02 7.261677029048809118e+01
6.801506517514246752e+02 7.213435137857888435e+01
6.810574763493850696e+02 7.166301022386747377e+01
6.819694766683522857e+02 7.120416439931838681e+01
6.828870909533383156e+02 7.075887193227237049e+01
6.838106660375816546e+02 7.032797016423680247e+01
6.847405474275788038e+02 6.991229323370608029e+01
6.856770790449400010e+02 6.951267145294008287e+01
6.866205935455488998e+02 6.912990793646028465e+01
6.875714187059247706e+02 6.876479401901907806e+01
6.885298822829873870e+02 6.841812098805213793e+01
6.894963713799645575e+02 6.809082340419246293e+01
6.904715581935752198e+02 6.778452409761285935e+01
6.914562004249339680e+02 6.750105232224804297e+01
6.924510557474893631e+02 6.724223726523997868e+01
6.934566971181210420e+02 6.700946216165465330e+01
6.944730908034237018e+02 6.680264554421229661e+01
6.955000787005330949e+02 6.662140568659876294e+01
6.965375009398989050e+02 6.646535659724979439e+01
6.975847868767789350e+02 6.633312056365714682e+01
6.986404309030988315e+02 6.622106262229732465e+01
6.997027979912566025e+02 6.612523535636789518e+01
7.007702515388053826e+02 6.604168754646592276e+01
7.018410505455360635e+02 6.596621589581542366e+01
7.029132862254897418e+02 6.589421197451392231e+01
7.039850346385848070e+02 6.582103076172904821e+01
7.050543829787353616e+02 6.574205411541170463e+01
7.061197521178585248e+02 6.565346943176326988e+01
7.071799464252054577e+02 6.555238991500388579e+01
7.082337914284106546e+02 6.543597984820050328e+01
7.092801515458581889e+02 6.530149740836715466e+01
7.103185385969180743e+02 6.514776379288477415e+01
7.113489985393880488e+02 6.497488976968229224e+01
7.123715933063596140e+02 6.478302467584356350e+01
7.133864049938387097e+02 6.457236655599861308e+01
7.143937234828441660e+02 6.434361540096217880e+01
7.153939610686268225e+02 6.409776691757028289e+01
7.163875316221333378e+02 6.383582061906438554e+01
7.173748750619142811e+02 6.355883901389261581e+01
7.183566077321295325e+02 6.326831128958581729e+01
7.193334191693601269e+02 6.296590364694648656e+01
7.203059991465827352e+02 6.265328285849466283e+01
7.212750685564933519e+02 6.233219108902088124e+01
7.222414910792728051e+02 6.200471642780921400e+01
7.232061713229472844e+02 6.167304611809946380e+01
7.241700139150798350e+02 6.133936745048885086e+01
7.251339614566400087e+02 6.100595977392850955e+01
7.260990757809178149e+02 6.067539149047838976e+01
7.270664420618778649e+02 6.035028758664363835e+01
7.280371442106275026e+02 6.003326999969248590e+01
7.290120241688014175e+02 5.972637641875731163e+01
7.299913961439772265e+02 5.943037029107905056e+01
7.309755047810017459e+02 5.914584710099001086e+01
7.319645930264618983e+02 5.887339819640959604e+01
7.329588031618189916e+02 5.861336973740553447e+01
7.339581221410010130e+02 5.836572955616061620e+01
7.349625236383033098e+02 5.813041313994668258e+01
7.359719724159916723e+02 5.790733419037925245e+01
7.369861863769878028e+02 5.769580295589756247e+01
7.380046107777075122e+02 5.749446319446755638e+01
7.390266767891380368e+02 5.730192423191115125e+01
7.400517972446091335e+02 5.711674998609868936e+01
7.410790980789911373e+02 5.693679395309578695e+01
7.421074777923031434e+02 5.675934645174721993e+01
7.431358286411111749e+02 5.658168234077280090e+01
7.441631103169661401e+02 5.640123676641540840e+01
7.451889416908802559e+02 5.621701169132981590e+01
7.462133143087976350e+02 5.602889489642539900e+01
7.472362239413245106e+02 5.583678420429339440e+01
7.482577255389838911e+02 5.564071854680899776e+01
7.492782561606327363e+02 5.544164795943050450e+01
7.502984046631503361e+02 5.524088442659268594e+01
7.513187602888353922e+02 5.503974085173228303e+01
7.523398690158242061e+02 5.483943530765276364e+01
7.533620871990891601e+02 5.464077023253005194e+01
7.543857192572476151e+02 5.444443422534781973e+01
7.554110695555707480e+02 5.425111579367424497e+01
7.564383662586016044e+02 5.406137380438394757e+01
7.574676087422810724e+02 5.387537788511744452e+01
7.584987536221428854e+02 5.369322491501315397e+01
7.595317569973630043e+02 5.351501148673919062e+01
7.605664921841448631e+02 5.334078826574621957e+01
7.616026594458422778e+02 5.317050990938457034e+01
7.626399373354582849e+02 5.300411903030551741e+01
7.636780044414844042e+02 5.284156399434939289e+01
7.647165412437088889e+02 5.268309976908123815e+01
7.657552310241790110e+02 5.252943560169093473e+01
7.667937572914986504e+02 5.238131746686119072e+01
7.678318092401001422e+02 5.223951649676399001e+01
7.688692220110544895e+02 5.210544957827035262e+01
7.699059856546948595e+02 5.198121900892594027e+01
7.709420977017041423e+02 5.186896018379322726e+01
7.719775622900599501e+02 5.177080841026671720e+01
7.730124808497316735e+02 5.168889770483679769e+01
7.740470289099596357e+02 5.162536110081880736e+01
7.750813838606422905e+02 5.158233160684025620e+01
7.761157144013915286e+02 5.156178252286306929e+01
7.771501085919061325e+02 5.156420516189344028e+01
7.781846107506576118e+02 5.158928696789102020e+01
7.792192647628315854e+02 5.163670742196402585e+01
7.802540604214602808e+02 5.170609799408693164e+01
7.812886544518090659e+02 5.179679452982031762e+01
7.823225769129099945e+02 5.190802044826271811e+01
7.833553576177883997e+02 5.203899895016130728e+01
7.843865375695729654e+02 5.218894261641128196e+01
7.854157046244149569e+02 5.235701956252886191e+01
7.864424588991045084e+02 5.254238626819952174e+01
7.874664005058095881e+02 5.274419929461102186e+01
7.884871249765410539e+02 5.296169531153375942e+01
7.895042146900851776e+02 5.319434104326477097e+01
7.905172496786947249e+02 5.344164425581739408e+01
7.915258089301587461e+02 5.370311438632577961e+01
7.925293294701002651e+02 5.397848800858252361e+01
7.935269638068831455e+02 5.426795691837101288e+01
7.945178304962374796e+02 5.457176723501609672e+01
7.955010489480761180e+02 5.489015376809823721e+01
7.964757797017038001e+02 5.522280675615827761e+01
7.974412418222357246e+02 5.556864153055511935e+01
7.983966588445358639e+02 5.592651424123285864e+01
7.993412471427133141e+02 5.629527328286348364e+01
8.002740523520722036e+02 5.667358213581464099e+01
8.011939459437330697e+02 5.705991565638215945e+01
8.020997915429018121e+02 5.745274020354451494e+01
8.029904606484597025e+02 5.785051627516416772e+01
8.038649340216002201e+02 5.825162303489866389e+01
8.047222723642581741e+02 5.865438013899998282e+01
8.055615382076564401e+02 5.905710588201032607e+01
8.063835656376528505e+02 5.945902815568938848e+01
8.072048052405937142e+02 5.986739307776701935e+01
8.080498328940803958e+02 6.029361866232143541e+01
8.089432941885195305e+02 6.074915871717522009e+01
8.099193366135820042e+02 6.125054431840153057e+01
8.110679219523707388e+02 6.184413048906439059e+01
8.124993260144333362e+02 6.258712689914058558e+01
8.143238537866189972e+02 6.353675880927750796e+01
