6.556529095274403574e+01 4.010531322538850532e+02
6.417834049403997199e+01 3.993017478807975067e+02
6.312275406551688661e+01 3.979544861102584150e+02
6.228939700648695776e+01 3.968769239738177816e+02
6.157194448994158620e+01 3.959380369123075525e+02
6.090941315117655819e+01 3.950616395008037784e+02
6.027749119348739981e+01 3.942158994723597516e+02
5.965293639657391367e+01 3.933702797340540656e+02
5.901912251891816652e+01 3.925028085519437582e+02
5.837583976779338002e+01 3.916127677029683127e+02
5.772538110619899498e+01 3.907026791499769161e+02
5.707008141068187257e+01 3.897750227481679417e+02
5.641264826853943504e+01 3.888319039159468957e+02
5.575598457777252293e+01 3.878752318565225892e+02
5.510299967265035548e+01 3.869069043208016296e+02
5.445690418382841358e+01 3.859281979237912878e+02
5.382138654835479485e+01 3.849394042613718057e+02
5.320017759325019568e+01 3.839407275406097142e+02
5.259700800273719068e+01 3.829322685418856054e+02
5.201560770263533584e+01 3.819135787449718578e+02
5.145970636796224085e+01 3.808840279773055499e+02
5.093299674619801465e+01 3.798430052906022070e+02
5.043826885337348642e+01 3.787903725213246844e+02
4.997737927034714289e+01 3.777264803710490355e+02
4.955214150646332172e+01 3.766517021574616138e+02
4.916436435267294769e+01 3.755666362125792261e+02
4.881584121179999158e+01 3.744726147091051303e+02
4.850836235483083669e+01 3.733711191731935628e+02
4.824380809603017184e+01 3.722636340859377810e+02
4.802517320445638660e+01 3.711516805013527005e+02
4.785620496249869404e+01 3.700368041685879916e+02
4.774065991296875211e+01 3.689205507180259929e+02
4.768157428686687638e+01 3.678043797124124694e+02
4.768050919318658742e+01 3.666895744571237401e+02
4.773884512110915068e+01 3.655773966758821416e+02
4.785757668853939606e+01 3.644691155607619066e+02
4.803495375715436211e+01 3.633660534272656832e+02
4.826803666455806763e+01 3.622695556135588504e+02
4.855385580789082667e+01 3.611809544068800051e+02
4.888842326387922554e+01 3.601010498706706358e+02
4.926640424549875519e+01 3.590299381318422434e+02
4.968237149406500208e+01 3.579676669871172976e+02
5.013100721604655519e+01 3.569141682540166585e+02
5.060746650330340657e+01 3.558688727242213190e+02
5.110703211448242911e+01 3.548310759254343338e+02
5.162506225127698656e+01 3.538000806513472298e+02
5.215826943313827257e+01 3.527753201726204679e+02
5.270453762816622145e+01 3.517563406190031401e+02
5.326179003362794617e+01 3.507426919100294640e+02
5.382829398139356414e+01 3.497339630452627262e+02
5.440323582427134852e+01 3.487298473885611543e+02
5.498595368040727749e+01 3.477300555383003484e+02
5.557577062992454842e+01 3.467342843664840757e+02
5.617186387001301995e+01 3.457420975864279171e+02
5.677332861488051208e+01 3.447529840792097957e+02
5.737926295419806166e+01 3.437664335533433473e+02
5.798906003515622132e+01 3.427820650211217526e+02
5.860261430269898852e+01 3.417997171797812825e+02
5.921986890544508242e+01 3.408192500700884580e+02
5.984086249751475606e+01 3.398405695339855583e+02
6.046618235754253590e+01 3.388638445149865674e+02
6.109661129039223937e+01 3.378893377243044824e+02
6.173292863233906047e+01 3.369173111384441199e+02
6.237581079391092231e+01 3.359480031501919370e+02
6.302582039216574827e+01 3.349816260784583619e+02
6.368351415151263950e+01 3.340183908915148550e+02
6.434939332475563845e+01 3.330584894985437359e+02
6.502376392750463197e+01 3.321020467285875952e+02
6.570688904497205840e+01 3.311491726605433996e+02
6.639904590677036822e+01 3.301999834610506355e+02
6.710070455360178698e+01 3.292546782825463652e+02
6.781247437496210750e+01 3.283135162531193600e+02
6.853496611971495156e+01 3.273767571123501057e+02
6.926844508492187913e+01 3.264445171694229657e+02
7.001241680788488964e+01 3.255165972838914854e+02
7.076628570721635469e+01 3.245927563311780091e+02
7.152928638040407350e+01 3.236726826406445525e+02
7.229934172855634245e+01 3.227555196447064532e+02
7.307376383950577292e+01 3.218401570354366754e+02
7.384986140297580448e+01 3.209254830819204471e+02
7.462494355953471370e+01 3.200103857004639281e+02
7.539632008783311790e+01 3.190937523080835376e+02
7.616130081487905557e+01 3.181744702839568504e+02
7.691709477222741498e+01 3.172513853161923407e+02
7.766044064581700468e+01 3.163231485482938865e+02
7.838794003793957188e+01 3.153883544231545102e+02
7.909623469160506204e+01 3.144456140584140940e+02
7.978277208865718251e+01 3.134938732809326325e+02
8.044574494741857507e+01 3.125323874937129744e+02
8.108337459901326838e+01 3.115604239853844888e+02
8.169445980762671411e+01 3.105774895953475720e+02
8.227946032712459612e+01 3.095837802322401444e+02
8.283913274443224850e+01 3.085796149472652132e+02
8.337433086271970240e+01 3.075653528936601901e+02
8.388693959078621276e+01 3.065417785592704263e+02
8.437946487453868372e+01 3.055099326118784688e+02
8.485442124314833734e+01 3.044708592095451536e+02
8.531432792837823342e+01 3.034255995689591714e+02
8.576171272661706269e+01 3.023751895498157864e+02
8.619910434331588078e+01 3.013206644432108305e+02
8.662888244509201741e+01 3.002629944085333022e+02
8.705249992844611029e+01 2.992027445958350427e+02
8.747105401585616846e+01 2.981403247214764178e+02
8.788562086429661235e+01 2.970761351296131920e+02
8.829663114753070374e+01 2.960102888004203692e+02
8.870375241447348458e+01 2.949425589769730323e+02
8.910660814501221694e+01 2.938726992831604434e+02
8.950471834416948980e+01 2.928004161071752378e+02
8.989720980109778736e+01 2.917252363363647873e+02
9.028311591594402330e+01 2.906466442265176511e+02
9.066147949279746854e+01 2.895641309788828153e+02
9.103148500361659501e+01 2.884772924262003357e+02
9.139242646811807447e+01 2.873858053097850416e+02
9.174359935359447604e+01 2.862893482088801989e+02
9.208390774181171423e+01 2.851875257294129824e+02
9.241133056029596560e+01 2.840797676197287274e+02
9.272371309353071922e+01 2.829654783691424882e+02
9.301889275796463608e+01 2.818441087093082160e+02
9.329464087631602354e+01 2.807154978206762053e+02
9.354869572614579454e+01 2.795796790980585911e+02
9.377880403163378276e+01 2.784366971488680065e+02
9.398320330742348006e+01 2.772871484141867313e+02
9.416087464342973590e+01 2.761324653942737655e+02
9.431086112975459912e+01 2.749741503009923917e+02
9.443195225000907556e+01 2.738136419702346416e+02
9.452165874164849413e+01 2.726520596806910248e+02
9.457708921146513603e+01 2.714904222190594965e+02
9.459543159030266679e+01 2.703297372199298820e+02
9.457566547481511066e+01 2.691707617209825116e+02
9.451854226430992867e+01 2.680140049412107714e+02
9.442488920212774417e+01 2.668599654774932333e+02
9.429624089832917377e+01 2.657090144630089412e+02
9.413632537580110693e+01 2.645611277896757656e+02
9.394929452842183082e+01 2.634162049701260457e+02
9.373927251653599058e+01 2.622741285426591276e+02
9.351006109816093215e+01 2.611345837189559234e+02
9.326525402981245350e+01 2.599971284032010317e+02
9.300844028221428061e+01 2.588613172371127007e+02
9.274304577989521192e+01 2.577265638703335071e+02
9.247217792285206883e+01 2.565920065125605447e+02
9.219890725307281798e+01 2.554567515010078864e+02
9.192634185752473286e+01 2.543198773995734712e+02
9.165784280376944082e+01 2.531802756336899733e+02
9.139687562170723822e+01 2.520367603543970745e+02
9.114690803942073671e+01 2.508881524517769037e+02
9.091147622875408274e+01 2.497335285069245288e+02
9.069420290703634180e+01 2.485722884160509807e+02
9.049871634363128692e+01 2.474038528165618231e+02
9.032853535738966855e+01 2.462279156362451431e+02
9.018672959376938536e+01 2.450452923578710624e+02
9.007625348859390613e+01 2.438570861347209870e+02
9.000002431128966407e+01 2.426644588020429580e+02
8.996033819517710128e+01 2.414695529048405547e+02
8.995897752145536685e+01 2.402753221496531637e+02
8.999770854315869428e+01 2.390847442361988442e+02
9.007801273927084651e+01 2.379006315782346519e+02
9.020064751476181186e+01 2.367253763290728443e+02
9.036625689312953114e+01 2.355613048341842841e+02
9.057525293211980966e+01 2.344105822214174850e+02
9.082592473217286511e+01 2.332738981502537854e+02
9.111542259030187552e+01 2.321511508047983625e+02
9.144089594143648014e+01 2.310422310224849980e+02
9.180017542770002592e+01 2.299470435536167372e+02
9.219219701162340641e+01 2.288655157233885120e+02
9.261599776103255977e+01 2.277975769219539757e+02
9.307082908058589510e+01 2.267431959909502837e+02
9.355711078687990323e+01 2.257025568334383365e+02
9.407565888096152662e+01 2.246759162753835142e+02
9.462721657906558903e+01 2.236634991226921159e+02
9.521066415626614798e+01 2.226647127078607014e+02
9.582291214041930516e+01 2.216781000226277456e+02
9.646077654210154151e+01 2.207021625889177017e+02
9.712090395939395648e+01 2.197353560328857611e+02
9.779937430424156730e+01 2.187759824589757613e+02
9.849214913782449798e+01 2.178223119090649220e+02
9.919535746684701394e+01 2.168726987478577826e+02
9.990726778564281574e+01 2.159265747510360995e+02
1.006276264064797203e+02 2.149841158992223029e+02
1.013562106558807869e+02 2.140455146236762403e+02
1.020930589824462231e+02 2.131112300078461601e+02
1.028387574071694104e+02 2.121822803042041414e+02
1.035939609001372617e+02 2.112597541745374770e+02
1.043593713221750932e+02 2.103448020536480669e+02
1.051360333068718660e+02 2.094390259390053473e+02
1.059251436531699540e+02 2.085442282879756419e+02
1.067278942789014309e+02 2.076622092139592155e+02
1.075452395932867091e+02 2.067946302468838553e+02
1.083778127096696835e+02 2.059429654443245852e+02
1.092262239348659136e+02 2.051086755565162605e+02
1.100908244363105410e+02 2.042929437081194521e+02
1.109708167872543356e+02 2.034957224924879426e+02
1.118650854406111677e+02 2.027166236889274558e+02
1.127725117057889008e+02 2.019552502043020468e+02
1.136919185736176132e+02 2.012110399684276558e+02
1.146220774509318119e+02 2.004832849854887513e+02
1.155617579811241882e+02 1.997712719413402169e+02
1.165097401677997624e+02 1.990740934398329500e+02
1.174648323730202861e+02 1.983903108344911743e+02
1.184258477672857168e+02 1.977183954004406132e+02
1.193916105365000249e+02 1.970567950796099694e+02
1.203610549239355976e+02 1.964037246867306976e+02
1.213331784721327153e+02 1.957572649539092993e+02
1.223069816026210503e+02 1.951154982357286087e+02
1.232816421153776929e+02 1.944767766051360240e+02
1.242566462152927045e+02 1.938399210898484455e+02
1.252315109748370645e+02 1.932037996542515259e+02
1.262058886308516321e+02 1.925675891706867446e+02
1.271802285715134104e+02 1.919322883406515530e+02
1.281552714087810898e+02 1.912995614355944554e+02
1.291317671902268103e+02 1.906710954952085331e+02
1.301107271336048541e+02 1.900492093563934759e+02
1.310934577240959982e+02 1.894369361379543761e+02
1.320812813009870013e+02 1.888373473117453614e+02
1.330754290440714556e+02 1.882533036759168681e+02
1.340768029958602483e+02 1.876869053774986185e+02
1.350862309407554847e+02 1.871400809496791169e+02
1.361044923484997469e+02 1.866146439933702652e+02
1.371316860371938731e+02 1.861107889561423292e+02
1.381674076730529634e+02 1.856275133736539544e+02
1.392112394963479005e+02 1.851637828172951004e+02
1.402624025740210811e+02 1.847176978730884684e+02
1.413193043818958188e+02 1.842854106320923506e+02
1.423802410978967146e+02 1.838628066345258674e+02
1.434435815145347419e+02 1.834459473667430132e+02
1.445082711069245818e+02 1.830322916249263017e+02
1.455735303541096073e+02 1.826199645435355876e+02
1.466385907656562608e+02 1.822071178973773442e+02
1.477031530808017976e+02 1.817930360509540151e+02
1.487675973586474925e+02 1.813786430576553812e+02
1.498323568247947435e+02 1.809649912999912829e+02
1.508978175832131399e+02 1.805530189939328807e+02
1.519641401104697422e+02 1.801431177041903027e+02
1.530314174311526187e+02 1.797355155724636973e+02
1.540997352699311023e+02 1.793304230596826017e+02
1.551690274246585943e+02 1.789276826525836270e+02
1.562390840043353535e+02 1.785267888164597423e+02
1.573096895599508116e+02 1.781272225539804026e+02
1.583807284083504783e+02 1.777287054537432027e+02
1.594523790920022748e+02 1.773316686311092099e+02
1.605248741269655000e+02 1.769366733590609613e+02
1.615984381710978255e+02 1.765442619217536731e+02
1.626732099734977055e+02 1.761547690104714832e+02
1.637492753378330406e+02 1.757684013773451852e+02
1.648267161130012823e+02 1.753853562253499376e+02
1.659052811054088465e+02 1.750050267460377711e+02
1.669840982636636966e+02 1.746253072928954282e+02
1.680622276981057439e+02 1.742439284482883863e+02
1.691386849756362381e+02 1.738585132733430214e+02
1.702122012009247101e+02 1.734659981796514785e+02
1.712813956013184509e+02 1.730630495235830324e+02
1.723448930271030690e+02 1.726463472381825284e+02
1.734015142504305800e+02 1.722130443070600450e+02
1.744503169167222154e+02 1.717608656409746573e+02
1.754903728450860569e+02 1.712875703728508654e+02
1.765209631900181932e+02 1.707914230258936357e+02
1.775421852520511834e+02 1.702726585129217369e+02
1.785543352028076924e+02 1.697319918734877149e+02
1.795577347368926553e+02 1.691701997654961360e+02
1.805531034028425381e+02 1.685890193577920400e+02
1.815414753885957282e+02 1.679909474311388635e+02
1.825238933835242108e+02 1.673785012907016494e+02
1.835013712440027120e+02 1.667541286275872494e+02
1.844748530003929261e+02 1.661201085457740021e+02
1.854452723201420667e+02 1.654786951291381740e+02
1.864135319630163963e+02 1.648320678403241573e+02
1.873802675865996719e+02 1.641817612701104849e+02
1.883459781243300313e+02 1.635289799125535239e+02
1.893111590683592453e+02 1.628749199530964518e+02
1.902761658024246003e+02 1.622204392962125326e+02
1.912411365422198060e+02 1.615658715108723413e+02
1.922061908223166711e+02 1.609115050619169551e+02
1.931714201353590283e+02 1.602575607044392427e+02
1.941367708649216013e+02 1.596039088146818585e+02
1.951021425974943497e+02 1.589503067731326098e+02
1.960674337653348402e+02 1.582965091738116143e+02
1.970325162501428338e+02 1.576422065144754185e+02
1.979972350854106082e+02 1.569870244780531436e+02
1.989614341243353692e+02 1.563305858981223651e+02
1.999249862093436150e+02 1.556725836522330155e+02
2.008878563664928834e+02 1.550129333526553523e+02
2.018500279040990222e+02 1.543515947853763919e+02
2.028114975521428960e+02 1.536885601761471776e+02
2.037724230081584267e+02 1.530242108044795373e+02
2.047330682149285792e+02 1.523591847414752181e+02
2.056936983398622658e+02 1.516941230231014401e+02
2.066544899474700117e+02 1.510294532065138355e+02
2.076154423873067003e+02 1.503651758691822238e+02
2.085765339126231481e+02 1.497012407593812497e+02
2.095377093827905526e+02 1.490375171482513679e+02
2.104986824854831582e+02 1.483733171977804091e+02
2.114590691114320293e+02 1.477077173855161050e+02
2.124184852763233948e+02 1.470397944916017821e+02
2.133765652573308103e+02 1.463686693614686192e+02
2.143329669475023707e+02 1.456935198260632660e+02
2.152873498075121574e+02 1.450135274990425671e+02
2.162394435942200062e+02 1.443280429157606477e+02
2.171892740476747576e+02 1.436371278590227689e+02
2.181369447959831973e+02 1.429410312765970730e+02
2.190825510568505479e+02 1.422399813775049893e+02
2.200260424005672917e+02 1.415338472272084687e+02
2.209672452026917995e+02 1.408221941123860859e+02
2.219059818845730945e+02 1.401045775592378106e+02
2.228420391803238090e+02 1.393804602268481858e+02
2.237751108347958962e+02 1.386490627929871664e+02
2.247048756387437152e+02 1.379095670211222284e+02
2.256310478125109569e+02 1.371612383430415889e+02
2.265536753722399794e+02 1.364041304619888137e+02
2.274729896118225838e+02 1.356387298985721372e+02
2.283892218842690625e+02 1.348655232160657533e+02
2.293024702864807409e+02 1.340846752341137176e+02
2.302126116707314623e+02 1.332958165825930337e+02
2.311195020295776317e+02 1.324985275261014976e+02
2.320230119405551363e+02 1.316924338240087025e+02
2.329230935944147234e+02 1.308774158109219456e+02
2.338197275542501927e+02 1.300534423229970287e+02
2.347128996521671240e+02 1.292204993279836174e+02
2.356027350355117562e+02 1.283790258613291257e+02
2.364895094772401478e+02 1.275299508086820595e+02
2.373735062516635139e+02 1.266742274660567205e+02
2.382549607014536264e+02 1.258127839418454528e+02
2.391339437117637488e+02 1.249464619235724570e+02
2.400104909243649729e+02 1.240760845786986408e+02
2.408846192601684493e+02 1.232024534645938587e+02
2.417560986162862662e+02 1.223260849911120403e+02
2.426245243520787085e+02 1.214472940935662280e+02
2.434894877953191212e+02 1.205663908413848446e+02
2.443505160197898078e+02 1.196835731154878033e+02
2.452069981164710555e+02 1.187987978765895605e+02
2.460583053121518446e+02 1.179119908942378885e+02
2.469038580927439455e+02 1.170230844057877846e+02
2.477434470547607930e+02 1.161320592447477793e+02
2.485770310786670336e+02 1.152389183405970812e+02
2.494045863905298006e+02 1.143436710311923434e+02
2.502268315297484946e+02 1.134466099749317038e+02
2.510455121435913668e+02 1.125484198489801315e+02
2.518624492267799155e+02 1.116498140885488368e+02
2.526794833191277689e+02 1.107515137778616321e+02
2.534985438468603149e+02 1.098542747870235416e+02
2.543215854909803397e+02 1.089588628696492094e+02
2.551505117557317988e+02 1.080660230030169515e+02
2.559862371917571977e+02 1.071760986773289943e+02
2.568287818450467626e+02 1.062890702393016653e+02
2.576781332648855027e+02 1.054049048453993862e+02
2.585340607674941680e+02 1.045234830833270649e+02
2.593957213317667652e+02 1.036444426386300677e+02
2.602621653398590524e+02 1.027673789120267429e+02
2.611324239714219857e+02 1.018918799940076241e+02
2.620053307583382320e+02 1.010174587322627531e+02
2.628796028995127472e+02 1.001435836875216125e+02
2.637539553834914159e+02 9.926972258097480051e+01
2.646270387166581486e+02 9.839531875920685877e+01
2.654973886639393186e+02 9.751977219590969526e+01
2.663635291623892840e+02 9.664247839377557625e+01
2.672239953958060141e+02 9.576283797875653647e+01
2.680773906530819772e+02 9.488028260090436561e+01
2.689223437255970452e+02 9.399425552748829205e+01
2.697575004240599128e+02 9.310420708201486661e+01
2.705820213674855381e+02 9.220980097271682041e+01
2.713956623473979448e+02 9.131094760299734503e+01
2.721982123117817309e+02 9.040757111936865442e+01
2.729896465718492209e+02 8.949967096971366232e+01
2.737706307393200973e+02 8.858752552268224179e+01
2.745419902190731136e+02 8.767147771247223886e+01
2.753045246635922467e+02 8.675185862068822473e+01
2.760586586378241805e+02 8.582882669411493737e+01
2.768045331150782999e+02 8.490240985589608158e+01
2.775422809032683631e+02 8.397263225648265461e+01
2.782717464104297846e+02 8.303938169760664323e+01
2.789921085789898143e+02 8.210223136441935310e+01
2.797024527969599603e+02 8.116071021173198119e+01
2.804018828036384434e+02 8.021434897543814202e+01
2.810896522132765654e+02 7.926269293753176726e+01
2.817650878250552182e+02 7.830529448296317696e+01
2.824275207303427919e+02 7.734170741573569785e+01
2.830764841169774400e+02 7.637155851550321017e+01
2.837118104729833021e+02 7.539458263716629460e+01
2.843333564685855777e+02 7.441052336765261543e+01
2.849410378063614075e+02 7.341917308535921904e+01
2.855350602413885781e+02 7.242056390311837788e+01
2.861157184662623081e+02 7.141480144247441331e+01
2.866833205856895574e+02 7.040201065413062054e+01
2.872384648708798522e+02 6.938273497951892921e+01
2.877820302150238376e+02 6.835792258527621357e+01
2.883149071292519352e+02 6.732853842735065086e+01
2.888382041726419516e+02 6.629591445424729557e+01
2.893536892619940772e+02 6.526249236752882155e+01
2.898632544632227450e+02 6.423092282188750346e+01
2.903686748608105290e+02 6.320388860944061094e+01
2.908704069614544778e+02 6.218443476521747471e+01
2.913680757996744433e+02 6.117583474831583601e+01
2.918612909229144066e+02 6.018136552367134584e+01
2.923493814143261034e+02 5.920429600456425590e+01
2.928311411480066795e+02 5.824787973932878060e+01
2.933053038106023678e+02 5.731536854841937156e+01
2.937723908574121765e+02 5.640647684440995846e+01
2.942446503426305071e+02 5.549771594629460481e+01
2.947390562468975190e+02 5.455624611445812633e+01
2.952733283380771354e+02 5.354781938980412548e+01
2.958907456496433497e+02 5.238996708377943179e+01
2.966661892037877806e+02 5.094059943062472229e+01
2.976764984141545369e+02 4.905393191584057888e+01
