2.144135900488667801e+01 2.274560189601329441e+01
2.291068092045937732e+01 2.361222970794351639e+01
2.411260671226752805e+01 2.432237835818041916e+01
2.513302532609883500e+01 2.492688204779574690e+01
2.605708226042874998e+01 2.547610514713068852e+01
2.694293349206479959e+01 2.600335566426248946e+01
2.781474233251429951e+01 2.652045952170895049e+01
2.869450460840922190e+01 2.703787287309422283e+01
2.960162452961728263e+01 2.756451927163509552e+01
3.053773616408951597e+01 2.809881356914007355e+01
3.149701984817946965e+01 2.863476271566296916e+01
3.247363365650287648e+01 2.916637680539782806e+01
3.346219138202458510e+01 2.969023016145242977e+01
3.445822847707361092e+01 3.020808308549943533e+01
3.545739157812253950e+01 3.072232148842006083e+01
3.645544291247755808e+01 3.123541718611090090e+01
3.744958876783627488e+01 3.175091519401393469e+01
3.843801704210827808e+01 3.227309004251351610e+01
3.941893453034948891e+01 3.280622991860641235e+01
4.039135581098895500e+01 3.335296554439800332e+01
4.135700558398863080e+01 3.391036683021923182e+01
4.231817627077518296e+01 3.447433879686860081e+01
4.327718421127281090e+01 3.504071521624506858e+01
4.423698000603278757e+01 3.560344051198737247e+01
4.520119910946169739e+01 3.615441905135253364e+01
4.617351103179561278e+01 3.668545375541052778e+01
4.715733763501569342e+01 3.718887602041711204e+01
4.815468694804361149e+01 3.766003432703705300e+01
4.916706605324207402e+01 3.809534616337015223e+01
5.019596339155965126e+01 3.849127320913585493e+01
5.124140167585038341e+01 3.884776309876682632e+01
5.230087932552062568e+01 3.917076701720060328e+01
5.337164517600483293e+01 3.946682973724870891e+01
5.445088937624511516e+01 3.974264018377886742e+01
5.553520851972901085e+01 4.000634523622345995e+01
5.662085455265030731e+01 4.026693833366018538e+01
5.770407527311087392e+01 4.053342312143875859e+01
5.878120140115115078e+01 4.081461431272714435e+01
5.984879768931673993e+01 4.111879339302700487e+01
6.090346988349474344e+01 4.145414844720813363e+01
6.194187435652556672e+01 4.182874571840650901e+01
6.296168557608487504e+01 4.224820124424574885e+01
6.396152089344839453e+01 4.271586186451584410e+01
6.494003321681940122e+01 4.323498884566285483e+01
6.589622200662809348e+01 4.380800640817113134e+01
6.683074105330864256e+01 4.443334298158549700e+01
6.774473723967290084e+01 4.510823600329632654e+01
6.863938120938841791e+01 4.582986544429434161e+01
6.951708255350108345e+01 4.659241482710592663e+01
7.038207349572130056e+01 4.738565955738004476e+01
7.123873215367778755e+01 4.819902218993782128e+01
7.209140551424084720e+01 4.902199841009932868e+01
7.294418250630383227e+01 4.984469011740674915e+01
7.380102446090805302e+01 5.065749895657408786e+01
7.466588981240585099e+01 5.145083349532453809e+01
7.554215537513451295e+01 5.221650318149770698e+01
7.643181134653005415e+01 5.294965724491375880e+01
7.733664569831630331e+01 5.364593199281809177e+01
7.825845170529157713e+01 5.430095476830749845e+01
7.919910581037350994e+01 5.491021232973722732e+01
8.016055049036494040e+01 5.546907981388485354e+01
8.114473004102319464e+01 5.597292928282498536e+01
8.215321565539245796e+01 5.641809914319178176e+01
8.318608611566406807e+01 5.680479317985752630e+01
8.424304710131613660e+01 5.713418152225400348e+01
8.532376534496349052e+01 5.740753230754383196e+01
8.642649368317900382e+01 5.762967166782769368e+01
8.754770418385405151e+01 5.780990694582423828e+01
8.868375536717340424e+01 5.795783122107658158e+01
8.983097947610474421e+01 5.808295493455972291e+01
9.098552857656063964e+01 5.819422189289783631e+01
9.214347915872592409e+01 5.830033822648356789e+01
9.330091852525819718e+01 5.840997033596808308e+01
9.445549170754284773e+01 5.852630893380469956e+01
9.560799413736390306e+01 5.864147052551070516e+01
9.675960129425826040e+01 5.874623568245885252e+01
9.791135275875029720e+01 5.883147908153222261e+01
9.906259034368586924e+01 5.888925104681463552e+01
1.002115017923852349e+02 5.891240105684688189e+01
1.013562528349573881e+02 5.889379427652285415e+01
1.024952482874165440e+02 5.882871177922437766e+01
1.036276951014503709e+02 5.872054003618248430e+01
1.047529682616682152e+02 5.857436345293959334e+01
1.058705018325912164e+02 5.839535296538615938e+01
1.069812965349164529e+02 5.819097408467741417e+01
1.080880447133774140e+02 5.797116992920006595e+01
1.091935228323473979e+02 5.774600682168399857e+01
1.103001728668267845e+02 5.752438349811708918e+01
1.114085271795970868e+02 5.730853289853273225e+01
1.125184415233806448e+02 5.709832615120491539e+01
1.136297620530788066e+02 5.689360605870308518e+01
1.147416201019357374e+02 5.669214051549309374e+01
1.158519159292791585e+02 5.648812398591407202e+01
1.169584280747064895e+02 5.627539761924772677e+01
1.180588809194152446e+02 5.604768729331318866e+01
1.191504510862959592e+02 5.579755302982385956e+01
1.202299971430065284e+02 5.551687789748280011e+01
1.212943741157507560e+02 5.519753799231580160e+01
1.223407581166147793e+02 5.483257497169709183e+01
1.233672314657966638e+02 5.441832008375252627e+01
1.243720352157126143e+02 5.395168078424687508e+01
1.253534262299755397e+02 5.342968450229541588e+01
1.263099793312446906e+02 5.285177129982344013e+01
1.272405638121635718e+02 5.221961563955161267e+01
1.281440600700846915e+02 5.153497624531927102e+01
1.290195063193398255e+02 5.080011757697853625e+01
1.298666941422782202e+02 5.001971831710096694e+01
1.306856396713849051e+02 4.919917673553419490e+01
1.314763857168755408e+02 4.834391871116955741e+01
1.322403690838287957e+02 4.746080840730314776e+01
1.329810773024918831e+02 4.655882586735864237e+01
1.337021620548561032e+02 4.564712050187852554e+01
1.344070645312954753e+02 4.473488573422178405e+01
1.350974810549406016e+02 4.383167983135987811e+01
1.357742451919746429e+02 4.294724145872280019e+01
1.364382006934874880e+02 4.209128405962884045e+01
1.370949606100503502e+02 4.126577398825232734e+01
1.377615082874373797e+02 4.045420807491543513e+01
1.384564853276035592e+02 3.963738953455624880e+01
1.392005946755542993e+02 3.879421619409082211e+01
1.400468673193616951e+02 3.787370368008528487e+01
1.410740020907666121e+02 3.680114172745515333e+01
1.423614048621764994e+02 3.550116652302437359e+01
