2.168833650012787828e+01 8.722813509258418208e+01
2.194012865113924349e+01 8.575151128522486488e+01
2.229008731485350836e+01 8.451503433582682590e+01
2.270835557650985237e+01 8.344404861478547275e+01
2.316513869252492697e+01 8.246404318720766469e+01
2.363816463178780936e+01 8.151801517828459964e+01
2.411977158989019188e+01 8.058296497039583528e+01
2.460397638421515154e+01 7.963979970312986723e+01
2.508471295278792823e+01 7.866993902752534495e+01
2.555400900840349365e+01 7.766659035797360389e+01
2.600198603862654068e+01 7.663474887221877907e+01
2.641868265166393215e+01 7.557992225945510256e+01
2.679493691184519832e+01 7.450731392907908912e+01
2.712854511271558167e+01 7.341947892928436659e+01
2.742088629562925206e+01 7.231760868398572484e+01
2.767336911142641753e+01 7.120288334747581871e+01
2.789018547751475197e+01 7.007736073991110004e+01
2.808666037757172163e+01 6.894660934490323712e+01
2.828090206184226219e+01 6.781707531192770944e+01
2.849099303783987835e+01 6.669519654591212543e+01
2.873190094257596172e+01 6.558641336149385381e+01
2.901254387117761979e+01 6.449422860456468243e+01
2.934114486502354424e+01 6.342192251822437754e+01
2.972555829052073761e+01 6.237262799462573071e+01
3.016515898972712506e+01 6.134608885414208146e+01
3.065084228035158276e+01 6.033865984536731730e+01
3.117313480513126933e+01 5.934654836594836524e+01
3.172234503322924226e+01 5.836582404800695656e+01
3.228688251566352818e+01 5.739135745335295979e+01
3.285417906261999832e+01 5.641740175014626146e+01
3.341165840378180718e+01 5.543820500411996477e+01
3.394944365657741514e+01 5.444904972100665930e+01
3.446845548941657711e+01 5.344935616653753385e+01
3.497231395845436452e+01 5.243957904644334889e+01
3.546466709456031197e+01 5.142019680104409929e+01
3.595254786905131539e+01 5.039455975595556936e+01
3.644956331113793624e+01 4.937159586526057353e+01
3.697007576732062972e+01 4.836087391695090787e+01
3.752834894772422558e+01 4.737212417802145836e+01
3.813637792583298136e+01 4.641879093253751876e+01
3.880388913849066768e+01 4.551803248163487581e+01
3.954051038616536573e+01 4.468716860545233516e+01
4.035460417873957084e+01 4.394239232208379775e+01
4.124352031173986433e+01 4.329008964663924530e+01
4.219893820436483622e+01 4.273159703099017293e+01
4.321249041319883588e+01 4.226820919508046615e+01
4.427533714502121143e+01 4.189770715405889945e+01
4.537674920739141271e+01 4.160381710389370369e+01
4.650552505806393100e+01 4.136675153575792763e+01
4.765045609237771629e+01 4.116669508739751393e+01
4.879947915338419051e+01 4.098046213186879072e+01
4.993887141646903416e+01 4.077832148683934577e+01
5.105471937179682129e+01 4.052978992744273512e+01
5.213326621718639586e+01 4.020495465535172741e+01
5.316435942650488755e+01 3.978702268264059683e+01
5.414145074966782545e+01 3.927232083178522259e+01
5.505814864424493749e+01 3.865774635180066099e+01
5.590936320630993350e+01 3.794183973650461184e+01
5.670133360780398846e+01 3.713744379558960418e+01
5.744613228951915573e+01 3.626476550990076220e+01
5.815587990108104322e+01 3.534407272120186860e+01
5.884325271613401753e+01 3.439438693615859677e+01
5.952314950439773611e+01 3.342974432104457350e+01
6.021102465961068617e+01 3.246293470703541573e+01
6.092226773566026310e+01 3.150672709457997200e+01
6.166442266445149301e+01 3.057136996619009750e+01
6.242979601288239166e+01 2.966221658359099678e+01
6.320894367187143814e+01 2.878405777888551498e+01
6.399275902110530723e+01 2.794126373893015014e+01
6.477989768193937437e+01 2.712852980991350549e+01
6.557677751739780092e+01 2.633087649735647062e+01
6.639015387927287293e+01 2.553290366153346014e+01
6.722940971276655375e+01 2.471698508005400896e+01
6.812679775757194989e+01 2.384611936659230480e+01
6.912634626458817877e+01 2.287332898658353386e+01
7.027218080298885639e+01 2.175155395795672675e+01
