2.247043611745123926e+01 3.984559863970804372e+01
2.412132784841262989e+01 3.993823664228079906e+01
2.545333725852517404e+01 4.004124781126970589e+01
2.657309475533538645e+01 4.015301050923312687e+01
2.758534148816246301e+01 4.027182841748106767e+01
2.855586383337973544e+01 4.039446535843626407e+01
2.951383970835138371e+01 4.051623804402141360e+01
3.048702697516732485e+01 4.063240710643319886e+01
3.149650326451273230e+01 4.073854612422952925e+01
3.254017438973956189e+01 4.083131419763323322e+01
3.361092532135517530e+01 4.090760563645844172e+01
3.470171576109481748e+01 4.096452403697852418e+01
3.580676066178740058e+01 4.100268835396199307e+01
3.692131654275060981e+01 4.102563447220311588e+01
3.804067200354216283e+01 4.103698637034406715e+01
3.916095448044304561e+01 4.104006635537368908e+01
4.028081891084264754e+01 4.103728776663896127e+01
4.139939436324574018e+01 4.103089343126021049e+01
4.251586716648159125e+01 4.102305118028817077e+01
4.363021898668607435e+01 4.101488716063098394e+01
4.474301376259847274e+01 4.100676489416640891e+01
4.585482865585156276e+01 4.099903037495296587e+01
4.696617918615914533e+01 4.099200401642868030e+01
4.807741912386879335e+01 4.098593910808044427e+01
4.918887602937827097e+01 4.098107806259585573e+01
5.030081379653822893e+01 4.097772299901401283e+01
5.141275619558820864e+01 4.097687012270979068e+01
5.252374949766390699e+01 4.097996343669408503e+01
5.363283015452444857e+01 4.098845444395097104e+01
5.473858770225994874e+01 4.100380345564077089e+01
5.583858751339329984e+01 4.102749096796947015e+01
5.693025209515478480e+01 4.106100029284805686e+01
5.801111264279174407e+01 4.110541991652251426e+01
5.907976810263054546e+01 4.115795955790565586e+01
6.013542346538035588e+01 4.121362738800215197e+01
6.117730437703897906e+01 4.126740262349464672e+01
6.220650791150183068e+01 4.131376101508342913e+01
6.322788682096289392e+01 4.134616793189547224e+01
6.424674275482085761e+01 4.135796797726573715e+01
6.526825903155770447e+01 4.134362487487143056e+01
6.629662895935618394e+01 4.130696541845999548e+01
6.733555253127838114e+01 4.125648195328367507e+01
6.838869903696443941e+01 4.120067155474009013e+01
6.945737735385502276e+01 4.114546784573343530e+01
7.053873769916025083e+01 4.109228806514828136e+01
7.162950697369853970e+01 4.104208972222536289e+01
7.272623013686560967e+01 4.099557475023021880e+01
7.382414785802792778e+01 4.095161292573148160e+01
7.491793165171229418e+01 4.090827452455195612e+01
7.600227251054994326e+01 4.086367834755013462e+01
7.707317231882680630e+01 4.081905445586988179e+01
7.812866484289369851e+01 4.078045536409735661e+01
7.916695863465540128e+01 4.075434842152347414e+01
8.018677792174180752e+01 4.074763124859868668e+01
8.119002931947572677e+01 4.076985679658686479e+01
8.217983223608915466e+01 4.083158995077533859e+01
8.315926843613733865e+01 4.094331931450501116e+01
8.412967293806858038e+01 4.111211802598078435e+01
8.508999484635238275e+01 4.134039397413100403e+01
8.603901149153581684e+01 4.163021917317357889e+01
8.697586384023830419e+01 4.198205159416409771e+01
8.790163133252193006e+01 4.238774505679666760e+01
8.881803675642032658e+01 4.283629780214238991e+01
8.972680933652762292e+01 4.331673951031805103e+01
9.062987693042113335e+01 4.381920070791818489e+01
9.152940677959830396e+01 4.433513861432157910e+01
9.242758037725050713e+01 4.485608943340765364e+01
9.332642387965948672e+01 4.537438260514242216e+01
9.422724654385235965e+01 4.588600845318585186e+01
9.513115095109797892e+01 4.638801270181108549e+01
9.603926604781557330e+01 4.687739104055960127e+01
9.695340126480321885e+01 4.734984615591446300e+01
9.787609013092783528e+01 4.779970485998642715e+01
9.880990129291558333e+01 4.822122723668378086e+01
9.975734855192300188e+01 4.860877742631728182e+01
1.007207263268277870e+02 4.895713579480778321e+01
1.017022741909379562e+02 4.926118676447858036e+01
1.027040808367014790e+02 4.951617344888954619e+01
1.037251239315278895e+02 4.972473484611951733e+01
1.047614575002541102e+02 4.989646037173856286e+01
1.058090222137389560e+02 5.004120891759261980e+01
1.068638124451841804e+02 5.016869292420248172e+01
1.079220088459019564e+02 5.028811683421446332e+01
1.089798324297319141e+02 5.040857501787717609e+01
1.100336551368326354e+02 5.053879761315617714e+01
1.110823839978768177e+02 5.068139679388848862e+01
1.121270295791077274e+02 5.083390824646670580e+01
1.131686663066194143e+02 5.099371354600969397e+01
1.142086534907827513e+02 5.115751049165145048e+01
1.152492088275226223e+02 5.131993659533132757e+01
1.162927110363531256e+02 5.147524288201051235e+01
1.173414990557923829e+02 5.161777671909942455e+01
1.183973592723011166e+02 5.174322365615712727e+01
1.194616735446982148e+02 5.184824893626027631e+01
1.205358130276879507e+02 5.192954371566886351e+01
1.216204207341798735e+02 5.198555736470870414e+01
1.227142290215474105e+02 5.201935283510285046e+01
1.238156606435660905e+02 5.203474066565740941e+01
1.249231523155771129e+02 5.203549774627519753e+01
1.260353030561209522e+02 5.202500979835745909e+01
1.271508165954795402e+02 5.200641017653021692e+01
1.282683978257554145e+02 5.198282943707275905e+01
1.293866115469878650e+02 5.195773619811278365e+01
1.305037015206014814e+02 5.193537378909949354e+01
1.316178667248659053e+02 5.192009360753215219e+01
1.327272049752980934e+02 5.191649045791899653e+01
1.338288202645316005e+02 5.193155037522446094e+01
1.349192525016903801e+02 5.197361663189502679e+01
1.359950399438214390e+02 5.205103635905405213e+01
1.370533796180926061e+02 5.217055572789416829e+01
1.380927906056223833e+02 5.233570802041461434e+01
1.391119500059420773e+02 5.254964249824241307e+01
1.401098795683844571e+02 5.281467533452814678e+01
1.410884845393641740e+02 5.312615270510818988e+01
1.420511069914704194e+02 5.347594768552020383e+01
1.430011077694970254e+02 5.385588852292839590e+01
1.439425668765132400e+02 5.425611284475249363e+01
1.448808313548456113e+02 5.466377968293703304e+01
1.458213772206865428e+02 5.506574487363307924e+01
1.467695255063591162e+02 5.544927795299408047e+01
1.477294862057423757e+02 5.580461416327652557e+01
1.487049844873365885e+02 5.612328289600151265e+01
1.496997156472428401e+02 5.639688893947447923e+01
1.507157037729847673e+02 5.662123754120614194e+01
1.517523825787910994e+02 5.679864466047548888e+01
1.528089629510802183e+02 5.693198631778889052e+01
1.538843480221877371e+02 5.702473512905645947e+01
1.549755416828186299e+02 5.708404547719394628e+01
1.560788240316685460e+02 5.711847484912219386e+01
1.571904792147716421e+02 5.713651281695303652e+01
1.583070301530916026e+02 5.714356498611331148e+01
1.594253259148439668e+02 5.714082451283962882e+01
1.605422390492217346e+02 5.712918127800909929e+01
1.616546337972722540e+02 5.710855412967458022e+01
1.627593301109266690e+02 5.707368552805024109e+01
1.638531332432750958e+02 5.701759997397974900e+01
1.649328653114150143e+02 5.693333704293979736e+01
1.659959058894150985e+02 5.681447174820354462e+01
1.670403063744874430e+02 5.665522438962625529e+01
1.680641581607567900e+02 5.644985368412477555e+01
1.690655785652931797e+02 5.619274955175722397e+01
1.700428045427991890e+02 5.587890743147850259e+01
1.709941075384560349e+02 5.550349732802283143e+01
1.719178252624934089e+02 5.506185746648102253e+01
1.728140043834343942e+02 5.455366422017684158e+01
1.736845100588646460e+02 5.398321015180659543e+01
1.745312956408362197e+02 5.335501170353214917e+01
1.753567046260395159e+02 5.267452988351583087e+01
1.761646410897180601e+02 5.195100396392150799e+01
1.769593992517535810e+02 5.119461778291334753e+01
1.777452334669188190e+02 5.041546011394138560e+01
1.785255761079782815e+02 4.962165958318669112e+01
1.793030870750987447e+02 4.881950273265103135e+01
1.800803962833763876e+02 4.801520461477670665e+01
1.808597736243897600e+02 4.721427742992899823e+01
1.816422401708243513e+02 4.641979538509362158e+01
1.824285464027181263e+02 4.563430442564258982e+01
1.832193753204147697e+02 4.486025490606876787e+01
1.840142764762696856e+02 4.409849155281673916e+01
1.848118589244000702e+02 4.334852679445289425e+01
1.856107029430387172e+02 4.260983219138032041e+01
1.864089217817526105e+02 4.188105903682760811e+01
1.872032214848239278e+02 4.115838707487098702e+01
1.879900441204640913e+02 4.043753241443639723e+01
1.887660763488756288e+02 3.971453571475275623e+01
1.895314021762776804e+02 3.898994559000829696e+01
1.902885928322266409e+02 3.826761096313904176e+01
1.910402791281485975e+02 3.755145812085191892e+01
1.917904029798739884e+02 3.684629164405795620e+01
1.925463466618371626e+02 3.615922077149108560e+01
1.933160499259359995e+02 3.549772818981452360e+01
1.941070201390702721e+02 3.486882247972620519e+01
1.949217381925398058e+02 3.427400074007681496e+01
1.957594420901604906e+02 3.371120427497690741e+01
1.966193097616275338e+02 3.317830603425138492e+01
1.974990720502052568e+02 3.267099583969889665e+01
1.983931436182678567e+02 3.217996060017092930e+01
1.992954765388452643e+02 3.169518934515183872e+01
2.002003612140041469e+02 3.120735216635131337e+01
2.011054117902702671e+02 3.071380991078062550e+01
2.020101289368791697e+02 3.021572102841944130e+01
2.029140461556589798e+02 2.971431018165380067e+01
2.038182241622069455e+02 2.921389271017737244e+01
2.047267885637029110e+02 2.872498648475995964e+01
2.056442312982941871e+02 2.825885073329554587e+01
2.065746872127858467e+02 2.782584052144895637e+01
2.075193035653108495e+02 2.742874628221193944e+01
2.084777389197254536e+02 2.706658904568948287e+01
2.094496353005454523e+02 2.673834838310833106e+01
2.104341431924387393e+02 2.644179578724041946e+01
2.114295470672560668e+02 2.617257431421133873e+01
2.124340432440774862e+02 2.592611036332194629e+01
2.134459470557582961e+02 2.569808075734577102e+01
2.144644270134893702e+02 2.548595753882172588e+01
2.154890239310689424e+02 2.528799613281499603e+01
2.165192840880285132e+02 2.510245938575503644e+01
2.175549886867441671e+02 2.492785969498266496e+01
2.185962830600011273e+02 2.476309626175121892e+01
2.196433438636306619e+02 2.460710156076890698e+01
2.206963950725103984e+02 2.445901520858846112e+01
2.217559526813744242e+02 2.431925515546053873e+01
2.228226439723439967e+02 2.418872651856645106e+01
2.238970531380896887e+02 2.406830180995049773e+01
2.249778746141462591e+02 2.395738897884025675e+01
2.260612215805652454e+02 2.385339550004793097e+01
2.271430213798606133e+02 2.375358482419215989e+01
2.282191623525081923e+02 2.365689526441921942e+01
2.292853249266750595e+02 2.357119350148879988e+01
2.303371205277970262e+02 2.350730939691183607e+01
2.313701334027152541e+02 2.347598698039863407e+01
2.323790514008922798e+02 2.348507011618439222e+01
2.333574820722589038e+02 2.353890751392382441e+01
2.342989686512388516e+02 2.364163979965011819e+01
2.352013656372438675e+02 2.379700972898429256e+01
2.360824245565127910e+02 2.400692383586138590e+01
2.369656330733507161e+02 2.427275928763300783e+01
2.378756849862531908e+02 2.459669605697152406e+01
2.388683676016389938e+02 2.500162055126048699e+01
2.400325545828517306e+02 2.553245273199982179e+01
2.414587242405557390e+02 2.623518116076698803e+01
