2.205353634620317038e+01 2.138916405001740628e+01
2.243107975539869869e+01 2.296914619976557503e+01
2.267989119623739569e+01 2.432472989925109985e+01
2.283379372348164793e+01 2.552529522048725141e+01
2.292658866750716840e+01 2.664018259131447053e+01
2.298471279159311109e+01 2.772529306496966583e+01
2.301654989365814785e+01 2.880358338703342014e+01
2.302776822328150530e+01 2.989305478147735684e+01
2.302401849771301556e+01 3.101153792671769693e+01
2.300989949443749083e+01 3.216663076784566044e+01
2.298837948430401212e+01 3.335007051329878891e+01
2.296228647952630197e+01 3.455223000707127312e+01
2.293453403905391141e+01 3.576357740725821088e+01
2.291000329675991054e+01 3.697677309627552944e+01
2.289554296144091694e+01 3.818666968085997127e+01
2.289808728862935183e+01 3.938821508184919651e+01
2.292473165800385004e+01 4.057643236262944697e+01
2.298444451744288486e+01 4.174721811871468446e+01
2.308740274592154762e+01 4.289703251473335399e+01
2.324380336293323879e+01 4.402234510813257629e+01
2.346314571397203963e+01 4.511992941649646127e+01
2.375029100778463587e+01 4.618857968440014616e+01
2.410820836123160760e+01 4.722791449631040450e+01
2.453986130978152147e+01 4.823755486837508499e+01
2.504662206123713020e+01 4.921763772612311527e+01
2.562349751273789877e+01 5.017036363260754683e+01
2.626390323375747116e+01 5.109844906026249589e+01
2.696125272676419371e+01 5.200460966031893406e+01
2.770825877943466864e+01 5.289128269613684807e+01
2.849591649805335791e+01 5.376022301125122738e+01
2.931496261324400265e+01 5.461308279880208261e+01
3.015617962756716253e+01 5.545147940851037305e+01
3.101309635979038504e+01 5.627493958495175264e+01
3.188349841880204849e+01 5.707974963472662466e+01
3.276553758898479884e+01 5.786191711708268315e+01
3.365741139562568662e+01 5.861751236925876896e+01
3.455836940481317043e+01 5.934404962229078251e+01
3.546871322343714894e+01 6.004048700101161273e+01
3.638879019929186853e+01 6.070584540824528830e+01
3.731886601504078982e+01 6.133941818206623964e+01
3.825825699620155973e+01 6.194366572033466412e+01
3.920566697981060855e+01 6.252309168528856986e+01
4.015978959476302634e+01 6.308223379357229277e+01
4.111954467721776751e+01 6.362504436470562297e+01
4.208535588922392634e+01 6.415158399812428058e+01
4.305826036693014203e+01 6.466032569626217708e+01
4.403929705614321222e+01 6.514973777837626301e+01
4.502919999193422740e+01 6.561907811742095475e+01
4.602748356643153471e+01 6.607076280114060296e+01
4.703335726102783809e+01 6.650799747097715908e+01
4.804602899219635503e+01 6.693399106495908768e+01
4.906417616872434451e+01 6.735307006399547447e+01
5.008517575135441291e+01 6.777230041251641524e+01
5.110620908590075118e+01 6.819916012828552709e+01
5.212445599109706507e+01 6.864108882743204276e+01
5.313700466084830509e+01 6.910322202801702929e+01
5.414080127057504654e+01 6.958712389609627280e+01
5.513277977905398330e+01 7.009405138464973106e+01
5.610982323797405513e+01 7.062510994672594222e+01
5.706764383600656743e+01 7.117792053694984133e+01
5.800078289880504201e+01 7.174661961152276035e+01
5.890373084493537448e+01 7.232519212671458320e+01
5.977210115972772542e+01 7.290841456266782927e+01
6.061456297964836892e+01 7.350026486454457597e+01
6.144820844189646181e+01 7.411065740655176626e+01
6.229027006701674196e+01 7.474960550338043674e+01
6.316220853038173999e+01 7.543208137578329797e+01
6.411359328065950081e+01 7.620602405201117335e+01
6.520546052241118673e+01 7.713282111355425741e+01
6.649888028543658436e+01 7.827389981315117495e+01
