5.184306105637814710e+01 4.888506283150180707e+02
5.365389096474626740e+01 4.872180585567999742e+02
5.502941163294065063e+01 4.859836985441950787e+02
5.611477415141808223e+01 4.850155602514848852e+02
5.705086323699494955e+01 4.841855570405631397e+02
5.791699419257366088e+01 4.834219044561658620e+02
5.874621997728008438e+01 4.826951226675557223e+02
5.957040942868390232e+01 4.819768153786480411e+02
6.041162850886822611e+01 4.812476716755233497e+02
6.127116649763168255e+01 4.805076366369498828e+02
6.214766366246177398e+01 4.797591104671573135e+02
6.303975314401152730e+01 4.790045336188187548e+02
6.394601983812112422e+01 4.782466190047875330e+02
6.486502863558990839e+01 4.774881925153887892e+02
6.579534569266472488e+01 4.767320569379658650e+02
6.673557918240693709e+01 4.759802736413200819e+02
6.768438683756269825e+01 4.752340294760463166e+02
6.864042924797973910e+01 4.744944609570721923e+02
6.960243449712653785e+01 4.737624559268396069e+02
7.056936593294764748e+01 4.730380354228782949e+02
7.154023813291969702e+01 4.723210317333977173e+02
7.251408859701696485e+01 4.716112608638583765e+02
7.349023272916750216e+01 4.709083414136481451e+02
7.446817080713675807e+01 4.702117606590210244e+02
7.544740853428400840e+01 4.695210061570097650e+02
7.642767121711757738e+01 4.688358452551582332e+02
7.740909420594870483e+01 4.681565677268765739e+02
7.839185774402423590e+01 4.674835205424657829e+02
7.937617257730735787e+01 4.668170980699075585e+02
8.036242836747753415e+01 4.661579726914372372e+02
8.135107980600206190e+01 4.655069178380322228e+02
8.234257754528721307e+01 4.648646976462666771e+02
8.333726905295755216e+01 4.642318405371622703e+02
8.433539386449169228e+01 4.636086283712984937e+02
8.533718642184101100e+01 4.629953313865551081e+02
8.634286127868136873e+01 4.623921960481047790e+02
8.735257248308349176e+01 4.617993964980053079e+02
8.836646261885302067e+01 4.612170931749334386e+02
8.938466235567550200e+01 4.606454236243444029e+02
9.040717985966375636e+01 4.600842899986106431e+02
9.143395125020535374e+01 4.595334560108718733e+02
9.246491155017807273e+01 4.589926835042460880e+02
9.349998338469916348e+01 4.584617273863993887e+02
9.453906894128871841e+01 4.579403311319672412e+02
9.558206849850375875e+01 4.574282371476887192e+02
9.662888484472958339e+01 4.569251975546146696e+02
9.767943355996069954e+01 4.564310139838290752e+02
9.873363428899565974e+01 4.559455037992750022e+02
9.979140636813045262e+01 4.554684837627255547e+02
1.008526628771685409e+02 4.549997583587658596e+02
1.019173110913791191e+02 4.545391206816752288e+02
1.029852581706856398e+02 4.540863636447706995e+02
1.040564694166709643e+02 4.536414195544109020e+02
1.051310648733446982e+02 4.532045917076989099e+02
1.062091900454219768e+02 4.527762444430849769e+02
1.072909769050895932e+02 4.523567090131053305e+02
1.083764385054306985e+02 4.519460259229148846e+02
1.094655261839558307e+02 4.515440847881937998e+02
1.105581899600399538e+02 4.511507719913642518e+02
1.116543392670173205e+02 4.507658741469709298e+02
1.127538243652808490e+02 4.503890324116941883e+02
1.138564908379429710e+02 4.500198764446071777e+02
1.149621907771685869e+02 4.496580512514307202e+02
1.160708051510374617e+02 4.493032699197589181e+02
1.171822229322932429e+02 4.489552644100947418e+02
1.182963315991612490e+02 4.486137630485875434e+02
1.194129938595538079e+02 4.482784339255669011e+02
1.205320520439242671e+02 4.479488955779747243e+02
1.216533480573874044e+02 4.476247655052707728e+02
1.227767712093984755e+02 4.473057756547930239e+02
1.239023214724350908e+02 4.469919251466308197e+02
1.250300145821052666e+02 4.466832511576587308e+02
1.261598639394854757e+02 4.463797852533722903e+02
1.272918653047532729e+02 4.460815165968514862e+02
1.284260063772659635e+02 4.457884149758455123e+02
1.295622736790066938e+02 4.455004473392420437e+02
1.307006101666358120e+02 4.452174755800920138e+02
1.318409025451398975e+02 4.449392259430391050e+02
1.329830337941968139e+02 4.446654156893106915e+02
1.341268575467487381e+02 4.443956912617696844e+02
1.352721140270032265e+02 4.441294254298745159e+02
1.364185160680541742e+02 4.438659248639477823e+02
1.375657619593175127e+02 4.436044611258495820e+02
1.387133492540382065e+02 4.433438211999949203e+02
1.398606291808996787e+02 4.430824388430672798e+02
1.410069494636194634e+02 4.428187393507482739e+02
1.421516301241429687e+02 4.425510811453325459e+02
1.432939343151218736e+02 4.422776853639512638e+02
1.444331182056639875e+02 4.419967562851309140e+02
1.455684526761478992e+02 4.417065337024205860e+02
1.466993046583523892e+02 4.414054892906050895e+02
1.478250796313849378e+02 4.410921877830004405e+02
1.489451901403604666e+02 4.407652109715224356e+02
1.500592556644890578e+02 4.404236402239540098e+02
1.511671325353728719e+02 4.400671287120577517e+02
1.522686900862205732e+02 4.396953609957968752e+02
1.533639313938030568e+02 4.393083445183551703e+02
1.544533100519232676e+02 4.389071743594915915e+02
1.555373744154451003e+02 4.384931743707729765e+02
1.566166717100267363e+02 4.380676656773304103e+02
1.576917360343109635e+02 4.376319377094831111e+02
1.587630930178983704e+02 4.371872594492844541e+02
1.598312673949698137e+02 4.367348977170094599e+02
1.608967122957064930e+02 4.362759464649217307e+02
1.619597512751144279e+02 4.358111868219370990e+02
1.630206942450633960e+02 4.353413669793997656e+02
1.640798257662539186e+02 4.348671739255244120e+02
1.651372868653886883e+02 4.343889481268384429e+02
1.661931681107740815e+02 4.339069082325381714e+02
1.672475633662153314e+02 4.334212808478728221e+02
1.683006456896581824e+02 4.329324837700232820e+02
1.693526685294644949e+02 4.324411288761717174e+02
1.704038889829570849e+02 4.319478368528878605e+02
1.714546351053037654e+02 4.314533996942886347e+02
1.725054436776717921e+02 4.309591133040863724e+02
1.735568896672382664e+02 4.304663657752596464e+02
1.746095456118889047e+02 4.299765393359854784e+02
1.756639600485547703e+02 4.294909582712735983e+02
1.767206678307188668e+02 4.290109138315175414e+02
1.777802008309461996e+02 4.285376900705406911e+02
1.788429067192014088e+02 4.280721263378246135e+02
1.799088387352794598e+02 4.276143511656592864e+02
1.809780237201077284e+02 4.271644293538411148e+02
1.820504267040862771e+02 4.267222764783594471e+02
1.831257084727780580e+02 4.262870736032205627e+02
1.842034363595546722e+02 4.258577761788928342e+02
1.852831806890960422e+02 4.254333468775008669e+02
1.863645696263147045e+02 4.250128880098322384e+02
1.874472834112812620e+02 4.245956276072180344e+02
1.885310041857743499e+02 4.241807982921185953e+02
1.896154331661730339e+02 4.237676787371414093e+02
1.907003206862234777e+02 4.233556661946788608e+02
1.917854248776865234e+02 4.229441767431916901e+02
1.928705301640300149e+02 4.225326899349333303e+02
1.939556433395746922e+02 4.221212221728634404e+02
1.950408830124710278e+02 4.217100598023939142e+02
1.961263701770404282e+02 4.212994949296634104e+02
1.972122988293887431e+02 4.208899959027048681e+02
1.982989662046587114e+02 4.204822803106305855e+02
1.993866773533032699e+02 4.200770846103806093e+02
2.004757164292434481e+02 4.196750948102054508e+02
2.015662780303885029e+02 4.192767807110259355e+02
2.026585327681000877e+02 4.188825542051159800e+02
2.037526405415908641e+02 4.184928013233342199e+02
2.048485918746521861e+02 4.181074991880981315e+02
2.059462420920580428e+02 4.177262985225221996e+02
2.070454425718226901e+02 4.173488405213998931e+02
2.081460043844365373e+02 4.169746690685541921e+02
2.092476475012329331e+02 4.166031081149878332e+02
2.103500793841980396e+02 4.162334514114681951e+02
2.114530015504047071e+02 4.158649783564729319e+02
2.125560722231744535e+02 4.154968638281214339e+02
2.136589304701747096e+02 4.151282364586955964e+02
2.147612148962904257e+02 4.147582237632215083e+02
2.158625505552222990e+02 4.143859205412734923e+02
2.169625455239386724e+02 4.140103806069707275e+02
2.180608068059362665e+02 4.136306551828424745e+02
2.191569585714516109e+02 4.132458369355920240e+02
2.202506890843440601e+02 4.128551732676079382e+02
2.213417015637442375e+02 4.124579476864957428e+02
2.224297165491129249e+02 4.120534855148354154e+02
2.235146833787915170e+02 4.116416644445507700e+02
2.245967131780480486e+02 4.112227527557463418e+02
2.256759212673760260e+02 4.107970288566967838e+02
2.267525264656613899e+02 4.103650210229095592e+02
2.278269534252348478e+02 4.099277544558070190e+02
2.288996511348568674e+02 4.094863131101524800e+02
2.299710581937954430e+02 4.090417558582492461e+02
2.310415477610061146e+02 4.085949835854700041e+02
2.321114675818715227e+02 4.081468358233796607e+02
2.331811632519963950e+02 4.076981469135180305e+02
2.342509217378736253e+02 4.072496096541909765e+02
2.353209648862431891e+02 4.068017596306713131e+02
2.363915111270629268e+02 4.063551241793883833e+02
2.374627018284921292e+02 4.059100445930925503e+02
2.385344274747452005e+02 4.054662564769832898e+02
2.396065275803340171e+02 4.050233723844864926e+02
2.406788305491174071e+02 4.045809780455300029e+02
2.417510408663293902e+02 4.041383600239115594e+02
2.428227854907296432e+02 4.036946177178976427e+02
2.438936901357504041e+02 4.032488475192673150e+02
2.449633755521958847e+02 4.028001338389719876e+02
2.460314537863525288e+02 4.023475400734267851e+02
2.470975360034666437e+02 4.018901274920305013e+02
2.481612679673523019e+02 4.014270408925896163e+02
2.492224845587443269e+02 4.009578816419606255e+02
2.502810849499814481e+02 4.004824063208035341e+02
2.513369756110335800e+02 4.000003891278569199e+02
2.523902252230635384e+02 3.995119958751872673e+02
2.534410622645918636e+02 3.990177781606614076e+02
2.544897219761723477e+02 3.985183039071760618e+02
2.555364399188880782e+02 3.980141418121669403e+02
2.565814525655993066e+02 3.975058627763245909e+02
2.576249965502062196e+02 3.969940380894814780e+02
2.586672980573171117e+02 3.964792138148873732e+02
2.597084840297866322e+02 3.959616964272698283e+02
2.607486265688959293e+02 3.954416600033380860e+02
2.617877960360027600e+02 3.949192744192795317e+02
2.628259930587891517e+02 3.943945412000067563e+02
2.638631101777397134e+02 3.938672009259561264e+02
2.648990306355154871e+02 3.933369717307270435e+02
2.659336250965629915e+02 3.928035413806658198e+02
2.669667044254497341e+02 3.922664532688427244e+02
2.679980617341432776e+02 3.917252079286914750e+02
2.690274943017222427e+02 3.911793159533523863e+02
2.700548754978910324e+02 3.906284716242211630e+02
2.710801451715005896e+02 3.900725297081438612e+02
2.721032455024473506e+02 3.895113505992625846e+02
2.731241537280520220e+02 3.889448793165309439e+02
2.741429344409667692e+02 3.883732717451794656e+02
2.751596656132212502e+02 3.877967160668019915e+02
2.761744141770147962e+02 3.872153738052442122e+02
2.771871571635762166e+02 3.866291894015454318e+02
2.781978278122030588e+02 3.860380015528879767e+02
2.792063602787672494e+02 3.854416511685025739e+02
2.802127420707694796e+02 3.848401079326401941e+02
2.812170338864424934e+02 3.842335181902847125e+02
2.822193017268122048e+02 3.836220410857918068e+02
2.832196385592522461e+02 3.830059008660857671e+02
2.842182490011916229e+02 3.823855913253633503e+02
2.852153665617024672e+02 3.817616760084675320e+02
2.862112322815696643e+02 3.811347366502842533e+02
2.872062009301288299e+02 3.805056296545911323e+02
2.882007153562472013e+02 3.798754241484184604e+02
2.891952205508840166e+02 3.792451944331866116e+02
2.901901314539510395e+02 3.786159424209183726e+02
2.911857972394102489e+02 3.779885116012895878e+02
2.921825583780005218e+02 3.773637244989479882e+02
2.931807343857705064e+02 3.767423531470269040e+02
2.941804976690681315e+02 3.761248151094986270e+02
2.951819576173616611e+02 3.755113761075921275e+02
2.961852224243382921e+02 3.749022989953911065e+02
2.971903681239375601e+02 3.742977696125070679e+02
2.981974316575393686e+02 3.736978801817467684e+02
2.992064476067095029e+02 3.731027172747508303e+02
3.002174317895340323e+02 3.725123223699636128e+02
3.012303323369818600e+02 3.719265742772519161e+02
3.022450821223577577e+02 3.713453151386117952e+02
3.032616006373635855e+02 3.707683547425726260e+02
3.042796380811344648e+02 3.701950935693575957e+02
3.052988285369796131e+02 3.696246513593250143e+02
3.063188038965115538e+02 3.690561425367202446e+02
3.073392052635624054e+02 3.684887017846633626e+02
3.083596914928968999e+02 3.679215028228926485e+02
3.093799234592654557e+02 3.673537238133605456e+02
3.103995679606813951e+02 3.667845556527998383e+02
3.114183277949446733e+02 3.662132666360672033e+02
3.124359192861222709e+02 3.656391541389602367e+02
3.134520568008865098e+02 3.650615103653503866e+02
3.144664023340262133e+02 3.644794894551168341e+02
3.154785614306123307e+02 3.638920967340670813e+02
3.164881368449263732e+02 3.632983301666353668e+02
3.174947503574780967e+02 3.626972276545316163e+02
3.184980836227784948e+02 3.620879527788398491e+02
3.194978300431530442e+02 3.614696937800620162e+02
3.204936936283643263e+02 3.608416638787602437e+02
3.214854919527164725e+02 3.602033437351412886e+02
3.224731114805113634e+02 3.595543762424119336e+02
3.234564410553218181e+02 3.588944101905258321e+02
3.244354798426912794e+02 3.582233771066576082e+02
3.254104145924785030e+02 3.575416892659912378e+02
3.263814502981082910e+02 3.568498056989957377e+02
3.273487431630736637e+02 3.561480890305340949e+02
3.283121918894679538e+02 3.554363930801139873e+02
3.292716105383194645e+02 3.547144044222218326e+02
3.302268110607598146e+02 3.539818129894408685e+02
3.311775616704692311e+02 3.532383821656997043e+02
3.321235887674560558e+02 3.524839455555368772e+02
3.330646171679251211e+02 3.517183399639973231e+02
3.340004352702827646e+02 3.509416756117714726e+02
3.349310064059255296e+02 3.501548149649103721e+02
3.358563237299645152e+02 3.493587487371516431e+02
3.367763404650414145e+02 3.485544035888493681e+02
3.376906450979732313e+02 3.477421211285507638e+02
3.385986307775788759e+02 3.469219296343285350e+02
3.394996868661036729e+02 3.460938497508809064e+02
3.403930957846962428e+02 3.452576443121266720e+02
3.412779791997219263e+02 3.444126886085877004e+02
3.421534455179254337e+02 3.435583259648400940e+02
3.430187441355637930e+02 3.426940517504348236e+02
3.438737719235555232e+02 3.418200595802482553e+02
3.447186115029586517e+02 3.409367433845887945e+02
3.455533604568691999e+02 3.400445097782119888e+02
3.463783761496330840e+02 3.391439855487499244e+02
3.471942361887348056e+02 3.382359841469039452e+02
3.480015243217914076e+02 3.373213244926263314e+02
3.488005663687735023e+02 3.364006892595300542e+02
3.495910661228740537e+02 3.354744325450840847e+02
3.503726354900637716e+02 3.345428599087358634e+02
3.511449381517596748e+02 3.336062830149700176e+02
3.519080438735654752e+02 3.326650614111847517e+02
3.526622140201403681e+02 3.317195772369428823e+02
3.534077189164339643e+02 3.307702143634479626e+02
3.541451505268176447e+02 3.298174223161593090e+02
3.548755288776471843e+02 3.288617379981685076e+02
3.555999036572853811e+02 3.279037043672881282e+02
3.563192026769106064e+02 3.269437979852826288e+02
3.570338662389641513e+02 3.259822298297232805e+02
3.577442127687032212e+02 3.250191444821330720e+02
3.584505325314027004e+02 3.240546734552240196e+02
3.591527094065509687e+02 3.230887596614770700e+02
3.598503219213889679e+02 3.221212043019590396e+02
3.605429408798718782e+02 3.211518049995675028e+02
3.612300880658417555e+02 3.201803376693890186e+02
3.619111813675727944e+02 3.192065322179400368e+02
3.625856254267273471e+02 3.182301126856763176e+02
3.632528977463709907e+02 3.172508340723159108e+02
3.639129690618414088e+02 3.162686609550270305e+02
3.645660146306028082e+02 3.152836448136980039e+02
3.652122144253419265e+02 3.142958392315982792e+02
3.658518765772036545e+02 3.133053554021317382e+02
3.664854603828334803e+02 3.123123724710246165e+02
3.671134338258972321e+02 3.113170734894922020e+02
3.677361455648391484e+02 3.103195934769877908e+02
3.683535283227103037e+02 3.093199000272551302e+02
3.689654242514058637e+02 3.083179242765972390e+02
3.695716372671489012e+02 3.073135816989299087e+02
3.701715077308989521e+02 3.063065978831291432e+02
3.707640676264252306e+02 3.052965720982563198e+02
3.713483451522301948e+02 3.042831020747105413e+02
3.719235570843940195e+02 3.032658640423715042e+02
3.724892723117412743e+02 3.022446808056348573e+02
3.730450982735501384e+02 3.012193912163534719e+02
3.735907310075536998e+02 3.001898708159686180e+02
3.741263862316301356e+02 2.991562103511485020e+02
3.746524685497446967e+02 2.981185787883538865e+02
3.751693914032773023e+02 2.970771487450838890e+02
3.756777822376347444e+02 2.960321812446682088e+02
3.761784923482280760e+02 2.949840297836757372e+02
3.766723836580475222e+02 2.939330522490028557e+02
3.771604656925036352e+02 2.928796675627819468e+02
3.776441970241688750e+02 2.918244803331244839e+02
3.781251213085715790e+02 2.907681303508870201e+02
3.786047616180163118e+02 2.897112488634652436e+02
3.790844293836236716e+02 2.886543792725311732e+02
3.795653115662326513e+02 2.875980133159848720e+02
3.800485903938326260e+02 2.865426407692980320e+02
3.805352243762840203e+02 2.854886586942475333e+02
3.810258032261172048e+02 2.844363113149157698e+02
3.815208822085415932e+02 2.833858285796603127e+02
3.820210430351511945e+02 2.823374513878117114e+02
3.825270022043829385e+02 2.812914764515128354e+02
3.830395190460400272e+02 2.802482182186062118e+02
3.835593660929388875e+02 2.792079966062499352e+02
3.840875818288146206e+02 2.781712417011691514e+02
3.846254514764724490e+02 2.771384858011915071e+02
3.851742695911204351e+02 2.761102650700837557e+02
3.857353286373037236e+02 2.750871148124356296e+02
3.863099155153259403e+02 2.740695680461608390e+02
3.868993162099726533e+02 2.730581574129331557e+02
3.875047408926626531e+02 2.720533841529939423e+02
3.881267335135894427e+02 2.710554735618355835e+02
3.887654922734139973e+02 2.700645077276126926e+02
3.894212031564370591e+02 2.690805636784422177e+02
3.900935776174949297e+02 2.681035218903221562e+02
3.907816352650727936e+02 2.671329762735543909e+02
3.914843410211823880e+02 2.661684980870709865e+02
3.922004450296891491e+02 2.652095696262307456e+02
3.929277446206014588e+02 2.642552785199541745e+02
3.936637729953362168e+02 2.633046029920668616e+02
3.944060693670420505e+02 2.623565237563927894e+02
3.951522727303506599e+02 2.614100628552370154e+02
3.959001041657783162e+02 2.604642763300475963e+02
3.966472880589897727e+02 2.595182215912402626e+02
3.973917761220591842e+02 2.585710502077403135e+02
3.981320507490036107e+02 2.576221335567262827e+02
3.988666699255637695e+02 2.566708743254392289e+02
3.995943145628390312e+02 2.557167261169322501e+02
4.003145944580531363e+02 2.547595272798647841e+02
4.010275438530139809e+02 2.537992919682876902e+02
4.017332171366545026e+02 2.528360426812138542e+02
4.024323576879446591e+02 2.518700872981127930e+02
4.031265985118267849e+02 2.509021021825432740e+02
4.038176315287357738e+02 2.499327881009280077e+02
4.045071738664049121e+02 2.489628562595263759e+02
4.051970400646888493e+02 2.479930582087315543e+02
4.058890681909646787e+02 2.470241552430782974e+02
4.065850378046854416e+02 2.460568844237111819e+02
4.072859209215206988e+02 2.450916483353080935e+02
4.079921009064286181e+02 2.441286057493758790e+02
4.087039470544422670e+02 2.431679096100314723e+02
4.094217217286634423e+02 2.422096686056245858e+02
4.101454677703753759e+02 2.412539005713208837e+02
4.108752010636039245e+02 2.403006121855238177e+02
4.116109409213335084e+02 2.393498115719305588e+02
4.123527290445810536e+02 2.384015162907120384e+02
4.131006161191232877e+02 2.374557476890824432e+02
4.138546453712540369e+02 2.365125240302286898e+02
4.146146375950227139e+02 2.355717716097865946e+02
4.153801589932324987e+02 2.346333114592767970e+02
4.161507618229558148e+02 2.336969588441891119e+02
4.169260389793042236e+02 2.327625459324064252e+02
4.177057202471844448e+02 2.318299618277544312e+02
4.184895642046924422e+02 2.308991076098778024e+02
4.192773193869485908e+02 2.299698801984849581e+02
4.200686175794793940e+02 2.290421281540282052e+02
4.208630152454938980e+02 2.281156688374393013e+02
4.216600689238987343e+02 2.271903196372867626e+02
4.224594615142975726e+02 2.262659499294128409e+02
4.232611045796290341e+02 2.253425231662503734e+02
4.240649337590874666e+02 2.244200127056768679e+02
4.248708741555203687e+02 2.234983871887077100e+02
4.256787912167744707e+02 2.225775885502892493e+02
4.264885294193887262e+02 2.216575493370317247e+02
4.272999257911676523e+02 2.207381988993628568e+02
4.281126418709877157e+02 2.198193912971787256e+02
4.289261610579318358e+02 2.189009041625357384e+02
4.297399588654913600e+02 2.179825117418259879e+02
4.305535958135851615e+02 2.170640217448070075e+02
4.313668824727260471e+02 2.161453403153755630e+02
4.321796751596905324e+02 2.152263916057598010e+02
4.329917706498356438e+02 2.143070747148080955e+02
4.338023774601973628e+02 2.133870412185617056e+02
4.346103687293894495e+02 2.124658015751116125e+02
4.354146141089676689e+02 2.115428647929193744e+02
4.362140104424211700e+02 2.106177524728611843e+02
4.370074980369323043e+02 2.096900063435781476e+02
4.377940210966772270e+02 2.087591699383847299e+02
4.385726978363579178e+02 2.078248628452417108e+02
4.393435029882705294e+02 2.068870790095926679e+02
4.401066743736332683e+02 2.059459273649536613e+02
4.408624581047722586e+02 2.050015222322717250e+02
4.416112579203247606e+02 2.040540806440704955e+02
4.423536194742472958e+02 2.031039121069409532e+02
4.430900933946727491e+02 2.021513294613072844e+02
4.438211882858423678e+02 2.011966599368215327e+02
4.445473045398791214e+02 2.002402678156028344e+02
4.452688253688384066e+02 1.992825232623264355e+02
4.459861880108329046e+02 1.983238304549541340e+02
4.467002866473184213e+02 1.973648812501207317e+02
4.474122452227102258e+02 1.964065121567563210e+02
4.481231972562465558e+02 1.954495648025932155e+02
4.488346478338610837e+02 1.944950716209456232e+02
4.495486275106711105e+02 1.935443348821568179e+02
4.502672066203957684e+02 1.925986772835337604e+02
4.509924576305760979e+02 1.916593936695568345e+02
4.517264621536457980e+02 1.907276595161894761e+02
4.524713042513926666e+02 1.898046183279102763e+02
4.532290250490237327e+02 1.888913694194969821e+02
4.540009867611925074e+02 1.879883133871148289e+02
4.547880096818934135e+02 1.870952930950609812e+02
4.555908964277610949e+02 1.862121339697563940e+02
4.564098701948523740e+02 1.853382350085307166e+02
4.572438446290156548e+02 1.844720314350296348e+02
4.580915535542571320e+02 1.836118261316119629e+02
4.589517051907034784e+02 1.827560044594234512e+02
4.598228212985685559e+02 1.819035524302930753e+02
4.607033411374410434e+02 1.810537218185718302e+02
4.615917106595808832e+02 1.802057774386471181e+02
4.624866291430668639e+02 1.793594096503639719e+02
4.633871132289893922e+02 1.785148419309090855e+02
4.642921996302723642e+02 1.776723314733163761e+02
4.652009884083126963e+02 1.768321086115979597e+02
4.661128161419355820e+02 1.759943033991063430e+02
4.670270745977079514e+02 1.751590224902283239e+02
4.679431572578860710e+02 1.743263389123457898e+02
4.688604802687171969e+02 1.734958814853063132e+02
4.697784758024773737e+02 1.726669649235239206e+02
4.706965778617667979e+02 1.718388995691344689e+02
4.716144174827338702e+02 1.710112929026274458e+02
4.725320175539329739e+02 1.701843433413129958e+02
4.734494472940393734e+02 1.693583191710904430e+02
4.743668236467344173e+02 1.685335781071031249e+02
4.752845641612627787e+02 1.677110411526036842e+02
4.762032031262485248e+02 1.668918480623003120e+02
4.771232692553325023e+02 1.660771239791307892e+02
4.780451278826878934e+02 1.652675712500985128e+02
4.789689628758023900e+02 1.644634226198836018e+02
4.798949485863399786e+02 1.636648862196427672e+02
4.808230654145960443e+02 1.628717116895577135e+02
4.817526623288800920e+02 1.620821559973544481e+02
4.826829600154763398e+02 1.612941728587051387e+02
4.836131731131163178e+02 1.605057085312084268e+02
4.845424488113519033e+02 1.597146260915492348e+02
4.854698921019051454e+02 1.589187365764311153e+02
4.863946104930001866e+02 1.581158587715975159e+02
4.873159832343984590e+02 1.573045457127875295e+02
4.882338662142191197e+02 1.564846383202355469e+02
4.891481635642240917e+02 1.556561078692734554e+02
4.900588260344033529e+02 1.548190785977992050e+02
4.909660591915265968e+02 1.539745108421779491e+02
4.918701552290883114e+02 1.531236491762235801e+02
4.927714037671437382e+02 1.522677404671023282e+02
4.936700352003458647e+02 1.514080776710097780e+02
4.945662215792690972e+02 1.505459991473294679e+02
4.954601323900518537e+02 1.496828450006582329e+02
4.963518501956478985e+02 1.488197954262489588e+02
4.972412102972484149e+02 1.479575757410955248e+02
4.981280043243365299e+02 1.470968309209768847e+02
4.990119998787566828e+02 1.462381183550292008e+02
4.998927363607563734e+02 1.453811635815326042e+02
5.007696270650464498e+02 1.445252324531195143e+02
5.016420871622666482e+02 1.436695819811862975e+02
5.025097240817817692e+02 1.428132292398079244e+02
5.033724432539789859e+02 1.419548194002112496e+02
5.042301757437421657e+02 1.410929656419804701e+02
5.050829479923748977e+02 1.402264524035651334e+02
5.059312398837761862e+02 1.393548783295370868e+02
5.067756659139100748e+02 1.384780837752566356e+02
5.076168082632439678e+02 1.375959151011563790e+02
5.084546590466575822e+02 1.367083275356352203e+02
5.092886948482927210e+02 1.358153714232695961e+02
5.101183747282541390e+02 1.349171003351293052e+02
5.109430911964246320e+02 1.340135776255214921e+02
5.117620709342814393e+02 1.331048910264133553e+02
5.125745152249580769e+02 1.321911320034645314e+02
5.133797159242086536e+02 1.312724228149529608e+02
5.141777024504167457e+02 1.303491364735742764e+02
5.149688634983112934e+02 1.294217681377603242e+02
5.157535953282875880e+02 1.284908145955463965e+02
5.165325215217130790e+02 1.275568083673853721e+02
5.173065775115076121e+02 1.266203309934478511e+02
5.180767213247677319e+02 1.256819675654662518e+02
5.188439189611808615e+02 1.247422880621050894e+02
5.196091694297344930e+02 1.238017998886714253e+02
5.203734802812198268e+02 1.228609942583881178e+02
5.211378437656163669e+02 1.219203537096821890e+02
5.219030210897848292e+02 1.209802297915344269e+02
5.226695945242561265e+02 1.200408726053220647e+02
5.234381405400687299e+02 1.191025290991473611e+02
5.242090150745109440e+02 1.181653473953613371e+02
5.249820914323948955e+02 1.172292593386844146e+02
5.257571790487329508e+02 1.162941681524541337e+02
5.265340468298959422e+02 1.153599599937894453e+02
5.273121791561525242e+02 1.144264012086240854e+02
5.280909385262984870e+02 1.134932068197833246e+02
5.288696783511312560e+02 1.125600881633402821e+02
5.296474619163341231e+02 1.116266391200954331e+02
5.304229998389897673e+02 1.106923107952525953e+02
5.311949814552748421e+02 1.097565456786458498e+02
5.319621391661495409e+02 1.088188055244760335e+02
5.327233607238879358e+02 1.078786215809564908e+02
5.334775688992169762e+02 1.069355407612650168e+02
5.342237397728902124e+02 1.059891323672598560e+02
5.349615238583928658e+02 1.050392489431815477e+02
5.356910342548728750e+02 1.040859373059666098e+02
5.364123952393058516e+02 1.031292489684289393e+02
5.371259821483232599e+02 1.021693410589526820e+02
5.378326540828336420e+02 1.012065742154802308e+02
5.385333251942253128e+02 1.002413322345448563e+02
5.392288922909527855e+02 9.927399203343321687e+01
5.399201467763919027e+02 9.830488871946353413e+01
5.406078404498725831e+02 9.733434169061669650e+01
5.412927076602268244e+02 9.636266309304375000e+01
5.419750234458846307e+02 9.538997416371761062e+01
5.426545677715779448e+02 9.441619036566770262e+01
5.433310960324538428e+02 9.344121694891595098e+01
5.440043035310861796e+02 9.246493218018147786e+01
5.446736964635896356e+02 9.148712941191568859e+01
5.453387439216986650e+02 9.050758533563038100e+01
5.459989151427984098e+02 8.952607538481393590e+01
5.466536809236265526e+02 8.854236152439830221e+01
5.473025130068486988e+02 8.755619754908204300e+01
5.479448838604761249e+02 8.656733725178183647e+01
5.485803215617038404e+02 8.557554323880641789e+01
5.492084487419728021e+02 8.458059310218534677e+01
5.498288972286234184e+02 8.358226589138850215e+01
5.504413385828994478e+02 8.258035084991281849e+01
5.510456540719288796e+02 8.157469102285045892e+01
5.516417938934515632e+02 8.056514713995206023e+01
5.522297163729238036e+02 7.955158273122401624e+01
5.528095515896862935e+02 7.853392057842813756e+01
5.533815938224204274e+02 7.751214010891057171e+01
5.539461440803556798e+02 7.648622310817836478e+01
5.545036130349652694e+02 7.545621468317598612e+01
5.550547130702059349e+02 7.442233415639928751e+01
5.556002080079429106e+02 7.338483055174567937e+01
5.561408351602414086e+02 7.234396117439135310e+01
5.566770897035383996e+02 7.130005896918781616e+01
5.572093371360595029e+02 7.025349739058742671e+01
5.577379357422931889e+02 6.920465201956702117e+01
5.582629128150759925e+02 6.815399481174841867e+01
5.587837980977251391e+02 6.710214259395459635e+01
5.593000802939192226e+02 6.604972414249604640e+01
5.598111200394839670e+02 6.499745096002976652e+01
5.603156898365018606e+02 6.394641445841268990e+01
5.608123934608776153e+02 6.289781503938366569e+01
5.612998275505173069e+02 6.185287725765776656e+01
5.617764649267580808e+02 6.081324531045002857e+01
5.622406734389655867e+02 5.978091916884983448e+01
5.626908186755954375e+02 5.875791039361807577e+01
5.631255957790058346e+02 5.774633265842473406e+01
5.635444946545624134e+02 5.674854589578360731e+01
5.639471226118453160e+02 5.576694641612920122e+01
5.643343396539862624e+02 5.480077358767606910e+01
5.647168308860293564e+02 5.382450631028317645e+01
5.651099171026519343e+02 5.280094097430448130e+01
5.655294336265724269e+02 5.169145711930719500e+01
5.660112267689538612e+02 5.040206807365687780e+01
5.666177749726202819e+02 4.876510163887191140e+01
5.674134021198317441e+02 4.660777967231069852e+01
