5.205313738294110237e+01 2.265659696006591730e+02
5.382029263079744652e+01 2.255646621351562260e+02
5.517497124393744201e+01 2.247887158745916167e+02
5.625441854458411939e+01 2.241605105111446790e+02
5.719199934022994825e+01 2.236045517078045464e+02
5.806335883614055149e+01 2.230769672699877333e+02
5.889988505802963914e+01 2.225581316503716494e+02
5.973179155021246345e+01 2.220290671750316278e+02
6.057987818516542688e+01 2.214768565453719020e+02
6.144411790763132331e+01 2.209019905145287339e+02
6.232169275226704031e+01 2.203067565800879777e+02
6.320985034751770115e+01 2.196934961310886933e+02
6.410631613989973232e+01 2.190649431289581912e+02
6.500902704154115952e+01 2.184240052739697262e+02
6.591593060297314821e+01 2.177735734958543503e+02
6.682533829781486645e+01 2.171158803387775151e+02
6.773602692904636058e+01 2.164523165038205548e+02
6.864680366313916693e+01 2.157842177603378957e+02
6.955652934797529952e+01 2.151125628814504580e+02
7.046427476818625735e+01 2.144369345028052578e+02
7.136916202195095593e+01 2.137565740107609997e+02
7.227033643741292224e+01 2.130707240148877588e+02
7.316727880840558385e+01 2.123786447892444471e+02
7.405972210755396645e+01 2.116796098867721696e+02
7.494740602117519757e+01 2.109728939440757927e+02
7.583017585953049888e+01 2.102579130460819101e+02
7.670810575667859155e+01 2.095343897114748586e+02
7.758129977538372657e+01 2.088020865385366278e+02
7.844984101017463729e+01 2.080607236621044933e+02
7.931366343612673120e+01 2.073097192304381338e+02
8.017263641454012202e+01 2.065483605403732383e+02
8.102663581648985769e+01 2.057759529407763068e+02
8.187578080765683808e+01 2.049924694615507974e+02
8.272049555731992143e+01 2.041987201635642464e+02
8.356122354457184542e+01 2.033955681002519782e+02
8.439844717862359857e+01 2.025839949068107444e+02
8.523279772208388749e+01 2.017654356282629919e+02
8.606494200920667481e+01 2.009414336614305228e+02
8.689554620437094457e+01 2.001135335470065399e+02
8.772526707700004067e+01 1.992832958684141147e+02
8.855475447273806822e+01 1.984522930320505907e+02
8.938465798173324117e+01 1.976220975267901849e+02
9.021561112704405616e+01 1.967942490168476581e+02
9.104821334560926971e+01 1.959702175293547270e+02
9.188305972352193862e+01 1.951514642027748607e+02
9.272072520986291977e+01 1.943394012407999298e+02
9.356164492710971103e+01 1.935351010557562290e+02
9.440619468278484305e+01 1.927394919192337852e+02
9.525474922519387633e+01 1.919534994211277308e+02
9.610765422345504305e+01 1.911779747766761375e+02
9.696521960410285601e+01 1.904136777837610168e+02
9.782775310099640365e+01 1.896613626318350327e+02
9.869575561916268214e+01 1.889222484883600828e+02
9.957045022010214552e+01 1.881992928075347606e+02
1.004532286883134020e+02 1.874958591729227351e+02
1.013454758661534072e+02 1.868152942588096153e+02
1.022484820099037393e+02 1.861607143520415093e+02
1.031634690396396365e+02 1.855350692899786509e+02
1.040916550305169181e+02 1.849412995927006591e+02
1.050338940759952777e+02 1.843814667146282886e+02
1.059902840466101566e+02 1.838558057282234017e+02
1.069608286247709543e+02 1.833643242287202781e+02
1.079454410279640229e+02 1.829068114265166400e+02
1.089434210720856413e+02 1.824815757635348064e+02
1.099538138474618307e+02 1.820863107670956254e+02
1.109756434329183321e+02 1.817186592454300751e+02
1.120072670699531869e+02 1.813746543504820750e+02
1.130462383564238422e+02 1.810483893457328861e+02
1.140900630459960325e+02 1.807338420051740400e+02
1.151362725624721719e+02 1.804250521534505936e+02
1.161824921601192813e+02 1.801162864251267592e+02
1.172263685260013801e+02 1.798018632627906754e+02
1.182655838892922304e+02 1.794761869231565754e+02
1.192982910624575084e+02 1.791347978558716250e+02
1.203229761475149360e+02 1.787740412166576505e+02
1.213381338216286451e+02 1.783902828651221171e+02
1.223424777668025598e+02 1.779804173977468054e+02
1.233351673026745630e+02 1.775424153007045902e+02
1.243154159011660909e+02 1.770743777984169469e+02
1.252825110900217140e+02 1.765745848999420957e+02
1.262362307842229683e+02 1.760425005010384609e+02
1.271765522364693055e+02 1.754780697360759802e+02
1.281034862716540204e+02 1.748813187894603516e+02
1.290180900769150867e+02 1.742547999750027259e+02
1.299226572807124853e+02 1.736040506251320323e+02
1.308195528648170693e+02 1.729347803335542721e+02
1.317113424059299120e+02 1.722531829698588695e+02
1.326013084093742691e+02 1.715671832112949176e+02
1.334928934819126027e+02 1.708850922516892297e+02
1.343894625168540529e+02 1.702150336676822064e+02
1.352933802425442877e+02 1.695627164200652714e+02
1.362063169966010037e+02 1.689321730593188704e+02
1.371299242939012686e+02 1.683273906937464801e+02
1.380652110893639417e+02 1.677508051540417853e+02
1.390119056980286132e+02 1.672017605314492243e+02
1.399695846298165236e+02 1.666792344270855040e+02
1.409378267997932994e+02 1.661822102486766823e+02
1.419162266783683606e+02 1.657097089583682816e+02
1.429043849249709410e+02 1.652607664601191573e+02
1.439018982958576203e+02 1.648344092348194749e+02
1.449082441636630563e+02 1.644293755464957485e+02
1.459227615790659911e+02 1.640440697212386283e+02
1.469447818439889488e+02 1.636768773780314348e+02
1.479734336317396810e+02 1.633256949472639121e+02
1.490071374852781787e+02 1.629867092819814047e+02
1.500441593483515419e+02 1.626557339998321368e+02
1.510828096557352467e+02 1.623286901293120650e+02
1.521219555770659895e+02 1.620028427758203691e+02
1.531608431714313383e+02 1.616763717648408658e+02
1.541987287382896739e+02 1.613474816443009558e+02
1.552352357403817678e+02 1.610152633727942657e+02
1.562707044183646303e+02 1.606805383640572700e+02
1.573055578837462178e+02 1.603443280997789202e+02
1.583401808950043801e+02 1.600075614692518968e+02
1.593747159194386995e+02 1.596705824191773786e+02
1.604092110745555715e+02 1.593335071157290486e+02
1.614437126335785138e+02 1.589964472725837936e+02
1.624782190909987207e+02 1.586593992552377017e+02
1.635126746610170585e+02 1.583222283848406278e+02
1.645470206193976992e+02 1.579847928885217812e+02
1.655811994558435742e+02 1.576469539241368807e+02
1.666151578084913183e+02 1.573085826648126329e+02
1.676488432008815153e+02 1.569695524212442024e+02
1.686822012517714597e+02 1.566297319055689456e+02
1.697151543986860247e+02 1.562889338654322842e+02
1.707476096153445155e+02 1.559469337155193216e+02
1.717794727811896394e+02 1.556035042286971759e+02
1.728105567201415624e+02 1.552581935219510569e+02
1.738404963029496457e+02 1.549101200953518855e+02
1.748689063366468304e+02 1.545583540108788441e+02
1.758954146980446467e+02 1.542019968837471708e+02
1.769197299214311556e+02 1.538403450535416255e+02
1.779415912792775316e+02 1.534727690683835704e+02
1.789607341961080067e+02 1.530986301866294070e+02
1.799767840055058059e+02 1.527170238836060037e+02
1.809892434028702723e+02 1.523267495598883272e+02
1.819976086706768967e+02 1.519265911338848980e+02
1.830014534941344664e+02 1.515155193906825843e+02
1.840006102243438590e+02 1.510931295899074200e+02
1.849949651816584719e+02 1.506591472844521036e+02
1.859844271095728914e+02 1.502133521614598237e+02
1.869691702200061627e+02 1.497561648055285559e+02
1.879495423016650761e+02 1.492884248526811461e+02
1.889258941268389833e+02 1.488109791419445003e+02
1.898985748910304778e+02 1.483246707055448042e+02
1.908679308358120466e+02 1.478303354440997168e+02
1.918343078780260953e+02 1.473288084742383717e+02
1.927980643472176325e+02 1.468209548794435477e+02
1.937596334102308901e+02 1.463078204160498501e+02
1.947194761433458154e+02 1.457905182195922578e+02
1.956780652252562902e+02 1.452701894363046904e+02
1.966361866095074333e+02 1.447487315246653168e+02
1.975949684424181783e+02 1.442288680694231857e+02
1.985555562599060977e+02 1.437133646375238243e+02
1.995192410135525165e+02 1.432053378606549359e+02
2.004877888937290322e+02 1.427090516993348217e+02
2.014630630198060146e+02 1.422290041215682663e+02
2.024468771989306219e+02 1.417695740453334849e+02
2.034404771663940892e+02 1.413337689442684848e+02
2.044447446055665409e+02 1.409237173944886763e+02
2.054605496015734332e+02 1.405415199715199321e+02
2.064882013449178828e+02 1.401879231339458443e+02
2.075269795948714489e+02 1.398611880780283059e+02
2.085760537889454156e+02 1.395593096602232492e+02
2.096345237564261765e+02 1.392801146888452593e+02
2.107010792901155014e+02 1.390204400623336767e+02
2.117742605509253337e+02 1.387767614378950043e+02
2.128526145948887063e+02 1.385455711190322177e+02
2.139348742478941290e+02 1.383238098973171759e+02
2.150199713094369258e+02 1.381088989290643383e+02
2.161068473747353380e+02 1.378982830195508313e+02
2.171945516559292741e+02 1.376896667777094194e+02
2.182824773370849130e+02 1.374815852131431484e+02
2.193700861798652397e+02 1.372727388922285741e+02
2.204568579855198323e+02 1.370618719278992899e+02
2.215424748156100065e+02 1.368482166782188187e+02
2.226267457696814063e+02 1.366313121638695804e+02
2.237094827761891338e+02 1.364107042340210114e+02
2.247905778732482815e+02 1.361861320861594891e+02
2.258700671491928063e+02 1.359576825895433956e+02
2.269480017390790749e+02 1.357254789293816089e+02
2.280243800114041335e+02 1.354895168843433169e+02
2.290988966214346760e+02 1.352490589078182950e+02
2.301711377809123746e+02 1.350031056128475484e+02
2.312406891741715640e+02 1.347506563413022320e+02
2.323071266093513145e+02 1.344906866458363197e+02
2.333700155219873409e+02 1.342221470941685197e+02
2.344289209104110512e+02 1.339439872012833916e+02
2.354835300735957162e+02 1.336554519221938619e+02
2.365339126403685555e+02 1.333567098010381358e+02
2.375802127463360023e+02 1.330481093669862389e+02
2.386226043052590455e+02 1.327300711498289729e+02
2.396615862560027495e+02 1.324038015577776264e+02
2.406978576081394294e+02 1.320709907501429257e+02
2.417321210568304366e+02 1.317333378070374295e+02
2.427651453313189336e+02 1.313927022925610402e+02
2.437978155020994109e+02 1.310512265173508695e+02
2.448310284822205460e+02 1.307110815732470428e+02
2.458656833561680912e+02 1.303744440437163234e+02
2.469026914215285728e+02 1.300435213995096433e+02
2.479429682424107000e+02 1.297205319015354803e+02
2.489874262416091142e+02 1.294076861364629281e+02
2.500369015083703630e+02 1.291070081985641593e+02
2.510921515191046183e+02 1.288203301211299276e+02
2.521539301495683958e+02 1.285494751379885088e+02
2.532229932143930853e+02 1.282962666172314243e+02
2.543001024568203547e+02 1.280625283374953085e+02
2.553860207493354437e+02 1.278500841556147947e+02
2.564814622226682559e+02 1.276606377172017375e+02
2.575866229816124360e+02 1.274946150665524840e+02
2.587013866368481558e+02 1.273516715473799366e+02
2.598256256384869403e+02 1.272314350616522773e+02
2.609586525242841049e+02 1.271321594293966371e+02
2.620988132358135090e+02 1.270497263451796641e+02
2.632443578503415438e+02 1.269797822427950251e+02
2.643935490499696357e+02 1.269180015701938800e+02
2.655447187984922266e+02 1.268602127534070121e+02
2.666962227377052841e+02 1.268022968426581230e+02
2.678464523221899753e+02 1.267402248180558502e+02
2.689946369448782093e+02 1.266720719547486169e+02
2.701408521952826618e+02 1.265980385616244206e+02
2.712852113103600686e+02 1.265184195544866412e+02
2.724281149617201550e+02 1.264343217506585972e+02
2.735708235531294577e+02 1.263492804075888074e+02
2.747147575371405992e+02 1.262672828640993146e+02
2.758612531984742304e+02 1.261921738361465088e+02
2.770107756164543389e+02 1.261263217772324055e+02
2.781632748624545002e+02 1.260712224569850832e+02
2.793186898149100443e+02 1.260283547003852931e+02
2.804766136027780021e+02 1.259987669419304268e+02
2.816360544731486470e+02 1.259827795525770284e+02
2.827959641672196653e+02 1.259806425644959091e+02
2.839553089899076213e+02 1.259925865881621121e+02
2.851131334778841619e+02 1.260187379067596964e+02
2.862685083230800274e+02 1.260591879236807813e+02
2.874205324755296829e+02 1.261139839501202857e+02
2.885689430721616873e+02 1.261821774150171080e+02
2.897141092085843184e+02 1.262618335841012822e+02
2.908564272361527401e+02 1.263509751040257356e+02
2.919965955718174655e+02 1.264470530684524192e+02
2.931361964746941453e+02 1.265458462103362933e+02
2.942769730066148099e+02 1.266428289999986987e+02
2.954205854355283236e+02 1.267336609479384038e+02
2.965678592217976757e+02 1.268158673177499338e+02
2.977191362535428993e+02 1.268880541327426386e+02
2.988747464619958691e+02 1.269488490447427012e+02
3.000345819857868719e+02 1.269974891243414987e+02
3.011978092285276603e+02 1.270342216842823291e+02
3.023635263084474332e+02 1.270593890923486384e+02
3.035307825199538456e+02 1.270732393672669502e+02
3.046983708289528181e+02 1.270755251885710209e+02
3.058650003724266071e+02 1.270658372415123551e+02
3.070293855560494762e+02 1.270437524028191802e+02
3.081903568207611670e+02 1.270085481695240901e+02
3.093468572784591970e+02 1.269592113391290980e+02
3.104978349716758430e+02 1.268947171756055639e+02
3.116425128145411918e+02 1.268144679949903946e+02
3.127809005528120565e+02 1.267190885680009131e+02
3.139131478275307359e+02 1.266094210125489781e+02
3.150394170845933104e+02 1.264863082604544218e+02
3.161599965647810677e+02 1.263506012393686291e+02
3.172752459087409420e+02 1.262031554152937503e+02
3.183855241917667627e+02 1.260448222600843309e+02
3.194910958503810434e+02 1.258761767339613442e+02
3.205920715755792116e+02 1.256973445898441497e+02
3.216885479724963943e+02 1.255084104251709647e+02
3.227807487286748938e+02 1.253097691129698603e+02
3.238695496521571613e+02 1.251034076984512069e+02
3.249560351529431728e+02 1.248918225348952831e+02
3.260412853488045926e+02 1.246775010582493337e+02
3.271262878683258464e+02 1.244627378381662766e+02
3.282119422772099711e+02 1.242496438081154082e+02
3.292991444225261262e+02 1.240403220880407105e+02
3.303886140132586888e+02 1.238364609954309827e+02
3.314805774558479357e+02 1.236385871279415909e+02
3.325751754512882599e+02 1.234470252482330324e+02
3.336724804770299784e+02 1.232619366276745154e+02
3.347719118705061305e+02 1.230819173491566119e+02
3.358725257428741315e+02 1.229046930580422412e+02
3.369733696666327205e+02 1.227279688757949145e+02
3.380731920808433415e+02 1.225487290878165538e+02
3.391702651668339286e+02 1.223628103186100589e+02
3.402628186285303400e+02 1.221659468328647051e+02
3.413490357020539250e+02 1.219537603314076506e+02
3.424268665500262045e+02 1.217213079165633616e+02
3.434941884144308233e+02 1.214634700473077942e+02
3.445489227623455122e+02 1.211752338722858440e+02
3.455898932754308817e+02 1.208537630691312614e+02
3.466167659795922873e+02 1.204982534115017785e+02
3.476292397647047210e+02 1.201079799555895988e+02
3.486274271664871662e+02 1.196832160085854753e+02
3.496125742349632901e+02 1.192269703863423302e+02
3.505861194467375981e+02 1.187427162875400342e+02
3.515495486578437294e+02 1.182340413073436025e+02
3.525047898298804512e+02 1.177056004941012191e+02
3.534540118095356434e+02 1.171626305073768037e+02
3.543993809539933295e+02 1.166103620067863744e+02
3.553427635389752481e+02 1.160533017784136405e+02
3.562855575887720647e+02 1.154948270656678915e+02
3.572291204804938047e+02 1.149382170605232005e+02
3.581746274670286994e+02 1.143863115552818641e+02
3.591223608538920757e+02 1.138397959842008760e+02
3.600723297186189598e+02 1.132986965815490379e+02
3.610245335971125655e+02 1.127630165519710062e+02
3.619787852371176768e+02 1.122323082680182438e+02
3.629347263832559634e+02 1.117057113689298120e+02
3.638919926049842388e+02 1.111823505870690951e+02
3.648502969328874315e+02 1.106615361548148684e+02
3.658095601044219620e+02 1.101430757105196392e+02
3.667697373078290184e+02 1.096268593935413520e+02
3.677307903242978000e+02 1.091127919779734725e+02
3.686927409082642271e+02 1.086009113638677945e+02
3.696556428274466271e+02 1.080913265129433398e+02
3.706195504098586184e+02 1.075841474634396207e+02
3.715845330327185252e+02 1.070795079799832479e+02
3.725506830895053554e+02 1.065775781143482845e+02
3.735180949177968728e+02 1.060785309833508165e+02
3.744868020820370020e+02 1.055823879655911526e+02
3.754565468708744334e+02 1.050884431829615124e+02
3.764269844120943276e+02 1.045957731343177670e+02
3.773977616425161159e+02 1.041034347970834801e+02
3.783683695070184854e+02 1.036101134094139979e+02
3.793381589182404241e+02 1.031141605032362634e+02
3.803064757737407717e+02 1.026139157306056831e+02
3.812726437983141068e+02 1.021077021761491750e+02
3.822359285350735831e+02 1.015937994513005833e+02
3.831955860993428473e+02 1.010704801230753702e+02
3.841508723983080245e+02 1.005360432381471156e+02
3.851010414931018317e+02 9.998902270192522224e+01
3.860453464795161835e+02 9.942807523248016821e+01
3.869830382597644984e+02 9.885185795519993235e+01
3.879132477210042680e+02 9.825899145532514467e+01
3.888349258401580641e+02 9.764804154208083276e+01
3.897470088110675306e+02 9.701756952379079735e+01
3.906484523482600366e+02 9.636626954576787796e+01
3.915383036276369921e+02 9.569345814199601818e+01
3.924156365890576126e+02 9.499863397344236660e+01
3.932795454450860575e+02 9.428133558457687968e+01
3.941294988148013090e+02 9.354183780936236303e+01
3.949652948783172519e+02 9.278106358033234358e+01
3.957867440613316603e+02 9.199995886445877602e+01
3.965940965426148068e+02 9.119986981836807161e+01
3.973887317910732691e+02 9.038317028958293520e+01
3.981722080344884489e+02 8.955239680203858654e+01
3.989461027433363824e+02 8.871006064261835888e+01
3.997121598246528720e+02 8.785845481444026461e+01
4.004722084411594665e+02 8.699976050665304683e+01
4.012280617718171811e+02 8.613614567175466163e+01
4.019806630038500543e+02 8.526913499031212496e+01
4.027296769707880912e+02 8.439930792811063043e+01
4.034746663475317519e+02 8.352716841484044608e+01
4.042152145203293685e+02 8.265315282796342444e+01
4.049509997422373999e+02 8.177738812691858072e+01
4.056817274120625143e+02 8.089991273243765590e+01
4.064071074090029470e+02 8.002075935258939410e+01
4.071269297206347346e+02 7.913985863192846182e+01
4.078410534748840632e+02 7.825705312550869053e+01
4.085493405306481804e+02 7.737218267176633901e+01
4.092518328205576381e+02 7.648515546743388427e+01
4.099490248705316162e+02 7.559605151945606849e+01
4.106414811858080043e+02 7.470497739982309326e+01
4.113298948931026189e+02 7.381210620991151927e+01
4.120160441800125568e+02 7.291817229821454305e+01
4.127022516624980426e+02 7.202419161848347073e+01
4.133908359792849296e+02 7.113118180924729472e+01
4.140837154521498746e+02 7.024013911652019715e+01
4.147822318067683227e+02 6.935202897363001284e+01
4.154876819669316319e+02 6.846781441973934079e+01
4.162013445862643835e+02 6.758852052100772312e+01
4.169244165052247126e+02 6.671545009830975914e+01
4.176580716731411940e+02 6.584998368763132248e+01
4.184034797415332037e+02 6.499350855493604229e+01
4.191617358965227709e+02 6.414752853770644947e+01
4.199338723064574879e+02 6.331364612431443817e+01
4.207209178336635205e+02 6.249346588152547355e+01
4.215234453837132378e+02 6.168823543937791243e+01
4.223409061709331809e+02 6.089832433410406054e+01
4.231725820174592627e+02 6.012396949660979573e+01
4.240177203976332407e+02 5.936533418949816365e+01
4.248752861260700229e+02 5.862197543375017972e+01
4.257441051066558089e+02 5.789315231803789175e+01
4.266230109751078317e+02 5.717813614121062926e+01
4.275112481865949690e+02 5.647687273483384018e+01
4.284086412467812011e+02 5.579026032704231142e+01
4.293150584712553837e+02 5.511926907836615186e+01
4.302305319666194237e+02 5.446524824821322852e+01
4.311558108987990181e+02 5.383120674982947662e+01
4.320918406067954720e+02 5.322060754452634512e+01
4.330395652973558640e+02 5.263695839321550807e+01
4.339999100768702078e+02 5.208451936025406326e+01
4.349737842028737305e+02 5.156817474690444669e+01
4.359620952568184862e+02 5.109282748299614951e+01
4.369653823126293446e+02 5.066329841067084772e+01
4.379832970456749877e+02 5.028421069769397889e+01
4.390153602571249962e+02 4.996015835866690935e+01
4.400609321511218468e+02 4.969554654844539954e+01
4.411180835213663158e+02 4.949326409413682626e+01
4.421842645485293133e+02 4.935546999103863186e+01
4.432569187008655263e+02 4.928427122403677885e+01
4.443333658786754086e+02 4.927964298140308586e+01
4.454107549483617277e+02 4.933860977143999094e+01
4.464862222233000466e+02 4.945797953739601382e+01
4.475573355623817520e+02 4.963371796609175135e+01
4.486235098956808542e+02 4.985818577681038022e+01
4.496846542302624812e+02 5.012277938841560143e+01
4.507406957700337671e+02 5.041898680885882555e+01
4.517918579771894656e+02 5.073978778871220641e+01
4.528386053415544552e+02 5.107937571949283040e+01
4.538814091893354998e+02 5.143198285413118498e+01
4.549206963058305178e+02 5.179284188497935304e+01
4.559567884774571667e+02 5.215954389859003015e+01
4.569899923693059236e+02 5.253001962370187528e+01
4.580205990749403782e+02 5.290235910228795291e+01
4.590487776948741612e+02 5.327590049461079502e+01
4.600746398260589558e+02 5.365057028335661471e+01
4.610982971487617306e+02 5.402630115809746769e+01
4.621198794271585939e+02 5.440314406876510134e+01
4.631395409636933209e+02 5.478131043413488044e+01
4.641574378104252787e+02 5.516102311465997587e+01
4.651738006788869484e+02 5.554232295089202864e+01
4.661891727012488786e+02 5.592448910141275320e+01
4.672041787180777419e+02 5.630660151961561866e+01
4.682194456358303114e+02 5.668773471241065209e+01
4.692356329882464365e+02 5.706687716773151209e+01
4.702534263351275854e+02 5.744294875808236611e+01
4.712735121723309817e+02 5.781486694220561873e+01
4.722966296296561950e+02 5.818142384656487565e+01
4.733236393085962277e+02 5.854112234845267437e+01
4.743554188912266341e+02 5.889242465277055061e+01
4.753928025222352289e+02 5.923387024988243610e+01
4.764362914755739666e+02 5.956458952617397529e+01
4.774862333736923574e+02 5.988398562273983572e+01
4.785429633371840055e+02 6.019147761802774710e+01
4.796063374058499562e+02 6.048707837290735512e+01
4.806755743130495375e+02 6.077159063874069034e+01
4.817498486606360188e+02 6.104587186437079538e+01
4.828281122585523804e+02 6.131082375340889001e+01
4.839084054184733077e+02 6.156752906695827932e+01
4.849885353794331877e+02 6.181711686302635655e+01
4.860662575622099553e+02 6.206069287514205257e+01
4.871385332585977039e+02 6.229900538184320880e+01
4.882017026908935691e+02 6.253252310457305185e+01
4.892520892983150702e+02 6.276170577718841770e+01
4.902859640093520284e+02 6.298666746422952656e+01
4.912994791016442946e+02 6.320674117158152683e+01
4.922887705647101484e+02 6.342115268315718168e+01
4.932532032193136047e+02 6.362985426033111480e+01
4.942162367631401025e+02 6.383821944038033536e+01
4.952122216631345282e+02 6.405407215139078403e+01
4.962768178866290896e+02 6.428551543850204553e+01
4.974949545193668428e+02 6.455112914850866446e+01
4.990158167507455573e+02 6.488315682820267227e+01
5.009929097368153066e+02 6.531476064105176249e+01
