2.330493892484418694e+01 2.910196696727742349e+01
2.487730732759317576e+01 2.870756653993325003e+01
2.614219260487331198e+01 2.840822322676918787e+01
2.719753946925024479e+01 2.817442163181185322e+01
2.814049802990153992e+01 2.797689762019054882e+01
2.903732818929341164e+01 2.779615483240112184e+01
2.991416237879439421e+01 2.762538559462457144e+01
3.079445124333826911e+01 2.745863023926344226e+01
3.169913400440656659e+01 2.729041106469482614e+01
3.263058889452909028e+01 2.711881239907642538e+01
3.358287505604999268e+01 2.694351508285661367e+01
3.455001728323461663e+01 2.676421059317347328e+01
3.552707766780262943e+01 2.658124887308745343e+01
3.651143264909604369e+01 2.639644899009905643e+01
3.750077181285819705e+01 2.621182879387405507e+01
3.849290124124202350e+01 2.602946796432986076e+01
3.948737014786224364e+01 2.585237134514913038e+01
4.048506961238464896e+01 2.568425597291304996e+01
4.148692523192971748e+01 2.552885720427738292e+01
4.249386214829254982e+01 2.538955175953726240e+01
4.350680368196681513e+01 2.526828181354544611e+01
4.452667269812079809e+01 2.516663090479407572e+01
4.555436651017797800e+01 2.508613415676331471e+01
4.658978910748163571e+01 2.502644455934203194e+01
4.763155411626127034e+01 2.498477014431339427e+01
4.867818892560758570e+01 2.495815554279507253e+01
4.972813819266156798e+01 2.494371146610222567e+01
5.077923513374844333e+01 2.493903699950955044e+01
5.182903891560995646e+01 2.494195011894588632e+01
5.287510760808373078e+01 2.495027200864981864e+01
5.391504078690001478e+01 2.496228512386971943e+01
5.494653063291746520e+01 2.497730107639938169e+01
5.596728185707559788e+01 2.499477072965822444e+01
5.697512378424806911e+01 2.501415809903737397e+01
5.796975033299024460e+01 2.503512399239381736e+01
5.895229078976588255e+01 2.505748070881442402e+01
5.992391136368595284e+01 2.508104444426658830e+01
6.088624188454187447e+01 2.510615668016746582e+01
6.184276666484684881e+01 2.513526003973315426e+01
6.279743363779455478e+01 2.517132243162950900e+01
6.375416025261071695e+01 2.521727100475163041e+01
6.471567889426840736e+01 2.527444837190702032e+01
6.568318250736099628e+01 2.534213877748068100e+01
6.665776115309006400e+01 2.541948890163134678e+01
6.764038741754522732e+01 2.550539591061441769e+01
6.863116567231634235e+01 2.559691290699345956e+01
6.962981115268459575e+01 2.569026647852721723e+01
7.063603462759361662e+01 2.578168747779401571e+01
7.164898913872730191e+01 2.586913741392758226e+01
7.266658336459099132e+01 2.595443911941405446e+01
7.368655761319649855e+01 2.603993788909589924e+01
7.470672144982086138e+01 2.612789056902385454e+01
7.572592073363639997e+01 2.621923054925390772e+01
7.674379906490787562e+01 2.631387242079656374e+01
7.776002056457141975e+01 2.641170456761294361e+01
7.877445356172319180e+01 2.651229157163957240e+01
7.978778321810027307e+01 2.661390280671463060e+01
8.080089890359978710e+01 2.671448384465169212e+01
8.181466608851206956e+01 2.681203964994769962e+01
8.282902114590608278e+01 2.690688407766345236e+01
8.384269351869848208e+01 2.700233031336722433e+01
8.485433198863243831e+01 2.710189199293348139e+01
8.586269995509290709e+01 2.720879611552869193e+01
8.686740791347406798e+01 2.732415125589938043e+01
8.786844603010871424e+01 2.744811650469686271e+01
8.886580696579348171e+01 2.758084463677529996e+01
8.985963253673573092e+01 2.772209896208696378e+01
9.085039734456375982e+01 2.787077384294929061e+01
9.183862101895434193e+01 2.802564606736970632e+01
9.282481998171633109e+01 2.818549868562922356e+01
9.380946265545030371e+01 2.834920845017678559e+01
9.479298051287115356e+01 2.851572424557571495e+01
9.577580407621449865e+01 2.868399681187783301e+01
9.675824607094139651e+01 2.885326109625240321e+01
9.774014803541516017e+01 2.902388887433852105e+01
9.872123371122479796e+01 2.919653612889274541e+01
9.970123137759125598e+01 2.937184795819731420e+01
1.006800457141832368e+02 2.955004632659508701e+01
1.016578105510901651e+02 2.973080353247552665e+01
1.026346750329097119e+02 2.991375513912723605e+01
1.036107736485628976e+02 3.009857181089870437e+01
1.045861325723596593e+02 3.028518363090894638e+01
1.055607294316805991e+02 3.047363695453773147e+01
1.065345411093855290e+02 3.066397990547501706e+01
1.075074351968337538e+02 3.085651921690050159e+01
1.084790354416123108e+02 3.105213861392154229e+01
1.094489325976478540e+02 3.125179989243487100e+01
1.104167851221341579e+02 3.145630072955129108e+01
1.113832645137448196e+02 3.166398309906664821e+01
1.123498221124907133e+02 3.187129856950215157e+01
1.133179293186099841e+02 3.207465008159056907e+01
1.142889744485232484e+02 3.227064782012038080e+01
1.152640134833811061e+02 3.245673094610278042e+01
1.162440193205166565e+02 3.263054586460467732e+01
1.172299395263744941e+02 3.278980236572531481e+01
1.182217369291066973e+02 3.293467433269591993e+01
1.192180951469934769e+02 3.306853659288060499e+01
1.202176123065661812e+02 3.319497789812761823e+01
1.212190817317366509e+02 3.331714863562361728e+01
1.222227393770567119e+02 3.343495940372814346e+01
1.232294677884010099e+02 3.354686871785914803e+01
1.242401526903803983e+02 3.365132808230977446e+01
1.252557071083692506e+02 3.374675472584111446e+01
1.262771049793511224e+02 3.383148940397550319e+01
1.273053284820494184e+02 3.390386252490482377e+01
1.283412924550002856e+02 3.396231576992204282e+01
1.293849041280104188e+02 3.400695579560974124e+01
1.304352950716913995e+02 3.403917095982546925e+01
1.314915769040066493e+02 3.406038259023448234e+01
1.325526444788019944e+02 3.407176551601861547e+01
1.336165255934520530e+02 3.407350857242585107e+01
1.346810312812137909e+02 3.406555409622075814e+01
1.357439502825113493e+02 3.404783052200409088e+01
1.368022047038924995e+02 3.401972583775901171e+01
1.378515908638472922e+02 3.397992597219700173e+01
1.388878298425547655e+02 3.392706993422672213e+01
1.399065960596174421e+02 3.386012381355580914e+01
1.409032190838138945e+02 3.378047103142195340e+01
1.418728739207626006e+02 3.369057846420943747e+01
1.428107769691731050e+02 3.359291710136263021e+01
1.437210745262496516e+02 3.348974644590710170e+01
1.446278366721579403e+02 3.338285414673589457e+01
1.455578293054771848e+02 3.327396400778544461e+01
1.465407508784405763e+02 3.316460111771582575e+01
1.476501795349929296e+02 3.305331719586674666e+01
1.489934720926492560e+02 3.293637505598719883e+01
1.506788542737109537e+02 3.280997863322582475e+01
