2.148210594056016021e+01 1.080525837072747350e+02
2.295870662493438630e+01 1.074921399307368830e+02
2.420353875185164227e+01 1.070102695117709999e+02
2.528703708515249815e+01 1.065746368709736771e+02
2.627933297374039867e+01 1.061530057479615152e+02
2.723047489776234897e+01 1.057197137539683069e+02
2.815825216643594331e+01 1.052596581294690452e+02
2.907754260931869794e+01 1.047586891507691007e+02
3.000193309816673093e+01 1.042033159705411123e+02
3.092845214291685352e+01 1.035884987638470562e+02
3.184265965670967091e+01 1.029150510244139554e+02
3.272988578993255970e+01 1.021839035118066477e+02
3.357660897227506780e+01 1.013967170476527571e+02
3.437448693459331395e+01 1.005584453904867530e+02
3.511663701161329953e+01 9.967497029729268831e+01
3.579622268983511191e+01 9.875217144728306096e+01
3.641062428729417633e+01 9.779573349991271414e+01
3.696476758574171839e+01 9.681099215250883105e+01
3.746436166930867273e+01 9.580324687627967251e+01
3.791560334005142607e+01 9.477787976676917481e+01
3.833198710528102993e+01 9.374150922439598332e+01
3.873262526026448427e+01 9.270170535951930901e+01
3.913677460928374074e+01 9.166606276378303164e+01
3.956175898430598181e+01 9.064135082461625359e+01
4.001506434620280572e+01 8.963013904896831718e+01
4.050105469982064221e+01 8.863366415115072527e+01
4.102405617773856505e+01 8.765314815970508278e+01
4.158349321809175336e+01 8.668791902954997397e+01
4.216900483187993132e+01 8.573352350899448027e+01
4.276906776916356279e+01 8.478505923475711370e+01
4.337226804001328873e+01 8.383767414868052015e+01
4.396911656582365424e+01 8.288740245376541793e+01
4.455177001680158355e+01 8.193103608311167818e+01
4.511243806062978479e+01 8.096539137073763470e+01
4.564454012617041201e+01 7.998778473330379768e+01
4.614845233713690220e+01 7.899840829748814031e+01
4.662703260003787875e+01 7.799848009203819288e+01
4.708313941401794978e+01 7.698921834887298132e+01
4.751910659088535738e+01 7.597161554498613611e+01
4.793609729570265188e+01 7.494616046831575318e+01
4.833511629735538406e+01 7.391327375436965497e+01
4.871707240812581574e+01 7.287333610768672543e+01
4.908086166646614146e+01 7.182589064574491999e+01
4.942346967032632676e+01 7.076968548351311483e+01
4.974180654518913514e+01 6.970343732917166335e+01
5.003357587573928811e+01 6.862619173450113408e+01
5.030164691367400565e+01 6.753913512573892319e+01
5.055095656547078420e+01 6.644431085414171889e+01
5.078645350883191867e+01 6.534376714814537479e+01
5.101545743804501143e+01 6.424053438875723998e+01
5.125121160982097734e+01 6.314009669016463988e+01
5.150786915467822524e+01 6.204831506602712210e+01
5.179934025064049763e+01 6.097094984875614898e+01
5.213338520011201638e+01 5.991121281840469948e+01
5.251128500991502079e+01 5.886963068868336535e+01
5.293401179414559721e+01 5.784660216595186455e+01
5.340163371689617122e+01 5.684215189636289267e+01
5.390753818676337517e+01 5.585353998735126879e+01
5.444211827795672320e+01 5.487678747191578310e+01
5.499575348044606216e+01 5.390790977010212970e+01
5.555926014732770568e+01 5.294310978622755925e+01
5.612467920439964075e+01 5.197911596248851396e+01
5.668426452923470293e+01 5.101274813151009369e+01
5.723032663261295028e+01 5.004085004247396995e+01
5.775693467574159001e+01 4.906100813360409774e+01
5.826021478386547869e+01 4.807167751186472060e+01
5.873640983769184487e+01 4.707136259077993401e+01
5.918193070285905577e+01 4.605862801833499987e+01
5.959460256105749210e+01 4.503254557470152974e+01
5.997295905003559824e+01 4.399244107158038020e+01
6.031553966213332529e+01 4.293764240842384083e+01
6.062227051068118300e+01 4.186794635658694119e+01
6.089744721276140638e+01 4.078462719104850009e+01
6.114622391772387999e+01 3.968924949081455367e+01
6.137385780770385679e+01 3.858341935896709884e+01
6.158961146436561762e+01 3.747035714703783071e+01
6.180795062503175075e+01 3.635538017239019837e+01
6.204368876267528776e+01 3.524394589614377082e+01
6.231112690815077571e+01 3.414149353094673245e+01
6.261962979502613535e+01 3.305328650397544266e+01
6.297580347498452369e+01 3.198449000355058303e+01
6.338622367406082958e+01 3.094026814095300182e+01
6.385417729358272254e+01 2.992571852883855854e+01
6.437128107286022782e+01 2.894570281419221303e+01
6.492656441266738909e+01 2.800503032912344281e+01
6.550922078673963256e+01 2.710833323292474972e+01
6.611663336279990233e+01 2.625140011223700398e+01
6.675800959001070112e+01 2.541725120214556100e+01
6.744347878701285026e+01 2.458791126467925992e+01
6.818613706884630687e+01 2.374322656028966350e+01
6.903195263050075425e+01 2.283890556968869490e+01
7.004735810074876667e+01 2.181562985725357251e+01
7.129909528804071783e+01 2.061385395849774582e+01
