5.584323805396493867e+01 5.356659341644576244e+01
5.720742798961435227e+01 5.571333477680959589e+01
5.823288583952927411e+01 5.732619691446363674e+01
5.903080998600937335e+01 5.858056962836425186e+01
5.970926822113617760e+01 5.964689782504745352e+01
6.032920318823825312e+01 6.062119035438254855e+01
6.091513560099937763e+01 6.154192617210186711e+01
6.149061077493789185e+01 6.244604297227095913e+01
6.207254134054377914e+01 6.335987373844079684e+01
6.266291520564507067e+01 6.428588896669843678e+01
6.326168114082700100e+01 6.522329886562039292e+01
6.386881223872467217e+01 6.617126076502277954e+01
6.448446399401636597e+01 6.712853543300177250e+01
6.510887470186374060e+01 6.809370362046998082e+01
6.574228651561639936e+01 6.906534476648117504e+01
6.638508042166134260e+01 7.004202167396103107e+01
6.703782065602293017e+01 7.102227518734079581e+01
6.770108399780163211e+01 7.200464464803614817e+01
6.837542306741346465e+01 7.298773546928981659e+01
6.906129162907036800e+01 7.397042342716397911e+01
6.975911816485893269e+01 7.495165344205739189e+01
7.046930913764231263e+01 7.593039171980788637e+01
7.119192937673450672e+01 7.690593471466516462e+01
7.192677435944928277e+01 7.787783925656658823e+01
7.267363183731106346e+01 7.884566971615416264e+01
7.343218735075657833e+01 7.980910690637236371e+01
7.420189149584464872e+01 8.076809929668846166e+01
7.498216198183270365e+01 8.172263282231799053e+01
7.577239639504090007e+01 8.267271481440191394e+01
7.657183767307799371e+01 8.361851703595570484e+01
7.737965705013262152e+01 8.456028748941334072e+01
7.819503007710673614e+01 8.549827323401856916e+01
7.901733104270920194e+01 8.643266390580518532e+01
7.984620184617210725e+01 8.736357181754618750e+01
8.068130325411343051e+01 8.829110383048082156e+01
8.152234693928443221e+01 8.921534428948511675e+01
8.236925766950315619e+01 9.013628328505737386e+01
8.322201596307559157e+01 9.105388624861934943e+01
8.408059377842438664e+01 9.196812055753879633e+01
8.494482613782803071e+01 9.287898471995620753e+01
8.581443793066841863e+01 9.378650228139133560e+01
8.668915084919524361e+01 9.469069747630668132e+01
8.756866559226193658e+01 9.559158905869962553e+01
8.845263356060392823e+01 9.648918291296730843e+01
8.934069908604853083e+01 9.738348307812157145e+01
9.023251099274230569e+01 9.827449096809672824e+01
9.112775348900638051e+01 9.916218732015735782e+01
9.202612753890939246e+01 1.000465430803813263e+02
9.292733475721107084e+01 1.009275297705493983e+02
9.383110110318577313e+01 1.018051469662975990e+02
9.473718597939213737e+01 1.026794327822542527e+02
9.564535121628446745e+01 1.035504281308785579e+02
9.655535397737558867e+01 1.044182188328502008e+02
9.746693144080704485e+01 1.052830830205496113e+02
9.837981543605451407e+01 1.061453502945543619e+02
9.929373388420904689e+01 1.070053650463995609e+02
1.002083502198379961e+02 1.078637157058632852e+02
1.011232749723710356e+02 1.087211909131887921e+02
1.020381172500039213e+02 1.095785849808889481e+02
1.029525291519911434e+02 1.104366182914673971e+02
1.038662659199607958e+02 1.112958338575995185e+02
1.047790979442573160e+02 1.121567486413177051e+02
1.056908207449533705e+02 1.130198231785824134e+02
1.066014327366741128e+02 1.138850624277048666e+02
1.075110304540486510e+02 1.147522510291993854e+02
1.084197127815776440e+02 1.156211682230279933e+02
1.093276579744829178e+02 1.164914092690413696e+02
1.102351555294723369e+02 1.173623115710344393e+02
1.111425032564873305e+02 1.182331932628550675e+02
1.120500107768018410e+02 1.191033439987104430e+02
1.129580394558374365e+02 1.199719286666378508e+02
1.138669648248289974e+02 1.208380779978790684e+02
1.147771607721731328e+02 1.217009264807660429e+02
1.156889732115048162e+02 1.225596725812953309e+02
1.166027246456358739e+02 1.234135683055010873e+02
1.175187367024900738e+02 1.242618676751145159e+02
1.184372789520568574e+02 1.251039488004466307e+02
1.193584933532831087e+02 1.259394939735486503e+02
1.202825026697123292e+02 1.267682312418479000e+02
1.212094255115217436e+02 1.275898985923111297e+02
1.221393461101403659e+02 1.284043162846729160e+02
1.230723317191954891e+02 1.292113452087319274e+02
1.240084494232128094e+02 1.300108466997342020e+02
1.249477639183606072e+02 1.308026897952487957e+02
1.258903364855864453e+02 1.315867545467471871e+02
1.268362281431876113e+02 1.323629218527341038e+02
1.277854364133592924e+02 1.331312272760387430e+02
1.287376742413414092e+02 1.338923995543675574e+02
1.296925748806639263e+02 1.346473615391464307e+02
1.306497580359657320e+02 1.353970690487239494e+02
1.316086053880366649e+02 1.361430570567104894e+02
1.325682954360064798e+02 1.368873549146020423e+02
1.335280004177071476e+02 1.376320072118940061e+02
1.344869922798827986e+02 1.383788171237787878e+02
1.354447927211948013e+02 1.391289831284009892e+02
1.364009619122272738e+02 1.398836105560394003e+02
1.373550876891657708e+02 1.406437357818316229e+02
1.383069926908048899e+02 1.414098099470495242e+02
1.392566179611730206e+02 1.421819890737877756e+02
1.402039067827621182e+02 1.429604231137991235e+02
1.411488706875194055e+02 1.437450667466837899e+02
1.420916207816075598e+02 1.445355897549474946e+02
1.430322760496340493e+02 1.453316393796577586e+02
1.439709795385365396e+02 1.461327845123332168e+02
1.449079846244522969e+02 1.469382348006843984e+02
1.458435762859505473e+02 1.477470969914863304e+02
1.467780342623875924e+02 1.485584845341737434e+02
1.477115431758284672e+02 1.493716326573772335e+02
1.486442048292536811e+02 1.501858826234613673e+02
1.495761180582552470e+02 1.510005795593643825e+02
1.505072946996015446e+02 1.518152084288205685e+02
1.514375239039856922e+02 1.526296121280743137e+02
1.523665596974379355e+02 1.534436900106888402e+02
1.532941448831498690e+02 1.542573505109344865e+02
1.542199245840519097e+02 1.550705810988646647e+02
1.551434936281314663e+02 1.558834099395531894e+02
1.560644443194851476e+02 1.566958701119377793e+02
1.569822552420237116e+02 1.575082416124453459e+02
1.578962356903599584e+02 1.583211720106646681e+02
1.588056811825763361e+02 1.591353387887837414e+02
1.597098672751571655e+02 1.599515229792881712e+02
1.606079758848988490e+02 1.607709913682417096e+02
1.614991614946856657e+02 1.615951530544506625e+02
1.623825972872276111e+02 1.624254005811717150e+02
1.632578070461055972e+02 1.632628158108644527e+02
1.641246259307294793e+02 1.641082046839960071e+02
1.649829001737487033e+02 1.649623630600623301e+02
1.658326002753429407e+02 1.658258429522553570e+02
1.666740218031692393e+02 1.666985585039800526e+02
1.675075128221644718e+02 1.675803208448643602e+02
1.683334178252955553e+02 1.684709177874951251e+02
1.691520494177527780e+02 1.693699289880044887e+02
1.699637034412215542e+02 1.702768246740165807e+02
1.707686726122939547e+02 1.711910748967712834e+02
1.715670804569980419e+02 1.721121950381986210e+02
1.723587935037178056e+02 1.730397693367911245e+02
1.731436567756768454e+02 1.739733877928503603e+02
1.739214800034314976e+02 1.749126659298225661e+02
1.746919035326388610e+02 1.758573417678551891e+02
1.754545169539044309e+02 1.768071900324120520e+02
1.762089129533682694e+02 1.777619875080598035e+02
1.769547443703331737e+02 1.787215507374265258e+02
1.776917185352821491e+02 1.796857322789306011e+02
1.784195448912214488e+02 1.806543859825006280e+02
1.791380152812049005e+02 1.816273599564896415e+02
1.798471418464095279e+02 1.826044869590370752e+02
1.805469731514141074e+02 1.835855972103261422e+02
1.812375584604625089e+02 1.845705265654760865e+02
1.819189534453603017e+02 1.855591624845827994e+02
1.825912172169015264e+02 1.865514201245348715e+02
1.832544064576828760e+02 1.875472162502929621e+02
1.839084301863659334e+02 1.885465482282829726e+02
1.845529685425131277e+02 1.895495383572021808e+02
1.851876819771620717e+02 1.905563196826096544e+02
1.858122571218520420e+02 1.915670176527295325e+02
1.864265091691582938e+02 1.925817204085843741e+02
1.870302927090924641e+02 1.936005046584315323e+02
1.876234621957351010e+02 1.946234473415260027e+02
1.882058691549775631e+02 1.956506300836952619e+02
1.887773624071434710e+02 1.966821388410342593e+02
1.893377905919059287e+02 1.977180597640671920e+02
1.898869494240024949e+02 1.987585003252593765e+02
1.904244899935192450e+02 1.998036262622072741e+02
1.909500389121535022e+02 2.008536131741488759e+02
1.914632401133099222e+02 2.019086290871227050e+02
1.919639002935434178e+02 2.029687708657160101e+02
1.924519153291354314e+02 2.040340963843714519e+02
1.929271812187760133e+02 2.051046634092516285e+02
1.933895438031666458e+02 2.061805481636915829e+02
1.938387695872584686e+02 2.072618560650532800e+02
1.942746180620385701e+02 2.083486951117021704e+02
1.946968067124435038e+02 2.094411900737947576e+02
1.951048419653118913e+02 2.105395499908333647e+02
1.954981641035122379e+02 2.116440103116789260e+02
1.958762249934213457e+02 2.127548016186287043e+02
1.962387169860239737e+02 2.138720534695011111e+02
1.965855590713641163e+02 2.149958002139718758e+02
1.969166794876420852e+02 2.161260723186899497e+02
1.972323322245427164e+02 2.172627649844768314e+02
1.975336811808325592e+02 2.184053955793254715e+02
1.978220478986489752e+02 2.195534160110175605e+02
1.980987959336201811e+02 2.207062607560609422e+02
1.983656939733438662e+02 2.218631962028981377e+02
1.986247373024823730e+02 2.230233947255148905e+02
1.988779224740800089e+02 2.241860281713861696e+02
1.991271645932124272e+02 2.253503021628790179e+02
1.993742472953296101e+02 2.265154768402629770e+02
1.996209422731046743e+02 2.276808172962456069e+02
1.998689024312394338e+02 2.288456378669852427e+02
2.001191699561130122e+02 2.300095060613940348e+02
2.003725913150805411e+02 2.311720705235369167e+02
2.006299971394670649e+02 2.323329864641719951e+02
2.008918804070106034e+02 2.334920491083926208e+02
2.011584095283905924e+02 2.346491882690549744e+02
2.014297396869022805e+02 2.358043392440089292e+02
2.017059331069073664e+02 2.369574758906874763e+02
2.019867865748543352e+02 2.381086821707881995e+02
2.022720498069567157e+02 2.392580615708530161e+02
2.025614532445777058e+02 2.404057255701644351e+02
2.028545365531212497e+02 2.415518647574576221e+02
2.031507304785557722e+02 2.426967148873105486e+02
2.034494629449482659e+02 2.438405128841095859e+02
2.037500517372149034e+02 2.449835413186059156e+02
2.040516332043636112e+02 2.461261579563357884e+02
2.043533267641270470e+02 2.472687275798784867e+02
2.046542848289850554e+02 2.484116013075757508e+02
2.049538333967820449e+02 2.495550583702151926e+02
2.052513553483065607e+02 2.506993544414391977e+02
2.055462595007301729e+02 2.518447344515913926e+02
2.058385297788438208e+02 2.529912051114350788e+02
2.061287139606835694e+02 2.541385395739104354e+02
2.064173837401805827e+02 2.552865010855759067e+02
2.067054087863039058e+02 2.564347294643625332e+02
2.069945286134594653e+02 2.575825042167157335e+02
2.072866406068249603e+02 2.587290394551047825e+02
2.075836197099961851e+02 2.598735585867164559e+02
2.078871128341529015e+02 2.610153794638163731e+02
2.081986340044602741e+02 2.621538749765909984e+02
2.085196905102571350e+02 2.632884208051798396e+02
2.088514060030493340e+02 2.644185515337821357e+02
2.091942591338045645e+02 2.655440689079539993e+02
2.095486667350959635e+02 2.666648002786350844e+02
2.099149349365594333e+02 2.677806188505935552e+02
2.102927738616787678e+02 2.688916446979619650e+02
2.106816939383096212e+02 2.699980806100139148e+02
2.110812001293843707e+02 2.711001316395988852e+02
2.114906750241269719e+02 2.721980535268394306e+02
2.119093788380532715e+02 2.732921526991320889e+02
2.123365664656428180e+02 2.743827377878492939e+02
2.127714921927285729e+02 2.754701176762482078e+02
2.132134084885921368e+02 2.765546019993518598e+02
2.136615674851064455e+02 2.776365005318173758e+02
2.141152227108786121e+02 2.787161224697643434e+02
2.145736422677533426e+02 2.797937709729716289e+02
2.150361029255452650e+02 2.808697456108813526e+02
2.155018824047411101e+02 2.819443455591583074e+02
2.159703255412105136e+02 2.830178421935922870e+02
2.164408923408291798e+02 2.840904591853848729e+02
2.169130541438134117e+02 2.851624155109383310e+02
2.173862797347826472e+02 2.862339312052976084e+02
2.178600238173821708e+02 2.873052321364791055e+02
2.183337362716659413e+02 2.883765461706472024e+02
2.188068749629696015e+02 2.894480978663631277e+02
2.192790882220520530e+02 2.905200328890379069e+02
2.197502186467393130e+02 2.915924164362439797e+02
2.202201176519164676e+02 2.926653100534180112e+02
2.206887523113322800e+02 2.937387273786145556e+02
2.211564426461149822e+02 2.948125358545652261e+02
2.216235757649005222e+02 2.958865751354964004e+02
2.220905357686950765e+02 2.969606861214444962e+02
2.225576745286775804e+02 2.980347230625691282e+02
2.230253243511798473e+02 2.991085483131104183e+02
2.234938190102464830e+02 3.001820236193633491e+02
2.239636413504254335e+02 3.012549489806103225e+02
2.244355353181347823e+02 3.023270162442210562e+02
2.249102712399478037e+02 3.033979063305491195e+02
2.253886321535619572e+02 3.044672948948353337e+02
2.258714727770939987e+02 3.055348279013586534e+02
2.263596729318400946e+02 3.066001409163358744e+02
2.268541023018160274e+02 3.076628737049828715e+02
2.273553792858576230e+02 3.087227701182753208e+02
2.278638608658138480e+02 3.097796822896803519e+02
2.283798917266062745e+02 3.108334674462207090e+02
2.289035851738059364e+02 3.118840786553800513e+02
2.294343325207840110e+02 3.129317680435901821e+02
2.299713846495778853e+02 3.139768459058434473e+02
2.305139827210439591e+02 3.150196265637663373e+02
2.310612608823996652e+02 3.160604686653682052e+02
2.316122869838490033e+02 3.170997583197068934e+02
2.321661294417303907e+02 3.181378814013389729e+02
2.327219985482393270e+02 3.191751650179206194e+02
2.332793582548386837e+02 3.202118312080049236e+02
2.338376988182750154e+02 3.212480911141408910e+02
2.343965206264905135e+02 3.222841516824052519e+02
2.349553825441456070e+02 3.233201956370631365e+02
2.355138643708253312e+02 3.243563970308639455e+02
2.360715442417613303e+02 3.253929306059543478e+02
2.366279569129694096e+02 3.264299890727320985e+02
2.371825911111812104e+02 3.274677842075407170e+02
2.377349333739092572e+02 3.285065286935270024e+02
2.382845626447945619e+02 3.295463969379566151e+02
2.388313527252201993e+02 3.305874412139869492e+02
2.393752361009285607e+02 3.316296894869119569e+02
2.399161731297034521e+02 3.326731581770503681e+02
2.404544394331784929e+02 3.337177331181835598e+02
2.409905099504514112e+02 3.347632175841126809e+02
2.415248628741328218e+02 3.358094135009897627e+02
2.420579871440014301e+02 3.368561183433834003e+02
2.425903913146398452e+02 3.379031214612145391e+02
2.431225860280928259e+02 3.389502113397571748e+02
2.436550068598018868e+02 3.399972075578834847e+02
2.441876458722942687e+02 3.410441134034908259e+02
2.447203328259449222e+02 3.420909993922155650e+02
2.452528958786395776e+02 3.431379367034617189e+02
2.457851269636117308e+02 3.441850115212635615e+02
2.463167788087831127e+02 3.452323262689050694e+02
2.468476022029378782e+02 3.462799841728809156e+02
2.473774176875446074e+02 3.473280595671093351e+02
2.479062734198290912e+02 3.483765325037508660e+02
2.484342639092777461e+02 3.494253638351851805e+02
2.489615137925812292e+02 3.504745019346772779e+02
2.494884979351764684e+02 3.515237501057883946e+02
2.500159171565304632e+02 3.525728180587221345e+02
2.505444764159450699e+02 3.536214137889031122e+02
2.510749197970640694e+02 3.546692290857844228e+02
2.516080642804479339e+02 3.557159255436714034e+02
2.521447348065378833e+02 3.567611614597507241e+02
2.526857478586929631e+02 3.578045986342108336e+02
2.532318687696615598e+02 3.588459200543011889e+02
2.537838437398781366e+02 3.598848166320535711e+02
2.543424127683847473e+02 3.609209818482031551e+02
2.549081451673933429e+02 3.619541798843561082e+02
2.554814218268290915e+02 3.629842529692623998e+02
2.560626138849606264e+02 3.640110473709451639e+02
2.566519554143135338e+02 3.650344661321286139e+02
2.572492230577311147e+02 3.660546017698233072e+02
2.578540981490087347e+02 3.670715862794875761e+02
2.584662455080303971e+02 3.680855584969897336e+02
2.590851326050110401e+02 3.690967390045935304e+02
2.597100969879560921e+02 3.701054022010823701e+02
2.603404742583874736e+02 3.711118232915306407e+02
2.609756380868906831e+02 3.721162617138807036e+02
2.616150345595617637e+02 3.731189469136130015e+02
2.622581178742581187e+02 3.741201049765457469e+02
2.629043806594862076e+02 3.751199460708057813e+02
2.635535535094948045e+02 3.761185818008685828e+02
2.642054579886143983e+02 3.771160860920735445e+02
2.648599170322041232e+02 3.781125323020195879e+02
2.655167877618897592e+02 3.791079796323231221e+02
2.661759657921197686e+02 3.801024713453414847e+02
2.668373487839793938e+02 3.810960498559544476e+02
2.675007810188628241e+02 3.820887796913087868e+02
2.681659245782049084e+02 3.830808008539644334e+02
2.688324027030470234e+02 3.840722694359175762e+02
2.694998288010003762e+02 3.850633456023799681e+02
2.701676954441327325e+02 3.860542395711991617e+02
2.708354140331653070e+02 3.870451951831123552e+02
2.715023952243809049e+02 3.880364565871831246e+02
2.721681416797439397e+02 3.890282298175866345e+02
2.728323347499391502e+02 3.900206468837147327e+02
2.734946763158438330e+02 3.910138312899833295e+02
2.741549177315172869e+02 3.920078860435990578e+02
2.748131240049469284e+02 3.930027842019592299e+02
2.754694826821946663e+02 3.939984480537706872e+02
2.761241857055447895e+02 3.949947980653265631e+02
2.767775481517804792e+02 3.959917036566985189e+02
2.774300265170209059e+02 3.969889756216356886e+02
2.780820850883168305e+02 3.979864215241021839e+02
2.787341573136103534e+02 3.989838616736345784e+02
2.793865689765281104e+02 3.999811608766227664e+02
2.800396223795668220e+02 4.009781936440319328e+02
2.806936136579417962e+02 4.019748370327275779e+02
2.813487609997340542e+02 4.029710002767360493e+02
2.820052291670507998e+02 4.039666146647263645e+02
2.826631817101818456e+02 4.049616119853905047e+02
2.833227600817329517e+02 4.059559331201640475e+02
2.839840619136640498e+02 4.069495369817812502e+02
2.846471796747699727e+02 4.079423846075118831e+02
2.853121996044380353e+02 4.089344396063252134e+02
2.859791675020020421e+02 4.099256822821388937e+02
2.866481130218400608e+02 4.109160996040249074e+02
2.873190639889077715e+02 4.119056793017558675e+02
2.879919925482029157e+02 4.128944322615537317e+02
2.886668056166014935e+02 4.138823964970263205e+02
2.893434063980978976e+02 4.148696115659182624e+02
2.900216774869734877e+02 4.158561257054062708e+02
2.907014278807792493e+02 4.168420181466866552e+02
2.913824501558298152e+02 4.178273750364824082e+02
2.920645479823560891e+02 4.188122779977387040e+02
2.927476692838473582e+02 4.197967498311055010e+02
2.934318628640421025e+02 4.207807722011920077e+02
2.941171799575573687e+02 4.217643257851455587e+02
2.948037228164380963e+02 4.227473709909827448e+02
2.954916969991141968e+02 4.237298271832821683e+02
2.961813205446686084e+02 4.247116087680818168e+02
2.968728137512829335e+02 4.256926295874159791e+02
2.975664119356252968e+02 4.266727997338223304e+02
2.982623565410388551e+02 4.276520277702603039e+02
2.989608919186458706e+02 4.286302211151896699e+02
2.996623562058918537e+02 4.296072501884040662e+02
3.003671996101830359e+02 4.305829411981439421e+02
3.010758789217436515e+02 4.315571177557442297e+02
3.017888502915687354e+02 4.325296042534303638e+02
3.025065675357086548e+02 4.335002279358229771e+02
3.032294839372301567e+02 4.344688166986425131e+02
3.039580509635635508e+02 4.354351991042972259e+02
3.046926957866489829e+02 4.363992126363143598e+02
3.054338282436117424e+02 4.373607011434335163e+02
3.061818574101600916e+02 4.383195087486153056e+02
3.069371328428418337e+02 4.392755006063489986e+02
3.076998810232674373e+02 4.402285853605512784e+02
3.084703131894652302e+02 4.411786770415694718e+02
3.092486134271284755e+02 4.421256983752222709e+02
3.100347809510829507e+02 4.430696312917887667e+02
3.108287379196159463e+02 4.440104823987232976e+02
3.116304084274951265e+02 4.449482568431760114e+02
3.124397907246358841e+02 4.458829075966371533e+02
3.132569734492944349e+02 4.468143240332402115e+02
3.140820507173528426e+02 4.477423916727578899e+02
3.149150684816938792e+02 4.486670029186872739e+02
3.157558927334254122e+02 4.495880758956665204e+02
3.166043474393624138e+02 4.505055347346798840e+02
3.174602463808953416e+02 4.514193044061110527e+02
3.183232630392914189e+02 4.523293214427305884e+02
3.191929687665422648e+02 4.532355307939675413e+02
3.200689326848973337e+02 4.541378774387306976e+02
3.209507371825419000e+02 4.550362794808553417e+02
3.218379926621815343e+02 4.559305982703804716e+02
3.227303130832007696e+02 4.568206879519714789e+02
3.236273259095020194e+02 4.577063964513761789e+02
3.245287527846394937e+02 4.585875283239965370e+02
3.254343554581758440e+02 4.594638696561561915e+02
3.263438968433847549e+02 4.603352078051478884e+02
3.272571757052120347e+02 4.612013774079279074e+02
3.281740353855638546e+02 4.620622718876553563e+02
3.290943220128613120e+02 4.629177883425311961e+02
3.300178658741376694e+02 4.637678944867642485e+02
3.309444367058969192e+02 4.646128279501028828e+02
3.318737897797684013e+02 4.654528908422312270e+02
3.328056790609269910e+02 4.662883870022351971e+02
3.337398399841076753e+02 4.671196447986185376e+02
3.346759942226318003e+02 4.679470108163682767e+02
3.356138631475301395e+02 4.687708315301505309e+02
3.365531724769966218e+02 4.695913544531206867e+02
3.374936573051122082e+02 4.704086136599395331e+02
3.384350539459512675e+02 4.712226154525863535e+02
3.393770755127701477e+02 4.720333688230895177e+02
3.403192693714316874e+02 4.728409019812801262e+02
3.412611107804267476e+02 4.736452514975732129e+02
3.422020724923216903e+02 4.744464502545201867e+02
3.431415457865411440e+02 4.752443939145719014e+02
3.440788186057654912e+02 4.760388040965865457e+02
3.450131722323267240e+02 4.768293912018201581e+02
3.459438547682211720e+02 4.776158217479732002e+02
3.468699845762725431e+02 4.783975906626750998e+02
3.477906483133761526e+02 4.791741509400167729e+02
3.487049352567598817e+02 4.799449423381767019e+02
3.496119729657305015e+02 4.807092112436121170e+02
3.505109180027479852e+02 4.814660575410808860e+02
3.514009281229971293e+02 4.822145781120023003e+02
3.522812558093869484e+02 4.829539962921687106e+02
3.531513622215127270e+02 4.836838139850202651e+02
3.540107363445611668e+02 4.844035702390648908e+02
3.548619402929506350e+02 4.851153485946121577e+02
3.557300288316801584e+02 4.858398560733426166e+02
3.566500526680601979e+02 4.866060761446042875e+02
3.576585297665576491e+02 4.874441949914836414e+02
3.588467630633109593e+02 4.884292916866294263e+02
3.603769399853309210e+02 4.896945307506391600e+02
3.624159569165149719e+02 4.913769354024908012e+02
