2.394134961533048767e+01 8.532605773565583718e+01
2.466379018533259782e+01 8.394100832894893927e+01
2.531643055740556747e+01 8.271496068173851768e+01
2.592997505297075733e+01 8.160284396113611649e+01
2.653509757617770859e+01 8.055962098888818446e+01
2.715486658665422581e+01 7.954866949194851600e+01
2.779477499374170080e+01 7.855281334393671955e+01
2.845784064210752717e+01 7.755761490858358798e+01
2.914699963046997055e+01 7.654883102302468956e+01
2.986148526881448362e+01 7.552102744935832845e+01
3.059539298284243003e+01 7.448099296330677532e+01
3.134243974478692962e+01 7.343641668042894821e+01
3.209661827737665618e+01 7.239478991180432388e+01
3.285672859147184965e+01 7.136015554995346122e+01
3.362565399916650222e+01 7.033362740734793306e+01
3.440640755524322003e+01 6.931622622795924826e+01
3.520140991722468016e+01 6.830866625550609683e+01
3.600792569240869767e+01 6.730899404632093308e+01
3.682056467074325212e+01 6.631388258152880155e+01
3.763391470153708696e+01 6.531999349039351443e+01
3.844315244833298095e+01 6.432437532548198078e+01
3.924629675917368843e+01 6.332594430381456618e+01
4.004222292330938160e+01 6.232417942952120171e+01
4.082980999554274604e+01 6.131856136377335531e+01
4.161054057020712804e+01 6.030968900598544735e+01
4.239309019291870584e+01 5.930125067791772864e+01
4.318736615282328017e+01 5.829746374369915429e+01
4.400321565003697799e+01 5.730252011454464878e+01
4.484627436475933848e+01 5.631882775782955974e+01
4.571527543016533457e+01 5.534587081378707296e+01
4.660831215144123973e+01 5.438286240002160810e+01
4.752340951294847571e+01 5.342898746756959838e+01
4.845702112007614204e+01 5.248278313640270198e+01
4.940402919924104452e+01 5.154213869542790860e+01
5.035924765603510878e+01 5.060491526698410070e+01
5.131764383992680223e+01 4.966904330731941286e+01
5.227584047275401247e+01 4.873320125585372864e+01
5.323147028522211599e+01 4.779652392644576508e+01
5.418218041861839396e+01 4.685815264440330452e+01
5.512540999984475576e+01 4.591711936949802464e+01
5.605738342456703549e+01 4.497181740503271641e+01
5.697388540789877709e+01 4.402040888808954122e+01
5.787070057190351235e+01 4.306105580655570719e+01
5.874613384811377159e+01 4.209275298473139770e+01
5.960685406326680891e+01 4.111725909658147771e+01
6.046126278894767125e+01 4.013690540170815524e+01
6.131774662522951758e+01 3.915401975818718938e+01
6.218288061923878729e+01 3.817051843938939015e+01
6.305972151279247129e+01 3.718751835996123134e+01
6.395092181688469424e+01 3.620604459333397074e+01
6.485880946247065992e+01 3.522713411808431516e+01
6.577549709910498166e+01 3.425219859513444476e+01
6.668107088154653184e+01 3.328309080054586389e+01
6.755492711368420089e+01 3.232168881315266162e+01
6.837768625374343401e+01 3.136932286625096822e+01
6.914658787922246574e+01 3.041988564211357726e+01
6.987084869364807105e+01 2.946190970227001316e+01
7.055994981788373366e+01 2.848380927361350601e+01
7.122481810996899299e+01 2.747076511023944434e+01
7.188664667540930964e+01 2.638499692431317456e+01
7.257107111933474641e+01 2.517878852683538327e+01
7.330374481424165367e+01 2.380438399108921388e+01
