2.332233411249178801e+01 2.287059720071516722e+01
2.505427691555448533e+01 2.432975006846935173e+01
2.638616661567315802e+01 2.546988051249094553e+01
2.744584718310247240e+01 2.639429730549830566e+01
2.835905410393884551e+01 2.720467756121155034e+01
2.920302772863944796e+01 2.796517023639221833e+01
3.000651327202223939e+01 2.870239613084333996e+01
3.079614746474690534e+01 2.944134438536966769e+01
3.159332827208925210e+01 3.020275248632780674e+01
3.239849859778944818e+01 3.099035130228144652e+01
3.320686258020374737e+01 3.180362004734609727e+01
3.401366146521635159e+01 3.264201261685981592e+01
3.481498997185396860e+01 3.350440057427957186e+01
3.560779629228581200e+01 3.438907315118124330e+01
3.638906572620903290e+01 3.529429426036325879e+01
3.715601774403855018e+01 3.621831901412322452e+01
3.790680849906042482e+01 3.715936732275537935e+01
3.863982831527847850e+01 3.811565029605313981e+01
3.935351071037605664e+01 3.908538629269098408e+01
4.004728265666632581e+01 4.006696039560890199e+01
4.072156458109212451e+01 4.105892441201225296e+01
4.137682010427587187e+01 4.205983739798754328e+01
4.201404266885788275e+01 4.306818833267936952e+01
4.263634500555008344e+01 4.408218588746494504e+01
4.324736966708231023e+01 4.509996865677953082e+01
4.385076647250426163e+01 4.611968114159684973e+01
4.445035236622289432e+01 4.713960369327373456e+01
4.505011141800238050e+01 4.815815251355011384e+01
4.565403496392677596e+01 4.917374971070437795e+01
4.626550872497470124e+01 5.018508292357915934e+01
4.688549596170308575e+01 5.119190191327443529e+01
4.751435431956342370e+01 5.219422197145442510e+01
4.815239225641497001e+01 5.319207778401693076e+01
4.879878691549527048e+01 5.418595010423058511e+01
4.945158412542015469e+01 5.517676575273488027e+01
5.010878052721318454e+01 5.616547094440279153e+01
5.076836542526424978e+01 5.715300462467651954e+01
5.142829877742835976e+01 5.814027666127481808e+01
5.208653320492680905e+01 5.912818965248560232e+01
5.274106167765680908e+01 6.011762887874948547e+01
5.339080518506191453e+01 6.110908131001853860e+01
5.403561273613199489e+01 6.210263560575639019e+01
5.467537368853281521e+01 6.309836310757934541e+01
5.531021147840306895e+01 6.409623918075840265e+01
5.594118585577287206e+01 6.509585528518340425e+01
5.656959064914519786e+01 6.609670690439884311e+01
5.719669420030080431e+01 6.709830047627089300e+01
5.782317865640912657e+01 6.810039438806298051e+01
5.844913997002822015e+01 6.910299897643571398e+01
5.907464860699393938e+01 7.010613553237139683e+01
5.969976927913638320e+01 7.110982568348512700e+01
6.032454368226269992e+01 7.211409240392323738e+01
6.094900775817427530e+01 7.311895900446492647e+01
6.157322193312977987e+01 7.412443621235279068e+01
6.219780977590463067e+01 7.513024533348806244e+01
6.282395799779106227e+01 7.613581825243058177e+01
6.345287779453855137e+01 7.714057427020360080e+01
6.408581756506028171e+01 7.814386861916581495e+01
6.472417452092426515e+01 7.914480025701736565e+01
6.536938307686220639e+01 8.014240407279388023e+01
6.602288268999210175e+01 8.113570354325344169e+01
6.668622879231604372e+01 8.212345966277176501e+01
6.736109279072016420e+01 8.310417094334215449e+01
6.804915113447700037e+01 8.407632448468058328e+01
6.875198916233958357e+01 8.503839203807774538e+01
6.947082777098371764e+01 8.598878396112414180e+01
7.020679674656585689e+01 8.692589526298526437e+01
7.096100167834853778e+01 8.784814323579445272e+01
7.173399162703442755e+01 8.875445767994806090e+01
7.252575912476633846e+01 8.964428090410537209e+01
7.333627250679313647e+01 9.051707749989355989e+01
7.416512143072844765e+01 9.137281530577349997e+01
7.501038084364456893e+01 9.221347514754019414e+01
7.586974701497842943e+01 9.304154109782228943e+01
7.674087954219234575e+01 9.385952886208903578e+01
7.762059456733069851e+01 9.467068170114569625e+01
7.850486477701987553e+01 9.547897043113331961e+01
7.938962618591173737e+01 9.628839750103378492e+01
8.027109728222649210e+01 9.710274274527444049e+01
8.114662644845876116e+01 9.792489554006492369e+01
8.201384454067159879e+01 9.875752264706038375e+01
8.287045147638438891e+01 9.960321934403356181e+01
8.371573558661111747e+01 1.004629367794603922e+02
8.455057361586037246e+01 1.013359819725200737e+02
8.537591137009702891e+01 1.022215904585093256e+02
8.619268046016598817e+01 1.031188777545634849e+02
8.700175571643228523e+01 1.040264793051724155e+02
8.780399777414106666e+01 1.049429105366646979e+02
8.860021204855097210e+01 1.058667154700799387e+02
8.938993389523311350e+01 1.067970958048128125e+02
9.017142861007093302e+01 1.077339109186130486e+02
9.094290626896142271e+01 1.086770487839413590e+02
9.170231082761114294e+01 1.096265800190116551e+02
9.244652176096458618e+01 1.105833058250501608e+02
9.317215242377569950e+01 1.115482100490362285e+02
9.387589088404817517e+01 1.125222519990142303e+02
9.455614361452788330e+01 1.135058265875243251e+02
9.521303549270307087e+01 1.144987643316027146e+02
9.584676610931163054e+01 1.155008712093505494e+02
9.645794398799110070e+01 1.165118082194235285e+02
9.704881338397775892e+01 1.175306564426957010e+02
9.762202748540735797e+01 1.185563519805955792e+02
9.818021648687059155e+01 1.195878410030140344e+02
9.872548173141595385e+01 1.206243012544745454e+02
9.925939571055020849e+01 1.216651420541333124e+02
9.978350792223471899e+01 1.227097827896088234e+02
1.002990152415156047e+02 1.237577850822957402e+02
1.008057040517780081e+02 1.248092794886936332e+02
1.013030081134919271e+02 1.258645387990783178e+02
1.017903399116472372e+02 1.269238440390152647e+02
1.022666225951956562e+02 1.279876656457342960e+02
1.027302899770503331e+02 1.290566634681291873e+02
1.031797545946445780e+02 1.301315055903836537e+02
1.036137791964306558e+02 1.312127128322163117e+02
1.040325273749367341e+02 1.323002169554856948e+02
1.044365129337100200e+02 1.333938024575854513e+02
1.048263128451785491e+02 1.344932278922885303e+02
1.052039569660298071e+02 1.355976551100948200e+02
1.055729280372109145e+02 1.367056492582314036e+02
1.059367719685497917e+02 1.378157495403045800e+02
1.062991039497288455e+02 1.389264730961431553e+02
1.066638162898483273e+02 1.400362488104649401e+02
1.070348705778629466e+02 1.411434835042101383e+02
1.074162229142072817e+02 1.422465875548705299e+02
1.078117031633514955e+02 1.433440531406245952e+02
1.082250149538014199e+02 1.444344542403373168e+02
1.086598564255426140e+02 1.455163683894254518e+02
1.091197361842913836e+02 1.465884575618287329e+02
1.096074046986867501e+02 1.476497214855797040e+02
1.101254229030984106e+02 1.486992443272340836e+02
1.106763190928721770e+02 1.497361216131881179e+02
1.112618708658052924e+02 1.507597101461728926e+02
1.118831051221462332e+02 1.517696280052539919e+02
1.125410161231196611e+02 1.527655046293377552e+02
1.132360127143740840e+02 1.537471473673230093e+02
1.139661620792533228e+02 1.547150752080784173e+02
1.147289459855250158e+02 1.556699850504653000e+02
1.155218265697960192e+02 1.566125659507075909e+02
1.163418144519734625e+02 1.575433265843717265e+02
1.171854687352652462e+02 1.584625952463667886e+02
1.180493288917181758e+02 1.593706923889645282e+02
1.189302443377555676e+02 1.602676419122494451e+02
1.198263042673061705e+02 1.611522815075568928e+02
1.207359078186751020e+02 1.620231523140352010e+02
1.216574892417899036e+02 1.628787725267443705e+02
1.225902903538950284e+02 1.637171326267196605e+02
1.235343605395515851e+02 1.645356953809710774e+02
1.244897842949431777e+02 1.653319006124207817e+02
1.254566274665356929e+02 1.661033600276686570e+02
1.264348813019244346e+02 1.668483728680262743e+02
1.274245183989870469e+02 1.675654102584831548e+02
1.284254886521626133e+02 1.682529517812429276e+02
1.294372197768042270e+02 1.689096715344360575e+02
1.304586173091791466e+02 1.695344381321195897e+02
1.314885640821158006e+02 1.701261286455647337e+02
1.325256690371347190e+02 1.706835642243161715e+02
1.335674455505235017e+02 1.712053423310119342e+02
1.346111331072615371e+02 1.716900045065634686e+02
1.356539242078216034e+02 1.721361585997119903e+02
1.366919307090242341e+02 1.725439375392842010e+02
1.377201838240377469e+02 1.729149993341925153e+02
1.387336677815237636e+02 1.732510683011790036e+02
1.397336897851087372e+02 1.735555466713100259e+02
1.407468489382783048e+02 1.738385483329489603e+02
1.418060673194826222e+02 1.741118650887833326e+02
1.429468072659338418e+02 1.743876900196698614e+02
1.442629570663703191e+02 1.746874456043592545e+02
1.459068309610560732e+02 1.750417837194958111e+02
1.480332834490172331e+02 1.754817575198930513e+02
