5.510405645724662804e+01 2.778814520847810172e+02
5.668333467285936678e+01 2.762879466590681545e+02
5.788603419394059557e+01 2.750756949767790616e+02
5.883839157408583986e+01 2.741172743424655209e+02
5.966279070932598216e+01 2.732891764456146575e+02
6.042781266063035162e+01 2.725225578410680214e+02
6.116250309196318824e+01 2.717887439177364968e+02
6.189492922403127295e+01 2.710600544425762450e+02
6.264408687864917624e+01 2.703180622456995934e+02
6.341062559038829249e+01 2.695630538480792211e+02
6.419298169411246135e+01 2.687975732920371001e+02
6.498958332065717514e+01 2.680241669021644384e+02
6.579880730558193136e+01 2.672453952728251352e+02
6.661901069877454518e+01 2.664638245025353172e+02
6.744855573408797511e+01 2.656819945546772601e+02
6.828594322657913551e+01 2.649017520419864127e+02
6.912982362675082015e+01 2.641241949198750376e+02
6.997885485378324688e+01 2.633503837150453819e+02
7.083174674450026487e+01 2.625810043294329148e+02
7.168736881855880938e+01 2.618155904334801107e+02
7.254462119564604450e+01 2.610534548954448155e+02
7.340245651662570481e+01 2.602939475901068818e+02
7.426035862178474645e+01 2.595367926763785817e+02
7.511811979174584053e+01 2.587819316408246095e+02
7.597553768895187432e+01 2.580293088260362424e+02
7.683251199234942419e+01 2.572788801168047144e+02
7.768910470770173049e+01 2.565306197636621732e+02
7.854539230720928344e+01 2.557845036538809040e+02
7.940144297505631243e+01 2.550404677584686226e+02
8.025728533107542262e+01 2.542982575008948913e+02
8.111293620248217451e+01 2.535575615097098137e+02
8.196842514514980849e+01 2.528181013472593861e+02
8.282400711612484656e+01 2.520801818528317995e+02
8.368013037872438531e+01 2.513446080897771822e+02
8.453724913631393179e+01 2.506122006619885383e+02
8.539572284816952674e+01 2.498835844910035746e+02
8.625568509799163053e+01 2.491589179799216254e+02
8.711723652754193381e+01 2.484382914942871423e+02
8.798043784341865603e+01 2.477217072891241969e+02
8.884504896737831814e+01 2.470085039860405800e+02
8.971069276989709351e+01 2.462977178250184522e+02
9.057699415524142239e+01 2.455883907152525296e+02
9.144367712485936295e+01 2.448798261176481219e+02
9.231059049075906842e+01 2.441716569113140736e+02
9.317759102581804598e+01 2.434635369863498795e+02
9.404464416813323169e+01 2.427553858231367201e+02
9.491211334207255845e+01 2.420480956262306336e+02
9.578045306159830830e+01 2.413427812336221905e+02
9.665010196813280174e+01 2.406405191378505037e+02
9.752130040964146929e+01 2.399419067870072411e+02
9.839415394271711079e+01 2.392472159953500181e+02
9.926876463090702885e+01 2.385567101198959392e+02
1.001451381753299472e+02 2.378704177660141852e+02
1.010231005148945798e+02 2.371879296145037870e+02
1.019024579300255340e+02 2.365087884554912137e+02
1.027830749100954932e+02 2.358326769196712860e+02
1.036651482615174444e+02 2.351600759927236481e+02
1.045489925366269830e+02 2.344917495319015188e+02
1.054349231343707629e+02 2.338284633627902735e+02
1.063232717522897985e+02 2.331710209587187990e+02
1.072143863865191236e+02 2.325202634407590381e+02
1.081086156552559174e+02 2.318770333574144615e+02
1.090062342979173877e+02 2.312419945374012116e+02
1.099073085441312401e+02 2.306153064044456471e+02
1.108118681007652242e+02 2.299970400302481153e+02
1.117199252519766759e+02 2.293872244045292348e+02
1.126313329641986769e+02 2.287855037086132484e+02
1.135458588008042540e+02 2.281913158453658923e+02
1.144632718481291391e+02 2.276041023948755537e+02
1.153834634238167354e+02 2.270236001025007795e+02
1.163065046616814868e+02 2.264499799353202150e+02
1.172324810890502818e+02 2.258834476179968931e+02
1.181615577569402262e+02 2.253244008993585794e+02
1.190942471691949720e+02 2.247740765151888240e+02
1.200311566973467734e+02 2.242339402762626150e+02
1.209728710992969241e+02 2.237054034039170460e+02
1.219196204486678994e+02 2.231890209095345767e+02
1.228713532065947476e+02 2.226846679902811559e+02
1.238280091115592825e+02 2.221921987867867756e+02
1.247893377764785185e+02 2.217110084755379660e+02
1.257546715479164163e+02 2.212394849497849236e+02
1.267232873720387971e+02 2.207758823659168002e+02
1.276944858603380482e+02 2.203185120487467543e+02
1.286677298922067791e+02 2.198660773143049596e+02
1.296425504107245672e+02 2.194174459003427842e+02
1.306184776743498617e+02 2.189714839056973972e+02
1.315950136290734633e+02 2.185269894953196399e+02
1.325716272076610380e+02 2.180826816211187520e+02
1.335477854722616939e+02 2.176372747465539419e+02
1.345229203644587130e+02 2.171893988917225897e+02
1.354963459959748775e+02 2.167374007683735897e+02
1.364673517953075361e+02 2.162795677402787362e+02
1.374352602147438631e+02 2.158142670041544875e+02
1.383997642640541130e+02 2.153407615562366573e+02
1.393607898349173979e+02 2.148588773701979449e+02
1.403182699587309230e+02 2.143684576709562464e+02
1.412724240113725784e+02 2.138700372070295259e+02
1.422239645144128417e+02 2.133653416766752287e+02
1.431736527481198493e+02 2.128562145306914886e+02
1.441222671260861432e+02 2.123445400352629235e+02
1.450706754702409000e+02 2.118324154471017380e+02
1.460197746718257861e+02 2.113220072724826935e+02
1.469704553448961519e+02 2.108154664945525383e+02
1.479234815586608534e+02 2.103146311865089615e+02
1.488795001859178910e+02 2.098210496276631147e+02
1.498391536243896951e+02 2.093362590192190851e+02
1.508030581556261325e+02 2.088617261030150871e+02
1.517717623537818668e+02 2.083987349516978043e+02
1.527458039640731613e+02 2.079485404222953662e+02
1.537256896407483566e+02 2.075123192708698525e+02
1.547116683099230841e+02 2.070906008366455637e+02
1.557038614629539950e+02 2.066835943408686376e+02
1.567023823877715927e+02 2.062914888542875644e+02
1.577070286966446702e+02 2.059137002180221998e+02
1.587171684059138101e+02 2.055485920023330380e+02
1.597321387698603701e+02 2.051944524275611741e+02
1.607512681956699225e+02 2.048495567681039802e+02
1.617738497021440764e+02 2.045121285145836509e+02
1.627991674609884285e+02 2.041803782116785726e+02
1.638265342469374275e+02 2.038525945120135532e+02
1.648556622795256885e+02 2.035281568552564124e+02
1.658865572982992944e+02 2.032072462131644954e+02
1.669192327108004292e+02 2.028900653368910127e+02
1.679538260893733650e+02 2.025772742259337917e+02
1.689907261212297271e+02 2.022704576334665774e+02
1.700303517867592404e+02 2.019713118700885275e+02
1.710730929907976758e+02 2.016815443397393892e+02
1.721191578447368045e+02 2.014029318069179340e+02
1.731686843383967016e+02 2.011372777899552204e+02
1.742217987943054709e+02 2.008863699196186019e+02
1.752783220983107526e+02 2.006515730192668912e+02
1.763377453357344109e+02 2.004337953786647688e+02
1.773995431562350973e+02 2.002339224357541525e+02
1.784631235207568523e+02 2.000525593676710798e+02
1.795276892761039562e+02 1.998894493548147864e+02
1.805924039630465359e+02 1.997441703931018537e+02
1.816564781631368248e+02 1.996161983193757976e+02
1.827195982286163485e+02 1.995039757331404644e+02
1.837817267674313086e+02 1.994053452858236994e+02
1.848428362542942693e+02 1.993181311245138545e+02
1.859033158519965809e+02 1.992394409250489389e+02
1.869642177498670890e+02 1.991652423271668226e+02
1.880266532256352150e+02 1.990914013714899795e+02
1.890916990329891973e+02 1.990142711978187435e+02
1.901602671188362876e+02 1.989325302023561903e+02
1.912332203074977599e+02 1.988455498511318638e+02
1.923113992931662892e+02 1.987527693453207576e+02
1.933952530975782622e+02 1.986548250550672776e+02
1.944848948403066515e+02 1.985533800544381222e+02
1.955804258869671060e+02 1.984501292793337086e+02
1.966816936324212008e+02 1.983463558155681881e+02
1.977879399900635633e+02 1.982423608737176153e+02
1.988983185692153199e+02 1.981383024666088772e+02
2.000119581875860888e+02 1.980342211215847215e+02
2.011278009366963317e+02 1.979292724853543177e+02
2.022447038271054112e+02 1.978222090126866419e+02
2.033615360116875763e+02 1.977118013092267006e+02
2.044776231321255864e+02 1.975975532401346300e+02
2.055928657669786901e+02 1.974798921936166778e+02
2.067072011541772554e+02 1.973593044411574056e+02
2.078205447785707065e+02 1.972361215477846201e+02
2.089327324543683631e+02 1.971101084662637675e+02
2.100435817610644165e+02 1.969809004652861972e+02
2.111529270176213515e+02 1.968481643668888523e+02
2.122608116668780553e+02 1.967119611847188878e+02
2.133674213051000379e+02 1.965726198869438122e+02
2.144729454671145277e+02 1.964304781601742320e+02
2.155777020763103451e+02 1.962862516912563251e+02
2.166822485624069259e+02 1.961413613190205751e+02
2.177871685471209275e+02 1.959973049964974052e+02
2.188930308772353897e+02 1.958556173201916977e+02
2.200003200488882840e+02 1.957180420855610805e+02
2.211094906712627903e+02 1.955863972110264513e+02
2.222209826608824415e+02 1.954624839938271350e+02
2.233348988086119391e+02 1.953477194462838895e+02
2.244510047796571257e+02 1.952431362957984788e+02
2.255690512746325282e+02 1.951497500158313301e+02
2.266885270473877085e+02 1.950681102211588893e+02
2.278081815533585086e+02 1.949974517228187096e+02
2.289266347518135092e+02 1.949367790296572593e+02
2.300425532530942405e+02 1.948851518517501233e+02
2.311550302568933830e+02 1.948421346733429687e+02
2.322633876382516860e+02 1.948075625653910379e+02
2.333669653734792462e+02 1.947812813081667969e+02
2.344659367586963299e+02 1.947635623157094358e+02
2.355617009983491812e+02 1.947553031577932643e+02
2.366557554255811056e+02 1.947574515252702838e+02
2.377495815848316170e+02 1.947706629448911428e+02
2.388445920369484270e+02 1.947943164276601067e+02
2.399421805076640908e+02 1.948274424477757805e+02
2.410436764430960750e+02 1.948690975485166348e+02
2.421494011990457693e+02 1.949187472420478286e+02
2.432588757270156634e+02 1.949761817539548190e+02
2.443715988297518606e+02 1.950411994354850265e+02
2.454870494196056825e+02 1.951134373826500052e+02
2.466046627557121269e+02 1.951921787864815201e+02
2.477238683013744662e+02 1.952766598500942905e+02
2.488442125479351432e+02 1.953658936310939112e+02
2.499660444220709792e+02 1.954573631277728794e+02
2.510900494340179137e+02 1.955479095511210232e+02
2.522169089842174401e+02 1.956343960822300119e+02
2.533471421145667648e+02 1.957144316329606966e+02
2.544810785518091905e+02 1.957864946606364640e+02
2.556190373062451044e+02 1.958491128122336136e+02
2.567611980782746741e+02 1.959012662031823595e+02
2.579072731821481739e+02 1.959434529852342166e+02
2.590568770231672602e+02 1.959764893113051869e+02
2.602096212386373963e+02 1.960012126014135561e+02
2.613650864063866948e+02 1.960186989121463057e+02
2.625228335844901721e+02 1.960301742744993589e+02
2.636824242806131906e+02 1.960368654239633202e+02
2.648434810846868572e+02 1.960398674152016838e+02
2.660057317832096260e+02 1.960400485206737358e+02
2.671689145637595288e+02 1.960382545902460549e+02
2.683327848413049992e+02 1.960352690025948732e+02
2.694971879300237561e+02 1.960315491374791463e+02
2.706619983730037120e+02 1.960274463827030047e+02
2.718270899752889136e+02 1.960233033308012409e+02
2.729923213860745932e+02 1.960192868423156369e+02
2.741575372183380068e+02 1.960154010279064778e+02
2.753225814354527756e+02 1.960116437703423458e+02
2.764872413997036915e+02 1.960079703873897472e+02
2.776511577324160953e+02 1.960042258450626491e+02
2.788139475855610954e+02 1.960002374600127268e+02
2.799752031138834809e+02 1.959958342122763497e+02
2.811343092579817267e+02 1.959908588704935255e+02
2.822905485005477999e+02 1.959851610211378272e+02
2.834432013543056428e+02 1.959785929369779751e+02
2.845914946165396486e+02 1.959711209950770865e+02
2.857345819843954473e+02 1.959628668544728498e+02
2.868716119205404311e+02 1.959539632934735209e+02
2.880018535211622748e+02 1.959446505771046532e+02
2.891250584165309760e+02 1.959355989172622685e+02
2.902410988704369288e+02 1.959275860125597148e+02
2.913499199377947662e+02 1.959213833654916641e+02
2.924524832104909819e+02 1.959176759489960489e+02
2.935504972520664637e+02 1.959170851523652459e+02
2.946456874529698666e+02 1.959202228994117263e+02
2.957397170926724357e+02 1.959265761128065435e+02
2.968341238354181542e+02 1.959333564769324312e+02
2.979304301918896272e+02 1.959375012033783321e+02
2.990299134582275542e+02 1.959359075580057379e+02
3.001323177389380135e+02 1.959252230480173012e+02
3.012367957541260921e+02 1.959019988434249626e+02
3.023424897578352102e+02 1.958628211585103998e+02
3.034482977964985366e+02 1.958052109257216955e+02
3.045528542291683607e+02 1.957276983555738070e+02
3.056547804237649757e+02 1.956288641691143937e+02
3.067529248065031311e+02 1.955078919058776705e+02
3.078468341656425764e+02 1.953658191911582946e+02
3.089361891166001897e+02 1.952040389488071810e+02
3.100206959312511685e+02 1.950239594220385015e+02
3.111003203710126854e+02 1.948271437941771751e+02
3.121751788696063272e+02 1.946152452143454070e+02
3.132453900536376068e+02 1.943899143194431360e+02
3.143110942705686170e+02 1.941525683628810839e+02
3.153724664296958622e+02 1.939042532424811895e+02
3.164296845204391957e+02 1.936459817611491587e+02
3.174828928156130132e+02 1.933786191520809723e+02
3.185320746356915720e+02 1.931023261976583854e+02
3.195771653274242681e+02 1.928170537104711002e+02
3.206181180511590583e+02 1.925227897943494213e+02
3.216552015089854422e+02 1.922201834454960760e+02
3.226889550147057548e+02 1.919104504479342950e+02
3.237199271847421187e+02 1.915948262164548908e+02
3.247488225210834116e+02 1.912749155486242216e+02
3.257767171662317196e+02 1.909532038726361804e+02
3.268047414631452057e+02 1.906323050488108208e+02
3.278339850095581482e+02 1.903147376250592515e+02
3.288652305171315220e+02 1.900023022724826376e+02
3.298991208662460508e+02 1.896964725647940782e+02
3.309362932783139399e+02 1.893987089592228870e+02
3.319772053125622620e+02 1.891100560397828758e+02
3.330220882479384841e+02 1.888310346079921658e+02
3.340711589317185144e+02 1.885621320594328552e+02
3.351244930967428104e+02 1.883035001010471206e+02
3.361816496443544793e+02 1.880540609804274936e+02
3.372420691854561028e+02 1.878124555511552671e+02
3.383051788891914384e+02 1.875772927772737830e+02
3.393702379986563642e+02 1.873467832312097130e+02
3.404363916080343415e+02 1.871188666758852719e+02
3.415027827351174210e+02 1.868914779599462008e+02
3.425685654283608415e+02 1.866625793414416705e+02
3.436329143137056690e+02 1.864301842101232580e+02
3.446950062674105766e+02 1.861923115474166934e+02
3.457540648675156945e+02 1.859470928887162415e+02
3.468095803142596196e+02 1.856933023441914372e+02
3.478611372769353238e+02 1.854299416998465801e+02
3.489083389812935820e+02 1.851560574927465268e+02
3.499512129054933212e+02 1.848717193980673414e+02
3.509902107801021884e+02 1.845780202290964667e+02
3.520258028638230599e+02 1.842760974818411910e+02
3.530585297149524422e+02 1.839672580082247180e+02
3.540891302999551726e+02 1.836532866372875787e+02
3.551183783386471760e+02 1.833360519209669519e+02
3.561470339336010511e+02 1.830173894869087405e+02
3.571757326678275035e+02 1.826988338946096064e+02
3.582050433750064258e+02 1.823817583144846708e+02
3.592355298372619927e+02 1.820675237176926942e+02
3.602675247411727355e+02 1.817569330870787780e+02
3.613010208054570285e+02 1.814499685411437326e+02
3.623359835358654095e+02 1.811465464917221766e+02
3.633723035541246986e+02 1.808464025736318490e+02
3.644095443006461892e+02 1.805484825754776921e+02
3.654471798830370517e+02 1.802515166281442021e+02
3.664846888016370485e+02 1.799542454715030431e+02
3.675216184806965884e+02 1.796555763050647556e+02
3.685575710687226092e+02 1.793545484940872825e+02
3.695921507554589880e+02 1.790502063333083527e+02
3.706250668577712872e+02 1.787418479424981399e+02
3.716562594137930091e+02 1.784293285082565887e+02
3.726856990944888253e+02 1.781125771788721011e+02
3.737133554981149359e+02 1.777915205171722448e+02
3.747391908676061689e+02 1.774660673580521859e+02
3.757631643606875969e+02 1.771361191003800002e+02
3.767852328400537658e+02 1.768015716025735742e+02
3.778052826718290476e+02 1.764621505355498812e+02
3.788231180209278364e+02 1.761173831262633200e+02
3.798385384292223534e+02 1.757667854410705104e+02
3.808514581961153453e+02 1.754101505951454953e+02
3.818621766337058716e+02 1.750482012052965501e+02
3.828710737072919414e+02 1.746818546021199268e+02
3.838785459921576830e+02 1.743120682160179058e+02
3.848851764430010576e+02 1.739402494343294734e+02
3.858916651472067088e+02 1.735680884259726326e+02
3.868987115239170862e+02 1.731972737465378316e+02
3.879068132273364427e+02 1.728290068462885074e+02
3.889161204298191024e+02 1.724636502772027882e+02
3.899267489472143779e+02 1.721014836470328078e+02
3.909387687074235487e+02 1.717426757798331778e+02
3.919520101772286580e+02 1.713868173873302112e+02
3.929662259674711891e+02 1.710333112197183709e+02
3.939811666167236126e+02 1.706815550242616553e+02
3.949965418271030444e+02 1.703308479597073131e+02
3.960120234810434567e+02 1.699803978794619184e+02
3.970272821024564678e+02 1.696294093571474662e+02
3.980420200664909771e+02 1.692771638620231442e+02
3.990560223241126323e+02 1.689231422188734939e+02
4.000690870332420559e+02 1.685668571368689470e+02
4.010810411430327918e+02 1.682078908333719198e+02
4.020919502671557666e+02 1.678464017129047079e+02
4.031019980279570518e+02 1.674828330781542718e+02
4.041113756319361983e+02 1.671176465415768746e+02
4.051205660714845180e+02 1.667520081491309156e+02
4.061304494238686971e+02 1.663880425945275192e+02
4.071419342003962925e+02 1.660279432173310852e+02
4.081559801408725434e+02 1.656740270338170831e+02
4.091737518990903482e+02 1.653291057671041813e+02
4.101964653573398891e+02 1.649961148170222600e+02
4.112252885276540724e+02 1.646778740144070241e+02
4.122607209080607049e+02 1.643755892549300484e+02
4.133027707591540434e+02 1.640892804824930238e+02
4.143514319110327051e+02 1.638189328027058878e+02
4.154062656488169978e+02 1.635634870651463757e+02
4.164659584648285318e+02 1.633197721825952726e+02
4.175290913209825021e+02 1.630843622948736424e+02
4.185942319438468644e+02 1.628537995887009231e+02
4.196598653066479301e+02 1.626244264656313874e+02
4.207244444628998394e+02 1.623925082658605277e+02
4.217864411090400267e+02 1.621543553375849740e+02
4.228448231054870234e+02 1.619074758749179068e+02
4.238990940542782937e+02 1.616506714667677898e+02
4.249487842318308708e+02 1.613828080996983090e+02
4.259934865842452041e+02 1.611029030583128474e+02
4.270329868104477100e+02 1.608104389738275870e+02
4.280671075465994022e+02 1.605049876518557994e+02
4.290956992746330343e+02 1.601861881236378338e+02
4.301188941087487478e+02 1.598543593407197818e+02
4.311369876925987796e+02 1.595102150495931141e+02
4.321502811349325839e+02 1.591544821906582285e+02
4.331592979947315598e+02 1.587884247466494969e+02
4.341649157897653595e+02 1.584141612323535355e+02
4.351680435823307675e+02 1.580338863177773874e+02
4.361696333343323886e+02 1.576498982418385992e+02
4.371708417967423657e+02 1.572649896484612100e+02
4.381728867603063691e+02 1.568821005447551329e+02
4.391769659988669332e+02 1.565041226127652010e+02
4.401839226945391488e+02 1.561330914746254450e+02
4.411942959280724494e+02 1.557703085870426776e+02
4.422086142159748192e+02 1.554170499023937566e+02
4.432271986359804146e+02 1.550740905715223050e+02
4.442498757193825440e+02 1.547410118044660123e+02
4.452763998722849692e+02 1.544172206856405012e+02
4.463064880515821642e+02 1.541020338890331800e+02
4.473395751531097631e+02 1.537940871326995307e+02
4.483749675528309240e+02 1.534917058601420479e+02
4.494119740645356842e+02 1.531932214002902697e+02
4.504500156943187221e+02 1.528972359380449006e+02
4.514886547518322004e+02 1.526026927950074992e+02
4.525274625593336850e+02 1.523085570511151161e+02
4.535661228503277584e+02 1.520140651710839279e+02
4.546047310644140111e+02 1.517194475661456750e+02
4.556434768709274863e+02 1.514251621382557005e+02
4.566825513985698990e+02 1.511316703126190077e+02
4.577221640077121947e+02 1.508394775299146886e+02
4.587625364518301012e+02 1.505491191506503981e+02
4.598038895456574551e+02 1.502611282690137671e+02
4.608463205944792662e+02 1.499757398009867586e+02
4.618896964991397454e+02 1.496926324169894542e+02
4.629338589638524581e+02 1.494114239573902978e+02
4.639786385240444133e+02 1.491317052986926512e+02
4.650238019521249271e+02 1.488529133796937458e+02
4.660690934281164459e+02 1.485744305962849694e+02
4.671142613195219724e+02 1.482956494538260586e+02
4.681591509148150294e+02 1.480161964454896690e+02
4.692037044234377845e+02 1.477359320522606367e+02
4.702478683603848140e+02 1.474547271496404619e+02
4.712916674067529925e+02 1.471726413228377055e+02
4.723353468536375885e+02 1.468902667568318350e+02
4.733791906343769824e+02 1.466082889272513228e+02
4.744234725637999190e+02 1.463273688814962270e+02
4.754683739304838923e+02 1.460479442889913457e+02
4.765140264238491454e+02 1.457703330762849419e+02
4.775605605937129212e+02 1.454948504186792775e+02
4.786080720597550453e+02 1.452217271626029174e+02
4.796566050554474714e+02 1.449510700971089818e+02
4.807061997010159189e+02 1.446829760809905281e+02
4.817569033175906270e+02 1.444175593575530456e+02
4.828087946883043173e+02 1.441550101260595227e+02
4.838619611865992169e+02 1.438955393246060339e+02
4.849164908677645940e+02 1.436393595374165955e+02
4.859724824773578575e+02 1.433867091573579557e+02
4.870300432488017464e+02 1.431378470688615892e+02
4.880892803526772923e+02 1.428930320046451925e+02
4.891502425390513622e+02 1.426523816578971093e+02
4.902128503431745230e+02 1.424157041840005888e+02
4.912770072772316894e+02 1.421827666410456175e+02
4.923425970271438246e+02 1.419532882222587773e+02
4.934093673345245179e+02 1.417266599221030958e+02
4.944770089187999247e+02 1.415021350712289063e+02
4.955452124703239178e+02 1.412789669300995570e+02
4.966136738024029569e+02 1.410564211270400108e+02
4.976820947018654806e+02 1.408337777116896632e+02
4.987501772994195903e+02 1.406103175638831146e+02
4.998176615726200680e+02 1.403854129338355676e+02
5.008844144755850039e+02 1.401587426203301732e+02
5.019503295617261074e+02 1.399300496385330632e+02
5.030152892409157630e+02 1.396990501007452963e+02
5.040790508821978619e+02 1.394651582442261315e+02
5.051412932710014729e+02 1.392275985887440015e+02
5.062016934416444087e+02 1.389855914265131105e+02
5.072598852328004568e+02 1.387382527660618337e+02
5.083154280911162459e+02 1.384845190173793412e+02
5.093678741078899179e+02 1.382233088330433191e+02
5.104168183190504351e+02 1.379536445431197080e+02
5.114620798622764255e+02 1.376750895070447314e+02
5.125035507373978589e+02 1.373873829890123943e+02
5.135411315549014262e+02 1.370902850411864051e+02
5.145748953006341253e+02 1.367839718667863451e+02
5.156050746016614994e+02 1.364690050771414462e+02
5.166319080945249880e+02 1.361459607917429651e+02
5.176556293677310805e+02 1.358154029430999685e+02
5.186764589225209647e+02 1.354778638684010161e+02
5.196946151669935716e+02 1.351338708515645521e+02
5.207103107994066704e+02 1.347839373917151420e+02
5.217237111863721566e+02 1.344284627191274808e+02
5.227349582911696189e+02 1.340677895633627088e+02
5.237441942858488346e+02 1.337022611579958209e+02
5.247515775681043806e+02 1.333322599087341587e+02
5.257572886167461093e+02 1.329582215297615164e+02
5.267615094917456418e+02 1.325805855525198922e+02
5.277643668078754899e+02 1.321996576518795052e+02
5.287657653991105917e+02 1.318152080764242839e+02
5.297655546542270031e+02 1.314268732181663495e+02
5.307635851066694386e+02 1.310342922325563677e+02
5.317597232753225853e+02 1.306371428667992234e+02
5.327538474254914718e+02 1.302351312260913403e+02
5.337458364405006250e+02 1.298279649076530120e+02
5.347356179528169378e+02 1.294154691997736393e+02
5.357232181867319696e+02 1.289977074129248535e+02
5.367086752601369426e+02 1.285747715713237653e+02
5.376920106583996812e+02 1.281467135448612567e+02
5.386731418728695644e+02 1.277133341405146325e+02
5.396519462822066089e+02 1.272743373249917056e+02
5.406283064506736764e+02 1.268294395842165727e+02
5.416022447126890711e+02 1.263786948407552160e+02
5.425739343219072452e+02 1.259225213702101769e+02
5.435435560499042822e+02 1.254613555981401305e+02
5.445113152630888180e+02 1.249956933286587173e+02
5.454774929740721063e+02 1.245262129961995754e+02
5.464423846915510694e+02 1.240536280326543306e+02
5.474062809286566562e+02 1.235786398099197072e+02
5.483694216733410940e+02 1.231018277250455100e+02
5.493320175761698465e+02 1.226237003505264340e+02
5.502942779553090986e+02 1.221447630421843513e+02
5.512563495328461158e+02 1.216653700353561476e+02
5.522182794291188657e+02 1.211856351051955158e+02
5.531801058880369055e+02 1.207056505972349640e+02
5.541417795435078233e+02 1.202252973448970010e+02
5.551028328071828355e+02 1.197434464901278801e+02
5.560626734346855073e+02 1.192586682245377006e+02
5.570207057623210858e+02 1.187695244829369727e+02
5.579762739648681418e+02 1.182744319248846239e+02
5.589286706219868393e+02 1.177716826204499796e+02
5.598771873029097605e+02 1.172595661993174332e+02
5.608213089420461301e+02 1.167368390881261035e+02
5.617609814679492501e+02 1.162033705853727525e+02
5.626962180410583869e+02 1.156591922919926105e+02
5.636270786742549035e+02 1.151044489104181991e+02
5.645539762650203102e+02 1.145401370042740297e+02
5.654774845011420439e+02 1.139676412839627773e+02
5.663981795443949068e+02 1.133883524319456058e+02
5.673166977301210636e+02 1.128038063844795715e+02
5.682337511808491399e+02 1.122157220215484870e+02
5.691500568506841091e+02 1.116258298861443876e+02
5.700662945775037542e+02 1.110357709593445463e+02
5.709830082610345698e+02 1.104468582017900076e+02
5.719007106879931825e+02 1.098603294980439387e+02
5.728198920685422308e+02 1.092773682664938519e+02
5.737407605670537123e+02 1.086984774870852277e+02
5.746633326252904226e+02 1.081236976069447451e+02
5.755876196441403181e+02 1.075530569151116254e+02
5.765134883461504387e+02 1.069862349858242823e+02
5.774405355592776914e+02 1.064222608727370982e+02
5.783683285962741820e+02 1.058600924896999373e+02
5.792963985161758274e+02 1.052986005053097642e+02
5.802240694042119458e+02 1.047361575017829551e+02
5.811505920110587340e+02 1.041709595803454960e+02
5.820752220776907961e+02 1.036012149294973170e+02
5.829973320984552174e+02 1.030254145015155416e+02
5.839164113210713367e+02 1.024423320124545000e+02
5.848319542137759299e+02 1.018507538202104854e+02
5.857435783725813963e+02 1.012497630564142810e+02
5.866512488998712342e+02 1.006392804440710336e+02
5.875549917675537017e+02 1.000193734194351549e+02
5.884548322751280693e+02 9.939010701885227661e+01
5.893507895734111344e+02 9.875152433328773327e+01
5.902428795171884985e+02 9.810365668977620146e+01
5.911311197585163200e+02 9.744653952348470227e+01
5.920156236399202498e+02 9.678042910206892202e+01
5.928966452755034879e+02 9.610590656291977041e+01
5.937744500475298537e+02 9.542357904785555434e+01
5.946492840519819083e+02 9.473400062904825347e+01
5.955213091197302901e+02 9.403749350815874664e+01
5.963906640741008687e+02 9.333431657747867405e+01
5.972574867015667905e+02 9.262472470592635432e+01
5.981218985360621900e+02 9.190890968702244379e+01
5.989840082073178564e+02 9.118701323363576705e+01
5.998439234540462621e+02 9.045917438672888977e+01
6.007016465436139470e+02 8.972527766811521133e+01
6.015569482666606973e+02 8.898464900940952305e+01
6.024095686806908816e+02 8.823654017828017970e+01
6.032592675307623722e+02 8.748026205755219564e+01
6.041059395551172884e+02 8.671553086958101630e+01
6.049495361152361284e+02 8.594223285742765484e+01
6.057900109708441505e+02 8.516026528636545834e+01
6.066273859110549438e+02 8.436984760590915755e+01
6.074617620493821732e+02 8.357157494250157015e+01
6.082932449690082422e+02 8.276606363820461354e+01
6.091218785863443372e+02 8.195391457782487521e+01
6.099474999251475538e+02 8.113567678691930496e+01
6.107699026689049333e+02 8.031188842746934142e+01
6.115888575552154407e+02 7.948307859644430096e+01
6.124038778475843401e+02 7.864967467298814086e+01
6.132143149964065287e+02 7.781204011028869161e+01
6.140195173818827925e+02 7.697053859369512452e+01
6.148187879173868851e+02 7.612563316329895713e+01
6.156113512128118828e+02 7.527795796904874237e+01
6.163964241359660718e+02 7.442816407900437525e+01
6.171732944959841234e+02 7.357703189292953994e+01
6.179416203013743143e+02 7.272601671361147169e+01
6.187011799234846876e+02 7.187679327490563708e+01
6.194517323947929981e+02 7.103105193176256194e+01
6.201926465551798628e+02 7.019079481811728272e+01
6.209229298772074799e+02 6.935831281437586426e+01
6.216415756604991429e+02 6.853590745839770193e+01
6.223473205298802213e+02 6.772577139412967995e+01
6.230382356687940728e+02 6.692981495297438244e+01
6.237122858317812870e+02 6.614990331402567847e+01
6.243694634495432183e+02 6.538559360841340151e+01
6.250265693452477080e+02 6.461731043675942487e+01
6.257087153224124449e+02 6.381601823950397545e+01
6.264418869771106984e+02 6.295165567269603457e+01
6.272873122343237355e+02 6.195269769136039884e+01
6.283541795140088198e+02 6.069119222977015227e+01
6.297551115414630658e+02 5.903514665466882150e+01
