4.832410186008039688e+01 1.118434537443612413e+02
5.001385276411172498e+01 1.121281937777132072e+02
5.135808822796758477e+01 1.123454281082741488e+02
5.247497675982380372e+01 1.125120428489613857e+02
5.348022078889890452e+01 1.126445340480888007e+02
5.444395250098007466e+01 1.127521898181177704e+02
5.539618251302304941e+01 1.128379521633333127e+02
5.636554502484812446e+01 1.129045461826488435e+02
5.737270116629946415e+01 1.129545791875694078e+02
5.841445138151656380e+01 1.129903059919625576e+02
5.948315169560156335e+01 1.130139157515989865e+02
6.057129640230899525e+01 1.130275945209883446e+02
6.167311177982971060e+01 1.130334895075417592e+02
6.278400368116217578e+01 1.130337214617010346e+02
6.389940496101320377e+01 1.130304091505124262e+02
6.501573075874932783e+01 1.130253382323101476e+02
6.613161802724776805e+01 1.130195409123125501e+02
6.724600908321326642e+01 1.130139458418953780e+02
6.835794672455560317e+01 1.130094361393685176e+02
6.946736632850047499e+01 1.130064904506579069e+02
7.057467060786582636e+01 1.130053756485307872e+02
7.168026638483115676e+01 1.130063548785500984e+02
7.278456127444954404e+01 1.130095377028248720e+02
7.388796426257709982e+01 1.130147681522608991e+02
7.499088447128237078e+01 1.130218638727616849e+02
7.609365847167202901e+01 1.130305292133961075e+02
7.719615266560020927e+01 1.130397342988117089e+02
7.829804604513003596e+01 1.130481565912909758e+02
7.939900694233567435e+01 1.130544528755864917e+02
8.049828435458643128e+01 1.130564589780584868e+02
8.159456837166187881e+01 1.130509165159045608e+02
8.268651026962453443e+01 1.130344911182241958e+02
8.377274183791691087e+01 1.130038216986812074e+02
8.485180123678711084e+01 1.129554188087756614e+02
8.592219854033285742e+01 1.128857544949339484e+02
8.698249085066808561e+01 1.127914141227587379e+02
8.803238159614691938e+01 1.126717451219184056e+02
8.907275758776575003e+01 1.125289462732563521e+02
9.010456008987779342e+01 1.123653475622807321e+02
9.112887530103809297e+01 1.121836220441925320e+02
9.214730897918755659e+01 1.119876726086729093e+02
9.316158326050084781e+01 1.117816776210628262e+02
9.417342281073554489e+01 1.115698208614764724e+02
9.518459242953832700e+01 1.113563720198062441e+02
9.619688902308158163e+01 1.111456695125136491e+02
9.721211036254405258e+01 1.109420535965654437e+02
9.823203380902020854e+01 1.107498141701692873e+02
9.925838180683206247e+01 1.105731056328017985e+02
1.002928676580087028e+02 1.104160598267312423e+02
1.013370934535568750e+02 1.102825401931452234e+02
1.023914418691994541e+02 1.101734671881485212e+02
1.034555423732081181e+02 1.100879434471881950e+02
1.045290106389445270e+02 1.100250383148089384e+02
1.056110727315094096e+02 1.099828811727973203e+02
1.067001589080160358e+02 1.099576814491151140e+02
1.077946022835129014e+02 1.099454142083073549e+02
1.088927927058417708e+02 1.099421915505175349e+02
1.099935666152626652e+02 1.099452043004795030e+02
1.110959718218578303e+02 1.099521538375529275e+02
1.121990618586978599e+02 1.099607553596794105e+02
1.133021659130493219e+02 1.099693895836133493e+02
1.144050451031760218e+02 1.099774800479080454e+02
1.155074982535656432e+02 1.099845413261950853e+02
1.166093601305916962e+02 1.099901747475960150e+02
1.177106734275504323e+02 1.099944835292551488e+02
1.188115554362561852e+02 1.099977509520736305e+02
1.199121239893618309e+02 1.100002616012845493e+02
1.210125117474467231e+02 1.100023358157136641e+02
1.221128693228378950e+02 1.100043372200411653e+02
1.232133484043366281e+02 1.100066320345780753e+02
1.243140784853295173e+02 1.100095328913834152e+02
1.254150935353402616e+02 1.100131217912396835e+02
1.265164018313129617e+02 1.100174187031786346e+02
1.276180025464532548e+02 1.100224216185047510e+02
1.287197076386493677e+02 1.100276765639576126e+02
1.298211533932432360e+02 1.100323054676130994e+02
1.309219692679303648e+02 1.100354137746320902e+02
1.320216721042431516e+02 1.100358350598610002e+02
1.331194166408405408e+02 1.100315287339116992e+02
1.342142849816301862e+02 1.100202788574984254e+02
1.353053635740420475e+02 1.099998799773107123e+02
1.363917985261263937e+02 1.099682706705617647e+02
1.374727792902264980e+02 1.099234941546976358e+02
1.385474983021989885e+02 1.098636008497975354e+02
1.396157874084986190e+02 1.097881847997162481e+02
1.406790278583403904e+02 1.097005805163989720e+02
1.417388309997689362e+02 1.096046780015258832e+02
1.427968290595671306e+02 1.095044176333151711e+02
1.438548557237735395e+02 1.094042258739421811e+02
1.449148574145059172e+02 1.093088011969091156e+02
1.459787701461464167e+02 1.092228169457845866e+02
1.470473463630151514e+02 1.091480888996253498e+02
1.481191520928726391e+02 1.090811540402560809e+02
1.491925171463977620e+02 1.090179790363690131e+02
1.502657632700431805e+02 1.089545111616702542e+02
1.513371557725837704e+02 1.088865619535949207e+02
1.524049358536640000e+02 1.088098849655581546e+02
1.534673661390483801e+02 1.087202855154343553e+02
1.545237427914287878e+02 1.086160658485174793e+02
1.555748312170435952e+02 1.084990777634839105e+02
1.566215088742730757e+02 1.083714437663820576e+02
1.576645238026296454e+02 1.082349751055368472e+02
1.587039545475072941e+02 1.080898728682609260e+02
1.597396638113910967e+02 1.079358190307546579e+02
1.607715228612331657e+02 1.077725163424315440e+02
1.617996413064951753e+02 1.076002455959965971e+02
1.628243909771337599e+02 1.074199235378417825e+02
1.638461571620673283e+02 1.072324995558743836e+02
1.648653393409229011e+02 1.070389525369278942e+02
1.658823917173590416e+02 1.068403751253815273e+02
1.668977816845211919e+02 1.066378873832517229e+02
1.679119732938232517e+02 1.064325983206474149e+02
1.689253719643615739e+02 1.062254230365266494e+02
1.699383331139580093e+02 1.060171112636284221e+02
1.709512105909644788e+02 1.058084074791180882e+02
1.719643915238616501e+02 1.056000993354709010e+02
1.729783591503891671e+02 1.053930991705888971e+02
1.739936139552719396e+02 1.051883416974058605e+02
1.750106569926851705e+02 1.049867629198988652e+02
1.760299961358560381e+02 1.047893143020309026e+02
1.770521437538705527e+02 1.045969575006641605e+02
1.780776111255713090e+02 1.044106526816981386e+02
1.791066832107840980e+02 1.042310366891624653e+02
1.801391502577094457e+02 1.040580396165453863e+02
1.811747371350114406e+02 1.038914981554009671e+02
1.822132187153492566e+02 1.037315273228089438e+02
1.832547963496816408e+02 1.035806159421282331e+02
1.842998873288133552e+02 1.034424547721077801e+02
1.853489061219213170e+02 1.033207446581832585e+02
1.864019323768062861e+02 1.032192418075751164e+02
1.874584856102890740e+02 1.031417950436053985e+02
1.885180320021740954e+02 1.030922620087237647e+02
1.895799199279955758e+02 1.030739138895775540e+02
1.906427628404900929e+02 1.030863632640168817e+02
1.917048913000362518e+02 1.031278144089484385e+02
1.927646711805781479e+02 1.031963984884584988e+02
1.938218443354170972e+02 1.032875581587180278e+02
1.948779286315615877e+02 1.033932659461449077e+02
1.959345594869761271e+02 1.035052646958947804e+02
1.969933420982667656e+02 1.036158091491758029e+02
1.980557416979069671e+02 1.037195247906537503e+02
1.991231830280978556e+02 1.038117229381806368e+02
2.001970443184875421e+02 1.038878605452268857e+02
2.012776341037441625e+02 1.039467425966477947e+02
2.023641912235559630e+02 1.039905221086835923e+02
2.034559080059273413e+02 1.040214976648219931e+02
2.045519449243915631e+02 1.040419744602573076e+02
2.056513523400230952e+02 1.040542805451004540e+02
2.067531568381760962e+02 1.040607489043452745e+02
2.078563897020310094e+02 1.040636247666906513e+02
2.089601531916805186e+02 1.040638274985206522e+02
2.100636045570891781e+02 1.040612492448814521e+02
2.111659023896298208e+02 1.040557542003068932e+02
2.122661606712753439e+02 1.040466610092456108e+02
2.133633774937518979e+02 1.040318710378641924e+02
2.144565323721868708e+02 1.040090584700536454e+02
2.155446371944327097e+02 1.039759500894714250e+02
2.166270438179801658e+02 1.039308250683528740e+02
2.177033073190425512e+02 1.038722927722464817e+02
2.187729912698746944e+02 1.037989811633044610e+02
2.198364008781626922e+02 1.037113397327554765e+02
2.208953060716259529e+02 1.036134154673303129e+02
2.219516485143959130e+02 1.035096771551661590e+02
2.230072155274037868e+02 1.034042334730975341e+02
2.240626265527630494e+02 1.032984682201467876e+02
2.251179667552987098e+02 1.031925186273638815e+02
2.261733058583069749e+02 1.030864853723226275e+02
2.272279954677292721e+02 1.029787638698797991e+02
2.282802979916318122e+02 1.028651630933938463e+02
2.293283848805851903e+02 1.027412760258625326e+02
2.303707032725761792e+02 1.026033626174799451e+02
2.314072365806420919e+02 1.024513995098883754e+02
2.324385001897842926e+02 1.022866503379998449e+02
2.334650152592569441e+02 1.021103925481880594e+02
2.344874670697652164e+02 1.019242957080689109e+02
2.355067333535296257e+02 1.017304891930828745e+02
2.365237028114865439e+02 1.015311285852781964e+02
2.375391947099753054e+02 1.013282005437537521e+02
2.385537402267106302e+02 1.011229908553915493e+02
2.395677958339886970e+02 1.009166035610834058e+02
2.405818089073306396e+02 1.007101206630302954e+02
2.415960495923145857e+02 1.005041947897789640e+02
2.426106269432611953e+02 1.002990882952927194e+02
2.436256441129551717e+02 1.000950492362775890e+02
2.446411183977295423e+02 9.989211838252157349e+01
2.456568007873264037e+02 9.968969354837255992e+01
2.466723907921741556e+02 9.948704825946126107e+01
2.476875725906707544e+02 9.928341905199573603e+01
2.487018293254629100e+02 9.907755745163964889e+01
2.497145027209321881e+02 9.886787380419617932e+01
2.507249318118782355e+02 9.865277196751695499e+01
2.517325234437464587e+02 9.843081961576609729e+01
2.527368432016526185e+02 9.820096790489039051e+01
2.537374793525914072e+02 9.796222278550412454e+01
2.547340195903956896e+02 9.771358883146633900e+01
2.557260463037360410e+02 9.745405787344169823e+01
2.567131390094459675e+02 9.718261484383752702e+01
2.576948801747435596e+02 9.689825179819392531e+01
2.586711237538989963e+02 9.660061621339761473e+01
2.596422088482604522e+02 9.629052680359694705e+01
2.606085248386183366e+02 9.596892366707041333e+01
2.615704496076932628e+02 9.563671913994794238e+01
2.625282836143410350e+02 9.529463861803654368e+01
2.634822953659837594e+02 9.494333035024067158e+01
2.644327463771034559e+02 9.458342570276910521e+01
2.653795918965487317e+02 9.421481664158683600e+01
2.663223656182999548e+02 9.383637739596714766e+01
2.672605705455237057e+02 9.344690810004338744e+01
2.681938373373171203e+02 9.304551707594841048e+01
2.691224330503454212e+02 9.263284904207262116e+01
2.700468226647307688e+02 9.221002654524804143e+01
2.709674755847770484e+02 9.177818281363123276e+01
2.718849740214997155e+02 9.133872342536960787e+01
2.728000204047235684e+02 9.089334420367788425e+01
2.737133230086099047e+02 9.044375508179153655e+01
2.746254913521323147e+02 8.999142758845738399e+01
2.755367677868895271e+02 8.953694687519070783e+01
2.764473093514298512e+02 8.908069213962642152e+01
2.773572537329591228e+02 8.862299586397220708e+01
2.782664159073744941e+02 8.816341148388102056e+01
2.791743442949318137e+02 8.770084895196562513e+01
2.800805792683859181e+02 8.723419879362212725e+01
2.809846177225898600e+02 8.676224656438188276e+01
2.818858353673305146e+02 8.628348523942148063e+01
2.827835869645554112e+02 8.579635721898645784e+01
2.836772773778877195e+02 8.529942583713199156e+01
2.845668853938896063e+02 8.479263974459945530e+01
2.854527560712061813e+02 8.427683168787595491e+01
2.863352412511414968e+02 8.375285078355528867e+01
2.872148360232937989e+02 8.322189163894218211e+01
2.880923381392082661e+02 8.268587883088281387e+01
2.889685837990398340e+02 8.214682966778195805e+01
2.898443129217768046e+02 8.160652890640152179e+01
2.907194766710727549e+02 8.106485619210360483e+01
2.915936400551283896e+02 8.052075847398309350e+01
2.924663628179804959e+02 7.997316999400986504e+01
2.933370271931989350e+02 7.942059676142851288e+01
2.942047280314066029e+02 7.886085149238222414e+01
2.950685339738192852e+02 7.829168367448484389e+01
2.959275434439714445e+02 7.771091565394286249e+01
2.967810337645895515e+02 7.711680743071468669e+01
2.976283487471503122e+02 7.650778166089298793e+01
2.984688492295829292e+02 7.588230236134546658e+01
2.993025001671153404e+02 7.524030100696980128e+01
3.001300216753714949e+02 7.458354342865501962e+01
3.009521814666788373e+02 7.391391107418181150e+01
3.017698844270796030e+02 7.323361979316527481e+01
3.025846478414196667e+02 7.254637833991495199e+01
3.033981598268584889e+02 7.185631192344517615e+01
3.042120717910246981e+02 7.116745655296652728e+01
3.050272371118300612e+02 7.048190911887577670e+01
3.058437361269429857e+02 6.979988811425334916e+01
3.066616174439965903e+02 6.912153492602358540e+01
3.074808640110197189e+02 6.844680042215094318e+01
3.083012398903687767e+02 6.777500034843060917e+01
3.091224635887169825e+02 6.710531826555794055e+01
3.099442477775008342e+02 6.643690942978520297e+01
3.107662211022420706e+02 6.576852152063220558e+01
3.115879491658724874e+02 6.509859642275716851e+01
3.124089964851897889e+02 6.442556943504138189e+01
3.132290988928055526e+02 6.374819801154167465e+01
3.140484220143945322e+02 6.306604782160162870e+01
3.148671977962166011e+02 6.237880924879515021e+01
3.156856092664673952e+02 6.168608855256131562e+01
3.165033471557749181e+02 6.098664539083237202e+01
3.173198174494717136e+02 6.027874974657245133e+01
3.181344242905370834e+02 5.956067792420422080e+01
3.189467568965230839e+02 5.883210625796485260e+01
3.197567579648763285e+02 5.809538504417543692e+01
3.205644099856820048e+02 5.735316559770834743e+01
3.213695973811832687e+02 5.660840610895139946e+01
3.221714910364088382e+02 5.586629758077752683e+01
3.229689463748702565e+02 5.513301816346927353e+01
3.237607953318141654e+02 5.441473827606017721e+01
3.245447194334882397e+02 5.371699804669124489e+01
3.253167110462255778e+02 5.304441213950617140e+01
3.260726276864955366e+02 5.240152133654152777e+01
3.268116161304656657e+02 5.179004329313565336e+01
3.275504821534190683e+02 5.119653918674205073e+01
3.283119323013631856e+02 5.060250564385101057e+01
3.291198533832238695e+02 4.998870344339842120e+01
3.300325553185111858e+02 4.931446047161885815e+01
3.311474459377765811e+02 4.851476104677855972e+01
3.325640488938361727e+02 4.752327211079930436e+01
