4.434317718232863115e+01 9.316593454339177072e+01
4.593346654761724324e+01 9.268403614510083344e+01
4.720312066183679889e+01 9.231690371426662978e+01
4.826040259303195512e+01 9.202800244615613678e+01
4.921139678501961612e+01 9.178161698558359660e+01
5.012095001092917101e+01 9.155754277089344839e+01
5.101706956804896720e+01 9.134943173363168967e+01
5.192646387118976747e+01 9.115142413152548784e+01
5.286908756705389578e+01 9.095975510995145896e+01
5.384401156097776919e+01 9.077713754511094635e+01
5.484628266047695888e+01 9.060753251016582510e+01
5.587103421148420068e+01 9.045482335711315613e+01
5.691455385172034198e+01 9.032185675499300714e+01
5.797395097277897236e+01 9.021074134607965789e+01
5.904635298194865101e+01 9.012356486884776530e+01
6.012901113867154379e+01 9.006084678445766656e+01
6.121947502781283390e+01 9.001932900980071395e+01
6.231533824438572111e+01 8.999519618347530070e+01
6.341424814521880648e+01 8.998459122267423993e+01
6.451437704435292630e+01 8.998324965595166702e+01
6.561419379448710743e+01 8.998667688552490063e+01
6.671217175665988464e+01 8.999037777022414275e+01
6.780691211096916504e+01 8.999008479631140744e+01
6.889725805871646003e+01 8.998196145513732347e+01
6.998207975871878261e+01 8.996221924552527582e+01
7.106035144660900471e+01 8.992734925556067083e+01
7.213181048163723119e+01 8.987589260884404041e+01
7.319653389680962619e+01 8.980730291975466173e+01
7.425462019706345984e+01 8.972108919648896119e+01
7.530726334126059385e+01 8.961957743056267134e+01
7.635730025545306887e+01 8.950931853894421408e+01
7.740770295934514422e+01 8.939721083483320285e+01
7.846121277352446555e+01 8.928975849719070368e+01
7.951928009481132165e+01 8.919126024678757858e+01
8.058290653815068083e+01 8.910524809013367076e+01
8.165305455954091940e+01 8.903520200333946377e+01
8.272943224194274592e+01 8.898294082476823519e+01
8.381024985646919845e+01 8.894829987454420461e+01
8.489362979744798565e+01 8.893099809955923263e+01
8.597762780302272745e+01 8.893098990953151883e+01
8.706001247921021502e+01 8.894924400779741802e+01
8.813847513386907906e+01 8.898700215326952900e+01
8.921075330041119855e+01 8.904545921414251097e+01
9.027556067928392736e+01 8.912481978745697120e+01
9.133254109664657960e+01 8.922434490565014187e+01
9.238137547231183078e+01 8.934325791649915516e+01
9.342216176373146652e+01 8.948007915482820351e+01
9.445638508067969497e+01 8.963099059086499665e+01
9.548581857916832405e+01 8.979168862658821126e+01
9.651221093599342282e+01 8.995794089416335737e+01
9.753695161524169066e+01 9.012656027118360669e+01
9.856115712970195375e+01 9.029515387522491210e+01
9.958593665464447042e+01 9.046134985991076860e+01
1.006121596315779669e+02 9.062332867110221457e+01
1.016400759199055415e+02 9.078069813136843891e+01
1.026698366202464854e+02 9.093329358112706018e+01
1.037015630877561989e+02 9.108101405463226286e+01
1.047350601291527425e+02 9.122443640997299497e+01
1.057699414055180540e+02 9.136454680458273003e+01
1.068058163733270760e+02 9.150234068928470776e+01
1.078420735631911782e+02 9.163932771440184410e+01
1.088776538008100800e+02 9.177805955239929858e+01
1.099114437737298573e+02 9.192121388095976897e+01
1.109423180805334255e+02 9.207149699345862359e+01
1.119690553129939872e+02 9.223184244025907219e+01
1.129903882799016372e+02 9.240529214427463955e+01
1.140050665053295944e+02 9.259484770910066231e+01
1.150129562280503421e+02 9.280081791933025670e+01
1.160157127257950833e+02 9.301919751398432368e+01
1.170151521727470225e+02 9.324559325024412715e+01
1.180129982998133471e+02 9.347583581184133550e+01
1.190104166877701317e+02 9.370710789683231212e+01
1.200083644850268314e+02 9.393709709170688882e+01
1.210077890385978208e+02 9.416351467765633743e+01
1.220092861812089495e+02 9.438492165101105513e+01
1.230130039245551643e+02 9.460096152543269454e+01
1.240190612215899080e+02 9.481134805824986245e+01
1.250275530883094888e+02 9.501585279544590890e+01
1.260384634802080086e+02 9.521451540551120729e+01
1.270517441663746894e+02 9.540745326142548777e+01
1.280673411723058166e+02 9.559479759113634145e+01
1.290850645910003038e+02 9.577700752526234851e+01
1.301045863762871306e+02 9.595487542013158588e+01
1.311255723050453810e+02 9.612920853238404106e+01
1.321477903892019583e+02 9.630056722907335143e+01
1.331713746382417298e+02 9.646862802198310760e+01
1.341965409316694320e+02 9.663286971324812669e+01
1.352234964498691170e+02 9.679279210221974949e+01
1.362523074535496619e+02 9.694823512847248992e+01
1.372829259451686426e+02 9.709931451867188912e+01
1.383153011315565948e+02 9.724615274710639312e+01
1.393497551883295387e+02 9.738797187483606876e+01
1.403876453314676667e+02 9.752149519071319617e+01
1.414305068649921964e+02 9.764301604726779260e+01
1.424798028864043715e+02 9.774900213661328507e+01
1.435361570924112016e+02 9.783794784851998827e+01
1.445996516308199205e+02 9.790965511963358381e+01
1.456703575796225323e+02 9.796395261488623873e+01
1.467479626200687619e+02 9.800159482308407632e+01
1.478313223346705740e+02 9.802534557946755456e+01
1.489191832437663834e+02 9.803823208188075000e+01
1.500103249291953489e+02 9.804320174984748348e+01
1.511038117863674870e+02 9.804251473983940457e+01
1.521988536207913967e+02 9.803808032972298747e+01
1.532946639350323608e+02 9.803179886462794457e+01
1.543906581176804593e+02 9.802508260523217132e+01
1.554865972068498081e+02 9.801850816170805558e+01
1.565822761578232303e+02 9.801257014527504907e+01
1.576775144437727363e+02 9.800770317059790671e+01
1.587722914042041680e+02 9.800395065107579740e+01
1.598666504583072765e+02 9.800119919377561928e+01
1.609606354067966834e+02 9.799933435221764455e+01
1.620542991230793461e+02 9.799821430219679996e+01
1.631477068155569725e+02 9.799765999747121725e+01
1.642409245746644615e+02 9.799748973017860010e+01
1.653340134562419053e+02 9.799753397996221338e+01
1.664270093486333337e+02 9.799768415073319261e+01
1.675199402920148373e+02 9.799785064487140573e+01
1.686128340697583496e+02 9.799794559565330587e+01
1.697057116746653946e+02 9.799792720318808392e+01
1.707985867394456818e+02 9.799780359801708585e+01
1.718914725284557221e+02 9.799758540966446674e+01
1.729843872547543526e+02 9.799730248556846846e+01
1.740773682066092931e+02 9.799705875030610969e+01
1.751704572676836449e+02 9.799697597432759721e+01
1.762636975436829232e+02 9.799717877067512006e+01
1.773571540784176364e+02 9.799784278260204928e+01
1.784509108915724482e+02 9.799918779313003370e+01
1.795450526196389092e+02 9.800143501745546359e+01
1.806396517093062073e+02 9.800477377510850374e+01
1.817347442557894510e+02 9.800929826885992213e+01
1.828303596081113938e+02 9.801508504948790801e+01
1.839265113239962659e+02 9.802217228474049193e+01
1.850230119081586224e+02 9.803010945400973242e+01
1.861195353406031643e+02 9.803810933238820269e+01
1.872157520805993158e+02 9.804537614895531306e+01
1.883111308030561020e+02 9.805062667211657867e+01
1.894046708222551842e+02 9.805144381209591131e+01
1.904953048663907964e+02 9.804524962374182451e+01
1.915819408529641521e+02 9.802940630055540794e+01
1.926632544548920691e+02 9.800071569402385308e+01
1.937377944841308874e+02 9.795567357518798701e+01
1.948041148513708549e+02 9.789078802838986348e+01
1.958613991793971536e+02 9.780408759000349050e+01
1.969099839060397699e+02 9.769638429062416662e+01
1.979503286243804041e+02 9.756878752158453949e+01
1.989829863488711794e+02 9.742263223330674293e+01
2.000091686146047891e+02 9.726084332630563267e+01
2.010303700634337076e+02 9.708702924173307736e+01
2.020480759007560607e+02 9.690477563946042494e+01
2.030632386304758086e+02 9.671638212927396694e+01
2.040760376002944270e+02 9.652228176415469818e+01
2.050865914319367107e+02 9.632276099218660192e+01
2.060948316318564935e+02 9.611765452040447144e+01
2.070996814465016769e+02 9.590436287486711819e+01
2.080997260207631996e+02 9.567947032355165504e+01
2.090935777574032386e+02 9.543962694034838989e+01
2.100806832082032258e+02 9.518349660080086494e+01
2.110614532888800454e+02 9.491207134681503987e+01
2.120363526341756710e+02 9.462647290870839356e+01
2.130059728314357130e+02 9.432812950635906191e+01
2.139714324405781269e+02 9.401974157925442910e+01
2.149339867345975676e+02 9.370433962022188723e+01
2.158948873068865169e+02 9.338494523876586584e+01
2.168553122252917831e+02 9.306440253848145971e+01
2.178163717214953579e+02 9.274539185239903816e+01
2.187791734518305873e+02 9.243058729612420166e+01
2.197447164150520678e+02 9.212240066317021103e+01
2.207136511669119159e+02 9.182240253286174436e+01
2.216865585593942285e+02 9.153199520506821329e+01
2.226639834679372143e+02 9.125249412463469412e+01
2.236459676457656087e+02 9.098400009251574261e+01
2.246321827873208008e+02 9.072572050915806585e+01
2.256222917464122020e+02 9.047684143184565642e+01
2.266158577239515068e+02 9.023630833456056166e+01
2.276121953062734065e+02 9.000246648279265571e+01
2.286105809509560345e+02 8.977356909109862215e+01
2.296102427894885807e+02 8.954775270453714597e+01
2.306099164626782851e+02 8.932196489048737931e+01
2.316080499587272925e+02 8.909245876151126708e+01
2.326030889931385843e+02 8.885548194338633721e+01
2.335936458319221174e+02 8.860768415001447806e+01
2.345786589622033205e+02 8.834650266201646218e+01
2.355571047392462845e+02 8.806946618170316299e+01
2.365280765157564815e+02 8.777438586821885735e+01
2.374915602859484238e+02 8.746122790812579240e+01
2.384479533363880250e+02 8.713095143564233069e+01
2.393976618224284607e+02 8.678453699613544359e+01
2.403414924634522549e+02 8.642393218218003881e+01
2.412808728530873736e+02 8.605258350952333046e+01
2.422172839934988815e+02 8.567406643354019025e+01
2.431521488301078193e+02 8.529181624841582732e+01
2.440865528849283805e+02 8.490845363726981532e+01
2.450214600920614600e+02 8.452630574442814293e+01
2.459578123898694457e+02 8.414764661179755478e+01
2.468957941987162030e+02 8.377292147071067063e+01
2.478346556590458079e+02 8.340032000081737351e+01
2.487735892372126898e+02 8.302789264417209836e+01
2.497118564936548637e+02 8.265385665024651018e+01
2.506490278719135461e+02 8.227717497625027931e+01
2.515847600966486652e+02 8.189701887987067153e+01
2.525187140820032141e+02 8.151256973302145070e+01
2.534506442758265052e+02 8.112323471615704307e+01
2.543803971655405292e+02 8.072864321114531094e+01
2.553078231138649699e+02 8.032843395557461008e+01
2.562326631020688978e+02 7.992198161579564442e+01
2.571542806862701696e+02 7.950774966959214396e+01
2.580719580758464531e+02 7.908400520555996138e+01
2.589850228008247655e+02 7.864912472629939089e+01
2.598935008227063008e+02 7.820317090145279337e+01
2.607979663323649788e+02 7.774752994682779672e+01
2.616990087270692698e+02 7.728362478982501216e+01
2.625974959525294139e+02 7.681355084398160216e+01
2.634950418647575816e+02 7.634120433828169894e+01
2.643933838607059670e+02 7.587077976067266150e+01
2.652941710351786355e+02 7.540625842353580310e+01
2.661980706342146732e+02 7.494925129865151803e+01
2.671051370357299675e+02 7.449988979572665926e+01
2.680154130076232377e+02 7.405827729601892884e+01
2.689285708265337576e+02 7.362362275487278396e+01
2.698435058497855152e+02 7.319325951855839207e+01
2.707590156067566340e+02 7.276428476083778207e+01
2.716739737375135633e+02 7.233397938672725047e+01
2.725878832927498365e+02 7.190114369892458512e+01
2.735005579140918144e+02 7.146532776685111799e+01
2.744118153011442587e+02 7.102609145186380601e+01
2.753216080365065750e+02 7.058331993211724864e+01
2.762301120769662361e+02 7.013743712955417209e+01
2.771375243693649395e+02 6.968891759086221782e+01
2.780440385033269877e+02 6.923822759106872127e+01
2.789498270063314749e+02 6.878578151135832286e+01
2.798550542563207841e+02 6.833197365372701881e+01
2.807598837690511004e+02 6.787719623125015289e+01
2.816644452507334790e+02 6.742175957160709743e+01
2.825688239131274031e+02 6.696586623865539423e+01
2.834731019358351887e+02 6.650971145248747973e+01
2.843773681089634238e+02 6.605350712631594945e+01
2.852817430570053148e+02 6.559754556287981586e+01
2.861863569752404146e+02 6.514214323346691060e+01
2.870913431062834320e+02 6.468762430277786279e+01
2.879969112269146763e+02 6.423450615639468708e+01
2.889033514365291921e+02 6.378350896523515701e+01
2.898109576382016712e+02 6.333536250319447447e+01
2.907200224536836686e+02 6.289079847784465471e+01
2.916308337451185935e+02 6.245055577960292936e+01
2.925436782697319700e+02 6.201537496634565372e+01
2.934588206930779961e+02 6.158594325560856220e+01
2.943761491402256638e+02 6.116203870793215458e+01
2.952952363947462686e+02 6.074267799181469485e+01
2.962156454405367185e+02 6.032685408515692416e+01
2.971368709010141060e+02 5.991336574204091647e+01
2.980582107602640463e+02 5.950045303056423052e+01
2.989789278612419139e+02 5.908625617686138298e+01
2.998983598516338702e+02 5.866907954663471259e+01
3.008167541311146351e+02 5.824922372021228512e+01
3.017349646795710214e+02 5.782832026076798115e+01
3.026538569868961872e+02 5.740802551498177309e+01
3.035744015781566532e+02 5.699012297118327552e+01
3.044978049543207703e+02 5.657668175883229367e+01
3.054253057993744278e+02 5.616980996388100067e+01
3.063580291718310491e+02 5.577136138283948696e+01
3.072960800149192551e+02 5.538090683339309095e+01
3.082390245166915292e+02 5.499681141983760568e+01
3.091864182401064909e+02 5.461742653408538928e+01
3.101373078479339824e+02 5.424085504225850940e+01
3.110898391058212269e+02 5.386475984960899410e+01
3.120420655169153292e+02 5.348675880420231010e+01
3.129919460350050144e+02 5.310487478399232941e+01
3.139367987053951765e+02 5.271987618627762373e+01
3.148736754951755188e+02 5.233367123237937335e+01
3.157996059482034639e+02 5.194817399819007164e+01
3.167106137409637086e+02 5.156539929725181537e+01
3.176013096397181243e+02 5.118750344611071057e+01
3.184661984834268651e+02 5.081665336993557958e+01
3.193036409123925523e+02 5.045331232107761821e+01
3.201320079050327649e+02 5.008910205148787043e+01
3.209761417506775274e+02 4.971278498621863662e+01
3.218621594952659279e+02 4.931255692777751420e+01
3.228523356439175132e+02 4.886054163426992858e+01
3.240494189311093578e+02 4.831087200863308340e+01
3.255582963822349143e+02 4.761673048031013877e+01
