2.148940199539227436e+01 3.197628782290119531e+01
2.294341862759928574e+01 3.155030645205131989e+01
2.418181406183384041e+01 3.127405094125328588e+01
2.527237662439074484e+01 3.111082417673960876e+01
2.628269063418326112e+01 3.102406271921314840e+01
2.726256626700735808e+01 3.098884951760654261e+01
2.823049856559152460e+01 3.100078655205209444e+01
2.920179495732758568e+01 3.105756446628143408e+01
3.019104360256479680e+01 3.115676580489144243e+01
3.120075122304687198e+01 3.129415738482507692e+01
3.222339975611184570e+01 3.146399939133478085e+01
3.325116769831413421e+01 3.166050640535056360e+01
3.427698532522610009e+01 3.187801321839622304e+01
3.529842236348897444e+01 3.211159647718804422e+01
3.631481661261948091e+01 3.235661554595001377e+01
3.732551013750202173e+01 3.260843224231922477e+01
3.833024373693572784e+01 3.286337200028894756e+01
3.932980449379124366e+01 3.312028879834615225e+01
4.032514903134390494e+01 3.337844634161741908e+01
4.131727549370724972e+01 3.363700803282919338e+01
4.230855375046562017e+01 3.389182358060071465e+01
4.330300681568878218e+01 3.413474917206537640e+01
4.430475612321124856e+01 3.435740324051932504e+01
4.531770774240265354e+01 3.455186356262210268e+01
4.634365200212944558e+01 3.471472050423547273e+01
4.738317835900182473e+01 3.484512572981561362e+01
4.843686248630423563e+01 3.494226030179395082e+01
4.950472538633572839e+01 3.500664326598194975e+01
5.058456937745368975e+01 3.504414560171105819e+01
5.167364210703007643e+01 3.506197627169273545e+01
5.276919695091873308e+01 3.506732793317059560e+01
5.386898637895181707e+01 3.506597262950192828e+01
5.497164218292066096e+01 3.506117951472925398e+01
5.607588566214492687e+01 3.505596296995993555e+01
5.718044886106301306e+01 3.505317208388298411e+01
5.828424430852876270e+01 3.505287954909784531e+01
5.938633429348779913e+01 3.505285429512316853e+01
6.048578563798265151e+01 3.505079551873858179e+01
6.158156018572491064e+01 3.504405392531741370e+01
6.267197192804121642e+01 3.502782957650804718e+01
6.375508796277621570e+01 3.499650293379964694e+01
6.482897583460467672e+01 3.494445541936877220e+01
6.589217697140190921e+01 3.486737608476923356e+01
6.694447627802399836e+01 3.476438522163327605e+01
6.798586015297151164e+01 3.463515912148579901e+01
6.901631185291837767e+01 3.447937188289346722e+01
7.003571083790041030e+01 3.429662515557934910e+01
7.104381147671348629e+01 3.408643327703912007e+01
7.204036069086103566e+01 3.384830538664515842e+01
7.302512183775007770e+01 3.358179114783683872e+01
7.399801974110454239e+01 3.328683833248790336e+01
7.495907087124685120e+01 3.296362067466974821e+01
7.590829275039715185e+01 3.261231450199406368e+01
7.684609368140063168e+01 3.223395975701423311e+01
7.777444508960232383e+01 3.183305084205042590e+01
7.869570918097218737e+01 3.141494577436448310e+01
7.961224789697926951e+01 3.098499817349837215e+01
8.052640013444182898e+01 3.054817850764851528e+01
8.144046418927301545e+01 3.010878219500797925e+01
8.235673422455758441e+01 2.967103593939656747e+01
8.327741444987603359e+01 2.923896241065174095e+01
8.420319813704061573e+01 2.881315714531373473e+01
8.513352483089707334e+01 2.839137195629401234e+01
8.606779612715638450e+01 2.797127257966765157e+01
8.700518006784191982e+01 2.755067400047225945e+01
8.794340336596903285e+01 2.712831226331469026e+01
8.887964345088013829e+01 2.670327442425057285e+01
8.981107537021125609e+01 2.627465160275603040e+01
9.073421354842723474e+01 2.584324812446099173e+01
9.164383892438826251e+01 2.541436379492270703e+01
9.253445154206285395e+01 2.499402686955908948e+01
9.340086075339573313e+01 2.458811369481891518e+01
9.424809452939645382e+01 2.419748199491136731e+01
9.509349588086701033e+01 2.381694126657076893e+01
9.595514099307133904e+01 2.344094092601200430e+01
9.685438195229373548e+01 2.306282607416141417e+01
9.784475329644189401e+01 2.266509301855066738e+01
9.899805598751278524e+01 2.222408040466253709e+01
1.003863006451685891e+02 2.171605620180127616e+01
