4.923461946086849395e+01 4.942566140426691845e+01
5.139251862648092128e+01 5.064276939487282192e+01
5.300970347821323259e+01 5.155154541206440655e+01
5.426514283890303147e+01 5.225382975955564291e+01
5.533214392335611365e+01 5.284823019803509681e+01
5.630619207400028614e+01 5.338892143147552360e+01
5.722620560710935678e+01 5.389778074148571818e+01
5.812973643898152432e+01 5.439590603352246490e+01
5.904247703289581750e+01 5.489772488575595588e+01
5.996667313040259728e+01 5.540447731134183584e+01
6.090181791623008678e+01 5.591585515297217057e+01
6.184736095223751562e+01 5.643153531821634061e+01
6.280248930093974025e+01 5.695110484297784126e+01
6.376629230552364191e+01 5.747411730708108735e+01
6.473785741894569412e+01 5.800013244408875579e+01
6.571622988267070298e+01 5.852886189767344405e+01
6.670041127584178753e+01 5.906017444284478302e+01
6.768940120688637307e+01 5.959394613478093561e+01
6.868224689776647551e+01 6.013007985920850729e+01
6.967813345346709752e+01 6.066855619986882431e+01
7.067627079425044201e+01 6.120936972407956489e+01
7.167589204898092703e+01 6.175250528433036123e+01
7.267644599498146363e+01 6.229785746538836833e+01
7.367749850892109009e+01 6.284527183571255193e+01
7.467861807099072280e+01 6.339459419930891926e+01
7.567944879430540084e+01 6.394570834172782980e+01
7.667974623700976622e+01 6.449855401428294499e+01
7.767927489816780451e+01 6.505307545826275373e+01
7.867781726434377276e+01 6.560923584103167627e+01
7.967523358947219947e+01 6.616708015517311026e+01
8.067140513936533353e+01 6.672667550153381910e+01
8.166621923683528905e+01 6.728808240284845965e+01
8.265965533489352879e+01 6.785126131425634810e+01
8.365176458604760512e+01 6.841609481419376948e+01
8.464260008767625720e+01 6.898246346076055602e+01
8.563222435783288233e+01 6.955025334323516972e+01
8.662071992425116207e+01 7.011936229921766994e+01
8.760817187231650394e+01 7.068968966798705367e+01
8.859465885767544080e+01 7.126115210566955227e+01
8.958021759471692747e+01 7.183377922637187396e+01
9.056486798025999008e+01 7.240764593799691795e+01
9.154862762459507053e+01 7.298283232713066582e+01
9.253145180036968043e+01 7.355955913008556024e+01
9.351322678869347271e+01 7.413820274579538250e+01
9.449383527755506407e+01 7.471914767951486169e+01
9.547312307775298734e+01 7.530286012238026672e+01
9.645082078268163173e+01 7.589006148115508665e+01
9.742663654594110767e+01 7.648152286851524195e+01
9.840028144074277350e+01 7.707800642817012715e+01
9.937149619476447526e+01 7.768018320611261629e+01
1.003400388113429926e+02 7.828867117798050401e+01
1.013056688934651675e+02 7.890408419252773342e+01
1.022682334136400328e+02 7.952681737092402159e+01
1.032277172916585499e+02 8.015692048650042523e+01
1.041841176137880893e+02 8.079441285409461670e+01
1.051374404726113170e+02 8.143929107312231963e+01
1.060877340545826826e+02 8.209144557526944652e+01
1.070350588339606617e+02 8.275073580034039367e+01
1.079794780440790731e+02 8.341701478610738718e+01
1.089211015222797698e+02 8.409002743754652442e+01
1.098600779266706127e+02 8.476942858587901242e+01
1.107965573243366890e+02 8.545486979972747577e+01
1.117307427701676943e+02 8.614588125620912251e+01
1.126629583264708572e+02 8.684171591256658473e+01
1.135935448690960499e+02 8.754158820734403434e+01
1.145228401349563825e+02 8.824472340456267716e+01
1.154511596400609506e+02 8.895042340306957840e+01
1.163788093110948694e+02 8.965802317310173919e+01
1.173060923535632156e+02 9.036686491868859150e+01
1.182332264838242395e+02 9.107651714913971830e+01
1.191603281724594723e+02 9.178681638970319057e+01
1.200875080221200477e+02 9.249761469914912482e+01
1.210148449398787989e+02 9.320884833141406034e+01
1.219423109145671731e+02 9.392073755478736530e+01
1.228698554136479117e+02 9.463356246263452931e+01
1.237974216655345856e+02 9.534761847689776459e+01
1.247248834618879130e+02 9.606337161708114536e+01
1.256520712223454268e+02 9.678139446241550559e+01
1.265788143704881179e+02 9.750226170064098596e+01
1.275049165474022317e+02 9.822658526967458670e+01
1.284301377521001086e+02 9.895504016087336652e+01
1.293542337638484412e+02 9.968830746222215566e+01
1.302769555863013693e+02 1.004270533975057162e+02
1.311980300850538583e+02 1.011718690602627930e+02
1.321171765170602725e+02 1.019233218619693560e+02
1.330341117891445890e+02 1.026819740925703144e+02
1.339485085379918701e+02 1.034482916164418782e+02
1.348599999376124003e+02 1.042226543436130726e+02
1.357682177365801408e+02 1.050054388122075153e+02
1.366727786877889912e+02 1.057968971056356651e+02
1.375732626943945718e+02 1.065969754776624256e+02
1.384692441015001521e+02 1.074055740537127122e+02
1.393602745832692449e+02 1.082225820330381225e+02
1.402457314059780913e+02 1.090478045596711354e+02
1.411249109002260127e+02 1.098810077710020465e+02
1.419971039611809829e+02 1.107219596367382621e+02
1.428614177560072847e+02 1.115705034787253993e+02
1.437167265639630784e+02 1.124265781328371361e+02
1.445618896664309716e+02 1.132901285865694092e+02
1.453957006335431572e+02 1.141611472828681428e+02
1.462167135716793496e+02 1.150397996009736090e+02
1.470234280550292567e+02 1.159262903022654427e+02
1.478143466624607356e+02 1.168208292694371124e+02
1.485880087135299163e+02 1.177236890077304565e+02
1.493429781208882901e+02 1.186351839400095827e+02
1.500778220630428450e+02 1.195556285138595740e+02
1.507913778569358101e+02 1.204852656333144694e+02
1.514829733304919728e+02 1.214242082953208097e+02
1.521519881790818545e+02 1.223725557602337943e+02
1.527979210524396194e+02 1.233303691667960749e+02
1.534209211638680301e+02 1.242975011659612505e+02
1.540213590057573754e+02 1.252737334948015331e+02
1.545996127237685585e+02 1.262588460800959496e+02
1.551562184710528811e+02 1.272525818000977296e+02
1.556918631066220087e+02 1.282546481965711678e+02
1.562072394674055431e+02 1.292647514275946037e+02
1.567030241695219956e+02 1.302826111071116770e+02
1.571798509014390675e+02 1.313079824594116189e+02
1.576383463313853213e+02 1.323406265323762909e+02
1.580791414652341018e+02 1.333803032090523288e+02
1.585029036291628017e+02 1.344267626189980547e+02
1.589103182598244075e+02 1.354797500283679312e+02
1.593020698348921371e+02 1.365390111168784131e+02
1.596787959111775308e+02 1.376043108696231911e+02
1.600410703714881322e+02 1.386754404700780867e+02
1.603894625578966213e+02 1.397521929699837813e+02
1.607245768030322211e+02 1.408343465019254381e+02
1.610471552430642532e+02 1.419216204422797887e+02
1.613579739336730654e+02 1.430137197049368183e+02
1.616578099187595967e+02 1.441103487530826897e+02
1.619474535591172071e+02 1.452112059763872480e+02
1.622277047636194141e+02 1.463159854098689721e+02
1.624993621733636076e+02 1.474243816075127143e+02
1.627630435196524843e+02 1.485361643714373088e+02
1.630190139275358376e+02 1.496512501678085414e+02
1.632674978345017394e+02 1.507695723864920865e+02
1.635086585920130915e+02 1.518910897224451446e+02
1.637422978077142659e+02 1.530159107242194239e+02
1.639680844244799118e+02 1.541441988971940589e+02
1.641856797085831090e+02 1.552761207811334998e+02
1.643945665532444877e+02 1.564119133314511885e+02
1.645940458251728842e+02 1.575518853614721024e+02
1.647834101653281778e+02 1.586963489261296161e+02
1.649619339468896442e+02 1.598456180513803702e+02
1.651288394342309687e+02 1.610000123855202219e+02
1.652833396612527679e+02 1.621598525727775382e+02
1.654246874987053673e+02 1.633254392333533360e+02
1.655524995333927905e+02 1.644968901652569002e+02
1.656665870805991858e+02 1.656742252860570659e+02
1.657667701864902483e+02 1.668574599970462486e+02
1.658532183029076350e+02 1.680464275905631837e+02
1.659266086939283582e+02 1.692406966890769695e+02
1.659876585850926460e+02 1.704398150872890767e+02
1.660371044294755052e+02 1.716433009741455180e+02
1.660757645253316355e+02 1.728505465168043145e+02
1.661044789441190233e+02 1.740609103569539684e+02
1.661240748450515241e+02 1.752737508922594429e+02
1.661351869698970631e+02 1.764884228881978743e+02
1.661383023404627863e+02 1.777042783217946749e+02
1.661339033722700265e+02 1.789206692507297873e+02
1.661223386414117158e+02 1.801369722447119841e+02
1.661036765113244087e+02 1.813526151930102515e+02
1.660779501279145620e+02 1.825670324348098177e+02
1.660451704157299559e+02 1.837796750118144189e+02
1.660052056811312582e+02 1.849901011636231658e+02
1.659578678833087508e+02 1.861979114827652211e+02
1.659029741118741299e+02 1.874027120844381500e+02
1.658404841967414143e+02 1.886042558762915746e+02
1.657705138208341396e+02 1.898024560433812553e+02
1.656931866392137351e+02 1.909972339367326697e+02
1.656087660359327742e+02 1.921885935016023836e+02
1.655179453513891872e+02 1.933767928317491851e+02
1.654215003567215660e+02 1.945621387459931952e+02
1.653201831299618618e+02 1.957449315884170460e+02
1.652145093888256895e+02 1.969254071117029525e+02
1.651048590717231264e+02 1.981037639634231482e+02
1.649916097111982367e+02 1.992802001575076929e+02
1.648750909850266169e+02 2.004549020775840518e+02
1.647555580530449788e+02 2.016280379969379624e+02
1.646332596246822675e+02 2.027997746211913181e+02
1.645084404739779131e+02 2.039702771421426064e+02
1.643813272665578324e+02 2.051397037858394867e+02
1.642521414628807861e+02 2.063082107760617987e+02
1.641210910523741120e+02 2.074759483337359711e+02
1.639881611884926542e+02 2.086429673809414567e+02
1.638531539074547823e+02 2.098092372401384864e+02
1.637158664694635206e+02 2.109747250509994387e+02
1.635762405914286433e+02 2.121394502940948428e+02
1.634345431152165986e+02 2.133035502522947695e+02
1.632910853150906405e+02 2.144671783076285863e+02
1.631461907452525111e+02 2.156304885644057947e+02
1.630002684715251178e+02 2.167936401565477524e+02
1.628537639260592584e+02 2.179567943569657587e+02
1.627071294270751594e+02 2.191201141308268063e+02
1.625610265193268447e+02 2.202838146339801995e+02
1.624163611991602068e+02 2.214481719997007190e+02
1.622740533189486030e+02 2.226134658139108069e+02
1.621350472281024508e+02 2.237799634388000527e+02
1.620003686500008655e+02 2.249478916319075665e+02
1.618710601827313837e+02 2.261174687304916233e+02
1.617481791401251314e+02 2.272889117345327463e+02
1.616329436125639631e+02 2.284624230336083883e+02
1.615266707296564732e+02 2.296381960172087133e+02
1.614306768600732198e+02 2.308164224626821976e+02
1.613461147728691003e+02 2.319971847342965816e+02
1.612738641520876399e+02 2.331803825609744649e+02
1.612147787529845857e+02 2.343658983308360462e+02
1.611696028999752457e+02 2.355535667385369436e+02
1.611385364192813370e+02 2.367429851689821589e+02
1.611216101109667420e+02 2.379336773400641789e+02
1.611188398835518569e+02 2.391251675396646306e+02
1.611299679548737345e+02 2.403169909892769454e+02
1.611544958547802935e+02 2.415086925255884580e+02
1.611919163911236694e+02 2.426998175924059638e+02
1.612415582080369916e+02 2.438900002484291747e+02
1.613023524378340028e+02 2.450790891275845240e+02
1.613731712261325129e+02 2.462669647045718762e+02
1.614529143989622639e+02 2.474535100460691694e+02
1.615406911908353891e+02 2.486386278276456210e+02
1.616357066188402882e+02 2.498222296938967588e+02
1.617371772455590531e+02 2.510042248797729485e+02
1.618447145815423198e+02 2.521844348463695837e+02
1.619584239951166182e+02 2.533625712990565262e+02
1.620784419979259496e+02 2.545383390228959684e+02
1.622049104125111398e+02 2.557114656836304789e+02
1.623379901178656155e+02 2.568817610469965302e+02
1.624778462655728788e+02 2.580490532861227848e+02
1.626246631151749966e+02 2.592131665259918805e+02
1.627788541645539340e+02 2.603738763259386815e+02
1.629409842541022329e+02 2.615309261823942961e+02
1.631116208054741321e+02 2.626840592317690835e+02
1.632913220161626100e+02 2.638330376975098943e+02
1.634806295689466253e+02 2.649776579760295476e+02
1.636800834309773052e+02 2.661177200137930186e+02
1.638901962543224045e+02 2.672530375124145507e+02
1.641113336488034804e+02 2.683834982200685317e+02
1.643438119624708804e+02 2.695090146918462892e+02
1.645879429736245356e+02 2.706295015781154234e+02
1.648439447624476770e+02 2.717449164576523231e+02
1.651119472411284903e+02 2.728552573039806930e+02
1.653920768611230869e+02 2.739605236764496112e+02
1.656844435633268233e+02 2.750607228297383813e+02
1.659891142401568231e+02 2.761558820827906402e+02
1.663061488564069350e+02 2.772460319834133315e+02
1.666356269913958386e+02 2.783311948715419248e+02
1.669777896804487227e+02 2.794113255244136553e+02
1.673329573221722626e+02 2.804863455089966919e+02
1.677014544101652120e+02 2.815561745743453912e+02
1.680837529485709751e+02 2.826206663995496911e+02
1.684805224033819400e+02 2.836795862205507319e+02
1.688924460416282898e+02 2.847326930917984100e+02
1.693202106183297246e+02 2.857797385088843498e+02
1.697645164134504796e+02 2.868204446573471387e+02
1.702260669846858150e+02 2.878545266195202430e+02
1.707055591881471344e+02 2.888816991625188280e+02
1.712036013330881872e+02 2.899016728885331418e+02
1.717207391061515409e+02 2.909141554542122776e+02
1.722575162809224594e+02 2.919188543551679800e+02
1.728144076669824472e+02 2.929154655679605526e+02
1.733917555564005397e+02 2.939036629347623375e+02
1.739898872122694229e+02 2.948831177874571949e+02
1.746090965205446821e+02 2.958534952747694433e+02
1.752494828448872681e+02 2.968144245099078944e+02
1.759110752722161806e+02 2.977655215872213148e+02
1.765938941319965920e+02 2.987064017538900771e+02
1.772977580862643663e+02 2.996366609454357786e+02
1.780222827620828525e+02 3.005558756547652592e+02
1.787670746918686007e+02 3.014636215332840266e+02
1.795316091226019637e+02 3.023594858958056193e+02
1.803149924077982291e+02 3.032430888296650551e+02
1.811162665871281661e+02 3.041140561358444643e+02
1.819344660573719352e+02 3.049720139761297446e+02
1.827685566426622188e+02 3.058165917494733890e+02
1.836174679707615667e+02 3.066474205635798853e+02
1.844801301994927769e+02 3.074641334015831831e+02
1.853555154993965743e+02 3.082664544544162482e+02
1.862426562671216743e+02 3.090542386612941073e+02
1.871405895475121781e+02 3.098273510524639960e+02
1.880483540609683359e+02 3.105857718122553024e+02
1.889649955501002410e+02 3.113299637326996390e+02
1.898895615968498305e+02 3.120605160155630529e+02
1.908211030653059197e+02 3.127780373209848221e+02
1.917587187408495595e+02 3.134834204068572490e+02
1.927015436998340192e+02 3.141777731793559951e+02
1.936487146948889801e+02 3.148622081086947446e+02
1.945994867491994569e+02 3.155377205571661534e+02
1.955533589698772232e+02 3.162050642025523643e+02
1.965098606254251763e+02 3.168649628577393287e+02
1.974685509634162486e+02 3.175181015170419414e+02
1.984291785520075564e+02 3.181649200319260444e+02
1.993915656573686874e+02 3.188057628255619420e+02
2.003555339403141886e+02 3.194409788909739518e+02
2.013208847065213831e+02 3.200710435174112263e+02
2.022873973352578787e+02 3.206965680395212530e+02
2.032548501162188757e+02 3.213181705464500055e+02
2.042230154615868116e+02 3.219364961101006202e+02
2.051916479711657644e+02 3.225522715762713801e+02
2.061604988832050367e+02 3.231662392231413037e+02
2.071293237160492424e+02 3.237791306503348778e+02
2.080979199285771983e+02 3.243915728186237857e+02
2.090661087369535380e+02 3.250041334159254234e+02
2.100337127502449448e+02 3.256173765332605967e+02
2.110006202497613401e+02 3.262316952902054936e+02
2.119668203744041648e+02 3.268472202331823837e+02
2.129323108306997767e+02 3.274640596036157376e+02
2.138971121190330962e+02 3.280822611018643329e+02
2.148613480009748002e+02 3.287015981639619895e+02
2.158251714648972097e+02 3.293217665988165663e+02
2.167887381334150518e+02 3.299424548360835843e+02
2.177522462610408525e+02 3.305632318771563973e+02
2.187159286626056485e+02 3.311835699067508472e+02
2.196800191619770146e+02 3.318029382584470000e+02
2.206447543257111477e+02 3.324207935360420834e+02
2.216103768042305546e+02 3.330365641059639756e+02
2.225771300656811320e+02 3.336496745392984167e+02
2.235452514691390036e+02 3.342595630032292320e+02
2.245149365255028329e+02 3.348657608005462407e+02
2.254863632074915927e+02 3.354678382662998501e+02
2.264597090608182270e+02 3.360653666722107573e+02
2.274351405600563680e+02 3.366579415177662895e+02
2.284128114188669088e+02 3.372451862280730097e+02
2.293928746420509981e+02 3.378267257797629100e+02
2.303754772952974577e+02 3.384021992413047428e+02
2.313607470165211453e+02 3.389712917778005590e+02
2.323488074774409142e+02 3.395336979650164722e+02
2.333397770058218441e+02 3.400891253328501307e+02
2.343337166078113114e+02 3.406374203629601993e+02
2.353306524672316584e+02 3.411785139488482059e+02
2.363306092264813856e+02 3.417123407190687772e+02
2.373335369500525189e+02 3.422390159801507252e+02
2.383392629384838699e+02 3.427589524556885294e+02
2.393476030473327967e+02 3.432725905967397466e+02
2.403583499238129093e+02 3.437804271170932680e+02
2.413711825327892200e+02 3.442832343245086122e+02
2.423857450861925997e+02 3.447818687764040533e+02
2.434016787163384095e+02 3.452771945025442619e+02
2.444185691568749519e+02 3.457702099517891270e+02
2.454359540785585807e+02 3.462620301925974786e+02
2.464533697059289352e+02 3.467537738050934877e+02
2.474703957800692251e+02 3.472464545357857446e+02
2.484867158776994813e+02 3.477408359857365099e+02
2.495020287336465117e+02 3.482376452393406794e+02
2.505160545118363871e+02 3.487375576815697968e+02
2.515286728088297252e+02 3.492408640533637936e+02
2.525398350955513820e+02 3.497476816929859638e+02
2.535494961579622668e+02 3.502581199377960957e+02
2.545577137592613326e+02 3.507720395762591465e+02
2.555646726902696741e+02 3.512889947992254065e+02
2.565705655863152401e+02 3.518085208638127028e+02
2.575755995141585686e+02 3.523301181846695727e+02
2.585800325282402241e+02 3.528531640745464983e+02
2.595841339380139630e+02 3.533770086727003559e+02
2.605881665273853969e+02 3.539010178687848338e+02
2.615923162618860260e+02 3.544247429652294841e+02
2.625967190876592667e+02 3.549478559938276021e+02
2.636015097366346254e+02 3.554700319169286900e+02
2.646067914042101847e+02 3.559910218034120817e+02
2.656126116119597214e+02 3.565107110787708393e+02
2.666190121998585596e+02 3.570289988797950969e+02
2.676260307618212551e+02 3.575457945852194825e+02
2.686336823925176986e+02 3.580610618443183739e+02
2.696419747625903938e+02 3.585747822139008463e+02
2.706509156366433331e+02 3.590869370227161426e+02
2.716605147698216456e+02 3.595975027695740778e+02
2.726707837651662203e+02 3.601064514694639342e+02
2.736817343069219532e+02 3.606137549404602396e+02
2.746933830587563534e+02 3.611193729722909893e+02
2.757057594758258006e+02 3.616232344554318843e+02
2.767188950388290891e+02 3.621252633874362346e+02
2.777328220563595096e+02 3.626253817662266101e+02
2.787475795368247873e+02 3.631234954075224550e+02
2.797632097350191316e+02 3.636195022859777737e+02
2.807797546506042750e+02 3.641133009921440475e+02
2.817972451305867594e+02 3.646048170405181281e+02
2.828156972951805983e+02 3.650940114979710529e+02
2.838351262558981034e+02 3.655808478665091457e+02
2.848555303507766325e+02 3.660653301433173397e+02
2.858768438799975229e+02 3.665476169282698606e+02
2.868989858637946213e+02 3.670279037106873830e+02
2.879218712178219448e+02 3.675063958894061784e+02
2.889453616751951586e+02 3.679834272596568212e+02
2.899692818697864709e+02 3.684594211838315232e+02
2.909934559860008108e+02 3.689348021094783121e+02
2.920177422322128109e+02 3.694099123443013468e+02
2.930420632739146072e+02 3.698849385851922875e+02
2.940663489607848078e+02 3.703600501851537956e+02
2.950905378516197288e+02 3.708353954718255068e+02
2.961146184592583950e+02 3.713110021748784675e+02
2.971385970746762837e+02 3.717868551043916909e+02
2.981624789067883512e+02 3.722629416828049784e+02
2.991862440871910280e+02 3.727393098753367440e+02
3.002098478390705623e+02 3.732160677821982517e+02
3.012332442596143665e+02 3.736933262220359211e+02
3.022563461642652101e+02 3.741712956766237994e+02
3.032789521027867750e+02 3.746504624899853866e+02
3.043008410186487254e+02 3.751313603400095076e+02
3.053217804632681691e+02 3.756145504074654013e+02
3.063414375390058240e+02 3.761008363788736233e+02
3.073594270731006191e+02 3.765911481442080913e+02
3.083753641869287776e+02 3.770864148833339868e+02
3.093888992260293662e+02 3.775874807375245155e+02
3.103997323420548469e+02 3.780950696055398907e+02
3.114075674561856886e+02 3.786098962857020638e+02
3.124121376261604723e+02 3.791326052344370510e+02
3.134132961362903416e+02 3.796635506554600852e+02
3.144109272764837897e+02 3.802030118983286684e+02
3.154049211204848007e+02 3.807512543491757242e+02
3.163952504952641789e+02 3.813083436099855703e+02
3.173819500471966535e+02 3.818741960373644702e+02
3.183650557423438272e+02 3.824487248019078152e+02
3.193445797390342022e+02 3.830319005510512511e+02
3.203204857613401373e+02 3.836238108626405392e+02
3.212927316492858836e+02 3.842245575198430743e+02
3.222612662128990451e+02 3.848342641061817062e+02
3.232259821495138681e+02 3.854531896733035978e+02
3.241867506353310660e+02 3.860816452295049430e+02
3.251434457452764377e+02 3.867199347849438027e+02
3.260960172690583363e+02 3.873681795581446750e+02
3.270444954601936161e+02 3.880263065108425735e+02
3.279889144835576076e+02 3.886942331619165998e+02
3.289293328829867278e+02 3.893718181742181628e+02
3.298658819714655124e+02 3.900587445303023060e+02
3.307987065798311050e+02 3.907546625777366671e+02
3.317279650344016204e+02 3.914591900831233033e+02
3.326539455696223513e+02 3.921716311871988410e+02
3.335770089790807447e+02 3.928911148574870822e+02
3.344975175921105119e+02 3.936167663538902275e+02
3.354158757503104198e+02 3.943476095095654728e+02
3.363325514312120958e+02 3.950825145266852587e+02
3.372480179166645939e+02 3.958203388016478925e+02
3.381627092240205457e+02 3.965600345236886142e+02
3.390768842445281166e+02 3.973009766736678898e+02
3.399907530630446217e+02 3.980426580614449108e+02
3.409045191772728458e+02 3.987845873996913042e+02
3.418182816609788119e+02 3.995265255029827927e+02
3.427320560780119649e+02 4.002684347968444172e+02
3.436458557632690258e+02 4.010102830879750968e+02
3.445597149075622383e+02 4.017519878324629872e+02
3.454737132987823429e+02 4.024933564053625332e+02
3.463879367520161168e+02 4.032341816307975932e+02
3.473024668539412687e+02 4.039742665411582720e+02
3.482173566959550044e+02 4.047134829624269514e+02
3.491326476015250933e+02 4.054517311308406988e+02
3.500483803392637583e+02 4.061889126221760762e+02
3.509645804887603049e+02 4.069249656817666505e+02
3.518812563578906065e+02 4.076598702525650992e+02
3.527984153148047994e+02 4.083936085462236747e+02
3.537160541588071396e+02 4.091261882898566569e+02
3.546341356428890776e+02 4.098576994056841727e+02
3.555526156775644040e+02 4.105882483351355177e+02
3.564714530974042646e+02 4.113179344603505001e+02
3.573906375334885297e+02 4.120467828142097346e+02
3.583101770664524679e+02 4.127747738884811497e+02
3.592300805520642371e+02 4.135018863035967911e+02
3.601503926858649720e+02 4.142280121550686545e+02
3.610712163443336067e+02 4.149529030771122962e+02
3.619926597292018187e+02 4.156762978476380113e+02
3.629148167426279770e+02 4.163979697667562050e+02
3.638377123307333250e+02 4.171178586090604767e+02
3.647613506809295814e+02 4.178359542650690628e+02
3.656857332771037932e+02 4.185522531521875749e+02
3.666108139634800978e+02 4.192668667001846643e+02
3.675365058094142228e+02 4.199800047781060925e+02
3.684627205375963399e+02 4.206918805061370676e+02
3.693893615079303459e+02 4.214027271940307173e+02
3.703163124161034148e+02 4.221128256251988660e+02
3.712434541339126781e+02 4.228224634005310918e+02
3.721706688529055782e+02 4.235319249347645609e+02
3.730978484216303741e+02 4.242414713286158303e+02
3.740248889793508624e+02 4.249513533241178038e+02
3.749516874489916063e+02 4.256618197713775658e+02
3.758781665217920818e+02 4.263730573103148913e+02
3.768042802465388945e+02 4.270851768770652370e+02
3.777299845695185923e+02 4.277982848267952818e+02
3.786552571065264488e+02 4.285124351998657630e+02
3.795801508600653165e+02 4.292275000370819384e+02
3.805047352159647858e+02 4.299433118264113318e+02
3.814290859789090291e+02 4.306596875593315872e+02
3.823533531070013964e+02 4.313762652050850193e+02
3.832777341790223318e+02 4.320925677663985880e+02
3.842024276987180542e+02 4.328081160129347609e+02
3.851276440114126558e+02 4.335224021262614542e+02
3.860536140758732699e+02 4.342348685226958764e+02
3.869805709171893682e+02 4.349449526300135744e+02
3.879087419811419295e+02 4.356521053456144728e+02
3.888383256120033593e+02 4.363558478240687464e+02
3.897695106965169884e+02 4.370557240524127565e+02
3.907024826194684692e+02 4.377512864721582559e+02
3.916373577586608121e+02 4.384422541224514589e+02
3.925741892908226305e+02 4.391284986233646919e+02
3.935130279597665321e+02 4.398098974685523785e+02
3.944538838446324007e+02 4.404864263249206715e+02
3.953966640997491027e+02 4.411583093419735633e+02
3.963412598427172497e+02 4.418258093853215200e+02
3.972875570063323494e+02 4.424892018378219518e+02
3.982354002698443196e+02 4.431488616773651756e+02
3.991846146083581743e+02 4.438052114519352926e+02
4.001350250880486783e+02 4.444586734896546432e+02
4.010864651146758320e+02 4.451096499851389012e+02
4.020387789569971915e+02 4.457585169074486089e+02
4.029918116128499719e+02 4.464056484654945507e+02
4.039454204222834619e+02 4.470513890714083800e+02
4.048995091195575355e+02 4.476959711316317225e+02
4.058539923381241010e+02 4.483396007395926404e+02
4.068087860134796756e+02 4.489824808452617617e+02
4.077638226269210691e+02 4.496247744529794090e+02
4.087190460442609492e+02 4.502666170820644425e+02
4.096743998818150772e+02 4.509081448541616055e+02
4.106297777607005628e+02 4.515496145894958886e+02
4.115849799204373767e+02 4.521915085504627996e+02
4.125397963727082811e+02 4.528343336915383475e+02
4.134940079500736374e+02 4.534786191273320810e+02
4.144473436661793926e+02 4.541250190730997929e+02
4.153995143685177709e+02 4.547742316006221586e+02
4.163502341901092336e+02 4.554269468496540867e+02
4.172992905767331422e+02 4.560836779659658760e+02
4.182465428154657161e+02 4.567447646537957553e+02
4.191918532549502743e+02 4.574105392260495364e+02
4.201351177386955555e+02 4.580812531311455018e+02
4.210763234423756671e+02 4.587569373201645249e+02
4.220154729645095131e+02 4.594375855098093098e+02
4.229525726691644536e+02 4.601231823258262921e+02
4.238876615533758923e+02 4.608136336099768755e+02
4.248207953570002360e+02 4.615088047827470064e+02
4.257520301809078660e+02 4.622085603930727871e+02
4.266814324173101340e+02 4.629127401452459480e+02
4.276090828119513958e+02 4.636211490922515281e+02
4.285350631757237352e+02 4.643335897156693477e+02
4.294594647901394069e+02 4.650498416345294004e+02
4.303824174126488629e+02 4.657695915850305823e+02
4.313040605703681081e+02 4.664925027189121920e+02
4.322245357415088733e+02 4.672182334783476563e+02
4.331440117641396910e+02 4.679463762641253197e+02
4.340626776375883082e+02 4.686764748116683563e+02
4.349807228935230796e+02 4.694080715714875396e+02
4.358983456706802713e+02 4.701406882259038866e+02
4.368157613691491861e+02 4.708738048069239994e+02
4.377331874505005089e+02 4.716068963723600973e+02
4.386508418017891699e+02 4.723394369583578509e+02
4.395689449118410721e+02 4.730708943537359232e+02
4.404877182525971762e+02 4.738007339866735492e+02
4.414073835549001501e+02 4.745284206615032190e+02
4.423281689978692839e+02 4.752534036444741332e+02
4.432503095213165238e+02 4.759751159109385981e+02
4.441740403750817450e+02 4.766929896892445413e+02
4.450995852873023750e+02 4.774064850363563437e+02
4.460271341121505770e+02 4.781151438257510335e+02
4.469568705100064108e+02 4.788185228909072748e+02
4.478889762869747528e+02 4.795161835428153836e+02
4.488236157132649851e+02 4.802077294363508599e+02
4.497609434015666352e+02 4.808927875463775763e+02
4.507011142689233338e+02 4.815709841124145782e+02
4.516443052775571800e+02 4.822418921186296643e+02
4.525907263239328699e+02 4.829050049887181331e+02
4.535405899979003834e+02 4.835598096398671828e+02
4.544941095524936827e+02 4.842057913466690593e+02
4.554515011529471735e+02 4.848424281706944043e+02
4.564129817636314783e+02 4.854691961941883847e+02
4.573787629276462781e+02 4.860855845681443839e+02
4.583489719958179194e+02 4.866912854010732872e+02
4.593236698986991655e+02 4.872861509170551244e+02
4.603029152904800299e+02 4.878700388278550690e+02
4.612866809241484134e+02 4.884430139563282864e+02
4.622747544446208963e+02 4.890055874279885302e+02
4.632668994349776312e+02 4.895583283823573311e+02
4.642628618407389922e+02 4.901018484098947283e+02
4.652622706708777969e+02 4.906370405496306830e+02
4.662647073480568451e+02 4.911649123736424940e+02
4.672697517085348409e+02 4.916864752604238902e+02
4.682769422375536124e+02 4.922028397766490571e+02
4.692857710318282329e+02 4.927152277605793529e+02
4.702957277221336199e+02 4.932248669655194249e+02
4.713062850375333142e+02 4.937330257388649670e+02
4.723168620871967960e+02 4.942411012108855743e+02
4.733268673718247896e+02 4.947505159909946997e+02
4.743357242841173047e+02 4.952626567657397345e+02
4.753430102349941535e+02 4.957785386949161648e+02
4.763483936249534736e+02 4.962989574508933401e+02
4.773515461828866364e+02 4.968247006929924510e+02
4.783522804528491292e+02 4.973562174378139389e+02
4.793506344179476173e+02 4.978934145494554855e+02
4.803466663174974087e+02 4.984361501783861854e+02
4.813404612317300462e+02 4.989842188719052842e+02
4.823322316657977922e+02 4.995371132267857774e+02
4.833222278995718284e+02 5.000942363275120783e+02
4.843106974381916530e+02 5.006549984353162017e+02
4.852978397684047422e+02 5.012189339871670199e+02
4.862838138315494234e+02 5.017856822706066851e+02
4.872687772673572795e+02 5.023548859607764143e+02
4.882528803756646312e+02 5.029262121968297379e+02
4.892362564479037133e+02 5.034993848072627998e+02
4.902190363728904572e+02 5.040741356285379879e+02
4.912013634444913919e+02 5.046501691814699484e+02
4.921834702359821563e+02 5.052269933955811894e+02
4.931656284151007412e+02 5.058040301152509528e+02
4.941481096825587542e+02 5.063807015030558318e+02
4.951311813957953518e+02 5.069564520920411042e+02
4.961151056981867100e+02 5.075307532708143867e+02
4.971001444182140858e+02 5.081030780326527747e+02
4.980865060928574053e+02 5.086730298076289500e+02
4.990742167003896839e+02 5.092406588582684890e+02
5.000632631592113171e+02 5.098061110504198723e+02
5.010536107342717287e+02 5.103695825910735948e+02
5.020449791769802914e+02 5.109318404706929186e+02
5.030369327416578926e+02 5.114940131879835690e+02
5.040290320240893038e+02 5.120572373131624317e+02
5.050207416490304126e+02 5.126228376494451595e+02
5.060113615025321110e+02 5.131924621106868472e+02
5.070001752514036184e+02 5.137677904223910446e+02
5.079864509360338616e+02 5.143505075810880953e+02
5.089693763627652743e+02 5.149423256474642585e+02
5.099481136577379630e+02 5.155449653445245985e+02
5.109218219910717380e+02 5.161601435544175729e+02
5.118896037339270038e+02 5.167895029940722225e+02
5.128505099364869011e+02 5.174346193680712531e+02
5.138035899350849149e+02 5.180970652583145011e+02
5.147479421517941773e+02 5.187781470567191491e+02
5.156827874233749753e+02 5.194785073052800044e+02
5.166073653531808532e+02 5.201986867755144885e+02
5.175209346460682127e+02 5.209391340066501925e+02
5.184229034466886787e+02 5.216995759625384608e+02
5.193127502568235059e+02 5.224793998851157539e+02
5.201899541809347056e+02 5.232779861732492463e+02
5.210540015942241325e+02 5.240945309021890353e+02
5.219043882144231929e+02 5.249279933007285308e+02
5.227406103737098420e+02 5.257773170269895218e+02
5.235621809778758688e+02 5.266414253273437680e+02
5.243686742735554844e+02 5.275191659019354802e+02
5.251596786954474965e+02 5.284093689771557365e+02
5.259347830073003252e+02 5.293108658663556980e+02
5.266935800743390246e+02 5.302225014314099099e+02
5.274356655452837686e+02 5.311431297289906297e+02
5.281606346629926065e+02 5.320716051726449223e+02
5.288680365163374972e+02 5.330068004718333441e+02
5.295573351976772756e+02 5.339476220295044868e+02
5.302279856518430279e+02 5.348929798747806217e+02
5.308794684323086130e+02 5.358417703970767434e+02
5.315114063838076390e+02 5.367928141984602917e+02
5.321234714868539868e+02 5.377449057102382994e+02
5.327153522558995746e+02 5.386968350402084980e+02
5.332870943076578669e+02 5.396472991901298428e+02
5.338390884951570570e+02 5.405949051494890227e+02
5.343717400680357059e+02 5.415382563409430077e+02
5.348856224544387032e+02 5.424760231932076522e+02
5.353817608534002375e+02 5.434070561305736646e+02
5.358612555404932891e+02 5.443302354894949531e+02
5.363265397724539980e+02 5.452472745675013357e+02
5.367914013539603957e+02 5.461840182802130812e+02
5.372753712690330303e+02 5.471785174198048480e+02
5.377986149150549409e+02 5.482702363236611518e+02
5.384074801005137942e+02 5.495571796703611653e+02
5.391843349869901658e+02 5.512178887915672476e+02
5.402141682476785718e+02 5.534367641296014426e+02
