2.164862535759954554e+01 4.000090553062237575e+01
2.310070064673757173e+01 4.000030519499566140e+01
2.435324203462123194e+01 3.999944154323661394e+01
2.547101569881907679e+01 3.999843172506013644e+01
2.651842463619911783e+01 3.999739452418585017e+01
2.754139611503269336e+01 3.999653184942710737e+01
2.855897912630725699e+01 3.999616653902657504e+01
2.958810459116484637e+01 3.999663096074308299e+01
3.064412253736240643e+01 3.999826146872405275e+01
3.172685229604165258e+01 4.000143357939852251e+01
3.282729813682896491e+01 4.000654503729836620e+01
3.393636358736914360e+01 4.001399366597161134e+01
3.504641921775214541e+01 4.002358361311460300e+01
3.615457704791689508e+01 4.003320027875098930e+01
3.725890522128256066e+01 4.004034214334159714e+01
3.835747352370563590e+01 4.004245205570310162e+01
3.944840600230545391e+01 4.003513495996521954e+01
4.052989209753926048e+01 4.001178083664932217e+01
4.160012514304915499e+01 3.996564779867594552e+01
4.265760203286374974e+01 3.989086453638040553e+01
4.370316900401844862e+01 3.978829739445504288e+01
4.473876816707044668e+01 3.966195556092647223e+01
4.576634711810162770e+01 3.951586466923775731e+01
4.678751189969054991e+01 3.935343329471034224e+01
4.780297231264435709e+01 3.917645084243704900e+01
4.881329293029629923e+01 3.898644434634084632e+01
4.981905459969762973e+01 3.878497908715033304e+01
5.082121246341243648e+01 3.857450002212313933e+01
5.182109595951769876e+01 3.835833178504595509e+01
5.282005079980829265e+01 3.813983725651105772e+01
5.381953726808405492e+01 3.792264426019994517e+01
5.482172270593427044e+01 3.771201566209933276e+01
5.582904391133011757e+01 3.751383743509087054e+01
5.684392755283906240e+01 3.733397101537083529e+01
5.786690324415286568e+01 3.717369293059380908e+01
5.889443367653366579e+01 3.702445054236069666e+01
5.992245605112094609e+01 3.687642117829344102e+01
6.094702020359143546e+01 3.672005443546424885e+01
6.196606787786597437e+01 3.655037318686768799e+01
6.297911066172916605e+01 3.636619506096140242e+01
6.398570766066111304e+01 3.616645254987734859e+01
6.498540592559673712e+01 3.595004962950132210e+01
6.597769272855903466e+01 3.571574886265510429e+01
6.696203684549826107e+01 3.546226905782920369e+01
6.793790440805732089e+01 3.518832263992158005e+01
6.890453164063406177e+01 3.489206699417623270e+01
6.986074970866401657e+01 3.457068161674817475e+01
7.080534854601074812e+01 3.422124646296499151e+01
7.173728345781806581e+01 3.384124065875700182e+01
7.265760830850712182e+01 3.343320879952798919e+01
7.356881948097775137e+01 3.300317740916318598e+01
7.447344171397332957e+01 3.255724145643853973e+01
7.537386978084370526e+01 3.210118122755241643e+01
7.627197859336436636e+01 3.163951827839280639e+01
7.716951309791723190e+01 3.117645948227010777e+01
7.806821228588553652e+01 3.071619732107886236e+01
7.896951220596220367e+01 3.026219215660608342e+01
7.987440818930144815e+01 2.981683927073395424e+01
8.078386083750540081e+01 2.938245001460734684e+01
8.169871836161232181e+01 2.896106676714183692e+01
8.261872484776094439e+01 2.855208952407186374e+01
8.354299769230573247e+01 2.815341849198112101e+01
8.447064719758930096e+01 2.776293690706572903e+01
8.540111734167420821e+01 2.737934997383869984e+01
8.633493053542298412e+01 2.700401948085714565e+01
8.727282665797378058e+01 2.663884292251981378e+01
8.821555087594546762e+01 2.628572829696746282e+01
8.916402303865567092e+01 2.594693061485497054e+01
9.011937351549065056e+01 2.562512309138051947e+01
9.108274520912445382e+01 2.532300383950114053e+01
9.205535026542854382e+01 2.504336397779162482e+01
9.303893672372055335e+01 2.478971442262388791e+01
9.403550259594292982e+01 2.456590184693870071e+01
9.504704596551786722e+01 2.437577160021411160e+01
9.607488767407275532e+01 2.422153828683613241e+01
9.711857147009996538e+01 2.410113741038814794e+01
9.817735314101379629e+01 2.401181108677664611e+01
9.925040849868398141e+01 2.395076272810873164e+01
1.003350739174549631e+02 2.391430555910637068e+01
1.014268463341458926e+02 2.389786261710636950e+01
1.025211427100313699e+02 2.389681823564617602e+01
1.036134424835114913e+02 2.390781847583831876e+01
1.046996106578396848e+02 2.393529589350634978e+01
1.057756591732125173e+02 2.398665044080778230e+01
1.068376082003832721e+02 2.406927849791158636e+01
1.078828911692604606e+02 2.418890122268118503e+01
1.089119712667886262e+02 2.434764841710712346e+01
1.099257031571103340e+02 2.454718584137168946e+01
1.109249078030806999e+02 2.478906335376550274e+01
1.119098400912427991e+02 2.507288402299257513e+01
1.128802851964465077e+02 2.539663553514178673e+01
1.138360140758109935e+02 2.575825668019146875e+01
1.147762245435021953e+02 2.615444043984940592e+01
1.156972721776923834e+02 2.657570178894669155e+01
1.165946331460415450e+02 2.701064417765352843e+01
1.174638688019393555e+02 2.744791593676311692e+01
1.183079850342386266e+02 2.788012502555697480e+01
1.191431037856638397e+02 2.830685562108373432e+01
1.199866821021431491e+02 2.872840202027876444e+01
1.208585114315170017e+02 2.914473810084327354e+01
1.218080067498709980e+02 2.955177162479269271e+01
1.229049458066246530e+02 2.994261536661183243e+01
1.242195066258737342e+02 3.031032715921580944e+01
