4.632955840594997454e+01 5.018521642188170517e+01
4.799403861415400030e+01 4.996331643242992016e+01
4.930545336905944254e+01 4.978485521402939895e+01
5.038408599700206025e+01 4.963837069778588784e+01
5.134735924016256092e+01 4.951275488890670573e+01
5.226513727594571179e+01 4.940278644203279157e+01
5.316807783347914551e+01 4.930809686255096125e+01
5.408564865332894556e+01 4.922846177070712770e+01
5.503832178998017355e+01 4.916329512696028559e+01
5.602329883280239642e+01 4.911107533317158413e+01
5.703406843498704859e+01 4.907013151746195945e+01
5.806418974597382032e+01 4.903860948324978608e+01
5.910789696405908700e+01 4.901289957697778021e+01
6.015979976454362088e+01 4.898841572135265210e+01
6.121452491048157896e+01 4.896056834726765317e+01
6.226774511389935185e+01 4.892533016354824582e+01
6.331692697725124219e+01 4.887963823294841603e+01
6.435971352548364166e+01 4.882052445886603920e+01
6.539413535940501276e+01 4.874583749225195106e+01
6.642052465063376587e+01 4.865827613730636614e+01
6.744005984268305554e+01 4.856232256651122015e+01
6.845393083635340759e+01 4.846251051509607066e+01
6.946363691808869589e+01 4.836486151212574214e+01
7.047103596177851159e+01 4.827712148533318270e+01
7.147800589586213960e+01 4.820713280680354273e+01
7.248597076277256690e+01 4.816150153933350708e+01
7.349463132420493139e+01 4.814213981827307265e+01
7.450327942669056824e+01 4.814984596270976880e+01
7.551125307022007860e+01 4.818518231445409583e+01
7.651860520229919871e+01 4.824505577170370429e+01
7.752595186694382789e+01 4.832349418559525844e+01
7.853392427164463641e+01 4.841444897811115311e+01
7.954312725412593466e+01 4.851238784746928445e+01
8.055410074408814580e+01 4.861304928320754470e+01
8.156737486310321117e+01 4.871236380173417047e+01
8.258330126020028672e+01 4.880682952865932123e+01
8.360062057274097924e+01 4.889806820711580571e+01
8.461721885502834084e+01 4.899041947286335130e+01
8.563098076732740083e+01 4.908823699349701997e+01
8.664024131859297029e+01 4.919511206566127015e+01
8.764407254782844348e+01 4.931338830767563053e+01
8.864161468112891384e+01 4.944529390761846344e+01
8.963224135415430283e+01 4.959250702219723195e+01
9.061664005206495176e+01 4.975360971202591287e+01
9.159595758951400057e+01 4.992610162436139376e+01
9.257134376316130897e+01 5.010747310892745787e+01
9.354401795908856343e+01 5.029498729800987178e+01
9.451527663515027200e+01 5.048565567572241974e+01
9.548642024559842412e+01 5.067647667354199825e+01
9.645865051879951579e+01 5.086466731904259575e+01
9.743281335970104351e+01 5.104823249407016306e+01
9.840967453772850604e+01 5.122535451430452724e+01
9.938996172623355108e+01 5.139430604519372281e+01
1.003738517465566957e+02 5.155466616900608301e+01
1.013611069725186837e+02 5.170699688392891602e+01
1.023514781556701365e+02 5.185188781308206529e+01
1.033443142817193632e+02 5.199089780152381479e+01
1.043380229870615494e+02 5.212785661012964056e+01
1.053308772653124379e+02 5.226691881269341167e+01
1.063213055654608894e+02 5.241186423924268212e+01
1.073090603324274213e+02 5.256328106928928889e+01
1.082945636109140537e+02 5.272014333200124980e+01
1.092782452674919256e+02 5.288140622567525639e+01
1.102606968994002159e+02 5.304563658963068917e+01
1.112427627355030779e+02 5.321079462648329184e+01
1.122253089658283614e+02 5.337478780416829238e+01
1.132090772351159416e+02 5.353582452587322393e+01
1.141941444230483143e+02 5.369371944777071093e+01
1.151803665165371058e+02 5.384882096298014176e+01
1.161675863739443457e+02 5.400150916133430457e+01
1.171553154482754309e+02 5.415296424883693760e+01
1.181427144470722226e+02 5.430521324072813627e+01
1.191289272401125885e+02 5.446032380387295291e+01
1.201132234431036494e+02 5.462005998504164950e+01
1.210953029731064987e+02 5.478514684597817563e+01
1.220749577135803605e+02 5.495608739076914873e+01
1.230520035254400426e+02 5.513332674308618664e+01
1.240265804382515284e+02 5.531652749920178280e+01
1.249990614341054425e+02 5.550478991929365691e+01
1.259698261062001734e+02 5.569719830456047305e+01
1.269395728061149953e+02 5.589206747082095461e+01
1.279097110774765724e+02 5.608599541038102387e+01
1.288817466928566660e+02 5.627534781807334241e+01
1.298570901423651662e+02 5.645672034365119885e+01
1.308363855967980385e+02 5.662855807372102390e+01
1.318199078503400301e+02 5.679019754928172858e+01
1.328079222179293879e+02 5.694099816232740352e+01
1.338003090964927253e+02 5.708124684506921653e+01
1.347963748704852094e+02 5.721261373246702675e+01
1.357953790981973157e+02 5.733688179688951436e+01
1.367968236571758780e+02 5.745524796291951475e+01
1.378014372228656157e+02 5.756594215118613533e+01
1.388103357913746549e+02 5.766625754942972293e+01
1.398245937297551507e+02 5.775358777193726922e+01
1.408443046201962261e+02 5.782769251400160471e+01
1.418685700724226422e+02 5.789072454129571099e+01
1.428964476209245049e+02 5.794494294970901649e+01
1.439267760642986786e+02 5.799314003871876366e+01
1.449576833431153204e+02 5.803984093749525641e+01
1.459871532414267108e+02 5.808992217968825855e+01
1.470132579765375169e+02 5.814805075728718720e+01
1.480351893824843899e+02 5.821624074222724232e+01
1.490529076332386751e+02 5.829468563306063089e+01
1.500663925730064534e+02 5.838353234207681908e+01
1.510764185246984539e+02 5.848104907417859266e+01
1.520854483562359576e+02 5.858151112424247486e+01
1.530961609247164574e+02 5.867868303656327100e+01
1.541110601949550869e+02 5.876675221628153878e+01
1.551313208593522575e+02 5.884312003115784506e+01
1.561575071526442287e+02 5.890666383543368312e+01
1.571901672211227208e+02 5.895629515088329953e+01
1.582292279554539789e+02 5.899219936653601337e+01
1.592737315988747753e+02 5.901637581619181105e+01
1.603226527645036583e+02 5.903096250731300643e+01
1.613749056575530290e+02 5.903800810910244934e+01
1.624291143286074544e+02 5.903913217624791798e+01
1.634838158173346301e+02 5.903582558154186444e+01
1.645375358105635826e+02 5.902955495801256802e+01
1.655885545593620520e+02 5.902126266823080414e+01
1.666349150902599376e+02 5.901138434414068001e+01
1.676746507825451431e+02 5.900033491240951378e+01
1.687058852754504699e+02 5.898853109789964577e+01
1.697270208661798847e+02 5.897639517700946499e+01
1.707365134591553897e+02 5.896435049412201579e+01
1.717330106281749238e+02 5.895283989818990733e+01
1.727174356396992607e+02 5.894253781614102650e+01
1.736922028408380072e+02 5.893427040955673846e+01
1.746597551226825829e+02 5.892885644438621995e+01
1.756229093699892587e+02 5.892569555863187247e+01
1.765852399138933606e+02 5.892131324181355012e+01
1.775504126140220080e+02 5.891188767639029322e+01
1.785216932725090260e+02 5.889369753932727747e+01
1.794994721946673621e+02 5.886374383285002665e+01
1.804828819733930345e+02 5.881934349674396145e+01
1.814710597929714595e+02 5.875788820906272036e+01
1.824635698528176135e+02 5.867994000375065156e+01
1.834605570754564496e+02 5.859037246908630436e+01
1.844622079261637566e+02 5.849436762575594884e+01
1.854688070322612248e+02 5.839713043590326436e+01
1.864810864382923228e+02 5.830397042757663684e+01
1.874999055929586120e+02 5.822022690445760418e+01
1.885260775687356727e+02 5.815107118267107467e+01
1.895594868643554491e+02 5.809831165199573633e+01
1.905991602964866729e+02 5.806065051745393646e+01
1.916440924050663455e+02 5.803667299877690056e+01
1.926931623529901003e+02 5.802443806952273064e+01
1.937449108068023804e+02 5.802046078769308224e+01
1.947978166758109637e+02 5.802097453038308572e+01
1.958503464977690669e+02 5.802217270823488349e+01
1.969008288781793397e+02 5.801980314011684925e+01
1.979475061519188444e+02 5.800933494661742174e+01
1.989886207429238141e+02 5.798623672090592152e+01
2.000225820140615269e+02 5.794641981770749339e+01
2.010481216192219449e+02 5.788665038381963512e+01
2.020640079736438963e+02 5.780379206583710072e+01
2.030692009535335956e+02 5.769518229118261132e+01
2.040639626711470100e+02 5.756138094291247853e+01
2.050490975207370354e+02 5.740428981108780704e+01
2.060254121482490461e+02 5.722581675443036886e+01
2.069937312845547694e+02 5.702793369390995792e+01
2.079549031534850201e+02 5.681269576962237977e+01
2.089097775489445610e+02 5.658216368333772550e+01
2.098592960107407066e+02 5.633862064032259553e+01
2.108047969487591899e+02 5.608531234093005935e+01
2.117477260606223979e+02 5.582574468129153189e+01
2.126895060856084854e+02 5.556336792959302073e+01
2.136311337435408859e+02 5.530060011107433127e+01
2.145732297355321805e+02 5.503894815957440301e+01
2.155164016815753314e+02 5.477988731295461378e+01
2.164611248500872875e+02 5.452457173821528613e+01
2.174075053816536069e+02 5.427326013746259292e+01
2.183555855684116125e+02 5.402605632325104068e+01
2.193054101600640706e+02 5.378306987451519205e+01
2.202570496669531508e+02 5.354447081441105638e+01
2.212105899760057355e+02 5.331046524538906084e+01
2.221661169427839866e+02 5.308125917796117932e+01
2.231236925962173245e+02 5.285700087332758557e+01
2.240833351026210494e+02 5.263773228157823070e+01
2.250450579098766468e+02 5.242348391659586326e+01
2.260088151445571043e+02 5.221414317833584562e+01
2.269741789155857816e+02 5.200867584099219698e+01
2.279405699330191908e+02 5.180568242575054683e+01
2.289074119690531006e+02 5.160377089461599098e+01
2.298742497874826256e+02 5.140184297996396623e+01
2.308407783038497314e+02 5.119916498604497690e+01
2.318067017922996911e+02 5.099502594001222633e+01
2.327718235894845407e+02 5.078895537131589322e+01
2.337363537555174275e+02 5.058147024582267193e+01
2.347006067185722884e+02 5.037334091243164380e+01
2.356649183959975744e+02 5.016538982301396743e+01
2.366299950963698677e+02 4.995933748551783538e+01
2.375968555077060387e+02 4.975766180772591696e+01
2.385665276425525292e+02 4.956286330431764497e+01
2.395397907432023885e+02 4.937683850274859765e+01
2.405167642395508381e+02 4.919988197745469449e+01
2.414974594014487650e+02 4.903202570200205912e+01
2.424819038291026345e+02 4.887333662869967554e+01
2.434702862410983073e+02 4.872422681675060829e+01
2.444628871135422514e+02 4.858530486502712620e+01
2.454599907436162880e+02 4.845718775070439222e+01
2.464621190768716872e+02 4.834101818501942205e+01
2.474702113491259183e+02 4.823886202337661189e+01
2.484852490911754614e+02 4.815287868761716084e+01
2.495080173735216817e+02 4.808474188078591283e+01
2.505381027932451445e+02 4.803316225902976555e+01
2.515746400848402118e+02 4.799573331560268485e+01
2.526167611096033738e+02 4.797004637842861996e+01
2.536635324539340957e+02 4.795368910501539972e+01
2.547139433071744179e+02 4.794424480082402340e+01
2.557669783683255105e+02 4.793929651905349232e+01
2.568216672685114190e+02 4.793678961554360285e+01
2.578772147398272523e+02 4.793608134344243155e+01
2.589328681623646276e+02 4.793687284087125988e+01
2.599878693642484109e+02 4.793893967867731476e+01
2.610413710964652410e+02 4.794325164478151891e+01
2.620924543320469979e+02 4.795174082182965236e+01
2.631401979432307030e+02 4.796636716874702699e+01
2.641836571140074170e+02 4.798929314445587124e+01
2.652218272569302258e+02 4.802319216660988133e+01
2.662536945029914364e+02 4.807081699668513153e+01
2.672783438163161804e+02 4.813467838194205228e+01
2.682957789149334076e+02 4.821503730279028588e+01
2.693065025936435291e+02 4.831093264265482645e+01
2.703110235819295326e+02 4.842138806260498285e+01
2.713099228642638536e+02 4.854519873639497263e+01
2.723039024750635235e+02 4.868077704931047833e+01
2.732936759969127252e+02 4.882649886860831145e+01
2.742798099356541570e+02 4.898108470147766980e+01
2.752620205005287630e+02 4.914524752623958648e+01
2.762397190251052734e+02 4.932041472601896004e+01
2.772123347798102486e+02 4.950796996591606813e+01
2.781798308315262034e+02 4.970799694651868350e+01
2.791427750246865571e+02 4.991910654231060818e+01
2.801017677982036389e+02 5.013983024985151360e+01
2.810574274243130617e+02 5.036865746605468530e+01
2.820104381428295710e+02 5.060392185624080241e+01
2.829614994435336257e+02 5.084392108469091198e+01
2.839113042099488666e+02 5.108696908501934786e+01
2.848604464764249542e+02 5.133162322827298141e+01
2.858094441830213555e+02 5.157662828411618960e+01
2.867588133168156332e+02 5.182073383620723206e+01
2.877090712088825057e+02 5.206268748017819803e+01
2.886607384177707445e+02 5.230123203761472439e+01
2.896143359765480909e+02 5.253510962819942165e+01
2.905703761244497514e+02 5.276308367842824509e+01
2.915292940041557017e+02 5.298410441411085259e+01
2.924914848242016774e+02 5.319721881856956713e+01
2.934573372475984456e+02 5.340148967826296200e+01
2.944268343426026036e+02 5.359695883504360836e+01
2.953993106995330891e+02 5.378523347601774418e+01
2.963740427447916090e+02 5.396806118876813230e+01
2.973502790100397988e+02 5.414725683995311556e+01
2.983271151336399498e+02 5.432500405822004552e+01
2.993035946400200942e+02 5.450361216535071662e+01
3.002787698541297914e+02 5.468536923239332737e+01
3.012519288405746920e+02 5.487199409009103590e+01
3.022226148886692840e+02 5.506458927834483319e+01
3.031903840466770816e+02 5.526422652804140512e+01
3.041549250130059363e+02 5.547165733338682969e+01
3.051163923261130435e+02 5.568650858317342767e+01
3.060750427284168040e+02 5.590816043101454369e+01
3.070311439467147352e+02 5.613596652445050950e+01
3.079851172576539398e+02 5.636890998454467905e+01
3.089374968455773569e+02 5.660570147822696185e+01
3.098888195110667994e+02 5.684504535980283890e+01
3.108396225108046451e+02 5.708564501187862561e+01
3.117904441442487951e+02 5.732620159547305860e+01
3.127418228559356521e+02 5.756541596252357351e+01
3.136942949287167153e+02 5.780199418336198391e+01
3.146483787563689702e+02 5.803468551327729585e+01
3.156045838998315958e+02 5.826226053038845976e+01
3.165634172085422620e+02 5.848349634620147697e+01
3.175252330255264042e+02 5.869753752144259806e+01
3.184901529379728231e+02 5.890408941916300023e+01
3.194582789292958296e+02 5.910290463578301257e+01
3.204297159964759771e+02 5.929372779068992116e+01
3.214045848014382045e+02 5.947626203751439533e+01
3.223830110801310980e+02 5.965019709873744347e+01
3.233651092105210978e+02 5.981524997148694922e+01
3.243507155496540122e+02 5.997180529790315262e+01
3.253393788103172710e+02 6.012093847481465048e+01
3.263306344845049125e+02 6.026375664697415147e+01
3.273243627493487793e+02 6.040053522863472324e+01
3.283215932008306481e+02 6.052877606882380945e+01
3.293235947348759396e+02 6.064540358215179339e+01
3.303315890652132794e+02 6.074745789070690449e+01
3.313461807307019740e+02 6.083349264820778757e+01
3.323675408507996849e+02 6.090312440643617720e+01
3.333958297448878056e+02 6.095599630269139624e+01
3.344308625287278574e+02 6.099261704421605401e+01
3.354717026367185326e+02 6.101538011801154227e+01
3.365173146045915473e+02 6.102692699142519928e+01
3.375666827985876353e+02 6.102986147682240414e+01
3.386189466145046936e+02 6.102649301009466853e+01
3.396733183912252798e+02 6.101899251981626549e+01
3.407290118804484109e+02 6.100952676596628521e+01
3.417852912932120262e+02 6.100009079011259416e+01
3.428414943693630903e+02 6.099242940759151566e+01
3.438969646564422078e+02 6.098826766954775280e+01
3.449509906517619129e+02 6.098933771022593220e+01
3.460025893914626636e+02 6.099740659172775281e+01
3.470506943812201825e+02 6.101425212369643702e+01
3.480942366578074143e+02 6.104161309790182344e+01
3.491320921344923249e+02 6.108034888761407188e+01
3.501630822227281783e+02 6.113044936580558897e+01
3.511860261570313924e+02 6.119186686901855410e+01
3.522001208182043115e+02 6.126324981938248015e+01
3.532057592423641950e+02 6.133911662580349855e+01
3.542035707323082079e+02 6.141316992978637046e+01
3.551941983163526402e+02 6.147926173455424248e+01
3.561784532753097210e+02 6.153307497459314845e+01
3.571572597157914402e+02 6.157152035984171334e+01
3.581315445564823676e+02 6.159155439496048245e+01
3.591023482031023377e+02 6.159373103322155885e+01
3.600709465048300331e+02 6.158606759797699226e+01
3.610386445853670807e+02 6.157750939163936010e+01
3.620067976567511892e+02 6.157637373702373651e+01
3.629771311151300210e+02 6.158633679523263993e+01
3.639515362742650382e+02 6.160899454495181971e+01
3.649318872188055707e+02 6.164588988559269467e+01
3.659192365247106409e+02 6.169659232091937895e+01
3.669134935849467638e+02 6.175792524578048415e+01
3.679144832358169310e+02 6.182650893635580758e+01
3.689217365887074607e+02 6.189962695296109274e+01
3.699334104462127470e+02 6.197766629442241282e+01
3.709472599999755289e+02 6.206192086993573298e+01
3.719611001776500530e+02 6.215359511648688340e+01
3.729739901476521595e+02 6.225202908003500113e+01
3.739861647117178904e+02 6.235480121804328490e+01
3.749979049465410981e+02 6.245942066694219363e+01
3.760098296084931349e+02 6.256291775811531153e+01
3.770235736829935718e+02 6.266088188459577424e+01
3.780409625483500236e+02 6.274863247624763574e+01
3.790636912167739183e+02 6.282182900379524426e+01
3.800919550259107496e+02 6.288004261932665884e+01
3.811249892460753017e+02 6.292534866988572162e+01
3.821620110140526094e+02 6.295986928228494151e+01
3.832019190361024812e+02 6.298649011764324257e+01
3.842429823875764328e+02 6.300960656922599412e+01
3.852833962164777404e+02 6.303379129366358313e+01
3.863214228548395113e+02 6.306344201534608374e+01
3.873557943490067714e+02 6.310173342728460710e+01
3.883854432183723020e+02 6.315131823535401168e+01
3.894093301132702436e+02 6.321478023693896375e+01
3.904275369497407269e+02 6.329196134991577338e+01
3.914416359446210549e+02 6.337905919518734521e+01
3.924533023816483706e+02 6.347201935971005327e+01
3.934641755708810251e+02 6.356687517893490735e+01
3.944757350895019954e+02 6.366004961539177032e+01
3.954894161956051448e+02 6.374807373657578324e+01
3.965065776294364923e+02 6.382766605911512414e+01
3.975271038764990408e+02 6.389915664655798366e+01
3.985495482924769135e+02 6.396613648992990164e+01
3.995724165618800612e+02 6.403231340659036164e+01
4.005943345065311405e+02 6.410114287959302715e+01
4.016142715846876854e+02 6.417535862405208036e+01
4.026312583027174696e+02 6.425756613069924583e+01
4.036444938965801157e+02 6.434996450358514153e+01
4.046550013899318969e+02 6.445036023830509464e+01
4.056649181984419101e+02 6.455387580764404731e+01
4.066763942896008075e+02 6.465560147571584082e+01
4.076912077001899206e+02 6.475130793123139483e+01
4.087104353242460775e+02 6.483804856088389101e+01
4.097350763811803631e+02 6.491301885236750024e+01
4.107659078359336036e+02 6.497375532371363249e+01
4.118022358225618973e+02 6.502005135623450371e+01
4.128427689300955308e+02 6.505261721260627894e+01
4.138862085477130108e+02 6.507214829280160018e+01
4.149310536979920698e+02 6.507869313291674018e+01
4.159755464644320568e+02 6.507147896450697999e+01
4.170179123438219335e+02 6.504967999978718751e+01
4.180565039997558188e+02 6.501235776547302692e+01
4.190902100116500719e+02 6.495809890065713432e+01
4.201180601110192470e+02 6.488536496623565597e+01
4.211391507224826682e+02 6.479274858030331075e+01
4.221537706361923483e+02 6.468118548899613529e+01
4.231632374032961934e+02 6.455363306576855109e+01
4.241689018804029274e+02 6.441311484240611662e+01
4.251718286726136284e+02 6.426255083970072235e+01
4.261723038785984841e+02 6.410457956385945977e+01
4.271704824994743603e+02 6.394179211509286631e+01
4.281663599318580395e+02 6.377675925287780245e+01
4.291583086898090187e+02 6.361184490905312572e+01
4.301437550465706749e+02 6.344929242216388587e+01
4.311201009836285607e+02 6.329133334133747013e+01
4.320835878669105909e+02 6.313924332349979096e+01
4.330283704573161003e+02 6.299257948108495953e+01
4.339483856088113498e+02 6.285071945664425641e+01
4.348411171797958445e+02 6.271279992168294370e+01
4.357262795327691265e+02 6.257644728519433386e+01
4.366321806975819300e+02 6.243870413253982576e+01
4.375883441845614925e+02 6.229652906402760237e+01
4.386643827476398201e+02 6.214410994737686167e+01
4.399785385619940712e+02 6.197227367089929118e+01
4.416519787975428812e+02 6.177164496448388320e+01
