4.694780282304427033e+01 4.795701532470209827e+02
4.914528272603151038e+01 4.788569633885009580e+02
5.094103321527680350e+01 4.782763438741005189e+02
5.242135862125863355e+01 4.778001038302445522e+02
5.367256327445551278e+01 4.774000523833582861e+02
5.478083428229633967e+01 4.770480375681984242e+02
5.581244589892838803e+01 4.767225168355528240e+02
5.679145442500939112e+01 4.764159604958758791e+02
5.773653135829820826e+01 4.761226261676533795e+02
5.866634819655369881e+01 4.758367714693715129e+02
5.959930780273681705e+01 4.755527374810475862e+02
6.054531506033958266e+01 4.752675055005161084e+02
6.150424518800839735e+01 4.749811729192577445e+02
6.247539579286288358e+01 4.746940165855583018e+02
6.345806448202263539e+01 4.744063133477032466e+02
6.445153241284371859e+01 4.741183189891823986e+02
6.545488105469459583e+01 4.738300335824117155e+02
6.646705891189739646e+01 4.735412869310037536e+02
6.748701207932785451e+01 4.732519057531466729e+02
6.851368665186174667e+01 4.729617167670287472e+02
6.954603460378767465e+01 4.726704877131264766e+02
7.058304244515038306e+01 4.723776398959863059e+02
7.162370925553936729e+01 4.720824685322266419e+02
7.266703413259794786e+01 4.717842686573630999e+02
7.371201620975291746e+01 4.714823352882835934e+02
7.475771545632318293e+01 4.711759317713710971e+02
7.580337723848256815e+01 4.708642249374187259e+02
7.684828211280441224e+01 4.705463632974799566e+02
7.789171063586201171e+01 4.702214953626083798e+02
7.893294491533382029e+01 4.698887706877179653e+02
7.997137821197864582e+01 4.695474136313879399e+02
8.100658736676309957e+01 4.691967720977820591e+02
8.203816641036016222e+01 4.688362055593713649e+02
8.306570937344295658e+01 4.684650734886276950e+02
8.408881286737593541e+01 4.680827387774177168e+02
8.510712574634995065e+01 4.676886335389370402e+02
8.612034543691285648e+01 4.672822542443665839e+02
8.712817121098871098e+01 4.668630998099964131e+02
8.813030234050152956e+01 4.664306691521160246e+02
8.912642344338406986e+01 4.659844488276223728e+02
9.011608996059719345e+01 4.655238164436421471e+02
9.109879012210784310e+01 4.650480929205550638e+02
9.207401158123086304e+01 4.645565986923838295e+02
9.304124199128096961e+01 4.640486541931510374e+02
9.399994603197082199e+01 4.635236265957266824e+02
9.494948614360680494e+01 4.629810910748384458e+02
9.588919633572643875e+01 4.624206806464416672e+02
9.681841061671843818e+01 4.618420283288293717e+02
9.773646285141560952e+01 4.612447675547081190e+02
9.864264855813122779e+01 4.606286424547786851e+02
9.953617344173980541e+01 4.599936564314429575e+02
1.004162303663482021e+02 4.593398499555837020e+02
1.012820121960633344e+02 4.586672634980834573e+02
1.021327109262154949e+02 4.579759388405898335e+02
1.029674849801521219e+02 4.572659684164053715e+02
1.037854492863613558e+02 4.565375102816068420e+02
1.045857158781692817e+02 4.557907268603398734e+02
1.053673967889019991e+02 4.550257805767504919e+02
1.061296184400525817e+02 4.542428455548488273e+02
1.068717069164740110e+02 4.534422582766613914e+02
1.075931343848368442e+02 4.526244740119290100e+02
1.082933763546068207e+02 4.517899507486154675e+02
1.089719083352497364e+02 4.509391464746850033e+02
1.096282551455965688e+02 4.500725388794541004e+02
1.102622650858566828e+02 4.491907348978827486e+02
1.108739168383075082e+02 4.482943935585456643e+02
1.114631894449157130e+02 4.473841740337304600e+02
1.120300619656640890e+02 4.464607354973991846e+02
1.125746351955559135e+02 4.455247484430331610e+02
1.130974219913719025e+02 4.445769216796354613e+02
1.135990223105390271e+02 4.436179721152542470e+02
1.140800361104842153e+02 4.426486166579373958e+02
1.145410641590688954e+02 4.416695717845352647e+02
1.149827853699208191e+02 4.406815123938109195e+02
1.154060207450226159e+02 4.396850377852710494e+02
1.158116063366403381e+02 4.386807392507972736e+02
1.162003781970400240e+02 4.376692080822712114e+02
1.165731699993428663e+02 4.366510313886495851e+02
1.169307586890792408e+02 4.356266965425241438e+02
1.172738633461146094e+02 4.345965891792016009e+02
1.176032004435265463e+02 4.335610903508299430e+02
1.179194864543928247e+02 4.325205811095576678e+02
1.182234313332514120e+02 4.314754346305333002e+02
1.185156801895351464e+02 4.304259457301172915e+02
1.187968409639539402e+02 4.293723643100062191e+02
1.190675211572804670e+02 4.283149397402770546e+02
1.193283282702873578e+02 4.272539213910063154e+02
1.195798647437875957e+02 4.261895523177989844e+02
1.198227079535955397e+02 4.251220442969146234e+02
1.200574275285279953e+02 4.240515994369077362e+02
1.202845930951361879e+02 4.229784198435056624e+02
1.205047742038694452e+02 4.219027075904454023e+02
1.207185046909813337e+02 4.208246497386921874e+02
1.209262258416562332e+02 4.197443944445668649e+02
1.211283641455870139e+02 4.186620836449765761e+02
1.213253460924664324e+02 4.175778592768289172e+02
1.215175975962348929e+02 4.164918631270208493e+02
1.217055168480008547e+02 4.154042297593714466e+02
1.218894625901690603e+02 4.143150834594895855e+02
1.220697905523575884e+02 4.132245477280140449e+02
1.222468564641844324e+02 4.121327460655836035e+02
1.224210151725596774e+02 4.110398019950528692e+02
1.225926074278640101e+02 4.099458393940577707e+02
1.227619626557174541e+02 4.088509824252548697e+02
1.229294099617289788e+02 4.077553552593549284e+02
1.230952784515075393e+02 4.066590820670688800e+02
1.232598874643564102e+02 4.055622836816987160e+02
1.234234846292016812e+02 4.044650564311860990e+02
1.235862856166679933e+02 4.033674857224634707e+02
1.237485059505033718e+02 4.022696569122718415e+02
1.239103611543817465e+02 4.011716553573271540e+02
1.240720573684542245e+02 4.000735632751950561e+02
1.242337654158410771e+02 3.989754510685339142e+02
1.243956478122963034e+02 3.978773863608673196e+02
1.245578670735737461e+02 3.967794367757190344e+02
1.247205859316400307e+02 3.956816700293892382e+02
1.248839965058263601e+02 3.945841664482763917e+02
1.250483498129340916e+02 3.934870316316419121e+02
1.252139038982457038e+02 3.923903741946637069e+02
1.253809168070437323e+02 3.912943027525197977e+02
1.255496462204584418e+02 3.901989257686434485e+02
1.257203394675532735e+02 3.891043473926914658e+02
1.258932322913088910e+02 3.880106669463215212e+02
1.260685598227686341e+02 3.869179834961926190e+02
1.262465571929759847e+02 3.858263961089642180e+02
1.264274474678339146e+02 3.847359988234664456e+02
1.266113176763789454e+02 3.836468289887550895e+02
1.267981690452380406e+02 3.825588881979961116e+02
1.269880014566725208e+02 3.814721774841261777e+02
1.271808147929438206e+02 3.803866978800821244e+02
1.273765895802892913e+02 3.793024423317116316e+02
1.275751995202523119e+02 3.782193591527191643e+02
1.277764816628566535e+02 3.771373813435349120e+02
1.279802730252457508e+02 3.760564418908510902e+02
1.281864106292171641e+02 3.749764737831977754e+02
1.283947360689583093e+02 3.738974118143847249e+02
1.286051040695706433e+02 3.728191959625948471e+02
1.288173716987104456e+02 3.717417671309028151e+02
1.290313960240337963e+02 3.706650662223834729e+02
1.292470345379519756e+02 3.695890343151417028e+02
1.294641708503509392e+02 3.685136232495739819e+02
1.296827294209451793e+02 3.674388016991665609e+02
1.299026382667478288e+02 3.663645398032705884e+02
1.301238254047720773e+02 3.652908077012367585e+02
1.303462195065482945e+02 3.642175758055080337e+02
1.305697613672990087e+02 3.631448195870378868e+02
1.307944024719079437e+02 3.620725189769526651e+02
1.310200946715445696e+02 3.610006540592086139e+02
1.312467898173782714e+02 3.599292049177617514e+02
1.314744367432648744e+02 3.588581504071908057e+02
1.317029594182306766e+02 3.577874592511237779e+02
1.319322695775006764e+02 3.567170951886360513e+02
1.321622788709971417e+02 3.556470219240473511e+02
1.323928989486422552e+02 3.545772031616774598e+02
1.326240575061346476e+02 3.535076093198940157e+02
1.328557494229271754e+02 3.524382389288209083e+02
1.330879871593145651e+02 3.513690978749487499e+02
1.333207831756510018e+02 3.503001920447932207e+02
1.335541500952594447e+02 3.492315273929723389e+02
1.337881337872399854e+02 3.481631237670927703e+02
1.340228536662159513e+02 3.470950317485021515e+02
1.342584390010597701e+02 3.460273060365140054e+02
1.344950190606438696e+02 3.449600013304416279e+02
1.347327274057022350e+02 3.438931741082800499e+02
1.349718452023179509e+02 3.428269420202973947e+02
1.352128349181026010e+02 3.417614978537848174e+02
1.354561701412101229e+02 3.406970390047341084e+02
1.357023244597944256e+02 3.396337628691371719e+02
1.359517854525811913e+02 3.385718725974101631e+02
1.362052204207114983e+02 3.375116452611102318e+02
1.364634212782227962e+02 3.364534091859878799e+02
1.367271824423716566e+02 3.353974937273863475e+02
1.369972983304146226e+02 3.343442282406485901e+02
1.372745386880501428e+02 3.332939315631393811e+02
1.375595213479863332e+02 3.322468577686797744e+02
1.378528063701655810e+02 3.312032363014064344e+02
1.381549537023254288e+02 3.301632965576209813e+02
1.384665232307322924e+02 3.291272679077642920e+02
1.387879015448975792e+02 3.280953068183332562e+02
1.391189228911736677e+02 3.270673373914328295e+02
1.394593117132729958e+02 3.260432375364646873e+02
1.398087924549080867e+02 3.250228851628306757e+02
1.401670865648224549e+02 3.240061569074090357e+02
1.405336729475480979e+02 3.229928263531767243e+02
1.409076131322451602e+02 3.219824897457093584e+02
1.412879274238251242e+02 3.209747258149320146e+02
1.416736361271994156e+02 3.199691132907695419e+02
1.420637644876538559e+02 3.189652327855273484e+02
1.424574448839809122e+02 3.179627057314975787e+02
1.428539133397004832e+02 3.169611930516650204e+02
1.432524101207112324e+02 3.159603572854445019e+02
1.436521754929116810e+02 3.149598609722512492e+02
1.440524993062679187e+02 3.139593871300679098e+02
1.444531315169076606e+02 3.129588088039494664e+02
1.448540716547489353e+02 3.119581021146770468e+02
1.452553217219022770e+02 3.109572442040646365e+02
1.456568837204781914e+02 3.099562122139262783e+02
1.460589024049207580e+02 3.089550450030193929e+02
1.464621876159667124e+02 3.079540689707130809e+02
1.468677427355997338e+02 3.069536941911852637e+02
1.472765711676337332e+02 3.059543307480516319e+02
1.476896766594750261e+02 3.049563889101653444e+02
1.481081779124434661e+02 3.039603409201994850e+02
1.485334747404091900e+02 3.029668105738979875e+02
1.489670091301316290e+02 3.019764444032037431e+02
1.494102230683701862e+02 3.009898889400598136e+02
1.498645539771890469e+02 3.000077898009595287e+02
1.503312459650630046e+02 2.990307538333625530e+02
1.508112824375298828e+02 2.980593356007626085e+02
1.513056283785370226e+02 2.970940859722044820e+02
1.518152487720318788e+02 2.961355558167327899e+02
1.523410857585218139e+02 2.951842917960321984e+02
1.528837451103019589e+02 2.942407786186764724e+02
1.534435764157912558e+02 2.933054538086738035e+02
1.540209228305438103e+02 2.923787537052118068e+02
1.546161275101138415e+02 2.914611146474778138e+02
1.552294845818880447e+02 2.905529656191612844e+02
1.558609507250650665e+02 2.896546849779610397e+02
1.565103405958740268e+02 2.887666297744427197e+02
1.571774683561141046e+02 2.878891569849947132e+02
1.578621481642210824e+02 2.870226235849109457e+02
1.585641375983415742e+02 2.861673681387642318e+02
1.592829938301495361e+02 2.853236640006499556e+02
1.600182296814597578e+02 2.844917700936152301e+02
1.607693579740871428e+02 2.836719453407072820e+02
1.615358905857179934e+02 2.828644475946138073e+02
1.623172346091203053e+02 2.820694159132386858e+02
1.631125985259569973e+02 2.812867641888456660e+02
1.639211686676178203e+02 2.805163812019077909e+02
1.647421313654923836e+02 2.797581557328984445e+02
1.655746723581052322e+02 2.790119709158604451e+02
1.664179621660331350e+02 2.782775649495190464e+02
1.672711551573662234e+02 2.775545221967631733e+02
1.681334049202136498e+02 2.768424195919656086e+02
1.690038650426847369e+02 2.761408340694993058e+02
1.698817032326452363e+02 2.754493442134613019e+02
1.707662353185938002e+02 2.747675459140699559e+02
1.716568655951593314e+02 2.740950453977504822e+02
1.725529995430651127e+02 2.734314490295092241e+02
1.734540426430346258e+02 2.727763631743524684e+02
1.743594482763272140e+02 2.721294430996570100e+02
1.752689183175394589e+02 2.714905977633474095e+02
1.761822349739821618e+02 2.708598181362124251e+02
1.770991804933187552e+02 2.702370952302372871e+02
1.780195371861880176e+02 2.696224200894758951e+02
1.789431268456782220e+02 2.690158038634865534e+02
1.798698781655205323e+02 2.684173121384529281e+02
1.807997377553975866e+02 2.678270196238337348e+02
1.817326522249917389e+02 2.672450010290877458e+02
1.826685688103361542e+02 2.666713318720728125e+02
1.836074681272552596e+02 2.661061307522616062e+02
1.845493802490863686e+02 2.655495801014469066e+02
1.854943392476963879e+02 2.650018675121224874e+02
1.864423791949522808e+02 2.644631805767820083e+02
1.873935304984874790e+02 2.639337003458496156e+02
1.883477612735969160e+02 2.634134966539146490e+02
1.893049875531472139e+02 2.629025463483563954e+02
1.902651237682875376e+02 2.624008234168711624e+02
1.912280843501673360e+02 2.619083018471552577e+02
1.921937632809031413e+02 2.614249190279417689e+02
1.931618968386608799e+02 2.609503300949486402e+02
1.941321479617585908e+02 2.604840589227993064e+02
1.951041791816726914e+02 2.600256286579659672e+02
1.960776530298780926e+02 2.595745624469197992e+02
1.970522228849227986e+02 2.591303755276737775e+02
1.980275060669438290e+02 2.586925519824774256e+02
1.990031110177155540e+02 2.582605682223557437e+02
1.999786461790124577e+02 2.578339006583337891e+02
2.009537204455004940e+02 2.574120263558011175e+02
2.019280153198948824e+02 2.569945272885269674e+02
2.029013640876928548e+02 2.565812047349720615e+02
2.038736190763050047e+02 2.561718874864737359e+02
2.048446326131421245e+02 2.557664043343692128e+02
2.058142646364582333e+02 2.553645901514963725e+02
2.067826093875220295e+02 2.549664670322544566e+02
2.077500339922845001e+02 2.545722751215712947e+02
2.087169209601233604e+02 2.541822668566159109e+02
2.096836528004163256e+02 2.537966946745571590e+02
2.106506287264911919e+02 2.534158078069783073e+02
2.116184469832586501e+02 2.530398172901410021e+02
2.125878365633256522e+02 2.526689090690609305e+02
2.135595287460221243e+02 2.523032686499184365e+02
2.145342548106781351e+02 2.519430815388939209e+02
2.155127056902394997e+02 2.515885296559652033e+02
2.164953389992322741e+02 2.512397741825216713e+02
2.174825286739383330e+02 2.508969688621826606e+02
2.184746485429188851e+02 2.505602674289930292e+02
2.194720723732500289e+02 2.502298236093992614e+02
2.204750838403357136e+02 2.499057799965851814e+02
2.214836961241615256e+02 2.495882457567097674e+02
2.224978718493357519e+02 2.492773238084481875e+02
2.235175736404662814e+02 2.489731170704752117e+02
2.245427629047600817e+02 2.486757270675904579e+02
2.255733171711517855e+02 2.483851592873586753e+02
2.266089773124742806e+02 2.481012627516258533e+02
2.276494716337392674e+02 2.478238720925903635e+02
2.286945284399588161e+02 2.475528219424505494e+02
2.297438750263328870e+02 2.472879433222284717e+02
2.307972187006523939e+02 2.470289957761958419e+02
2.318542484322245798e+02 2.467756732685798511e+02
2.329146525110971879e+02 2.465276673345140352e+02
2.339781192273176771e+02 2.462846695091317599e+02
2.350443440319956494e+02 2.460463774025861596e+02
2.361130844408246787e+02 2.458125412769342688e+02
2.371841298149423380e+02 2.455829384100153163e+02
2.382572697753707871e+02 2.453573463001392554e+02
2.393322939431320151e+02 2.451355424456156129e+02
2.404090001954621130e+02 2.449173015065445327e+02
2.414872225958821730e+02 2.447023857033923946e+02
2.425668051190641847e+02 2.444905538495036978e+02
2.436475917399361322e+02 2.442815647581350902e+02
2.447294264446718444e+02 2.440751771610380274e+02
2.458121560191549122e+02 2.438711294988815439e+02
2.468956337133835177e+02 2.436691133632366189e+02
2.479797136867408085e+02 2.434688137548457121e+02
2.490642500986099321e+02 2.432699156744509139e+02
2.501490970876245115e+02 2.430721035375676706e+02
2.512341080140617748e+02 2.428750398069097400e+02
2.523191352431556140e+02 2.426783588809270782e+02
2.534040310752316429e+02 2.424816933273910990e+02
2.544886478106152765e+02 2.422846757140729892e+02
2.555728381417958701e+02 2.420869389918949537e+02
2.566564600982158026e+02 2.418881213260737582e+02
2.577393755620292950e+02 2.416878646459919651e+02
2.588214465007883973e+02 2.414858109644672197e+02
2.599025348820451882e+02 2.412816022943173664e+02
2.609824973057804982e+02 2.410748679889574646e+02
2.620611557150496651e+02 2.408651556635425663e+02
2.631383182849478430e+02 2.406519804615313376e+02
2.642137931556127342e+02 2.404348574439353570e+02
2.652873884675409499e+02 2.402133016729421513e+02
2.663589142569297792e+02 2.399868344186875504e+02
2.674281868807254909e+02 2.397549976501919673e+02
2.684950240116291411e+02 2.395173376452461298e+02
2.695592433223419562e+02 2.392734006816407941e+02
2.706206631367562636e+02 2.390227346358814486e+02
2.716791618097100240e+02 2.387650347641688597e+02
2.727347253507651885e+02 2.385002606217288701e+02
2.737873509763817310e+02 2.382283992774166563e+02
2.748370359030192844e+02 2.379494378000874235e+02
2.758837818507033717e+02 2.376633742263687168e+02
2.769276953664739835e+02 2.373704618836754605e+02
2.779689885207542943e+02 2.370712110861149142e+02
2.790078780268088394e+02 2.367661434547528927e+02
2.800445805979030069e+02 2.364557806106550402e+02
2.810793175084868949e+02 2.361406553183299479e+02
2.821123546187678244e+02 2.358214092698518414e+02
2.831439829960394263e+02 2.354987457407861768e+02
2.841744939933442424e+02 2.351733687048123898e+02
2.852041789637250986e+02 2.348459821356098018e+02
2.862333027769602154e+02 2.345172261523059092e+02
2.872620011140451766e+02 2.341874293832776175e+02
2.882903703223826142e+02 2.338568256185564280e+02
2.893185067400351613e+02 2.335256486256540143e+02
2.903465065414180799e+02 2.331941317769144462e+02
2.913743956593816620e+02 2.328623388287999205e+02
2.924020206287644896e+02 2.325299003362631538e+02
2.934291997554688578e+02 2.321963786884070942e+02
2.944557513453966067e+02 2.318613362743343771e+02
2.954814918298592374e+02 2.315243309541976373e+02
2.965061502903105861e+02 2.311847095537423513e+02
2.975293331716436569e+02 2.308415226127806079e+02
2.985506377311326673e+02 2.304937984741380035e+02
2.995696612260521761e+02 2.301405654806403334e+02
3.005860010222792766e+02 2.297808522253998262e+02
3.015992561848113382e+02 2.294136912173444216e+02
3.026090271256014717e+02 2.290381180696119259e+02
3.036149142935782379e+02 2.286531684805553937e+02
3.046165181376705959e+02 2.282578781485280217e+02
3.056134572513525995e+02 2.278513265571779698e+02
3.066054813094356177e+02 2.274329095075307237e+02
3.075923975771831920e+02 2.270021617743306308e+02
3.085740135675475813e+02 2.265586187300280301e+02
3.095501367942965771e+02 2.261018157490430553e+02
3.105206285712606586e+02 2.256314180719014644e+02
3.114855496462561177e+02 2.251475723459144547e+02
3.124450069688786016e+02 2.246505367432671392e+02
3.133991074887240416e+02 2.241405694361449150e+02
3.143479584854770224e+02 2.236179293935684882e+02
3.152917098125209350e+02 2.230829783575454996e+02
3.162305954630620022e+02 2.225362811837740367e+02
3.171648593036961188e+02 2.219784265623319754e+02
3.180947452010184975e+02 2.214100031832969080e+02
3.190204970633062089e+02 2.208315998374829974e+02
3.199423599533841411e+02 2.202438081060561785e+02
3.208605802092306476e+02 2.196472226520171205e+02
3.217754042347010000e+02 2.190424382975800484e+02
3.226870784336504130e+02 2.184300498649587041e+02
3.235958519712065140e+02 2.178106588435827575e+02
3.245020045851767918e+02 2.171849405419900165e+02
3.254058350359580345e+02 2.165536161996131455e+02
3.263076423709039773e+02 2.159174077487547549e+02
3.272077256373680143e+02 2.152770371217172851e+02
3.281063801309603036e+02 2.146332171952400927e+02
3.290038807603875739e+02 2.139866116383017811e+02
3.299004955425939443e+02 2.133378674852684753e+02
3.307964924891105056e+02 2.126876317574420625e+02
3.316921395793272040e+02 2.120365513985313441e+02
3.325876767926334310e+02 2.113852057567723648e+02
3.334832648773844426e+02 2.107339829068605468e+02
3.343790506655228683e+02 2.100832373275464704e+02
3.352751809889916785e+02 2.094333234975809148e+02
3.361718017880962748e+02 2.087845937431465586e+02
3.370690061509109228e+02 2.081372727959386566e+02
3.379668056138646079e+02 2.074913885077814086e+02
3.388652047411778199e+02 2.068469518983749822e+02
3.397642080970716165e+02 2.062039739874194026e+02
3.406638189935782179e+02 2.055624627716195505e+02
3.415640180467203777e+02 2.049223714556579239e+02
3.424647661249016437e+02 2.042836055701112912e+02
3.433660234375977325e+02 2.036460690547910986e+02
3.442677501942836784e+02 2.030096658495090765e+02
3.451699027917846934e+02 2.023742906895209330e+02
3.460724067274414892e+02 2.017397637121018192e+02
3.469751725077326796e+02 2.011058688633688405e+02
3.478781105402046592e+02 2.004723898505976933e+02
3.487811312324044479e+02 1.998391103810641312e+02
3.496841423670035738e+02 1.992058078248986703e+02
3.505870409024515197e+02 1.985722334196875636e+02
3.514897210074664713e+02 1.979381316678668270e+02
3.523920768507642833e+02 1.973032470718657123e+02
3.532940027187768806e+02 1.966673244183043892e+02
3.541954154529432230e+02 1.960301629461593791e+02
3.550962810870444741e+02 1.953916806546890541e+02
3.559965721391013176e+02 1.947518111974184194e+02
3.568962611271342666e+02 1.941104882278724233e+02
3.577953212558741143e+02 1.934676470574345899e+02
3.586937486904085972e+02 1.928232784284506920e+02
3.595915674248618643e+02 1.921774402682094944e+02
3.604888031251069833e+02 1.915301945399412489e+02
3.613854814570172493e+02 1.908816032068765480e+02
3.622816278198173450e+02 1.902317275884853700e+02
3.631772642517846634e+02 1.895806208900075376e+02
3.640724104920248010e+02 1.889283307658648710e+02
3.649670862349929621e+02 1.882749047626820413e+02
3.658613111751448059e+02 1.876203904270838052e+02
3.667551097550859254e+02 1.869648467687285347e+02
3.676485351970925421e+02 1.863084022774519326e+02
3.685416515096490002e+02 1.856512114832666782e+02
3.694345227202628621e+02 1.849934289621099595e+02
3.703272128593084744e+02 1.843352092968408158e+02
3.712197927103320580e+02 1.836767233739173832e+02
3.721123542610950494e+02 1.830181932713049378e+02
3.730049936502532546e+02 1.823598510881135724e+02
3.738978070164624228e+02 1.817019289234534085e+02
3.747908904723016121e+02 1.810446588134807939e+02
3.756843381045008528e+02 1.803882679035345689e+02
3.765782405611284958e+02 1.797329750373167485e+02
3.774726881565737813e+02 1.790789982529599342e+02
3.783677712052264042e+02 1.784265555885968979e+02
3.792635803518020339e+02 1.777758658798389888e+02
3.801602132403417045e+02 1.771271648601741617e+02
3.810577741971860632e+02 1.764807043955978827e+02
3.819563678155537900e+02 1.758367369964076374e+02
3.828560986886640194e+02 1.751955151729007127e+02
3.837570727850326193e+02 1.745572947556384804e+02
3.846594086175660436e+02 1.739223618600486816e+02
3.855632314099557334e+02 1.732910188028423022e+02
3.864686664493240755e+02 1.726635680538666975e+02
3.873758390227938548e+02 1.720403120829695354e+02
3.882848771851862466e+02 1.714215600418154395e+02
3.891959216904346022e+02 1.708076517404410595e+02
3.901091169324775478e+02 1.701989357766355226e+02
3.910246073055577085e+02 1.695957607489210943e+02
3.919425372121190208e+02 1.689984752756203363e+02
3.928630535939470292e+02 1.684074341055782327e+02
3.937863095137459482e+02 1.678230067648688646e+02
3.947124589379175177e+02 1.672455649612870445e+02
3.956416558328629662e+02 1.666754804026276418e+02
3.965740529620045436e+02 1.661131218924378175e+02
3.975097536959059425e+02 1.655587389893831585e+02
3.984487956794986872e+02 1.650124225764546395e+02
3.993912120043793266e+02 1.644742525439230576e+02
4.003370357621447511e+02 1.639443087820592666e+02
4.012862914286330351e+02 1.634226503808527582e+02
4.022388791145362461e+02 1.629090361862634779e+02
4.031946054700505329e+02 1.624029994106490733e+02
4.041532748691118400e+02 1.619040677709888030e+02
4.051146916856555436e+02 1.614117689842614709e+02
4.060786567683468888e+02 1.609256222566785368e+02
4.070449470884895504e+02 1.604450891493276288e+02
4.080133297115591517e+02 1.599696073084796240e+02
4.089835716710372822e+02 1.594986143031654251e+02
4.099554400028737291e+02 1.590315477083750864e+02
4.109287313316896757e+02 1.585679165324671089e+02
4.119033455099195180e+02 1.581074789977797366e+02
4.128792048879107597e+02 1.576500476414169043e+02
4.138562318160112454e+02 1.571954350004824619e+02
4.148343488629782314e+02 1.567434541393685095e+02
4.158135017045468658e+02 1.562939739076634282e+02
4.167936792100497883e+02 1.558469674335594846e+02
4.177748749843253790e+02 1.554024192777734754e+02
4.187570826322115636e+02 1.549603140010223683e+02
4.197402944477024107e+02 1.545206329993658017e+02
4.207244699029062076e+02 1.540832784298379181e+02
4.217095340908887806e+02 1.536480694511391221e+02
4.226954104822308977e+02 1.532148213049445076e+02
4.236820225475132133e+02 1.527833492329290266e+02
4.246692914526555569e+02 1.523534629128227778e+02
4.256571146133480852e+02 1.519249146841979154e+02
4.266453754530955393e+02 1.514974231064878722e+02
4.276339572152975848e+02 1.510707063043137737e+02
4.286227431433544552e+02 1.506444824022969442e+02
4.296116257221136152e+02 1.502184918358843220e+02
4.306005446449664760e+02 1.497925890120134511e+02
4.315894546403985146e+02 1.493666646355458738e+02
4.325783104432788377e+02 1.489406094267546052e+02
4.335670668236821257e+02 1.485143141909060773e+02
4.345556985139819517e+02 1.480877179265174277e+02
4.355442335097857267e+02 1.476608882209250737e+02
4.365327085942186613e+02 1.472339138764079394e+02
4.375211605504053978e+02 1.468068836952449772e+02
4.385096266803353728e+02 1.463798877323646934e+02
4.394981710039735390e+02 1.459530805456096232e+02
4.404868965978378128e+02 1.455267109837013493e+02
4.414759096370830207e+02 1.451010353761366787e+02
4.424653162968647848e+02 1.446763100524125036e+02
4.434552221351940489e+02 1.442527898521072984e+02
4.444457224366877881e+02 1.438307048126390555e+02
4.454369040098961818e+02 1.434102645083936807e+02
4.464288534098627110e+02 1.429916779017381998e+02
4.474216571916307430e+02 1.425751539550395535e+02
4.484153980604733647e+02 1.421608923364990176e+02
4.494101295155812750e+02 1.417490222046145050e+02
4.504058916649670437e+02 1.413396403887292934e+02
4.514027245467542002e+02 1.409328435494582266e+02
4.524006681990510970e+02 1.405287283473804223e+02
4.533997480564676721e+02 1.401273561871112179e+02
4.543999328916902414e+02 1.397286516792853490e+02
4.554011777368816638e+02 1.393325062619795744e+02
4.564034376242044573e+02 1.389388113732706245e+02
4.574066673857144565e+02 1.385474579681344096e+02
4.584107915316514550e+02 1.381582637982120616e+02
4.594156720722859859e+02 1.377708957268827703e+02
4.604211633060930922e+02 1.373850019996030198e+02
4.614271195315468503e+02 1.370002308618290670e+02
4.624333939237748154e+02 1.366162278470178535e+02
4.634398059919955131e+02 1.362325572119114554e+02
4.644461365530756893e+02 1.358486898016300870e+02
4.654521642891406827e+02 1.354640913075711524e+02
4.664576678823162865e+02 1.350782274211320555e+02
4.674624292384726800e+02 1.346905716165174169e+02
4.684662679705776895e+02 1.343006884008933071e+02
4.694690281289248333e+02 1.339082012783356106e+02
4.704705541760747565e+02 1.335127347482208506e+02
4.714706905745887866e+02 1.331139133099254082e+02
4.724692921655720284e+02 1.327113865188504462e+02
4.734662728788405275e+02 1.323049465831662133e+02
4.744615675259756813e+02 1.318944361240867806e+02
4.754551109425292452e+02 1.314796978206955202e+02
4.764468379717059179e+02 1.310605743705523025e+02
4.774366932015164480e+02 1.306369319972576761e+02
4.784246500466167049e+02 1.302087065180844547e+02
4.794106872265469406e+02 1.297758465574299009e+02
4.803947834608475205e+02 1.293383007396911069e+02
4.813769178694845436e+02 1.288960186559777696e+02
4.823570961169449447e+02 1.284490139815248142e+02
4.833353665294775965e+02 1.279974033861427642e+02
4.843117812864683174e+02 1.275413128419357633e+02
4.852863925673032668e+02 1.270808683210080687e+02
4.862592532464552164e+02 1.266161974735511109e+02
4.872304296529385965e+02 1.261474604318822088e+02
4.882000002977661097e+02 1.256748467382544447e+02
4.891680441317406576e+02 1.251985469966680142e+02
4.901346401056654827e+02 1.247187518111232123e+02
4.910998659272193549e+02 1.242356487844480739e+02
4.920637887103275716e+02 1.237493999438451624e+02
4.930264702086094530e+02 1.232601543755703659e+02
4.939879721341231971e+02 1.227680610655438898e+02
4.949483561989273994e+02 1.222732689996859392e+02
4.959076824175933211e+02 1.217759230658145668e+02
4.968660034773403140e+02 1.212761504619345203e+02
4.978233700887346913e+02 1.207740736139800219e+02
4.987798329623119571e+02 1.202698149478129750e+02
4.997354426529786906e+02 1.197634965135732728e+02
5.006902135300160808e+02 1.192551530016099406e+02
5.016440776007853515e+02 1.187446202630953280e+02
5.025969554719436587e+02 1.182317066254781253e+02
5.035487677501477037e+02 1.177162204162070651e+02
5.044994337917571556e+02 1.171979669442478809e+02
5.054488274076393282e+02 1.166766415620909072e+02
5.063967649551462387e+02 1.161518009172594645e+02
5.073430591193803707e+02 1.156229927916870963e+02
5.082875225854442078e+02 1.150897649673071044e+02
5.092299729940354496e+02 1.145516771899445132e+02
5.101702941332662817e+02 1.140084488997487426e+02
5.111084169058048019e+02 1.134599132817124882e+02
5.120442732254311977e+02 1.129059059618746801e+02
5.129777950059263958e+02 1.123462625662742198e+02
5.139089163207903539e+02 1.117808239350938919e+02
5.148375849687809023e+02 1.112094640449764000e+02
5.157637541226482654e+02 1.106320698468267523e+02
5.166873769676632264e+02 1.100485283217770416e+02
5.176084066891911561e+02 1.094587264511893778e+02
5.185267968738015725e+02 1.088625521852920599e+02
5.194425024257923269e+02 1.082598966564952008e+02
5.203554785195910881e+02 1.076506516495453241e+02
5.212656803296257522e+02 1.070347089491890955e+02
5.221730634403083968e+02 1.064119613299661182e+02
5.230776196024396540e+02 1.057823888801590897e+02
5.239794045371580751e+02 1.051461261267347140e+02
5.248784805098572406e+02 1.045033233959542542e+02
5.257749097859309586e+02 1.038541310140790017e+02
5.266687574254842730e+02 1.031987060543882251e+02
5.275601520073514621e+02 1.025373589376676762e+02
5.284492852099243692e+02 1.018705524202390649e+02
5.293363514224693063e+02 1.011987558030453158e+02
5.302215450342533813e+02 1.005224383870293963e+02
5.311050649774474550e+02 9.984208044039949925e+01
5.319871538238662652e+02 9.915826758414905839e+01
5.328680784798735885e+02 9.847164418659917828e+01
5.337481061158043758e+02 9.778285525333794226e+01
5.346275039019936912e+02 9.709254578995349050e+01
5.355065398560155927e+02 9.640136284591825699e+01
5.363854860654935237e+02 9.570996328931360608e+01
5.372646158387282185e+02 9.501900693298875922e+01
5.381442024842511955e+02 9.432915359035087022e+01
5.390245192806280556e+02 9.364106300244858971e+01
5.399058277041307292e+02 9.295536641197305983e+01
5.407883595221162523e+02 9.227262332510736087e+01
5.416723419007043958e+02 9.159338213767600223e+01
5.425580020060147035e+02 9.091819124550380593e+01
5.434455658678853069e+02 9.024759630094399654e+01
5.443352082529909239e+02 8.958201918508288486e+01
5.452270329159211997e+02 8.892171032536823816e+01
5.461211383932396757e+02 8.826690755069633099e+01
5.470176232215108030e+02 8.761784868996345210e+01
5.479165805355478369e+02 8.697475853015988889e+01
5.488180206614428016e+02 8.633766192614213253e+01
5.497218891495501794e+02 8.570642733919655143e+01
5.506281298234046062e+02 8.508091906140262495e+01
5.515366865065407183e+02 8.446100138483978981e+01
5.524475031706954269e+02 8.384653895926929579e+01
5.533605248410582362e+02 8.323739897693565126e+01
5.542756969990854259e+02 8.263344973127287574e+01
5.551929651280668168e+02 8.203455952013828778e+01
5.561122747117038898e+02 8.144059664238568530e+01
5.570335872155494599e+02 8.085146799291190689e+01
5.579569224559769509e+02 8.026722138338907087e+01
5.588823135626043950e+02 7.968793677686977617e+01
5.598097936650499378e+02 7.911369413640665016e+01
5.607393959333714974e+02 7.854457352319394658e+01
5.616711584929705623e+02 7.798066702439673747e+01
5.626051291268745445e+02 7.742209016497147900e+01
5.635413567324145561e+02 7.686896117414612206e+01
5.644798902069227324e+02 7.632139828114864599e+01
5.654207779656454704e+02 7.577951855792080949e+01
5.663640554086147176e+02 7.524340783229224883e+01
5.673097437503702167e+02 7.471311787862974541e+01
5.682578634887664748e+02 7.418869875083780130e+01
5.692084351216582263e+02 7.367020050282093280e+01
5.701614782642626551e+02 7.315767108865030366e+01
5.711170029344445993e+02 7.265113562987785656e+01
5.720750132593011585e+02 7.215060523366267375e+01
5.730355132804319283e+02 7.165609080376032125e+01
5.739985070394359354e+02 7.116760324392640769e+01
5.749640040857987060e+02 7.068516682825445230e+01
5.759320434388272361e+02 7.020887736853254069e+01
5.769026739330982991e+02 6.973885450301702349e+01
5.778759444098875520e+02 6.927521788622526344e+01
5.788519037123658109e+02 6.881808717729067837e+01
5.798306021559635610e+02 6.836758562115981874e+01
5.808120941611863373e+02 6.792384646103246837e+01
5.817964348584051777e+02 6.748700466904752204e+01
5.827836793779918025e+02 6.705719521734397404e+01
5.837738828846297565e+02 6.663455315293001036e+01
5.847671025048782667e+02 6.621921780360665366e+01
5.857633983517746401e+02 6.581133501364139704e+01
5.867628307889995085e+02 6.541105117420353565e+01
5.877654601802335037e+02 6.501851267646233623e+01
5.887713443769702053e+02 6.463385973300393061e+01
5.897804966673254512e+02 6.425712295529808671e+01
5.907928920766084957e+02 6.388823884959885646e+01
5.918085043872421238e+02 6.352714086534923155e+01
5.928273073816484384e+02 6.317376245199201179e+01
5.938492675810648507e+02 6.282801889893683267e+01
5.948742936279431888e+02 6.248968074226251446e+01
5.959022664773664246e+02 6.215844927266470421e+01
5.969330669117188108e+02 6.183402534892204017e+01
5.979665757133842590e+02 6.151610982981313214e+01
5.990026807402666691e+02 6.120441866318684276e+01
6.000412985866532836e+02 6.089872907935237833e+01
6.010823531411620024e+02 6.059883386432094454e+01
6.021257682924124310e+02 6.030452580410572239e+01
6.031714680632294403e+02 6.001559798817456226e+01
6.042194006691260029e+02 5.973189820862657484e+01
6.052695663475748233e+02 5.945339188558035914e+01
6.063219720815917526e+02 5.918005969165272262e+01
6.073766248541918458e+02 5.891188229946045141e+01
6.084335345972210689e+02 5.864884745761037266e+01
6.094928071285244187e+02 5.839117300197598581e+01
6.105546629488294457e+02 5.813935196054983123e+01
6.116193293048754640e+02 5.789389354900062301e+01
6.126870334434023562e+02 5.765530698299706103e+01
6.137580055731420998e+02 5.742410979163389584e+01
6.148325125394866291e+02 5.720092233215400768e+01
6.159108459145879806e+02 5.698643436242004157e+01
6.169932977345800964e+02 5.678133694255380703e+01
6.180801600355973733e+02 5.658632113267710650e+01
6.191716850538259678e+02 5.640199159048941624e+01
6.202678875476906342e+02 5.622843742894356467e+01
6.213686945660990659e+02 5.606555735082459080e+01
6.224740330180601404e+02 5.591324975520852547e+01
6.235838297953337133e+02 5.577141301825911768e+01
6.246979774507499314e+02 5.563989990269781316e+01
6.258162623164606657e+02 5.551842207509920968e+01
6.269384502491102467e+02 5.540666400379935652e+01
6.280643071053431186e+02 5.530431015713425325e+01
6.291935975531312124e+02 5.521104338461120875e+01
6.303259976020876820e+02 5.512642579365850537e+01
6.314610348193391474e+02 5.504981733079684858e+01
6.325982226215743367e+02 5.498055867134402774e+01
6.337370744254825468e+02 5.491799049061781091e+01
6.348771034772742041e+02 5.486145948242309345e+01
6.360178194927434561e+02 5.481043697635894318e+01
6.371587288615291982e+02 5.476451172673456824e+01
6.382993378436884768e+02 5.472327706252334423e+01
6.394391526992790205e+02 5.468632631269870359e+01
6.405777025988761579e+02 5.465330955454964368e+01
6.417147221409273925e+02 5.462438570088023937e+01
6.428500543052432477e+02 5.459998212021805841e+01
6.439835430481682579e+02 5.458052859991842354e+01
6.451150323260460482e+02 5.456645492733663616e+01
6.462444177354781232e+02 5.455821848403630270e+01
6.473718282231120611e+02 5.455640134324959689e+01
6.484974586167671760e+02 5.456162078211492883e+01
6.496215037481782701e+02 5.457449407986334222e+01
6.507441584792439926e+02 5.459563758372011932e+01
6.518656263358577689e+02 5.462539992606212991e+01
6.529861314296688306e+02 5.466349364574699621e+01
6.541059008632506675e+02 5.470953886300158331e+01
6.552251617391754053e+02 5.476315569805267103e+01
6.563441393188575148e+02 5.482396295972774425e+01
6.574629855409791617e+02 5.489152723138587930e+01
6.585817560718262484e+02 5.496534652459448722e+01
6.597005000396313790e+02 5.504491419407292341e+01
6.608192665726285213e+02 5.512972359454066407e+01
6.619381014531921892e+02 5.521927305700048549e+01
6.630570031129987001e+02 5.531313133697693019e+01
6.641759348727530323e+02 5.541091941041533175e+01
6.652948592240880998e+02 5.551225948633682350e+01
6.664137386586365892e+02 5.561677377376251741e+01
6.675325197528959507e+02 5.572413520195189562e+01
6.686510429975747911e+02 5.583435478692644693e+01
6.697691055022637556e+02 5.594758179679319454e+01
6.708865042468889897e+02 5.606396591288894626e+01
6.720030362123515033e+02 5.618365681763732056e+01
6.731185070203583791e+02 5.630681382894133691e+01
6.742327519859352378e+02 5.643362937612299390e+01
6.753456127974014862e+02 5.656430299545021967e+01
6.764569311430759626e+02 5.669903422319087838e+01
6.775665487299656888e+02 5.683802292609421158e+01
6.786743091515747892e+02 5.698150233379423213e+01
6.797800594792947777e+02 5.712976718265949216e+01
6.808836471593165243e+02 5.728311883742900079e+01
6.819849196378314673e+02 5.744185866284174580e+01
6.830837252784365319e+02 5.760628703417063434e+01
6.841799348576895454e+02 5.777668015323598638e+01
6.852734423195508953e+02 5.795328923470418658e+01
6.863641426763263098e+02 5.813636434097937666e+01
6.874519309403217449e+02 5.832615553446573387e+01
6.885367036939192076e+02 5.852291048010910401e+01
6.896183734157509662e+02 5.872685256976117074e+01
6.906968618220423650e+02 5.893819108974928866e+01
6.917720907430847319e+02 5.915713515222381602e+01
6.928439820091701904e+02 5.938389386933521052e+01
6.939124596485937673e+02 5.961867129561240830e+01
6.949774587463230091e+02 5.986164604409577805e+01
6.960389178563386849e+02 6.011298874560062444e+01
6.970967755338519964e+02 6.037287002811078196e+01
6.981509703358829029e+02 6.064146051211719168e+01
6.992014417508146380e+02 6.091892696009206531e+01
7.002481317160436447e+02 6.120542598988076577e+01
7.012909825666997676e+02 6.150111257178192403e+01
7.023299366379133062e+02 6.180614167609412135e+01
7.033649363501463085e+02 6.212066800942284317e+01
7.043959283718097595e+02 6.244483315145264157e+01
7.054228654978985560e+02 6.277875974962243788e+01
7.064457010003342248e+02 6.312256897758211238e+01
7.074643881510386336e+02 6.347638200898149563e+01
7.084788813345484186e+02 6.384031715843503463e+01
7.094891530746963326e+02 6.421444612884729963e+01
7.104951906632943519e+02 6.459880267453095826e+01
7.114969818215565738e+02 6.499341944638274526e+01
7.124945142706968682e+02 6.539832909529933147e+01
7.134877888883873993e+02 6.581353226414319124e+01
7.144769047432940852e+02 6.623879070922525614e+01
7.154620052906863066e+02 6.667375819973841544e+01
7.164432342034145904e+02 6.711808797552914996e+01
7.174207351543961977e+02 6.757143327628077145e+01
7.183946717580236054e+02 6.803339901083170105e+01
7.193652838334143098e+02 6.850340539563757147e+01
7.203328293999777543e+02 6.898082853630134537e+01
7.212975664771231550e+02 6.946504453842592852e+01
7.222597530638975059e+02 6.995542955655511719e+01
7.232196442390311404e+02 7.045136676414075794e+01
7.241774891458015873e+02 7.095225360035246354e+01
7.251335362072259159e+02 7.145748923548528353e+01
7.260880338463214230e+02 7.196647283983431009e+01
7.270412278841440639e+02 7.247860986984265708e+01
7.279932882062282715e+02 7.299348923658075705e+01
7.289442985757464157e+02 7.351090791640237398e+01
7.298943381064149207e+02 7.403067411840483203e+01
7.308434859119505518e+02 7.455259605168561166e+01
7.317918173009119300e+02 7.507649112963188998e+01
7.327393638857713540e+02 7.560228246203125479e+01
7.336861293417609886e+02 7.612996073601914304e+01
7.346321168897630969e+02 7.665951773775854861e+01
7.355773297506592598e+02 7.719094525341236590e+01
7.365217819289608769e+02 7.772420906834220489e+01
7.374655478755461218e+02 7.825912922346680034e+01
7.384087230896639085e+02 7.879547500921165692e+01
7.393514030919876632e+02 7.933301566434381868e+01
7.402936834184347390e+02 7.987152039086875277e+01
7.412356765971369441e+02 8.041071741282786434e+01
7.421775446818141972e+02 8.095021551969296070e+01
7.431194586999395142e+02 8.148960186007431616e+01
7.440615896789863655e+02 8.202846358258223347e+01
7.450041085920655632e+02 8.256638796796137569e+01
7.459471829426341856e+02 8.310297073025247983e+01
7.468909747331304061e+02 8.363782095420717155e+01
7.478356454781060165e+02 8.417054891042842257e+01
7.487813566921126949e+02 8.470076486951920458e+01
7.497282689793830741e+02 8.522808130348714428e+01
7.506765257086707379e+02 8.575215236452760337e+01
7.516262548489750088e+02 8.627266944572990326e+01
7.525775838275822025e+02 8.678932525019793331e+01
7.535306400717774977e+02 8.730181248103538394e+01
7.544855420684471028e+02 8.780984543260342434e+01
7.554423333854538214e+02 8.831331933030915593e+01
7.564010202092140389e+02 8.881221967655409344e+01
7.573616084511168083e+02 8.930653263793809060e+01
7.583241040225500456e+02 8.979624438106084483e+01
7.592884979931898215e+02 9.028137689562892376e+01
7.602547183362701162e+02 9.076210446579278823e+01
7.612226762606812827e+02 9.123864183942239947e+01
7.621922829751804329e+02 9.171120376470653923e+01
7.631634497809844788e+02 9.218000476608163751e+01
7.641361080972130821e+02 9.264521068262270376e+01
7.651102344850070267e+02 9.310687810962481592e+01
7.660858116534438977e+02 9.356504876436710560e+01
7.670628223116004847e+02 9.401976436412870441e+01
7.680412509435383299e+02 9.447106232849387197e+01
7.690211448476139822e+02 9.491882798744822480e+01
7.700026295104647716e+02 9.536275735699604184e+01
7.709858353147865273e+02 9.580253459852467302e+01
7.719708926432737144e+02 9.623784387342132618e+01
7.729579306028520023e+02 9.666837234238799681e+01
7.739470615958232429e+02 9.709384643842997775e+01
7.749383862852071161e+02 9.751402019341827554e+01
7.759320050902204002e+02 9.792864821240175388e+01
7.769280184300794190e+02 9.833748510042926227e+01
7.779265093875513912e+02 9.874032703747818118e+01
7.789274525997386718e+02 9.913723026951127792e+01
7.799307808560397461e+02 9.952835139840952650e+01
7.809364268566824876e+02 9.991384723989820316e+01
7.819443232994298114e+02 1.002938746155024461e+02
7.829543944562759634e+02 1.006686101790733687e+02
7.839665373380881874e+02 1.010382947508986291e+02
7.849806434524335828e+02 1.014031821047706359e+02
7.859966043068790214e+02 1.017635260144817266e+02
7.870143117494558282e+02 1.021195794331944739e+02
7.880336863927850573e+02 1.024715259820048487e+02
7.890546990326178047e+02 1.028194283242575722e+02
7.900773255093533862e+02 1.031633369640463229e+02
7.911015416633906625e+02 1.035033024054648507e+02
7.921273257157888565e+02 1.038393695724226262e+02
7.931547087336788309e+02 1.041714595194942774e+02
7.941837735909115281e+02 1.044993718681217274e+02
7.952146053341025436e+02 1.048229011468635008e+02
7.962472890098667904e+02 1.051418418842780511e+02
7.972819121828536026e+02 1.054559838744929863e+02
7.983185861902343277e+02 1.057650722143031743e+02
7.993574354435954774e+02 1.060688274178605184e+02
8.003985844901156952e+02 1.063669697443751545e+02
8.014421578769729422e+02 1.066592194530571902e+02
8.024882752733608413e+02 1.069453142036811073e+02
8.035370332713566768e+02 1.072250739758171676e+02
8.045885216453907560e+02 1.074983430686952204e+02
8.056428301688829379e+02 1.077649657851442271e+02
8.067000486024659267e+02 1.080247864993048950e+02
8.077602620718796516e+02 1.082776754348566755e+02
8.088235442035635288e+02 1.085235669488706520e+02
8.098899668710814694e+02 1.087624051744889755e+02
8.109596019479972711e+02 1.089941342448537966e+02
8.120325213992684894e+02 1.092186985479118277e+02
8.131088011838301099e+02 1.094360536067055705e+02
8.141885227195489279e+02 1.096461701636292219e+02
8.152717678176747995e+02 1.098490200578160767e+02
8.163586182894570129e+02 1.100445751283992593e+02
8.174491574063251846e+02 1.102328033582289777e+02
8.185434903764185037e+02 1.104136147960948620e+02
8.196417393399633511e+02 1.105868747737483488e+02
8.207440268753557575e+02 1.107524474657523967e+02
8.218504755609922086e+02 1.109101970466698646e+02
8.229612056873766051e+02 1.110599775805452367e+02
8.240763215425861290e+02 1.112015724144337696e+02
8.251959205823421826e+02 1.113347347022429972e+02
8.263201002367879937e+02 1.114592174848480397e+02
8.274489579340404362e+02 1.115747738044794630e+02
8.285825409495863596e+02 1.116811902488340991e+02
8.297207162058903123e+02 1.117783740378913819e+02
8.308633100993744165e+02 1.118662594981856557e+02
8.320101490264595441e+02 1.119447809562511793e+02
8.331610583048236549e+02 1.120138728770114653e+02
8.343157375204521031e+02 1.120734858551763580e+02
8.354736446078035215e+02 1.121236014862909087e+02
8.366342100880970065e+02 1.121642048826723510e+02
8.377968644825509728e+02 1.121952811566378614e+02
8.389610329074416768e+02 1.122168068698201182e+02
8.401259982149331336e+02 1.122285335203116006e+02
8.412908902426021314e+02 1.122299705352796195e+02
8.424548312694084871e+02 1.122206153840701290e+02
8.436169435743122449e+02 1.121999655360290546e+02
8.447763361700069709e+02 1.121674957419851779e+02
8.459319763899698046e+02 1.121224381267445551e+02
8.470827457845696244e+02 1.120638779113149468e+02
8.482275247070983824e+02 1.119908982667093511e+02
8.493651935108484849e+02 1.119025823639407378e+02
8.504946362348362072e+02 1.117980690165055080e+02
8.516147563359161268e+02 1.116767901843713560e+02
8.527244636426894431e+02 1.115382740202222607e+02
8.538226679875035643e+02 1.113820487333226055e+02
8.549082793408698535e+02 1.112076429651469880e+02
8.559803038658176320e+02 1.110148862737659243e+02
8.570380120214512090e+02 1.108044350079015459e+02
8.580807192609886442e+02 1.105770862702121917e+02
8.591077410376483385e+02 1.103336371633561583e+02
8.601183963383710989e+02 1.100748889735726692e+02
8.611121991581958355e+02 1.098018738575831890e+02
8.620889563569101028e+02 1.095159706952760530e+02
8.630484989197168488e+02 1.092185869286689410e+02
8.639906578318198171e+02 1.089111299997793765e+02
8.649158251456653943e+02 1.085947747313195180e+02
8.658341353030784830e+02 1.082666567370120561e+02
8.667639773213043100e+02 1.079204892714492416e+02
8.677240011579926886e+02 1.075498774029470326e+02
8.687328567707935463e+02 1.071484261998213299e+02
8.698143802794587600e+02 1.067072698087695244e+02
8.710330683728454915e+02 1.061981698468083835e+02
8.724725960248774754e+02 1.055837505306472508e+02
8.742167511082705005e+02 1.048265822869170165e+02
8.763493214957392183e+02 1.038892355422492244e+02
