2.405790628478802518e+01 2.557726510225346317e+01
2.576766955091069278e+01 2.663341417492495466e+01
2.712657747600914604e+01 2.746457159098319067e+01
2.824067929048827352e+01 2.813736401868996850e+01
2.921570843302091447e+01 2.871821585956924849e+01
3.012988498762545220e+01 2.925592902561140107e+01
3.101295500745131051e+01 2.976825748454960063e+01
3.188973029983466745e+01 3.026979478633836607e+01
3.278414432565126901e+01 3.077457593571584127e+01
3.370537707007358108e+01 3.128725412323810673e+01
3.465036656448127417e+01 3.180469781550745267e+01
3.561568028784098772e+01 3.232353984286297077e+01
3.659795022039817525e+01 3.284062000436098572e+01
3.759420639890129934e+01 3.335405536433606954e+01
3.860163055755081984e+01 3.386244974688369780e+01
3.961740530469187149e+01 3.436440907223086327e+01
4.063900561670943290e+01 3.485911733564865500e+01
4.166467364832926989e+01 3.534727541042747845e+01
4.269277586824680526e+01 3.582982996554574129e+01
4.372170458658790437e+01 3.630770322772654168e+01
4.475070583777197442e+01 3.678100992399807723e+01
4.578005452798470287e+01 3.724889161751856648e+01
4.681008681717283082e+01 3.771043193424842599e+01
4.784116530051864657e+01 3.816469704081258385e+01
4.887391227295950102e+01 3.861058158332470214e+01
4.990909743230673712e+01 3.904688285464403208e+01
5.094749216822674498e+01 3.947239703023235080e+01
5.198971858733699491e+01 3.988625465477731780e+01
5.303580166405914298e+01 4.028892374987006519e+01
5.408561708976593252e+01 4.068120670632757907e+01
5.513903968834461011e+01 4.106390677176220549e+01
5.619586870401618484e+01 4.143790184208292970e+01
5.725577022199113486e+01 4.180420133128796323e+01
5.831839677302042446e+01 4.216382804080317470e+01
5.938341005636436876e+01 4.251777637059198867e+01
6.045062577358917366e+01 4.286656366480359281e+01
6.151998741236030810e+01 4.321031142220445531e+01
6.259144232830819732e+01 4.354912915969412524e+01
6.366493782117379396e+01 4.388312023283516794e+01
6.474042084578746881e+01 4.421234997375392339e+01
6.581783822553587981e+01 4.453686922402492598e+01
6.689713638844621357e+01 4.485672978639956909e+01
6.797806105136757537e+01 4.517248623201366797e+01
6.905983126185709864e+01 4.548601240416150659e+01
7.014158072571120783e+01 4.579939592167089302e+01
7.122243650585788544e+01 4.611474359992435978e+01
7.230130620453535073e+01 4.643479645159357005e+01
7.337683293940602880e+01 4.676305979662116385e+01
7.444764408207399242e+01 4.710308445789438281e+01
7.551244140005519512e+01 4.745826409684610070e+01
7.657065752630494160e+01 4.783044842078196268e+01
7.762213992538376317e+01 4.822061080473832817e+01
7.866674082319050854e+01 4.862971456541850301e+01
7.970441095838731371e+01 4.905850829800424151e+01
8.073549512068927925e+01 4.950688171159123385e+01
8.176043661257480721e+01 4.997450979375361158e+01
8.277967388269308913e+01 5.046107542517789568e+01
8.379322248982630583e+01 5.096694917396281710e+01
8.480035292997790464e+01 5.149371320095053761e+01
8.580025985807058930e+01 5.204307299686355748e+01
8.679209835814278051e+01 5.261672391456104947e+01
8.777435884703857027e+01 5.321619102248009625e+01
8.874498022240433670e+01 5.384285809258846456e+01
8.970188468791975822e+01 5.449810461994284339e+01
9.064298690050637219e+01 5.518273668530828502e+01
9.156615494380508835e+01 5.589402165995533522e+01
9.246923915259978344e+01 5.662787832969087987e+01
9.335008961674839156e+01 5.738022161160861145e+01
9.420644975263620324e+01 5.814634970201210962e+01
9.503578306377602303e+01 5.891994251213928635e+01
9.583550769645610501e+01 5.969441772549052416e+01
9.660333902122944494e+01 6.046355964301276487e+01
9.734681181769289537e+01 6.123326451981441920e+01
9.808529479450373856e+01 6.202402541674775449e+01
9.883886119190999864e+01 6.285720441379775281e+01
9.963113049264603660e+01 6.375916981711591802e+01
1.005205604656326557e+02 6.480547109871429257e+01
1.015853827278949097e+02 6.609957244770967577e+01
1.029040558559768641e+02 6.774525845169360139e+01
