5.095809501096462668e+01 5.280583308777080731e+01
5.265896903037231880e+01 5.389917468567168157e+01
5.398457984463277626e+01 5.472284413655341950e+01
5.506061161888019484e+01 5.536291603287720164e+01
5.600990085247998707e+01 5.590333485837907546e+01
5.690597166280510066e+01 5.639115848731588443e+01
5.778063767286568719e+01 5.684224454251517500e+01
5.866438670549817402e+01 5.727146168262029846e+01
5.957965566563735393e+01 5.768952603027048553e+01
6.052684410971629347e+01 5.809578719260864688e+01
6.150261495823684044e+01 5.848766747911694353e+01
6.250359220665247051e+01 5.886280459692411426e+01
6.352598699928732628e+01 5.922112082737537975e+01
6.456576181935463410e+01 5.956391445571215115e+01
6.561887984377369776e+01 5.989250540368230702e+01
6.668177145985181653e+01 6.020852344850162297e+01
6.775175863088979611e+01 6.051418966352103723e+01
6.882626358322785620e+01 6.081179161686933554e+01
6.990280473721742283e+01 6.110367047443128286e+01
7.097956642365076618e+01 6.139253843667903965e+01
7.205501468603084447e+01 6.168126466987626344e+01
7.312762575826931766e+01 6.197270855109400856e+01
7.419626760545067157e+01 6.226928795805203265e+01
7.526033811706827237e+01 6.257282351887872096e+01
7.631927279821206866e+01 6.288509346716620030e+01
7.737263035626418173e+01 6.320759871433679677e+01
7.842054440209945199e+01 6.354054609293664413e+01
7.946331610394784661e+01 6.388376527232414048e+01
8.050125418710615577e+01 6.423706262117372034e+01
8.153483073475112519e+01 6.459974047623867932e+01
8.256467581456668370e+01 6.497061372160271731e+01
8.359142591363247732e+01 6.534847738936784367e+01
8.461559925678163552e+01 6.573236732934141457e+01
8.563733800353540460e+01 6.612208517405564123e+01
8.665670973050919201e+01 6.651758442939851079e+01
8.767377715740882138e+01 6.691882525640053814e+01
8.868854094615775807e+01 6.732585285028733324e+01
8.970095889322780636e+01 6.773877114233722807e+01
9.071098827947092502e+01 6.815768437200043195e+01
9.171865344021844635e+01 6.858252571371531303e+01
9.272412618519527427e+01 6.901285211487021343e+01
9.372759795193262278e+01 6.944817044967473407e+01
9.472925068271699445e+01 6.988801095946146802e+01
9.572918877217026079e+01 7.033209472485637548e+01
9.672747874787791034e+01 7.078023601457188363e+01
9.772419047518643254e+01 7.123224113281446535e+01
9.871960946739574183e+01 7.168740065869204159e+01
9.971435549213350669e+01 7.214420579740985318e+01
1.007090770700878437e+02 7.260107899082666449e+01
1.017044141423058079e+02 7.305646448927950587e+01
1.027009598797345120e+02 7.350892542741493685e+01
1.036992915945422880e+02 7.395706525110315965e+01
1.046999764705273037e+02 7.439951192294641658e+01
1.057033009377737329e+02 7.483557295484862948e+01
1.067092410284314923e+02 7.526530716026032053e+01
1.077177567113049719e+02 7.568881223309837480e+01
1.087287947971861684e+02 7.610621774350232727e+01
1.097422533588047742e+02 7.651777133304086931e+01
1.107580191868343604e+02 7.692374797486712623e+01
1.117759809957161536e+02 7.732441797688792917e+01
1.127960574877076709e+02 7.771997892484088766e+01
1.138181910806761437e+02 7.811057089275394105e+01
1.148423246479672173e+02 7.849633284761303287e+01
1.158683207662993055e+02 7.887759744371950887e+01
1.168958378480678277e+02 7.925518980985299322e+01
1.179245023359369782e+02 7.963001219050252644e+01
1.189539380000355209e+02 8.000297325935905235e+01
1.199837426843884600e+02 8.037504405940498486e+01
1.210134996631240938e+02 8.074723068378513346e+01
1.220427941149083324e+02 8.112053462586830221e+01
1.230713970335683314e+02 8.149550874299978886e+01
1.240994100579031851e+02 8.187190757636773242e+01
1.251269689105250222e+02 8.224940337448687444e+01
1.261542058026784758e+02 8.262767686404168899e+01
1.271812305213980494e+02 8.300646291480012451e+01
1.282081440344080647e+02 8.338551769068612884e+01
1.292350472129032255e+02 8.376459758913217968e+01
1.302620381661138254e+02 8.414346569235684115e+01
1.312892115108327005e+02 8.452189353532946825e+01
1.323166616398072222e+02 8.489965319527732390e+01
1.333444514398299532e+02 8.527659281591618878e+01
1.343725076931404487e+02 8.565288914536444054e+01
1.354007204372801141e+02 8.602880764640376299e+01
1.364289652627685712e+02 8.640464866034351132e+01
1.374568386025324571e+02 8.678138648095286101e+01
1.384836843925505718e+02 8.716060498935702583e+01
1.395088375293234151e+02 8.754390989012185287e+01
1.405317047219434130e+02 8.793273351744386446e+01
1.415519044664360990e+02 8.832799690829713768e+01
1.425690941096286792e+02 8.873052730582867298e+01
1.435829632750937037e+02 8.914107403013564124e+01
1.445935768035679985e+02 8.955948054585988416e+01
1.456012416113782990e+02 8.998500589476897460e+01
1.466062686174369958e+02 9.041689945551826213e+01
1.476089640130232397e+02 9.085442201969635789e+01
1.486096243077259942e+02 9.129685775136547932e+01
1.496085448256696111e+02 9.174349367640671460e+01
1.506060738224798854e+02 9.219348903266642026e+01
1.516029572569677271e+02 9.264504291692374238e+01
1.526001219178446604e+02 9.309591786366624433e+01
1.535984962353114156e+02 9.354387244446886029e+01
1.545990454158804823e+02 9.398657644475045458e+01
1.556027879083903258e+02 9.442157111117137447e+01
1.566107463286532493e+02 9.484638763039448861e+01
1.576239207291949924e+02 9.525861166168675709e+01
1.586431973929143737e+02 9.565610352855011911e+01
1.596694268252763891e+02 9.603680992887008472e+01
1.607034512927241678e+02 9.639869745128980583e+01
1.617459119687097484e+02 9.674021816585738520e+01
1.627972420941141820e+02 9.706032613623028737e+01
1.638578653102532030e+02 9.735799860146605056e+01
1.649281604349854149e+02 9.763232101406563856e+01
1.660083524930864485e+02 9.788275011602914333e+01
1.670986335513477457e+02 9.810882221700249772e+01
1.681991614857967647e+02 9.831015617041890664e+01
1.693096124967163973e+02 9.848753369755944220e+01
1.704293067196358038e+02 9.864259613586558828e+01
1.715575544044198750e+02 9.877700868887966124e+01
1.726932354150176820e+02 9.889347560377262880e+01
1.738342122723049954e+02 9.899715721143128633e+01
1.749782005369880835e+02 9.909356863601506404e+01
1.761229848978876191e+02 9.918805811171661446e+01
1.772669647565583375e+02 9.928448982547449475e+01
1.784088616409663643e+02 9.938595028257354613e+01
1.795474081426034445e+02 9.949549927858424780e+01
1.806819356506390477e+02 9.961475098338115686e+01
1.818127697358280841e+02 9.974291939980358279e+01
1.829403297038423659e+02 9.987899223454931530e+01
1.840650095348378841e+02 1.000220183354808228e+02
1.851870538480958430e+02 1.001714071392854066e+02
1.863066526967984089e+02 1.003266998167845685e+02
1.874239794502954908e+02 1.004874778171284930e+02
1.885386804037932507e+02 1.006545950588605365e+02
1.896497787171951472e+02 1.008304098420410071e+02
1.907562615659116716e+02 1.010173673409711341e+02
1.918571497418970750e+02 1.012178315726551006e+02
1.929515985032810192e+02 1.014338419249088190e+02
1.940387967247369829e+02 1.016673566282511132e+02
1.951179869419271142e+02 1.019202043641037960e+02
1.961893409256819609e+02 1.021919704415699641e+02
1.972538164331635357e+02 1.024803426307436354e+02
1.983123960941992721e+02 1.027829486537882815e+02
1.993661393778252773e+02 1.030972307264706558e+02
2.004163160809485476e+02 1.034201232877844348e+02
2.014642316635085422e+02 1.037484746784825660e+02
2.025111614213789721e+02 1.040792060618002779e+02
2.035580607209974460e+02 1.044100109787961230e+02
2.046056922346239730e+02 1.047390481753297706e+02
2.056548131165674249e+02 1.050644897187720517e+02
2.067058543709408127e+02 1.053852950727378470e+02
2.077586246105479120e+02 1.057019262864151870e+02
2.088128624565769655e+02 1.060150143837037149e+02
2.098682656849108241e+02 1.063252889978781184e+02
2.109242493166659074e+02 1.066341623931955667e+02
2.119801087538523348e+02 1.069433356202311955e+02
2.130351462646474374e+02 1.072544931531772647e+02
2.140889752380073787e+02 1.075685683546628013e+02
2.151416299395150986e+02 1.078854785018504003e+02
2.161931745098173110e+02 1.082050687471615333e+02
2.172437749094719948e+02 1.085269384279630458e+02
2.182940722251212264e+02 1.088495398255823261e+02
2.193448460203356944e+02 1.091709909084078731e+02
2.203968508497752623e+02 1.094894700216440242e+02
2.214502989170838134e+02 1.098044648608835985e+02
2.225048779145807032e+02 1.101167294033091224e+02
2.235602540244398710e+02 1.104270695561570648e+02
2.246159445291443717e+02 1.107366507014684629e+02
2.256709932210289935e+02 1.110477813249244576e+02
2.267243499878066189e+02 1.113629966174845976e+02
2.277749829775135595e+02 1.116847876853840091e+02
2.288220936542883805e+02 1.120150823548138703e+02
2.298650446417529167e+02 1.123554193750015884e+02
2.309032027275891323e+02 1.127073274421568669e+02
2.319361249820468629e+02 1.130718758666277353e+02
2.329637869680199742e+02 1.134491236213146834e+02
2.339862199468348649e+02 1.138389952102977816e+02
2.350034737949482633e+02 1.142413701968847732e+02
2.360157504185864354e+02 1.146557611130970855e+02
2.370233259611156313e+02 1.150815012671565682e+02
2.380264740552248099e+02 1.155179300288866244e+02
2.390252875364714100e+02 1.159648232682519762e+02
2.400195790048580875e+02 1.164226334304364059e+02
2.410091369541034680e+02 1.168918711606425518e+02
2.419938214428795789e+02 1.173728743459174382e+02
2.429738826510755416e+02 1.178650391187386077e+02
2.439497030406593581e+02 1.183674422819838696e+02
2.449216789986032268e+02 1.188791270237906303e+02
2.458905904303070997e+02 1.193982107249381102e+02
2.468576412545380663e+02 1.199217872047091191e+02
2.478240573319110069e+02 1.204468973151173259e+02
2.487910064080981556e+02 1.209707222339841621e+02
2.497594409675592999e+02 1.214909629142902929e+02
2.507302636653408570e+02 1.220054406283756236e+02
2.517043517429697772e+02 1.225120379923423997e+02
2.526821862943498047e+02 1.230095938529127011e+02
2.536639351234018136e+02 1.234977032836719957e+02
2.546497570224966296e+02 1.239759831098568554e+02
2.556396201778598538e+02 1.244445099767418839e+02
2.566330081355056336e+02 1.249045296801631650e+02
2.576293285524918701e+02 1.253574710911796330e+02
2.586279533413895706e+02 1.258048491900522379e+02
2.596279076596982804e+02 1.262490142971044804e+02
2.606280217962365668e+02 1.266927861752996307e+02
2.616271248898506769e+02 1.271389873387179250e+02
2.626241375490143355e+02 1.275902182236876428e+02
2.636181431459519331e+02 1.280486840948434519e+02
2.646082418310328990e+02 1.285165494814109479e+02
2.655935414020408984e+02 1.289959604328781211e+02
2.665731984944910096e+02 1.294889449838793212e+02
2.675463889514915650e+02 1.299974847545014427e+02
2.685123031052716556e+02 1.305235265203734514e+02
2.694706601805078776e+02 1.310677451588959457e+02
2.704218481736128865e+02 1.316292072628522760e+02
2.713662979838032356e+02 1.322068762509305202e+02
2.723045124599092333e+02 1.327995472263559407e+02
2.732373052704190286e+02 1.334052881758128990e+02
2.741655739970644277e+02 1.340219707833842335e+02
2.750902054622945911e+02 1.346474943248155114e+02
2.760118785549836957e+02 1.352802913057971068e+02
2.769310840889029350e+02 1.359192765364128377e+02
2.778483059415531784e+02 1.365633826004754496e+02
2.787638299618868700e+02 1.372120328061134558e+02
2.796773579806821317e+02 1.378660976867260786e+02
2.805884846947501501e+02 1.385267132588612640e+02
2.814968091297837987e+02 1.391950029931080053e+02
2.824019806347233725e+02 1.398719445132807095e+02
2.833036810251203974e+02 1.405584213485002749e+02
2.842015931542984504e+02 1.412553136076988949e+02
2.850954732343925002e+02 1.419632278608207230e+02
2.859852277085839773e+02 1.426822104990449134e+02
2.868707814149414048e+02 1.434122393230320540e+02
2.877520119981663242e+02 1.441533373970724767e+02
2.886284425135016249e+02 1.449058678757461394e+02
2.894994347894786415e+02 1.456703485477813729e+02
2.903643499060485738e+02 1.464472886639246383e+02
2.912225520843098252e+02 1.472367292999909694e+02
2.920734100929079204e+02 1.480380337389144927e+02
2.929162930563986151e+02 1.488505122166371279e+02
2.937505220950557714e+02 1.496734894280384651e+02
2.945751762797818856e+02 1.505063629735091411e+02
2.953892585635781529e+02 1.513485533802277132e+02
2.961917835971564728e+02 1.521994864356159667e+02
2.969820526740951436e+02 1.530587163151365644e+02
2.977596634801430469e+02 1.539259299490295803e+02
2.985242274206258344e+02 1.548008203824709028e+02
2.992757308413034707e+02 1.556829894338291922e+02
3.000154465403567769e+02 1.565717259145627054e+02
3.007449230037810821e+02 1.574662515584907112e+02
3.014657179337285697e+02 1.583657730091466931e+02
3.021795188685719040e+02 1.592692843197665979e+02
3.028881093243245459e+02 1.601756223924060407e+02
3.035932752187744654e+02 1.610836192351541172e+02
3.042968449222296385e+02 1.619917683761399019e+02
3.050007471539523749e+02 1.628977632470426329e+02
3.057069251291009095e+02 1.637991817017065728e+02
3.064170752470239449e+02 1.646935820350947210e+02
3.071306991296854676e+02 1.655783486173673964e+02
3.078461482752240954e+02 1.664507746772962378e+02
3.085617471050611584e+02 1.673081560469250064e+02
3.092745861719348568e+02 1.681480363417948638e+02
3.099797074409386823e+02 1.689683705714774646e+02
3.106719597291589707e+02 1.697671525332124816e+02
3.113491709671918102e+02 1.705456578134850929e+02
3.120267388365676311e+02 1.713245168234531945e+02
3.127264797865879586e+02 1.721314308841175489e+02
3.134713101317238397e+02 1.729953838691832573e+02
3.143187608163431150e+02 1.739857431700961001e+02
3.153672860555182069e+02 1.752196197374104543e+02
3.167177032800583447e+02 1.768168815918821792e+02
