2.201828737402448866e+01 7.034467635359179383e+01
2.276127480915551615e+01 6.918526071513326769e+01
2.337040045305058555e+01 6.812599781328151494e+01
2.388804491642590833e+01 6.714175159012764027e+01
2.435658880999770659e+01 6.620738598776276262e+01
2.481458766181348707e+01 6.529919046283502837e+01
2.527516785033909485e+01 6.440293129276768980e+01
2.574108212984284094e+01 6.350824075046267581e+01
2.621505265393166084e+01 6.260476251293837180e+01
2.669948794449130958e+01 6.168294570157473800e+01
2.719315055464845088e+01 6.074260272845457109e+01
2.769245079962071543e+01 5.978958683837227284e+01
2.819375979066056814e+01 5.882985195666748268e+01
2.869342444080832877e+01 5.786918401439118043e+01
2.918723510422441336e+01 5.690950507395648117e+01
2.967042557618941601e+01 5.594887332913872768e+01
3.013820545377176074e+01 5.498517897942464572e+01
3.058580312608314244e+01 5.401631592664028858e+01
3.100957450483286948e+01 5.304040021297496565e+01
3.140762316175651492e+01 5.205589219818093483e+01
3.177820300493602446e+01 5.106128186072555764e+01
3.211957564852529146e+01 5.005506300564528033e+01
3.243261506507601410e+01 4.903702664489753715e+01
3.272459897294686471e+01 4.801014366935240218e+01
3.300376834949278049e+01 4.697786329101597858e+01
3.327836417206866315e+01 4.594363472189436237e+01
3.355544664794221887e+01 4.491042212261104538e+01
3.383735290403230067e+01 4.387924944825901008e+01
3.412523929717049498e+01 4.285065560254854233e+01
3.442026218418843797e+01 4.182517948918998485e+01
3.472303004218862554e+01 4.080305316822884265e+01
3.503050904383430009e+01 3.978246880302688737e+01
3.533817951196336082e+01 3.876078639692693173e+01
3.564151738637583833e+01 3.773536349852243177e+01
3.593624689778452108e+01 3.670368959894246075e+01
3.622097865876341416e+01 3.566478802129225301e+01
3.649618546373235972e+01 3.461867165769392329e+01
3.676237114347532042e+01 3.356536989308654029e+01
3.702000591640603488e+01 3.250505372659853975e+01
3.726878691642274077e+01 3.144115128371388579e+01
3.750763819290820322e+01 3.038034781627206371e+01
3.773545018287497754e+01 2.932947019030194014e+01
3.795114051858882220e+01 2.829524139496124135e+01
3.815525854750853796e+01 2.727815180713901100e+01
3.835088277564211978e+01 2.626903125470793299e+01
3.854130927102330872e+01 2.525787855057152242e+01
3.872985330275129456e+01 2.423467728242188102e+01
3.892633930110968521e+01 2.318424969128462010e+01
3.915654778176340756e+01 2.207876586750726133e+01
3.944865939355747742e+01 2.088849275001161843e+01
3.983085478533691060e+01 1.958369727771950863e+01
