2.021882213840122944e+01 2.109558777825514753e+01
2.179673743009924891e+01 2.140782450177993823e+01
2.309928304348402861e+01 2.162234992535708855e+01
2.420860157706605520e+01 2.176443719133255783e+01
2.520679491749543644e+01 2.185934581912475139e+01
2.616007224739681902e+01 2.192701734087068743e+01
2.709469838294920763e+01 2.197402717854896537e+01
2.803076200032325005e+01 2.200488410557038677e+01
2.898821263098068357e+01 2.202408212853155689e+01
2.997749094042083584e+01 2.203510612002866864e+01
3.099358995470267075e+01 2.203980156282453251e+01
3.203008741782299751e+01 2.203986374203959286e+01
3.308062198969611245e+01 2.203696604260299452e+01
3.414042299608766484e+01 2.203220998107430617e+01
3.520642348655193388e+01 2.202608455960943701e+01
3.627564007157261017e+01 2.201904873894964609e+01
3.734519978790635264e+01 2.201153730692559307e+01
3.841369173405730209e+01 2.200366499811498855e+01
3.948074051045517763e+01 2.199531987010301748e+01
4.054599263663367736e+01 2.198638518226404059e+01
4.160913333783697965e+01 2.197679669332130814e+01
4.267014376883663829e+01 2.196689155257557857e+01
4.372914168402434854e+01 2.195719218925194838e+01
4.478624557176679843e+01 2.194822202811875655e+01
4.584145992476261000e+01 2.194076073349037870e+01
4.689425512534886309e+01 2.193678854334307005e+01
4.794394526139045354e+01 2.193863701448200132e+01
4.898984429261831508e+01 2.194863794617605279e+01
5.003114090961449278e+01 2.196935216326068385e+01
5.106665726616449064e+01 2.200401061803911773e+01
5.209514882981171269e+01 2.205596618313192536e+01
5.311537618002541450e+01 2.212855915815328345e+01
5.412664478667671375e+01 2.222378966082072083e+01
5.512928090988906860e+01 2.234114713035265964e+01
5.612372302678249980e+01 2.247984500333136637e+01
5.711042126823120668e+01 2.263906519228176961e+01
5.809022715955215688e+01 2.281690381529402600e+01
5.906448559867018844e+01 2.301012238993835979e+01
6.003457177871874251e+01 2.321540048355008423e+01
6.100185883100191120e+01 2.342938155662341870e+01
6.196768630890209550e+01 2.364812105170537748e+01
6.293336644772425359e+01 2.386719601604409746e+01
6.390021068964284723e+01 2.408216960755439118e+01
6.486942789902894901e+01 2.428868979136114703e+01
6.584129383363932675e+01 2.448317598768068848e+01
6.681558616571602727e+01 2.466245941383830953e+01
6.779207789467854184e+01 2.482337515046155119e+01
6.877038728700502190e+01 2.496305746737354880e+01
6.974928212915226311e+01 2.508028510926800081e+01
7.072723954396728629e+01 2.517439884344930690e+01
7.170273648381478893e+01 2.524473991612019574e+01
7.267490137069948730e+01 2.529058335606597296e+01
7.364508891575979987e+01 2.531097790506203182e+01
7.461512898908117108e+01 2.530492400823816368e+01
7.558684926770260404e+01 2.527142907792880777e+01
7.656166928215900214e+01 2.521079718857378538e+01
7.754012435406983172e+01 2.512614150444310468e+01
7.852263415612061692e+01 2.502094260099016765e+01
7.950958907685433985e+01 2.489868237745032076e+01
8.049999606386153062e+01 2.476290527114161222e+01
8.149090873558229475e+01 2.461724401911010318e+01
8.247923317984928815e+01 2.446533802748403374e+01
8.346179036194230605e+01 2.431072855298263846e+01
8.443366568341349421e+01 2.415495568402514337e+01
8.538832415290124800e+01 2.399769113688116207e+01
8.631916872470301882e+01 2.383853507690114526e+01
8.722101274679042149e+01 2.367683179898977741e+01
8.810406385038898236e+01 2.350913280183457843e+01
8.898800568903902786e+01 2.333027046548409800e+01
8.989266058038359120e+01 2.313505201385751064e+01
9.084398541007101358e+01 2.291607288829240474e+01
9.190761256204798713e+01 2.265162376148177614e+01
9.316496014945467152e+01 2.231430385387013615e+01
9.469748672325742689e+01 2.187669780628048244e+01
