2.269388224452674052e+01 9.565397949308959369e+01
2.381070866392700225e+01 9.420102555350304385e+01
2.467919203780673953e+01 9.304185648292514088e+01
2.538118593934860101e+01 9.207636790183263997e+01
2.599646925642747419e+01 9.120682649388558616e+01
2.657044163182797547e+01 9.037478941344633654e+01
2.712022039904952564e+01 8.955413637581327180e+01
2.766207174946360681e+01 8.871972522324347210e+01
2.820755627985811742e+01 8.785422585304317522e+01
2.875611761403114386e+01 8.696042431539667916e+01
2.930527565022102365e+01 8.604430035890516137e+01
2.985252625498687706e+01 8.511162470967249760e+01
3.039513705491602735e+01 8.416618291047684863e+01
3.093024954985257935e+01 8.321066348018061376e+01
3.145501321088238456e+01 8.224773252598548368e+01
3.196730377819999092e+01 8.127920838015035088e+01
3.246623189282802002e+01 8.030546787347650195e+01
3.295102829642235065e+01 7.932674764312861271e+01
3.342159962259009376e+01 7.834337619562968769e+01
3.388181699424828253e+01 7.735622090335000678e+01
3.433699249156121880e+01 7.636634499809784415e+01
3.479248111141404110e+01 7.537483244496301893e+01
3.525485252515883872e+01 7.438337517160886136e+01
3.573206669487248632e+01 7.339436096681197341e+01
3.623215976478364553e+01 7.241021575661103782e+01
3.676234189267931640e+01 7.143356586305760914e+01
3.732673933897236651e+01 7.046778580539738357e+01
3.792875878356925767e+01 6.951642468330173585e+01
3.857169081184803616e+01 6.858321654397761336e+01
3.925707297669005413e+01 6.767468815057637244e+01
3.998508515712123312e+01 6.679952914539167352e+01
4.075587101724774186e+01 6.596649010418614978e+01
4.156932130957771676e+01 6.518573040608747249e+01
4.242471685670867032e+01 6.447080694665699241e+01
4.332124838099250042e+01 6.383577851037780704e+01
4.425785494730083514e+01 6.329407811613538115e+01
4.523126414299839837e+01 6.285363977463006790e+01
4.623705586263389478e+01 6.251954367048026029e+01
4.727078596510025221e+01 6.229675019178329620e+01
4.832707820388468889e+01 6.218398310473282464e+01
4.939906645148202813e+01 6.216999753423426966e+01
5.047975099634937379e+01 6.224265480806420925e+01
5.156268362440387421e+01 6.238958786239169285e+01
5.264443062500404835e+01 6.259718123726997163e+01
5.372258308877403010e+01 6.285139507187015084e+01
5.479477941621848913e+01 6.313832555862956752e+01
5.585988593954868975e+01 6.344767382514542930e+01
5.691809253315403083e+01 6.377302662531464250e+01
5.796965467544510631e+01 6.410816349306752215e+01
5.901465766328767870e+01 6.444849689640409451e+01
6.005259358678809178e+01 6.479513126909259313e+01
6.108282536353519276e+01 6.515041048719676553e+01
6.210465221202289854e+01 6.551687490608858866e+01
6.311649415687544717e+01 6.589977674703698085e+01
6.411613034341398532e+01 6.630634501798540725e+01
6.510133005377471704e+01 6.674384184269833042e+01
6.607091411900940159e+01 6.721689163991170801e+01
6.702607997906947901e+01 6.772415734320998126e+01
6.796835141969171445e+01 6.826348328049405723e+01
6.889955296002777629e+01 6.883196399519933095e+01
6.982395809030886369e+01 6.942058828932937331e+01
7.074703322641059344e+01 7.001737077887401028e+01
7.167424866867196442e+01 7.061030622001752022e+01
7.261084709359323597e+01 7.118739400046189303e+01
7.356172901154860710e+01 7.173664047004665179e+01
7.453176670984407792e+01 7.224605255287308125e+01
7.552517010248185159e+01 7.270453149402203508e+01
7.654277324676830574e+01 7.310553654151713943e+01
7.758433745022075811e+01 7.344397534511678316e+01
7.864950525999675790e+01 7.371484411279404014e+01
7.973512307173317026e+01 7.391521777095249490e+01
8.083519889199899922e+01 7.404428136471597099e+01
8.194361391525394822e+01 7.410131422047513183e+01
8.305407307687016782e+01 7.408575069754004971e+01
8.415970747958274956e+01 7.399752988351676208e+01
8.525353164601260403e+01 7.383669340685452198e+01
8.632884958671988329e+01 7.360355069387783544e+01
8.738262766536868753e+01 7.330179911993073461e+01
8.841434421154352208e+01 7.293745981566837600e+01
8.942353370700263326e+01 7.251660544956263266e+01
9.041092564171270851e+01 7.204634509649328322e+01
9.137978226308544549e+01 7.153598444055808159e+01
9.233368874331733878e+01 7.099510923197792067e+01
9.327633534803887017e+01 7.043340143072481396e+01
9.421220648197245850e+01 6.986127000626494521e+01
9.514614942320775981e+01 6.928945612727990522e+01
9.608299892400775377e+01 6.872866922857761551e+01
9.702690718929144964e+01 6.818803269790782906e+01
9.798106116633003637e+01 6.767442693714376389e+01
9.894857473131540360e+01 6.719456255162900504e+01
9.993186123022155698e+01 6.675353036530205486e+01
1.009300035187145852e+02 6.634872036902984860e+01
1.019410957403676861e+02 6.597523643179320629e+01
1.029631976159675872e+02 6.562810624191087072e+01
1.039936411097315556e+02 6.530074723262650593e+01
1.050290624394695271e+02 6.498503740871245782e+01
1.060660703447049542e+02 6.467279406006707632e+01
1.071019076933439464e+02 6.435737851460368120e+01
1.081357465462559588e+02 6.403684948857997483e+01
1.091671244970524697e+02 6.371015573324480386e+01
1.101957298434075909e+02 6.337660847665880226e+01
1.112230028177238665e+02 6.303973273981949887e+01
1.122515139328738201e+02 6.270577211981274957e+01
1.132838489538551130e+02 6.238100679785728175e+01
1.143221202255316200e+02 6.207056498980861647e+01
1.153674985738235819e+02 6.177728392908596788e+01
1.164210435054746711e+02 6.150372997800198505e+01
1.174835311431903335e+02 6.125178437216100491e+01
1.185537481485951332e+02 6.101851850350227835e+01
1.196296289646726336e+02 6.079894338767976336e+01
1.207091113521844079e+02 6.058807807780674892e+01
1.217904025487873838e+02 6.038159379611798272e+01
1.228720684323013899e+02 6.017602972066944034e+01
1.239526997320568142e+02 5.996798517340348411e+01
1.250312320634734675e+02 5.975489362835793372e+01
1.261081310497976062e+02 5.953788908352342446e+01
1.271842864462395255e+02 5.931913135549344673e+01
1.282606563194874809e+02 5.910094517033512318e+01
1.293395083114985482e+02 5.888881667413351551e+01
1.304242891109948346e+02 5.869107832668669289e+01
1.315184864857780838e+02 5.851616174467385179e+01
1.326246606887703479e+02 5.837024916248410022e+01
1.337427335632665688e+02 5.825312421970303944e+01
1.348721609530761611e+02 5.816344042742672116e+01
1.360122076785296770e+02 5.809938368128253927e+01
1.371600934387165580e+02 5.805413352723914500e+01
1.383117973307436444e+02 5.801783258260432063e+01
1.394632826972197677e+02 5.798058451696195448e+01
1.406106870465083034e+02 5.793287913661205835e+01
1.417504730899065351e+02 5.786592724374324348e+01
1.428791391429918463e+02 5.777101857753029890e+01
1.439935239377628022e+02 5.764028914423641226e+01
1.450926888200420422e+02 5.747140031497625046e+01
1.461765871145855442e+02 5.726423089917669529e+01
1.472451718517241090e+02 5.701867288589227201e+01
1.482982993301763770e+02 5.673487700582790438e+01
1.493357046646624156e+02 5.641331813757621916e+01
1.503571153058145171e+02 5.605449165994320992e+01
1.513618980945120711e+02 5.565836596178680651e+01
1.523479268218706011e+02 5.522272751034304861e+01
1.533126889230758820e+02 5.474479815780480152e+01
1.542537121540906355e+02 5.422191794322465341e+01
1.551692250970914415e+02 5.365348112860823449e+01
1.560580504963269561e+02 5.304062355089426717e+01
1.569190315305057766e+02 5.238453733694947800e+01
1.577519192432563386e+02 5.168706505681343799e+01
1.585588809357180367e+02 5.095178041713806749e+01
1.593424814704598589e+02 5.018254195892907887e+01
1.601054088668595341e+02 4.938330793272626096e+01
1.608515679110150813e+02 4.855902170100910098e+01
1.615855570932829437e+02 4.771518825926084162e+01
1.623119751736184924e+02 4.685730977681034659e+01
1.630347503703960399e+02 4.599008397982948537e+01
1.637566347629224310e+02 4.511679759023361669e+01
1.644802613858824714e+02 4.424059451309511104e+01
1.652081374162667089e+02 4.336439471059205175e+01
1.659420051062612060e+02 4.248975708806847251e+01
1.666833193014348922e+02 4.161772915845784837e+01
1.674334734023776150e+02 4.074932896230642143e+01
1.681919357918689855e+02 3.988467236405331562e+01
1.689559042551421726e+02 3.902281109312268370e+01
1.697224459413455406e+02 3.816273565547923141e+01
1.704889701201518903e+02 3.730377538406428073e+01
1.712542081658760083e+02 3.644656898874045936e+01
1.720172107749611996e+02 3.559207142742825880e+01
1.727772302508818711e+02 3.474137549589695340e+01
1.735367066928812960e+02 3.389775347199229572e+01
1.743006247657222616e+02 3.306621734191804762e+01
1.750740386107493123e+02 3.225182707044787378e+01
1.758614701848659365e+02 3.145945623590875329e+01
1.766661153592901599e+02 3.069351398290892519e+01
1.774909669014263898e+02 2.995833832320267476e+01
1.783388927941253996e+02 2.925830939603101655e+01
1.792116212611146580e+02 2.859819212533732014e+01
1.801102701164751068e+02 2.798295751044444657e+01
1.810359467743336381e+02 2.741756482400677086e+01
1.819894302158793380e+02 2.690599822295753896e+01
1.829709580035496970e+02 2.645063439470976974e+01
1.839807171288473171e+02 2.605369988182752650e+01
1.850186502604249199e+02 2.571682371908175568e+01
1.860833167526213856e+02 2.543825195400274453e+01
1.871727896650787102e+02 2.521504136806786533e+01
1.882850921482277897e+02 2.504420560800276618e+01
1.894168645838806810e+02 2.492158694342528236e+01
1.905632115033307059e+02 2.484172658742515338e+01
1.917191573389579275e+02 2.479909794801894307e+01
1.928796550601309150e+02 2.478942792619604418e+01
1.940393998415317753e+02 2.481296525629761973e+01
1.951930287471585643e+02 2.487097795988292503e+01
1.963352913454696989e+02 2.496478757008946658e+01
1.974625607930707645e+02 2.509648786289744038e+01
1.985724301866033272e+02 2.526875286609716298e+01
1.996625292286612705e+02 2.548425799461412922e+01
2.007323019582552774e+02 2.574233083429622582e+01
2.017854278905003298e+02 2.603448363425144407e+01
2.028261898528023153e+02 2.635111540658711604e+01
2.038588279229594491e+02 2.668276759845422319e+01
2.048872206097489368e+02 2.702118634873883707e+01
2.059150646156704454e+02 2.735872354656333982e+01
2.069460335626957885e+02 2.768778569817238733e+01
2.079824988657489655e+02 2.800378104477426433e+01
2.090248135188290348e+02 2.830677051677073308e+01
2.100731568883289242e+02 2.859721527589208279e+01
2.111275952001737437e+02 2.887571478710389528e+01
2.121875975524020816e+02 2.914359844623083617e+01
2.132524367662936129e+02 2.940243557837563415e+01
2.143214152210215673e+02 2.965367409663168274e+01
2.153945764341678171e+02 2.989572607991635422e+01
2.164727391602974365e+02 3.012382809917158966e+01
2.175567586223397427e+02 3.033306717006551168e+01
2.186472966728915992e+02 3.051823669519927051e+01
2.197443637939192627e+02 3.067314103751231258e+01
2.208478334590908219e+02 3.079137652686016580e+01
2.219574703963678814e+02 3.086685617183499275e+01
2.230716028197620062e+02 3.089767625812755369e+01
2.241875431639396083e+02 3.088489112587070906e+01
2.253025853330983068e+02 3.082962475491993004e+01
2.264145847956040711e+02 3.073441491212752297e+01
2.275226259886555624e+02 3.060489340106219203e+01
2.286259559866476536e+02 3.044710147868314820e+01
2.297238123588480789e+02 3.026667060640419393e+01
2.308153581240967469e+02 3.006601814511811455e+01
2.318997211267746366e+02 2.984604497552240332e+01
2.329760374098150351e+02 2.960764143694373374e+01
2.340438729942227383e+02 2.935161591731569075e+01
2.351034207930766229e+02 2.907865732248169621e+01
2.361549232716668882e+02 2.878944511391342331e+01
2.371988065840755837e+02 2.848502001988654087e+01
2.382364010405069052e+02 2.816820100233192647e+01
2.392693146727906424e+02 2.784235322745927022e+01
2.402991580878677951e+02 2.751085251475854676e+01
2.413275978803040971e+02 2.717730993356588698e+01
2.423563557991482469e+02 2.684556830235359115e+01
2.433871557243824668e+02 2.651947976759132075e+01
2.444212310704391200e+02 2.620174027447702514e+01
2.454582717963936602e+02 2.589140729645585992e+01
2.464976650215632503e+02 2.558682440624425425e+01
2.475388812980371540e+02 2.528652569323650567e+01
2.485824026862224514e+02 2.499135500114508091e+01
2.496293841460005751e+02 2.470369272304893826e+01
2.506809948024515791e+02 2.442595106498766455e+01
2.517387022224892235e+02 2.416114424266218919e+01
2.528045866477752952e+02 2.391352234448458347e+01
2.538808035563723990e+02 2.368748722391788419e+01
2.549693600468208103e+02 2.348712873410590163e+01
2.560711826457383040e+02 2.331426458996041262e+01
2.571867197723710774e+02 2.316970718132941442e+01
2.583163879734288457e+02 2.305422583619242261e+01
2.594592924154313778e+02 2.296688854761971399e+01
2.606127392406235117e+02 2.290442932283531974e+01
2.617739042488739756e+02 2.286341306780907701e+01
2.629398228817611880e+02 2.284113558789390908e+01
2.641068860050044123e+02 2.283824924185667982e+01
2.652712995658035879e+02 2.285636933002950144e+01
2.664292819336963021e+02 2.289721336806612584e+01
2.675773023569457791e+02 2.296455893171653884e+01
2.687120628394823711e+02 2.306409484153401479e+01
2.698302745900350033e+02 2.320158172765042792e+01
2.709291299502785932e+02 2.338216523175775663e+01
2.720072365381661825e+02 2.360918197673569097e+01
2.730634608936546783e+02 2.388563762903952892e+01
2.740967620828334930e+02 2.421432833938401075e+01
2.751071311283641307e+02 2.459571350085178665e+01
2.760952046697757396e+02 2.502879057471256274e+01
2.770616352636182569e+02 2.551251930581428695e+01
2.780077844125577826e+02 2.604405720652893308e+01
2.789363796802544471e+02 2.661708908596877876e+01
2.798503040827603741e+02 2.722490457321420365e+01
2.807524267804176361e+02 2.786081741235399534e+01
2.816455231379112547e+02 2.851830459303651111e+01
2.825323296269173170e+02 2.919091079579480663e+01
2.834155516675324975e+02 2.987225877822344700e+01
2.842967085903664497e+02 3.055895735747259323e+01
2.851757882437751732e+02 3.125147095962071120e+01
2.860526770537450716e+02 3.195051934834014062e+01
2.869271558839171234e+02 3.265714933785780971e+01
2.877985531906795131e+02 3.337380937896100619e+01
2.886660762583412634e+02 3.410332333466870125e+01
2.895290011175110294e+02 3.484833980104333762e+01
2.903878582592315638e+02 3.560830914513933720e+01
2.912442741762895935e+02 3.637988749317631232e+01
2.920999122096984593e+02 3.715963602786318631e+01
2.929564171083712836e+02 3.794346056445431259e+01
2.938153824689881048e+02 3.872546381316970354e+01
2.946783931674631845e+02 3.949944107914253522e+01
2.955467968471955373e+02 4.025934743105242575e+01
2.964195018752780015e+02 4.100078066110312847e+01
2.972939820331351939e+02 4.172030467903827144e+01
2.981676785296727417e+02 4.241450332478694918e+01
2.990366842876589430e+02 4.308067803490462921e+01
2.998946523603941046e+02 4.371742881458907704e+01
3.007349789041940653e+02 4.432349239699523480e+01
3.015540842092579510e+02 4.489998503900316962e+01
3.023674366822868933e+02 4.546301090705222236e+01
3.031979020159142237e+02 4.603449468282931178e+01
3.040693475585832175e+02 4.663716580091599440e+01
3.050387856781460414e+02 4.732039229680083281e+01
3.062035189724450106e+02 4.816592340158840813e+01
3.076632814350090825e+02 4.925746245534126899e+01
