2.561688511099346499e+01 2.549348387821742179e+01
2.658620673723296335e+01 2.692345213462452236e+01
2.739862336914081453e+01 2.808685579704962976e+01
2.810714548100955312e+01 2.906780554433558450e+01
2.876441702824442359e+01 2.994974860427614871e+01
2.940830977033185434e+01 3.078939243976206797e+01
3.005719722916509085e+01 3.160814994460773875e+01
3.072811831075274114e+01 3.242501816902607459e+01
3.143630651353394612e+01 3.325679213335379814e+01
3.218312042541953133e+01 3.410334382734471603e+01
3.296348548313342519e+01 3.495669881795534906e+01
3.377229343643253401e+01 3.580884289017816258e+01
3.460485442391332356e+01 3.665262544622608232e+01
3.545746107325320651e+01 3.748292389290729432e+01
3.632654689225152111e+01 3.829490643469912214e+01
3.720860302630264016e+01 3.908393181003443573e+01
3.810107162851404183e+01 3.984850252594476672e+01
3.900217506452926841e+01 4.058970025642059909e+01
3.991015875839121207e+01 4.130868290014610267e+01
4.082353442419701395e+01 4.200660022819372585e+01
4.174198036345116236e+01 4.268456640546374814e+01
4.266549425019035624e+01 4.334368584907997501e+01
4.359410568860388224e+01 4.398498765621320672e+01
4.452939998287297385e+01 4.460583026528912143e+01
4.547518700337443676e+01 4.519832327279590345e+01
4.643544770259379106e+01 4.575417260867804714e+01
4.741414213207691830e+01 4.626510301235735056e+01
4.841505295358336980e+01 4.672299886244920941e+01
4.944187337552626360e+01 4.711982503972413383e+01
5.049829169189995781e+01 4.744755681199693242e+01
5.158615644975366621e+01 4.770241946508227215e+01
5.270260709767372731e+01 4.789151682071558724e+01
5.384404030993362511e+01 4.802366859107461750e+01
5.500681169728730424e+01 4.810770875838595373e+01
5.618650711960688682e+01 4.815273880222601832e+01
5.737802880520838755e+01 4.816809777205774878e+01
5.857625521879688790e+01 4.816313297547413441e+01
5.977635033669919551e+01 4.814577355349657495e+01
6.097484843001748089e+01 4.811714224734753742e+01
6.216869436951177619e+01 4.807632230610670376e+01
6.335484839807944013e+01 4.802238764201648991e+01
6.453118848662754203e+01 4.795387480693811000e+01
6.569701508447818128e+01 4.786848744414190548e+01
6.685175100468804033e+01 4.776385754884731938e+01
6.799489642598095429e+01 4.763777085758143670e+01
6.912667849236295581e+01 4.748945773466541453e+01
7.024772266014181810e+01 4.731894007193349694e+01
7.135865786704397351e+01 4.712624673814686105e+01
7.245964182977598966e+01 4.691051636673849146e+01
7.354951602151002987e+01 4.666840093107015264e+01
7.462689387387905526e+01 4.639612158621240212e+01
7.569042162645041572e+01 4.608999119490437124e+01
7.673944900958716175e+01 4.574828908018734808e+01
7.777400197907093116e+01 4.537118481078820054e+01
7.879413384287147437e+01 4.495892441271254825e+01
7.980035937025809289e+01 4.451287381679974686e+01
8.079562107839747398e+01 4.404029077321934693e+01
8.178365704373673850e+01 4.355036374807423272e+01
8.276821595282852684e+01 4.305230550517577370e+01
8.375381278589178180e+01 4.255707889475547745e+01
8.474625087321089723e+01 4.207858914286244101e+01
8.575145702362225109e+01 4.163102347988275653e+01
8.677511844583446532e+01 4.122795235285077808e+01
8.782042240962022106e+01 4.087651081692617083e+01
8.888906925396759107e+01 4.058000624085935470e+01
8.998273898773490487e+01 4.034169372198969938e+01
9.110201255561017319e+01 4.016210740662272372e+01
9.224411697153925616e+01 4.003347812123281813e+01
9.340564174124877184e+01 3.994645841443252010e+01
9.458317105317426865e+01 3.989174880116069488e+01
9.577315763689800576e+01 3.986123566306417842e+01
9.697191746273387025e+01 3.984803906258721184e+01
9.817576012310276212e+01 3.984533659600249678e+01
9.938104883458015593e+01 3.984753791513957566e+01
1.005844563294860166e+02 3.985616403042610756e+01
1.017827661481488235e+02 3.987528185019039029e+01
1.029727616344964787e+02 3.990897855924782789e+01
1.041511932197873307e+02 3.996300528406739261e+01
1.053147512659122071e+02 4.004615003400692785e+01
1.064601197420127647e+02 4.016752401194730737e+01
1.075840997303879192e+02 4.033595291479616662e+01
1.086848537537907191e+02 4.055694343252264389e+01
1.097614226836539046e+02 4.083386096029676793e+01
1.108128621312827846e+02 4.117003493025492133e+01
1.118387671426212648e+02 4.156732318675293669e+01
1.128405330195394356e+02 4.202267244231984478e+01
1.138199301612935557e+02 4.253200613680140663e+01
1.147787375304363451e+02 4.309122177456401914e+01
1.157189804384279341e+02 4.369547074810287768e+01
1.166429615790219430e+02 4.433906434786474904e+01
1.175529984433478461e+02 4.501626904778796501e+01
1.184514146825117109e+02 4.572135569512370523e+01
1.193405730011188837e+02 4.644862286339272828e+01
1.202228513611654961e+02 4.719237995819329967e+01
1.211006238949928218e+02 4.794694731239174956e+01
1.219757599572637901e+02 4.870806923127722143e+01
1.228491279070601223e+02 4.947431381794852712e+01
1.237214781612264431e+02 5.024458188929186520e+01
1.245934936529949226e+02 5.101796484868552284e+01
1.254649798318907585e+02 5.179603227955028188e+01
1.263351284990798717e+02 5.258208682439938997e+01
1.272031188720676056e+02 5.337946665961728598e+01
1.280684458985761580e+02 5.419043091156751046e+01
1.289317578092745578e+02 5.501329720870864293e+01
1.297939660879551695e+02 5.584548347692714998e+01
1.306559626910094778e+02 5.668435543938241494e+01
1.315179788384638186e+02 5.752551246843299282e+01
1.323794403731553189e+02 5.836240091638482852e+01
1.332397243265351676e+02 5.918833664775054615e+01
1.340977737406306005e+02 5.999663166818800875e+01
1.349495050426107809e+02 6.078057107194558739e+01
1.357895457884471284e+02 6.153342849316109664e+01
1.366125580895227642e+02 6.224851512706939616e+01
1.374203830855241790e+02 6.292600814114580032e+01
1.382303455216834323e+02 6.358089311444509661e+01
1.390617848746856566e+02 6.423008250103158900e+01
1.399364502693660768e+02 6.489182268903296347e+01
1.409112948864093937e+02 6.560384834301724766e+01
1.420699430970459787e+02 6.641865877673272678e+01
1.434966810221293088e+02 6.738911963556985540e+01
