5.068119163714944619e+01 5.126032156691001518e+01
5.252751266494480831e+01 5.283587622561981334e+01
5.392674245513728692e+01 5.402086641098707531e+01
5.502665563747535771e+01 5.494278958714929217e+01
5.597103726936173729e+01 5.572562588069872902e+01
5.684210094750891074e+01 5.643907200345884689e+01
5.767368444752989376e+01 5.711017496019584883e+01
5.849828878360118267e+01 5.776480367215110334e+01
5.933940892774946008e+01 5.842100413854332430e+01
6.019954878896949424e+01 5.907858888304887302e+01
6.107822755170351314e+01 5.973477780685301042e+01
6.197494386450840409e+01 6.038676542310852113e+01
6.288903271107103876e+01 6.103154390993567091e+01
6.381975079372703163e+01 6.166600866805988090e+01
6.476635192563567500e+01 6.228706892935758788e+01
6.572797685723224959e+01 6.289231359476561778e+01
6.670360691751501747e+01 6.348028991660751785e+01
6.769221141804439412e+01 6.404961738923631742e+01
6.869270503401159544e+01 6.459928809602453725e+01
6.970375686600729637e+01 6.512996879969881547e+01
7.072396704833985837e+01 6.564279657387697853e+01
7.175194596553029669e+01 6.613892110897126031e+01
7.278648977527831221e+01 6.661972023449860103e+01
7.382655623340073703e+01 6.708677023085063240e+01
7.487110882749051655e+01 6.754165357164059458e+01
7.591927638826813052e+01 6.798574745741382230e+01
7.697061816619191177e+01 6.841989472371734848e+01
7.802476255839030728e+01 6.884485236068485392e+01
7.908135707234727363e+01 6.926135309046158284e+01
8.014022245603695183e+01 6.966990963937902848e+01
8.120127167398840129e+01 7.007091762918162203e+01
8.226441809384387227e+01 7.046477308062623024e+01
8.332954721198993298e+01 7.085196335853058258e+01
8.439650094915768364e+01 7.123311864070082322e+01
8.546511743343586431e+01 7.160888153478695983e+01
8.653517802309926310e+01 7.198002447922178249e+01
8.760617718040549562e+01 7.234797603462487814e+01
8.867751894755940612e+01 7.271437154943893688e+01
8.974860518768363704e+01 7.308084971189950352e+01
9.081879164175722963e+01 7.344911935001776726e+01
9.188738964806553611e+01 7.382095681674447007e+01
9.295370883132154916e+01 7.419814097922454721e+01
9.401715593251820735e+01 7.458220130703936945e+01
9.507742058540775076e+01 7.497394079255171562e+01
9.613424365139286465e+01 7.537403087395915691e+01
9.718737057834631798e+01 7.578312975527980200e+01
9.823659432424337012e+01 7.620175855096678674e+01
9.928173594897080534e+01 7.663035728790121937e+01
1.003226164287932960e+02 7.706936595145239721e+01
1.013590193548017169e+02 7.751930889056419005e+01
1.023906634337783288e+02 7.798085687244447683e+01
1.034172608932981916e+02 7.845469528531310743e+01
1.044385527539737808e+02 7.894143948872120120e+01
1.054544438413289384e+02 7.944130644590968870e+01
1.064648968275845817e+02 7.995437242891260610e+01
1.074698806864100078e+02 8.048069851203894132e+01
1.084695255763995902e+02 8.101995706130730923e+01
1.094641333788424760e+02 8.157140632190447604e+01
1.104540143101439043e+02 8.213428443847990934e+01
1.114394378385827054e+02 8.270792842552178570e+01
1.124205403769463203e+02 8.329199813874180336e+01
1.133974312241720099e+02 8.388621922195605407e+01
1.143702182616991507e+02 8.449032090308679699e+01
1.153389924993957152e+02 8.510407506937977473e+01
1.163038338726025529e+02 8.572728160973083789e+01
1.172648224089324174e+02 8.635974022834031416e+01
1.182220718710662197e+02 8.700117107401304395e+01
1.191757611051015289e+02 8.765114081322121820e+01
1.201260763744366358e+02 8.830919862066008363e+01
1.210731903513325562e+02 8.897492771865748296e+01
1.220171885066374955e+02 8.964812978084555084e+01
1.229581218686077619e+02 9.032869276419621940e+01
1.238960410104954661e+02 9.101650602827375280e+01
1.248309848080389770e+02 9.171149653274147795e+01
1.257629783435517510e+02 9.241363557438828025e+01
1.266920459061390432e+02 9.312289699979965008e+01
1.276182122982606160e+02 9.383925893190632905e+01
1.285415042041436209e+02 9.456271516913432151e+01
1.294619487390767745e+02 9.529326310073724926e+01
1.303795812962356422e+02 9.603088135691642435e+01
1.312945512289038561e+02 9.677529031554000483e+01
1.322070908136076639e+02 9.752602243678124694e+01
1.331174345518637665e+02 9.828260509839157066e+01
1.340258800740781453e+02 9.904441539984604503e+01
1.349328606087059654e+02 9.981050764955907084e+01
1.358388269443698562e+02 1.005798943539779913e+02
1.367441985939168205e+02 1.013516582487773121e+02
1.376491681976238226e+02 1.021253915081586570e+02
1.385538283598550038e+02 1.029009109352779205e+02
1.394582686150983193e+02 1.036780387002521024e+02
1.403624749837456704e+02 1.044567693873127041e+02
1.412662983288156511e+02 1.052373227001650235e+02
1.421695804109001529e+02 1.060199335036077173e+02
1.430721085408164299e+02 1.068049087707496341e+02
1.439734457929752693e+02 1.075928524329246869e+02
1.448730975260772027e+02 1.083844448548840091e+02
1.457705585822615433e+02 1.091803723759112756e+02
1.466651550162623607e+02 1.099814172239800172e+02
1.475560768445508870e+02 1.107884389108559304e+02
1.484425102467451154e+02 1.116022984988104838e+02
1.493236516386327253e+02 1.124236626152682703e+02
1.501987219583851925e+02 1.132527320878546675e+02
1.510669457399692419e+02 1.140896394424868276e+02
1.519275462326525030e+02 1.149344955293919384e+02
1.527797361160144760e+02 1.157872328649759481e+02
1.536227228762990364e+02 1.166476963426860607e+02
1.544557164254219401e+02 1.175157294240078159e+02
1.552780501845874994e+02 1.183911342176869965e+02
1.560892362655581849e+02 1.192736530042228367e+02
1.568888007521567260e+02 1.201630233860618659e+02
1.576763236720335328e+02 1.210589818278492373e+02
1.584516347046679812e+02 1.219612595284900891e+02
1.592146357004830577e+02 1.228695861646356775e+02
1.599652218582168075e+02 1.237836981319446750e+02
1.607031625974321969e+02 1.247034587444245659e+02
1.614281151141460100e+02 1.256288445560304012e+02
1.621397328638977910e+02 1.265598360556192858e+02
1.628377830291079817e+02 1.274963920408791296e+02
1.635223372302456823e+02 1.284384132439189727e+02
1.641935174914395077e+02 1.293857907833396723e+02
1.648514122946831435e+02 1.303384335315023748e+02
1.654957958891553744e+02 1.312964166833393165e+02
1.661262707658046338e+02 1.322599063449449943e+02
1.667424387033057371e+02 1.332290692356312150e+02
1.673439696591163965e+02 1.342040515770348748e+02
1.679306429925065061e+02 1.351849666995809400e+02
1.685022479228647114e+02 1.361719249692899041e+02
1.690587243003232913e+02 1.371649745312534776e+02
1.696007959803385177e+02 1.381638396820711137e+02
1.701294410805606390e+02 1.391681396904481005e+02
1.706456487019316910e+02 1.401774891226068576e+02
1.711506519221439362e+02 1.411913980416008485e+02
1.716459247254824731e+02 1.422092733223620371e+02
1.721329511780957091e+02 1.432305175180121353e+02
1.726129920893495751e+02 1.442546238874276696e+02
1.730866392093529953e+02 1.452813575178450378e+02
1.735543594855672325e+02 1.463105342018733950e+02
1.740165838347368776e+02 1.473419843402333527e+02
1.744733569672035287e+02 1.483756949152130460e+02
1.749244891035727960e+02 1.494117479794315955e+02
1.753697889297415600e+02 1.504502261802826695e+02
1.758092244295827129e+02 1.514911451013548742e+02
1.762430474298390948e+02 1.525344008295347180e+02
1.766715390666482790e+02 1.535798771125717224e+02
1.770950753789035161e+02 1.546274182459593476e+02
1.775145886810588536e+02 1.556766372745208287e+02
1.779312133442574009e+02 1.567270632456005899e+02
1.783460784234408436e+02 1.577782274058878045e+02
1.787601609743121855e+02 1.588297239006566599e+02
1.791742719592086246e+02 1.598812156060357665e+02
1.795892138733675836e+02 1.609323689019397250e+02
1.800055548627944972e+02 1.619829473068858476e+02
1.804230754946410400e+02 1.630330407936712049e+02
1.808413910679390710e+02 1.640828078393256533e+02
1.812601136657301879e+02 1.651324082719963826e+02
1.816788157014276806e+02 1.661820185860298693e+02
1.820970428672611661e+02 1.672318265020078059e+02
1.825143429106468602e+02 1.682820188929793517e+02
1.829305961640264968e+02 1.693326449755664953e+02
1.833463419558300416e+02 1.703834812089718014e+02
1.837621971849461886e+02 1.714342719461049001e+02
1.841788003691008555e+02 1.724847526062701775e+02
1.845969330188087554e+02 1.735345995195103228e+02
1.850174347094363441e+02 1.745834650215866191e+02
1.854411324300979231e+02 1.756310066630442179e+02
1.858684286128157623e+02 1.766770578924728454e+02
1.862992121687023541e+02 1.777216649150633998e+02
1.867333412600955853e+02 1.787648866755166921e+02
1.871705789212918489e+02 1.798068215148785498e+02
1.876103291976815512e+02 1.808477164459278868e+02
1.880519114671456009e+02 1.818878535456618977e+02
1.884946600259557954e+02 1.829275087030717941e+02
1.889381224100548025e+02 1.839668693573690064e+02
1.893820053468768947e+02 1.850060569166544155e+02
1.898260195751052777e+02 1.860451911246372561e+02
1.902699147671733328e+02 1.870843754619430115e+02
1.907135265220904898e+02 1.881236775166578354e+02
1.911567019210300202e+02 1.891631600806332472e+02
1.915993288380155946e+02 1.902028689834312729e+02
1.920416004196701181e+02 1.912427231176089890e+02
1.924838481331165951e+02 1.922825838599489998e+02
1.929264063669238851e+02 1.933223113670194664e+02
1.933697027415201433e+02 1.943617268016718072e+02
1.938142897629715549e+02 1.954005990940200093e+02
1.942607286744272983e+02 1.964386935199404434e+02
1.947096580192243778e+02 1.974757432483239086e+02
1.951620440922771706e+02 1.985113453149475049e+02
1.956189400389990851e+02 1.995450606818371000e+02
1.960813754399260063e+02 2.005764600978163230e+02
1.965499863111530772e+02 2.016052777641028797e+02
1.970250832865539508e+02 2.026313830173528459e+02
1.975069668351799521e+02 2.036546494182331628e+02
1.979958015756958218e+02 2.046750077925889855e+02
1.984914175762581294e+02 2.056925299897458785e+02
1.989935943248997887e+02 2.067073091801303804e+02
1.995021463015990548e+02 2.077194246811391452e+02
2.000171852586746297e+02 2.087288381224418004e+02
2.005389729771716247e+02 2.097354517385424231e+02
2.010677742026318526e+02 2.107391666628072358e+02
2.016039507544282117e+02 2.117398494801813342e+02
2.021480085654138463e+02 2.127373154858528608e+02
2.027004652516251895e+02 2.137313758169838991e+02
2.032617614027831223e+02 2.147218760894854483e+02
2.038319705426723942e+02 2.157088262264192053e+02
2.044110569722114121e+02 2.166922850415128607e+02
2.049989675612285112e+02 2.176723188847466588e+02
2.055953060180531509e+02 2.186491424649383646e+02
2.061993620090508159e+02 2.196231062605094166e+02
2.068104139329537929e+02 2.205945656225732989e+02
2.074279570460690252e+02 2.215637831106415376e+02
2.080520836280915091e+02 2.225307658227473553e+02
2.086829878132080012e+02 2.234954772742104581e+02
2.093209198751299311e+02 2.244578534306448603e+02
2.099666737631995375e+02 2.254175634562661799e+02
2.106213485477850327e+02 2.263741267813089451e+02
2.112860450096769966e+02 2.273270610706971695e+02
2.119617453307465098e+02 2.282758763697057134e+02
2.126492363595297945e+02 2.292200701739887450e+02
2.133492867211467399e+02 2.301591388083967615e+02
2.140626101747803318e+02 2.310925690786280597e+02
2.147896263467268909e+02 2.320197967587967582e+02
2.155306567147835040e+02 2.329402405944092891e+02
2.162860163277053118e+02 2.338533148720301256e+02
2.170558705455775339e+02 2.347583292249733233e+02
2.178402331321555039e+02 2.356544872995825415e+02
2.186391110407475935e+02 2.365409880258478665e+02
2.194523803216847000e+02 2.374170255476673219e+02
2.202795133922242030e+02 2.382817792512542212e+02
2.211199051197034748e+02 2.391344256874313317e+02
2.219729462464467531e+02 2.399741479845941683e+02
2.228379817461701293e+02 2.408002022518382716e+02
2.237143280697715113e+02 2.416118900795468676e+02
2.246013013842984378e+02 2.424085156256283824e+02
2.254982324546568577e+02 2.431895678978212914e+02
2.264044787526310643e+02 2.439548740878480828e+02
2.273194006007756514e+02 2.447042974861835205e+02
2.282423879477840956e+02 2.454377118938915032e+02
2.291730096841938007e+02 2.461550545959803173e+02
2.301109015466472556e+02 2.468562865927296173e+02
2.310556988627210444e+02 2.475413790553475337e+02
2.320070220113016148e+02 2.482105919339545608e+02
2.329644746169140888e+02 2.488645088395663834e+02
2.339276594157650493e+02 2.495037305275648691e+02
2.348961657565566838e+02 2.501289534669424484e+02
2.358695366782862664e+02 2.507412052166912702e+02
2.368473052135246917e+02 2.513415848764850011e+02
2.378290077959042037e+02 2.519311892450777464e+02
2.388142243556889071e+02 2.525110856944549198e+02
2.398025648876188711e+02 2.530823212570871306e+02
2.407936400393186602e+02 2.536459424666160771e+02
2.417870681951946494e+02 2.542029823852542449e+02
2.427824834858672034e+02 2.547544466576125899e+02
2.437795219558395843e+02 2.553013375958131803e+02
2.447778219388874845e+02 2.558446491062363179e+02
2.457770373810267017e+02 2.563853177703005031e+02
2.467768287451575588e+02 2.569242562407530954e+02
2.477768526367222819e+02 2.574623859692930523e+02
2.487766293348197735e+02 2.580009404337231445e+02
2.497755099737129285e+02 2.585415402534882219e+02
2.507728351488718488e+02 2.590858301694007650e+02
2.517679318189721585e+02 2.596354824291625505e+02
2.527600739611717700e+02 2.601922761499191665e+02
2.537485226874931357e+02 2.607580163991842142e+02
2.547325655145601218e+02 2.613344438174366360e+02
2.557118820276837710e+02 2.619223424004220533e+02
2.566864520890650283e+02 2.625217634704662828e+02
2.576562640799629662e+02 2.631327375766931596e+02
2.586215082955760636e+02 2.637548056261009037e+02
2.595828329539907600e+02 2.643863980608120983e+02
2.605409494007743092e+02 2.650257922385524125e+02
2.614965438240332674e+02 2.656713260679610471e+02
2.624501081482086988e+02 2.663218050264314343e+02
2.634020438565484028e+02 2.669762522721884466e+02
2.643527517770164650e+02 2.676336925369045616e+02
2.653026260428950422e+02 2.682931665000099315e+02
2.662520515870688200e+02 2.689537367576876932e+02
2.672014126741206610e+02 2.696144674981200637e+02
2.681511143126039087e+02 2.702743727818656225e+02
2.691016520673646255e+02 2.709322478410016970e+02
2.700535462074095676e+02 2.715868282102171634e+02
2.710073122153943928e+02 2.722368609845701712e+02
2.719633823336229170e+02 2.728812943077148248e+02
2.729221182124191500e+02 2.735192468225650373e+02
2.738838791144129914e+02 2.741498429406915420e+02
2.748489623679162150e+02 2.747723573596609299e+02
2.758175084965481005e+02 2.753864452696344642e+02
2.767896335844827718e+02 2.759918211640222125e+02
2.777654430922549977e+02 2.765882259053259418e+02
2.787449492628260259e+02 2.771756317327516967e+02
2.797281160211470592e+02 2.777541308163463896e+02
2.807149092476932424e+02 2.783238107806105859e+02
2.817054303009226146e+02 2.788844406418837139e+02
2.826999869342391776e+02 2.794353040305172726e+02
2.836989042417209248e+02 2.799756437962134896e+02
2.847025444246820030e+02 2.805046181391533082e+02
2.857114517803600506e+02 2.810209698598761179e+02
2.867262263727077425e+02 2.815233145431492403e+02
2.877474624912264858e+02 2.820102828446833314e+02
2.887756353121768598e+02 2.824808162007150827e+02
2.898111082079670950e+02 2.829341477569478229e+02
2.908542401051778370e+02 2.833695222441207875e+02
2.919052841750125253e+02 2.837864474812758999e+02
2.929641941204073987e+02 2.841851762765096510e+02
2.940308710048451530e+02 2.845660923894116081e+02
2.951052079770536807e+02 2.849295965948799676e+02
2.961870189255403147e+02 2.852762600631285750e+02
2.972760720704960704e+02 2.856067521430919101e+02
2.983721357379844221e+02 2.859217409052632775e+02
2.994750285513295012e+02 2.862217056214112745e+02
3.005846541682139446e+02 2.865068063733921235e+02
3.017009244552598943e+02 2.867771724295089939e+02
3.028237396431599677e+02 2.870329047242377101e+02
3.039529357058992218e+02 2.872739477250951836e+02
3.050883265583175898e+02 2.875001921849365658e+02
3.062297231830154942e+02 2.877115203272531971e+02
3.073768647655425070e+02 2.879076052983623981e+02
3.085294159141284354e+02 2.880879030711019482e+02
3.096870377691178646e+02 2.882518594345281144e+02
3.108493935266800463e+02 2.883986991904640718e+02
3.120161529059603254e+02 2.885269459648887960e+02
3.131869869168439209e+02 2.886349846379642941e+02
3.143615449579868368e+02 2.887212208888642522e+02
3.155392281253097053e+02 2.887842993675023990e+02
3.167192786987853879e+02 2.888230175709394985e+02
3.179009356031864968e+02 2.888361802877618629e+02
3.190833549444827781e+02 2.888231092075156425e+02
3.202655372430222656e+02 2.887840970837349914e+02
3.214464658563259150e+02 2.887195437891269307e+02
3.226251445247421543e+02 2.886299573058172427e+02
3.238007038663304797e+02 2.885165185684774087e+02
3.249723232384524181e+02 2.883806670224110462e+02
3.261391755006460471e+02 2.882238332391976883e+02
3.273002356493558409e+02 2.880471656588631504e+02
3.284542512176342939e+02 2.878514883830287658e+02
3.295999571815125364e+02 2.876376076151839811e+02
3.307360483521187007e+02 2.874064030700013745e+02
3.318610765217059679e+02 2.871590162202007832e+02
3.329735616631454604e+02 2.868966467754263476e+02
3.340720256271715130e+02 2.866205350998562267e+02
3.351550151759493588e+02 2.863324608743188264e+02
3.362210947389944522e+02 2.860345862665315622e+02
3.372688298583892106e+02 2.857290813005062660e+02
3.382969043555750090e+02 2.854180732081558745e+02
3.393042493417458445e+02 2.851035997548335672e+02
3.402898269568312344e+02 2.847876874800564906e+02
3.412561039327387107e+02 2.844710334506337972e+02
3.422301942040946869e+02 2.841449847766509151e+02
3.432497863841986145e+02 2.837968770465165562e+02
3.443541277673567151e+02 2.834134605515625935e+02
3.456388620023083149e+02 2.829603140958807899e+02
3.472714125203599451e+02 2.823760699767182132e+02
3.494238537815951418e+02 2.815976144707256594e+02
