2.351215162931005764e+01 2.266320083554769482e+01
2.506365411915016139e+01 2.334933595860763234e+01
2.633807661500753028e+01 2.391085340299832396e+01
2.742484926804540635e+01 2.438692436686210030e+01
2.841270356662790419e+01 2.481646118028551484e+01
2.936202817580034719e+01 2.522787461011548515e+01
3.029569446065314509e+01 2.563567453923883122e+01
3.123399487543377262e+01 2.605341531428539525e+01
3.219485412842493588e+01 2.649363879422637780e+01
3.317787224632944998e+01 2.696105089861039161e+01
3.417410153281434759e+01 2.745670239807569502e+01
3.517455280590309741e+01 2.798162042667492244e+01
3.617209244043791472e+01 2.853595391374445001e+01
3.716398434006732998e+01 2.911777051010699324e+01
3.814812949848173673e+01 2.972483634228061433e+01
3.912250123669229396e+01 3.035495023666571868e+01
4.008628774867573696e+01 3.100646027549832695e+01
4.103968529044174574e+01 3.167817029562416309e+01
4.198292063108839756e+01 3.236889792915178532e+01
4.291610686348776937e+01 3.307733407985521268e+01
4.383885091145853607e+01 3.380160536499593604e+01
4.475061886689479707e+01 3.453968139983177821e+01
4.565084601177825618e+01 3.528957059454404543e+01
4.653740056002990144e+01 3.605125526219774201e+01
4.740587097299493280e+01 3.682758932705100108e+01
4.825166606229119992e+01 3.762165300290467940e+01
4.907042788043489878e+01 3.843635494111353523e+01
4.985982853961328232e+01 3.927311056433445202e+01
5.061858541678034840e+01 4.013256644129906192e+01
5.134542557700198273e+01 4.101536136611566263e+01
5.203960926186874048e+01 4.192141253990007499e+01
5.270179577656836045e+01 4.284874369239208391e+01
5.333287113126755230e+01 4.379507173426377875e+01
5.393367703716970141e+01 4.475815530727990676e+01
5.450418882275961607e+01 4.573656921445852674e+01
5.504359253368819793e+01 4.672963178942279683e+01
5.555104537862197844e+01 4.773668853119152544e+01
5.602634417877939654e+01 4.875693806983366585e+01
5.647245761644091999e+01 4.978885070714804328e+01
5.689333577302797806e+01 5.083067139435080151e+01
5.729294051334711924e+01 5.188064157499786688e+01
5.767598624786320727e+01 5.293677737855870902e+01
5.804839158305677671e+01 5.399673439514928219e+01
5.841618325349916319e+01 5.505813584105978720e+01
5.878514071532781315e+01 5.611870358941767023e+01
5.915861416134580253e+01 5.717712871811922071e+01
5.953857495980884806e+01 5.823265241558507910e+01
5.992697818668801091e+01 5.928452237062312946e+01
6.032526610022131308e+01 6.033219113933294864e+01
6.073338866820036230e+01 6.137570743797510886e+01
6.115102591342882477e+01 6.241522782404703662e+01
6.157785567352017608e+01 6.345091216750064689e+01
6.201350552671486582e+01 6.448299652474264576e+01
6.245755279188031750e+01 6.551179313863450204e+01
6.290957260269376405e+01 6.653761756449222275e+01
6.336940419589757312e+01 6.756069549765672377e+01
6.383834680378316051e+01 6.858075587602482415e+01
6.431820137840404072e+01 6.959735692942045659e+01
6.481077384590983570e+01 7.061005354305068238e+01
6.531826373933904506e+01 7.161812273098212245e+01
6.584356406269050410e+01 7.262035194377985192e+01
6.638963840943387140e+01 7.361547879859072907e+01
6.695957234416874826e+01 7.460209593923532623e+01
6.755780979404046604e+01 7.557718147717203294e+01
6.818964357609527838e+01 7.653670454417193980e+01
6.886037901698897201e+01 7.747661889701754490e+01
6.957379122788609038e+01 7.839299059743399312e+01
7.032870969616669754e+01 7.928224867432255962e+01
7.112296661362069017e+01 8.014089534969019724e+01
7.195435112034972747e+01 8.096548974526115217e+01
7.281947400999879960e+01 8.175414835677166536e+01
7.371365262478728653e+01 8.250669718366486904e+01
7.463213817154645824e+01 8.322304963391658816e+01
7.557021762003665799e+01 8.390381740029421564e+01
7.652339864364951438e+01 8.455392149791444467e+01
7.748727302488744328e+01 8.517992520427436887e+01
7.845744131994710813e+01 8.578838722824949059e+01
7.943054566816820738e+01 8.638492230669638161e+01
8.040525111830027072e+01 8.697331184238521473e+01
8.138045513847188772e+01 8.755712659970177469e+01
8.235519835560072011e+01 8.813966774308438801e+01
8.333033807967431983e+01 8.872081521733571208e+01
8.430798038164027730e+01 8.929809727169445921e+01
8.529025588773104971e+01 8.986899589639908470e+01
8.627949438517643443e+01 9.043022983048417984e+01
8.727874147286502193e+01 9.097577458455471344e+01
8.829120350777057524e+01 9.149898959074738514e+01
8.932004729673138854e+01 9.199320700158473585e+01
9.036713302728972508e+01 9.245085773196281309e+01
9.143274620566154454e+01 9.286328656398808334e+01
9.251707858959308339e+01 9.322177361697760034e+01
9.361921294624454504e+01 9.351859221183140392e+01
9.473057720950652083e+01 9.375287126643647184e+01
9.583936932235985751e+01 9.392663244828891322e+01
9.693382602795260539e+01 9.404190716609153355e+01
9.801111667014137652e+01 9.410064449582175428e+01
9.908756037840163344e+01 9.410461700785791095e+01
1.001819506404904274e+02 9.405557446615647166e+01
1.013157252214927695e+02 9.395374244324921165e+01
1.025487901204568573e+02 9.377717298557553249e+01
1.039701125524543102e+02 9.348716692525120209e+01
1.056693761040452699e+02 9.304461216974586080e+01
