4.971047828713921746e+01 4.486032573249134998e+02
5.192741866443498111e+01 4.490575795144300741e+02
5.360899442105400681e+01 4.494025672792511159e+02
5.493455725726735039e+01 4.496738298677381067e+02
5.607800377795673796e+01 4.499058670757787013e+02
5.713662689043238174e+01 4.501175991070113014e+02
5.815121658405908533e+01 4.503164546516057953e+02
5.916115770410502961e+01 4.505095783572044184e+02
6.019316969179704557e+01 4.507017906126859543e+02
6.124815365937369194e+01 4.508931738232689668e+02
6.232386665103732781e+01 4.510832334186834487e+02
6.341806547153154838e+01 4.512714257393752746e+02
6.452850540823574477e+01 4.514568960647034146e+02
6.565294115600461566e+01 4.516386682059070381e+02
6.678914457034940710e+01 4.518157590649256008e+02
6.793535586676699722e+01 4.519870045847459323e+02
6.909032859477804323e+01 4.521510423729069998e+02
7.025284251054095819e+01 4.523065000558931388e+02
7.142173914108920485e+01 4.524523229354920772e+02
7.259605404566323728e+01 4.525884541824733560e+02
7.377486078266574054e+01 4.527150323897271278e+02
7.495721917925668265e+01 4.528323160138555750e+02
7.614204595817415111e+01 4.529418127084725825e+02
7.732817280065566479e+01 4.530457724773362997e+02
7.851443408297808446e+01 4.531464496912211075e+02
7.969992971761520550e+01 4.532457204981351424e+02
8.088419363888553448e+01 4.533448428367995007e+02
8.206679986818249972e+01 4.534450175469613100e+02
8.324742521331718592e+01 4.535472214877489705e+02
8.442625442007506820e+01 4.536513246768959107e+02
8.560362885668899935e+01 4.537568558380864374e+02
8.677988129445589038e+01 4.538633624752797573e+02
8.795518286323623158e+01 4.539707451986903379e+02
8.912956132005572840e+01 4.540792178169655813e+02
9.030303972572698967e+01 4.541890042423999034e+02
9.147574122860703483e+01 4.543000532225275947e+02
9.264803749115606024e+01 4.544116302797701792e+02
9.382033809030902205e+01 4.545228967005288041e+02
9.499303275610905928e+01 4.546330542488358333e+02
9.616635390918500548e+01 4.547416255204492472e+02
9.734045907870795133e+01 4.548482858518619878e+02
9.851550207026579642e+01 4.549527189446960733e+02
9.969150559347644958e+01 4.550549068186441559e+02
1.008683196190512206e+02 4.551552245728900061e+02
1.020457823246161126e+02 4.552540741425890474e+02
1.032238652539928125e+02 4.553515367920451808e+02
1.044030563941444996e+02 4.554464520296537557e+02
1.055839687223421635e+02 4.555373588322677278e+02
1.067672102666878544e+02 4.556228100123935292e+02
1.079533223834836519e+02 4.557015447669376158e+02
1.091427986366334153e+02 4.557724358988807580e+02
1.103361298201098748e+02 4.558343634456950326e+02
1.115335828760745187e+02 4.558867673094458155e+02
1.127349818392130487e+02 4.559301951259789121e+02
1.139400987002061214e+02 4.559653246958039290e+02
1.151486863771301046e+02 4.559928822813612896e+02
1.163603809288156015e+02 4.560138910748912622e+02
1.175747741752751523e+02 4.560294866758597436e+02
1.187914591808645497e+02 4.560407995930254970e+02
1.200100633406963482e+02 4.560488232279366230e+02
1.212302506300880651e+02 4.560544048912768176e+02
1.224516868122515660e+02 4.560583847173325012e+02
1.236740538820407949e+02 4.560614776628754043e+02
1.248970832244377647e+02 4.560640177907744146e+02
1.261205155843610726e+02 4.560662669805932410e+02
1.273440890548250337e+02 4.560684465043427167e+02
1.285675151139904244e+02 4.560703700913812213e+02
1.297904898788678167e+02 4.560716162518921237e+02
1.310127083330391145e+02 4.560717566211357052e+02
1.322338047290235750e+02 4.560701045358024430e+02
1.334533168906742446e+02 4.560655632065999612e+02
1.346707740726861289e+02 4.560569993982863934e+02
1.358856841995126672e+02 4.560432140062382587e+02
1.370974531762042830e+02 4.560226928822809214e+02
1.383054564422595831e+02 4.559938277983365538e+02
1.395090745768509350e+02 4.559550230006515790e+02
1.407077800540243402e+02 4.559049058339685416e+02
1.419011245850694536e+02 4.558422960118663241e+02
1.430886631513799898e+02 4.557660212094729673e+02
1.442701582199963752e+02 4.556754197621097546e+02
1.454458718440621965e+02 4.555710595780329868e+02
1.466161397465994867e+02 4.554536898805678220e+02
1.477813070221379519e+02 4.553240852599994923e+02
1.489417904822532250e+02 4.551832144315606570e+02
1.500980400690499721e+02 4.550321357887767135e+02
1.512505053592064144e+02 4.548719071370815072e+02
1.523996154394902760e+02 4.547035459237315536e+02
1.535457731552761231e+02 4.545280179093343804e+02
1.546893796351704964e+02 4.543462854729277183e+02
1.558308041558794912e+02 4.541592357480006967e+02
1.569702965842403444e+02 4.539674737793445729e+02
1.581080788100265124e+02 4.537715385199484786e+02
1.592443698160642214e+02 4.535719619946557941e+02
1.603793509955262948e+02 4.533691866406545046e+02
1.615131775566455588e+02 4.531635924884013775e+02
1.626460034328871984e+02 4.529555565039290173e+02
1.637778962082709882e+02 4.527452468024737868e+02
1.649087576188211131e+02 4.525324303677322746e+02
1.660384706021119143e+02 4.523168287161576586e+02
1.671668870060372285e+02 4.520980880997048530e+02
1.682936744578170192e+02 4.518754087935155894e+02
1.694184329858723004e+02 4.516478274239057100e+02
1.705407665531481598e+02 4.514143900876127873e+02
1.716603781543984155e+02 4.511743812865534551e+02
1.727770733697752235e+02 4.509273324825908844e+02
1.738906625269026733e+02 4.506727865663157218e+02
1.750009546809989160e+02 4.504102831862414291e+02
1.761077551362712938e+02 4.501393524333456071e+02
1.772108685091219797e+02 4.498595226460862477e+02
1.783100963456879242e+02 4.495703147336620304e+02
1.794052105067056004e+02 4.492711777741756123e+02
1.804959662142540253e+02 4.489615205844241359e+02
1.815821201896773971e+02 4.486407555996765950e+02
1.826635288225510863e+02 4.483085358721277771e+02
1.837402022467076108e+02 4.479648856200906266e+02
1.848121637350058108e+02 4.476098607818361188e+02
1.858794717474470133e+02 4.472436022567077316e+02
1.869423476414899312e+02 4.468666442679083275e+02
1.880010598807538145e+02 4.464796347787636819e+02
1.890558713753544282e+02 4.460832083478690606e+02
1.901069501671549062e+02 4.456777705461619234e+02
1.911543847792074189e+02 4.452635350065415309e+02
1.921982614833551679e+02 4.448407099282230206e+02
1.932387210683674539e+02 4.444096351417018127e+02
1.942760316346559648e+02 4.439709578718127432e+02
1.953104794243967604e+02 4.435253691467349313e+02
1.963423640724144548e+02 4.430735923296625174e+02
1.973720841935755175e+02 4.426165897597578578e+02
1.984000827658942967e+02 4.421554308859198272e+02
1.994267987485760329e+02 4.416911754549099669e+02
2.004525214519247811e+02 4.412245219322812204e+02
2.014773538969142237e+02 4.407557190453401290e+02
2.025013874365553477e+02 4.402849873526887450e+02
2.035246667574118078e+02 4.398124347498120414e+02
2.045470671672553351e+02 4.393377602143594345e+02
2.055684255573762584e+02 4.388605699781040812e+02
2.065885878130312676e+02 4.383804919859701386e+02
2.076075115186330322e+02 4.378974238459550747e+02
2.086252298667270679e+02 4.374114456985145125e+02
2.096417776377276141e+02 4.369226415175130001e+02
2.106572062387853634e+02 4.364311354160169003e+02
2.116715980804358992e+02 4.359371263534758327e+02
2.126850389618698500e+02 4.354408214700133612e+02
2.136976047667988610e+02 4.349424039673828020e+02
2.147093145494487771e+02 4.344419198471798609e+02
2.157201671538070968e+02 4.339393663185849164e+02
2.167301587093772923e+02 4.334347340374112036e+02
2.177392226809050442e+02 4.329278623728537241e+02
2.187472294249960783e+02 4.324184383370654814e+02
2.197540465002621488e+02 4.319061421872223718e+02
2.207595234077305122e+02 4.313906105856778481e+02
2.217634580677839438e+02 4.308713556682175181e+02
2.227656392505379586e+02 4.303478674799487180e+02
2.237658627869921304e+02 4.298196531125566935e+02
2.247639903035519637e+02 4.292863785027692529e+02
2.257599192361380460e+02 4.287477960396113303e+02
2.267535498245504755e+02 4.282036648812965609e+02
2.277449165283412640e+02 4.276540682222712348e+02
2.287342549675127543e+02 4.270995749028978707e+02
2.297218172863115910e+02 4.265407936567279421e+02
2.307078667249288628e+02 4.259783600058962634e+02
2.316927162472553903e+02 4.254130295188769537e+02
2.326766927398909672e+02 4.248455913772946246e+02
2.336601185613487530e+02 4.242768238311286950e+02
2.346432421451729340e+02 4.237073266616998808e+02
2.356262516917605865e+02 4.231375542362810052e+02
2.366093333306490365e+02 4.225679559226944662e+02
2.375926012289872062e+02 4.219988073560838302e+02
2.385760065420438423e+02 4.214299906258638657e+02
2.395594779830594234e+02 4.208613336415677395e+02
2.405429433835224700e+02 4.202926621829900000e+02
2.415263242797678345e+02 4.197237868249301300e+02
2.425095394710415917e+02 4.191545115311627683e+02
2.434925061006858868e+02 4.185846362673224235e+02
2.444750865121333163e+02 4.180138286862991208e+02
2.454570767385053216e+02 4.174415963367185896e+02
2.464382688423265790e+02 4.168674371803174381e+02
2.474184892699265959e+02 4.162909321774629916e+02
2.483976853011590151e+02 4.157119539670327413e+02
2.493758307451623750e+02 4.151304392266085870e+02
2.503529051514638013e+02 4.145463384884403695e+02
2.513289565776685208e+02 4.139597676318866206e+02
2.523040781383658953e+02 4.133709512832201085e+02
2.532783640270635033e+02 4.127801166727017517e+02
2.542519358658459510e+02 4.121875572281385303e+02
2.552249649369456961e+02 4.115936862297061225e+02
2.561976277547045129e+02 4.109989295850238022e+02
2.571700687862095265e+02 4.104036358381952709e+02
2.581422548131625945e+02 4.098077245928093362e+02
2.591140913844198508e+02 4.092109676336102098e+02
2.600854802072603320e+02 4.086131274776212194e+02
2.610562391718992785e+02 4.080137644370337853e+02
2.620261041057680131e+02 4.074122408513246114e+02
2.629948073991244542e+02 4.068079107681853088e+02
2.639620788137227692e+02 4.062001220685559133e+02
2.649276408351675514e+02 4.055882055627520231e+02
2.658912147004761550e+02 4.049714891317706815e+02
2.668525374374206649e+02 4.043493388659591687e+02
2.678114879366866603e+02 4.037214641255045535e+02
2.687680200523152507e+02 4.030877556616181892e+02
2.697220897703298874e+02 4.024481093883523499e+02
2.706737271761633679e+02 4.018026007254085243e+02
2.716230702647646353e+02 4.011515665030420337e+02
2.725702655468714397e+02 4.004953641809872238e+02
2.735154455489212637e+02 3.998343176026188530e+02
2.744586821336745288e+02 3.991686047840665879e+02
2.754000307181918288e+02 3.984983642082295319e+02
2.763395410346437870e+02 3.978237205770153651e+02
2.772771740055995906e+02 3.971445833049734802e+02
2.782128202169546967e+02 3.964606913003517548e+02
2.791463683470485648e+02 3.957717788364004150e+02
2.800777109074056739e+02 3.950775873379786844e+02
2.810067488334238988e+02 3.943778739464464138e+02
2.819333841806589476e+02 3.936723978930514249e+02
2.828575244003839657e+02 3.929609299070601196e+02
2.837791141651771341e+02 3.922433200345711839e+02
2.846981138447353601e+02 3.915194517714962785e+02
2.856144879051234966e+02 3.907892181106461749e+02
2.865283277660928434e+02 3.900528066955845361e+02
2.874398741784075924e+02 3.893107517568586786e+02
2.883493764501125156e+02 3.885636073854365122e+02
2.892571109745405238e+02 3.878119872798447432e+02
2.901634463136723525e+02 3.870567079774405101e+02
2.910687706169482567e+02 3.862986291224019624e+02
2.919734555330846320e+02 3.855385698156547960e+02
2.928776833769132395e+02 3.847768839535991674e+02
2.937815154830321944e+02 3.840136281770637083e+02
2.946850109023268374e+02 3.832488536939181358e+02
2.955882010471484591e+02 3.824825592313854941e+02
2.964910687370865503e+02 3.817146512476994644e+02
2.973935918585538047e+02 3.809450268338719070e+02
2.982957258197752139e+02 3.801735494334856185e+02
2.991973054476526386e+02 3.793999019928561438e+02
3.000981253078408031e+02 3.786237071915435877e+02
3.009979825375601763e+02 3.778446018976226810e+02
3.018967290726374131e+02 3.770625229429130059e+02
3.027942690083789898e+02 3.762776926765893677e+02
3.036905083148880067e+02 3.754903445291270145e+02
3.045852371713767752e+02 3.747005601269408999e+02
3.054779350894723393e+02 3.739080138053338942e+02
3.063680300202768763e+02 3.731123123027795145e+02
3.072549068241112309e+02 3.723130018950834028e+02
3.081375769979773054e+02 3.715091049747113061e+02
3.090148605088490967e+02 3.706993751894884781e+02
3.098855778736144089e+02 3.698825710651184409e+02
3.107486499204484858e+02 3.690577869398956636e+02
3.116031394310206224e+02 3.682245923705269206e+02
3.124481199431567120e+02 3.673825929221584374e+02
3.132827802464335605e+02 3.665315166385620955e+02
3.141067931228848238e+02 3.656716059047748217e+02
3.149199583826600701e+02 3.648032380992631261e+02
3.157221135711675402e+02 3.639268071087609542e+02
3.165136608573744184e+02 3.630429538243934076e+02
3.172954370585812285e+02 3.621525092817544760e+02
3.180682898101649698e+02 3.612563090085023987e+02
3.188330036649272188e+02 3.603551190953942296e+02
3.195902286639073964e+02 3.594495575720150100e+02
3.203405975763355400e+02 3.585402234563467800e+02
3.210846705623047797e+02 3.576276699131859687e+02
3.218225237063539907e+02 3.567121444101801444e+02
3.225540351116004558e+02 3.557937693883042130e+02
3.232790726715238634e+02 3.548726612067049473e+02
3.239972189865007977e+02 3.539487669061130077e+02
3.247077304345830271e+02 3.530218399177855986e+02
3.254098455796300868e+02 3.520916230914015728e+02
3.261029584696904067e+02 3.511579115732230889e+02
3.267869755366242543e+02 3.502206728480812217e+02
3.274619086069690752e+02 3.492799098499511956e+02
3.281277790444407287e+02 3.483356283082729306e+02
3.287847134773421089e+02 3.473878648068293842e+02
3.294329038764835786e+02 3.464366750820948369e+02
3.300725420743866607e+02 3.454821146951474020e+02
3.307037315233297932e+02 3.445242026355456346e+02
3.313264247680976951e+02 3.435628954477124353e+02
3.319405595971275034e+02 3.425981435699312669e+02
3.325460865074970798e+02 3.416299037074032867e+02
3.331430219633145384e+02 3.406581650951615075e+02
3.337314037665074125e+02 3.396829274903990949e+02
3.343112803908450132e+02 3.387041952747011351e+02
3.348829143986639565e+02 3.377220655869502934e+02
3.354467664606665949e+02 3.367367213996477631e+02
3.360033046202677269e+02 3.357483488841585881e+02
3.365529555026831758e+02 3.347571184353626563e+02
3.370960380110552705e+02 3.337631594160413329e+02
3.376328537599825381e+02 3.327665946036473770e+02
3.381637693246746039e+02 3.317675738780811230e+02
3.386896943085129124e+02 3.307664736779549344e+02
3.392118087098444903e+02 3.297637832543254603e+02
3.397313022391937807e+02 3.287599958942225840e+02
3.402497077341801059e+02 3.277557473289766676e+02
3.407690299136062890e+02 3.267518691846362344e+02
3.412913078075745261e+02 3.257492073310938281e+02
3.418184514198164266e+02 3.247485541683334986e+02
3.423518462109298071e+02 3.237504847200506788e+02
3.428927443619448354e+02 3.227555187774614183e+02
3.434423605858922883e+02 3.217641605955253681e+02
3.440013722826313369e+02 3.207766916301390552e+02
3.445700548383674118e+02 3.197932266406240274e+02
3.451486711314023523e+02 3.188138752003335412e+02
3.457370507571558278e+02 3.178385672946589011e+02
3.463341267495118814e+02 3.168668613003596874e+02
3.469387210083544346e+02 3.158982695311511861e+02
3.475496441600113258e+02 3.149322996081116344e+02
3.481656341779178092e+02 3.139684289104282016e+02
3.487854002228268655e+02 3.130061228239600268e+02
3.494076529945031098e+02 3.120448473701521834e+02
3.500311483942448945e+02 3.110840872445654668e+02
3.506546925697640518e+02 3.101233479010684846e+02
3.512770943642487396e+02 3.091621359071882580e+02
3.518973677465210699e+02 3.082000427912703344e+02
3.525151813769696219e+02 3.072369312478267602e+02
3.531303342489663351e+02 3.062727179538813971e+02
3.537426602886787919e+02 3.053073340567677292e+02
3.543523644740959071e+02 3.043408644056568733e+02
3.549598755187189454e+02 3.033734865283086037e+02
3.555656253287504569e+02 3.024053792751079186e+02
3.561700536357503211e+02 3.014367247454724179e+02
3.567736131491615197e+02 3.004677104271440840e+02
3.573767578002339178e+02 2.994985243151505756e+02
3.579799179644004994e+02 2.985293446496630168e+02
3.585834056909866376e+02 2.975603006700416699e+02
3.591874959558023193e+02 2.965915062628860710e+02
3.597924710748789607e+02 2.956230783554857453e+02
3.603987541705966464e+02 2.946551922041806506e+02
3.610068950343389815e+02 2.936880755379642096e+02
3.616174477600021078e+02 2.927219578681564940e+02
3.622308816073959292e+02 2.917570335677568210e+02
3.628474519221372816e+02 2.907934084063969635e+02
3.634673808567570745e+02 2.898311744051159735e+02
3.640908722530622299e+02 2.888704160004543837e+02
3.647179822330774641e+02 2.879111564418351463e+02
3.653486955300260206e+02 2.869533894086739565e+02
3.659829867352657971e+02 2.859971043794819252e+02
3.666204290178824294e+02 2.850421245579104834e+02
3.672600590242045655e+02 2.840880509121931254e+02
3.679008759876980434e+02 2.831344689136192869e+02
3.685418691168402461e+02 2.821809598807989232e+02
3.691819881651601349e+02 2.812270887888053039e+02
3.698201731811140007e+02 2.802724165925516786e+02
3.704554108995645834e+02 2.793165235850635213e+02
3.710873301306416465e+02 2.783592560152259807e+02
3.717160265677251800e+02 2.774006535209904314e+02
3.723416071748774243e+02 2.764407604087699042e+02
3.729642804966069889e+02 2.754796630608414603e+02
3.735844590791644464e+02 2.745175323595003647e+02
3.742025798728341215e+02 2.735545492954916540e+02
3.748191172193256762e+02 2.725909103475802908e+02
3.754347784401701915e+02 2.716269084978378032e+02
3.760503604356101164e+02 2.706628738330163628e+02
3.766666520757252670e+02 2.696991331136662779e+02
3.772842239961358359e+02 2.687359227046740671e+02
3.779034109943507360e+02 2.677733812835917888e+02
3.785245360744360141e+02 2.668116426429688204e+02
3.791478246682079316e+02 2.658508001596109125e+02
3.797732005575617222e+02 2.648908222628555791e+02
3.804005294111142916e+02 2.639316533107359533e+02
3.810296685804757999e+02 2.629732342162702707e+02
3.816603903624180703e+02 2.620154706616318663e+02
3.822924172406316643e+02 2.610582476957532663e+02
3.829254711861253782e+02 2.601014501552076581e+02
3.835592819875712962e+02 2.591449661147566417e+02
3.841935920276343950e+02 2.581886888657754753e+02
3.848281448300202783e+02 2.572325121722748804e+02
3.854626986110268376e+02 2.562763358841347099e+02
3.860970830160495098e+02 2.553200894381273827e+02
3.867311493658264681e+02 2.543637112492441759e+02
3.873647541688226852e+02 2.534071418813012997e+02
3.879978486568795688e+02 2.524503611338009819e+02
3.886304669008239330e+02 2.514933831192575724e+02
3.892626459938873609e+02 2.505362232021058730e+02
3.898944998670139057e+02 2.495789285739886623e+02
3.905263303236152410e+02 2.486216242458378360e+02
3.911584673471217002e+02 2.476644469011255012e+02
3.917912511563403086e+02 2.467075374629562248e+02
3.924251016825535316e+02 2.457510698724270242e+02
3.930604762401545145e+02 2.447952335552278953e+02
3.936978233338462019e+02 2.438402142879565986e+02
3.943372406384526130e+02 2.428860525287582561e+02
3.949783700883780853e+02 2.419325999619678385e+02
3.956208231601144689e+02 2.409796956558436420e+02
3.962642082633202563e+02 2.400271774083698233e+02
3.969081221226479670e+02 2.390748781776330816e+02
3.975521586802329921e+02 2.381226297692091407e+02
3.981959199776947571e+02 2.371702673436173257e+02
3.988391149489345935e+02 2.362176703379760454e+02
3.994815280631715950e+02 2.352647494774152506e+02
4.001229454913685117e+02 2.343114161919578464e+02
4.007631670952724789e+02 2.333575875828445589e+02
4.014020194250653617e+02 2.324031918066294509e+02
4.020393321111066598e+02 2.314481582957872376e+02
4.026749344521510920e+02 2.304924163455435178e+02
4.033086537489319312e+02 2.295358944241534118e+02
4.039403165574880177e+02 2.285785206916467303e+02
4.045697514771639476e+02 2.276202241544199296e+02
4.051968385891084949e+02 2.266609551433604679e+02
4.058215120611116618e+02 2.257006863928066025e+02
4.064437086853055234e+02 2.247393917241357144e+02
4.070634487968782764e+02 2.237770795628204041e+02
4.076810029401641486e+02 2.228138619726418312e+02
4.082966883022783122e+02 2.218498703371341776e+02
4.089108168229284956e+02 2.208852338658185204e+02
4.095236487538246593e+02 2.199200603537527172e+02
4.101354149476385942e+02 2.189544454159020859e+02
4.107463431880907478e+02 2.179884833959140451e+02
4.113564931711293298e+02 2.170221990078687782e+02
4.119656615355882536e+02 2.160555079956772602e+02
4.125736219944909067e+02 2.150883166063419765e+02
4.131801834367281572e+02 2.141205456543212051e+02
4.137853202709771949e+02 2.131521845011317566e+02
4.143890555466534806e+02 2.121832426519821695e+02
4.149914313096425644e+02 2.112137374801445162e+02
4.155928211356387010e+02 2.102438236737572765e+02
4.161938804502368043e+02 2.092737726591244041e+02
4.167952737732612718e+02 2.083038596292579427e+02
4.173977004398129225e+02 2.073343741999048007e+02
4.180019423396369689e+02 2.063656401862737937e+02
4.186087933298602479e+02 2.053979863612362919e+02
4.192190121525022732e+02 2.044317269582913639e+02
4.198330934748691448e+02 2.034670668710937775e+02
4.204514118001757197e+02 2.025041612394883259e+02
4.210743324947770816e+02 2.015431614208591498e+02
4.217019095495908800e+02 2.005840898715197511e+02
4.223338038017643612e+02 1.996268062926792197e+02
4.229696509212528781e+02 1.986711599670053374e+02
4.236089813245974369e+02 1.977169566372571126e+02
4.242509371773695648e+02 1.967638414394141648e+02
4.248945711448255338e+02 1.958114224860917716e+02
4.255389172791653891e+02 1.948593001983292083e+02
4.261827737735377468e+02 1.939069775318320694e+02
4.268247768611722677e+02 1.929538905147183527e+02
4.274635620584001572e+02 1.919994748821137307e+02
4.280980362552193128e+02 1.910432788697966942e+02
4.287276198973324313e+02 1.900850636131708313e+02
4.293517905943044752e+02 1.891246139454871127e+02
4.299701588049854877e+02 1.881617696928749126e+02
4.305831091684239027e+02 1.871966911528708124e+02
4.311913059957105361e+02 1.862296543930778796e+02
4.317954221017466807e+02 1.852609389690080377e+02
4.323963244554281005e+02 1.842909040356194055e+02
4.329950783301295587e+02 1.833199900489347556e+02
4.335927579528769229e+02 1.823486411349311993e+02
4.341904373522935430e+02 1.813773004026222679e+02
4.347891899812800602e+02 1.804064080099952889e+02
4.353900891888996512e+02 1.794364035827923374e+02
4.359941834549149462e+02 1.784677160042829769e+02
4.366022852141193766e+02 1.775006721964223573e+02
4.372150765275970343e+02 1.765355427653088896e+02
4.378332335651595599e+02 1.755725957989450308e+02
4.384571748427784996e+02 1.746119896108052671e+02
4.390869271198661750e+02 1.736537156047924100e+02
4.397224843299973145e+02 1.726977511992202494e+02
4.403639185186720511e+02 1.717441055688673828e+02
4.410116575095094049e+02 1.707929325303851726e+02
4.416662303646346572e+02 1.698444270590194378e+02
4.423281607816992391e+02 1.688987822520227269e+02
4.429978828046967010e+02 1.679561598139272007e+02
4.436757563863920950e+02 1.670166955058147380e+02
4.443621377366308707e+02 1.660805237260086074e+02
4.450570118417206800e+02 1.651476361429459132e+02
4.457595098942082359e+02 1.642176961541574940e+02
4.464686434971355879e+02 1.632903211768023368e+02
4.471834616236232023e+02 1.623651518775909608e+02
4.479032846913628987e+02 1.614419978007127838e+02
4.486275529485742481e+02 1.605207430421424704e+02
4.493557159150061580e+02 1.596012774066653606e+02
4.500875233419419601e+02 1.586836754463564318e+02
4.508230934589507797e+02 1.577682384561758795e+02
4.515625670762258892e+02 1.568552816260902887e+02
4.523062305798245575e+02 1.559452104070157930e+02
4.530548902668784876e+02 1.550387526087131391e+02
4.538094684537254579e+02 1.541367079759708929e+02
4.545708982552339421e+02 1.532398835081945947e+02
4.553402442438556932e+02 1.523491745200007017e+02
4.561186587041352709e+02 1.514655352523280953e+02
4.569072924031758589e+02 1.505899188943774618e+02
4.577069851257422783e+02 1.497230664885917690e+02
4.585180052663119454e+02 1.488653292848690057e+02
4.593405599001735595e+02 1.480170167022209853e+02
4.601747063114322600e+02 1.471782900824250078e+02
4.610196574017268176e+02 1.463484760464355929e+02
4.618743304674686669e+02 1.455266089923729282e+02
4.627376419129386704e+02 1.447117255879268214e+02
4.636084950238570173e+02 1.439029211050151389e+02
4.644857800595519848e+02 1.430993490080446975e+02
4.653683869278767133e+02 1.423001656165870941e+02
4.662553777428008743e+02 1.415048232415833525e+02
4.671462988473674045e+02 1.407136064967369293e+02
4.680407810718027122e+02 1.399269452140369765e+02
4.689384657691793450e+02 1.391452545490553803e+02
4.698390905678896843e+02 1.383688153803164198e+02
4.707424447276041519e+02 1.375978365752023080e+02
4.716483159425797567e+02 1.368325180310810936e+02
4.725563830701947268e+02 1.360726214783784656e+02
4.734661641784138055e+02 1.353172613245976947e+02
4.743771643885092999e+02 1.345654998550875803e+02
4.752889094636033178e+02 1.338164107340375040e+02
4.762010161770153900e+02 1.330691177951001407e+02
4.771131263767668997e+02 1.323227586943828555e+02
4.780248986456228408e+02 1.315765084280256758e+02
4.789362587720386841e+02 1.308301382258702859e+02
4.798473471946482505e+02 1.300838982808742230e+02
4.807583103447913118e+02 1.293380521406667754e+02
4.816692794192445604e+02 1.285928257022022763e+02
4.825803516244641855e+02 1.278483608588067426e+02
4.834916195677924975e+02 1.271047881375647961e+02
4.844031568612768979e+02 1.263621949017372970e+02
4.853149038155884796e+02 1.256203656081487310e+02
4.862267436595694790e+02 1.248789550041366283e+02
4.871385627922288677e+02 1.241376259478119266e+02
4.880503571720107630e+02 1.233963195947823124e+02
4.889622534649505496e+02 1.226553091176567278e+02
4.898743860002998645e+02 1.219148871545219066e+02
4.907869414390998486e+02 1.211754767960629522e+02
4.917002874105583601e+02 1.204379522501087934e+02
4.926148306344423418e+02 1.197032851693691811e+02
4.935309554162312793e+02 1.189723936272893638e+02
4.944487837841235773e+02 1.182455687479338167e+02
4.953682677390715980e+02 1.175226952210910980e+02
4.962893560713603733e+02 1.168036500681967311e+02
4.972119667429075776e+02 1.160882372028976874e+02
4.981359627140498674e+02 1.153761301056004243e+02
4.990612012564877205e+02 1.146669887664214116e+02
4.999875643003275059e+02 1.139605326965063341e+02
5.009150682526840228e+02 1.132568060107083454e+02
5.018437751375396374e+02 1.125559629349274360e+02
5.027737437655306962e+02 1.118581499031234472e+02
5.037049627282535766e+02 1.111633430861426888e+02
5.046373528306723415e+02 1.104713542896830489e+02
5.055708320789925665e+02 1.097819885329913348e+02
5.065052954335682216e+02 1.090949948350824315e+02
5.074405750500513363e+02 1.084099696027869015e+02
5.083764924849680824e+02 1.077264834876069557e+02
5.093129092728859746e+02 1.070442035848583515e+02
5.102500396518057642e+02 1.063636478585716247e+02
5.111882814962324346e+02 1.056857772810979554e+02
5.121280338839042088e+02 1.050115557231478078e+02
5.130696773847472514e+02 1.043419021929270514e+02
5.140135659998916253e+02 1.036776712965086062e+02
5.149600516758050617e+02 1.030197126595094801e+02
5.159094089819968758e+02 1.023686890794595712e+02
5.168615822327137721e+02 1.017244659464903123e+02
5.178164276484982338e+02 1.010866959468655608e+02
5.187738013766959284e+02 1.004550315895950945e+02
5.197335584583792070e+02 9.982912270464633764e+01
5.206955530708156630e+02 9.920861703012631949e+01
5.216596392122667112e+02 9.859316187177157076e+01
5.226256419339815693e+02 9.798233464363835310e+01
5.235933236261450929e+02 9.737556146655023781e+01
5.245624384908096545e+02 9.677224869133553398e+01
5.255327138985983311e+02 9.617173788013789704e+01
5.265036952650386866e+02 9.557293123607225027e+01
5.274748524369629195e+02 9.497454848981868736e+01
5.284456584575768829e+02 9.437531708537517261e+01
5.294156914214039489e+02 9.377421798221273264e+01
5.303846512555436448e+02 9.317052615270954163e+01
5.313522447265459050e+02 9.256353307458411450e+01
5.323182815909312922e+02 9.195277882790323076e+01
5.332829164857369051e+02 9.133863598260350614e+01
5.342463761557017961e+02 9.072165116580355004e+01
5.352089023356110147e+02 9.010240720146443039e+01
5.361709054431146342e+02 8.948189423632891248e+01
5.371329021328359659e+02 8.886135895024447962e+01
5.380954110329421383e+02 8.824205279261212809e+01
5.390589768849265511e+02 8.762529059903994266e+01
5.400241896744446422e+02 8.701249702859308854e+01
5.409916438952799354e+02 8.640510768314672418e+01
5.419619056323892892e+02 8.580448988913343555e+01
5.429353910641984839e+02 8.521165069993411123e+01
5.439124671036383916e+02 8.462747876828066751e+01
5.448934876243550889e+02 8.405283137452373410e+01
5.458785388675767081e+02 8.348792187655597274e+01
5.468674558997929580e+02 8.293235930692151214e+01
5.478600639507671985e+02 8.238572903267552761e+01
5.488561232292231580e+02 8.184746084662521071e+01
5.498552221872708969e+02 8.131657358373752231e+01
5.508569212446134316e+02 8.079201900652610391e+01
5.518607855544339600e+02 8.027276056197580090e+01
5.528664205530126310e+02 7.975786113483900408e+01
5.538734520362871763e+02 7.924643386714640769e+01
5.548815076288424279e+02 7.873759627264220740e+01
5.558902916468701960e+02 7.823064864911837901e+01
5.568996153936056999e+02 7.772514628348545784e+01
5.579092981141276368e+02 7.722066339096046761e+01
5.589191949884962014e+02 7.671685654126784470e+01
5.599293096752796828e+02 7.621372258188182514e+01
5.609396841761133601e+02 7.571134623354917892e+01
5.619503683395257667e+02 7.520982888846099002e+01
5.629615269489279399e+02 7.470951612839462541e+01
5.639734120147505791e+02 7.421093885684392433e+01
5.649862779869012002e+02 7.371463305715060699e+01
5.660004229211097027e+02 7.322121051112696932e+01
5.670162364670790112e+02 7.273144221517975438e+01
5.680341198304363388e+02 7.224611925297389803e+01
5.690544692378219906e+02 7.176600979916359790e+01
5.700776482806224976e+02 7.129173186906993465e+01
5.711040074065743966e+02 7.082384300225521656e+01
5.721338906018462467e+02 7.036288452674799032e+01
5.731674565344296752e+02 6.990893500111073422e+01
5.742046549408522651e+02 6.946155124824150562e+01
5.752454243849814475e+02 6.902026220391044831e+01
5.762896920322451706e+02 6.858461354905725216e+01
5.773373480820994246e+02 6.815420527042337540e+01
5.783882752535618010e+02 6.772864834408167667e+01
5.794423490687098592e+02 6.730757560047439370e+01
5.804993671285351411e+02 6.689085648680242002e+01
5.815590793616148630e+02 6.647850521328948048e+01
5.826212328016104038e+02 6.607053969644519498e+01
5.836854072193353886e+02 6.566710084505571388e+01
5.847509009223988414e+02 6.526853653437125047e+01
5.858169852112816898e+02 6.487521449861408485e+01
5.868828249145930158e+02 6.448752703309763490e+01
5.879470411917943693e+02 6.410599184755137969e+01
5.890080821232511425e+02 6.373116657785053008e+01
5.900643713152330747e+02 6.336360224614271175e+01
5.911138539330479489e+02 6.300371986528847401e+01
5.921540386180396354e+02 6.265182182918871234e+01
5.931824180451656048e+02 6.230820596316688409e+01
5.941964975688779305e+02 6.197307323174935334e+01
5.951938150138544188e+02 6.164637655392849069e+01
5.961719133289765296e+02 6.132802970404528509e+01
5.971313301985470616e+02 6.101701076285142022e+01
5.980971953524160654e+02 6.070461412084593888e+01
5.991067023605539816e+02 6.037836486798063618e+01
6.001983939223666766e+02 6.002536910958936289e+01
6.014650917933375922e+02 5.961588281597862959e+01
6.030732064310442411e+02 5.909731742668363097e+01
6.051943886848754346e+02 5.841545757863823951e+01
