2.255260100156437986e+01 2.266812550473322219e+01
2.396330894706749248e+01 2.330857656833082459e+01
2.512059680433791442e+01 2.383326985258355535e+01
2.610494104217993794e+01 2.427711161631486902e+01
2.699640200327289818e+01 2.467484104703797598e+01
2.785184732982434852e+01 2.505188564856410949e+01
2.869318100293536133e+01 2.541963529447323822e+01
2.953941162876839499e+01 2.578831738846994881e+01
3.040813269294575605e+01 2.616756571002774123e+01
3.130167117783173580e+01 2.656060994370317729e+01
3.221303936176921212e+01 2.696677237969615248e+01
3.313511664806642187e+01 2.738531955188076950e+01
3.406168404327287647e+01 2.781528472055945755e+01
3.498980656966232061e+01 2.825485146621698362e+01
3.591729674240258419e+01 2.870200996903830770e+01
3.684198850049425999e+01 2.915476069323149844e+01
3.776268620321712888e+01 2.961156993116448533e+01
3.867954073741742604e+01 3.007155034510477165e+01
3.959280217435259885e+01 3.053386220853818145e+01
4.050274678786479399e+01 3.099769310035178194e+01
4.140990434301330936e+01 3.146249475960892283e+01
4.231494675177975751e+01 3.192786705498664546e+01
4.321854751369593117e+01 3.239341142479872104e+01
4.412146648597347109e+01 3.285840335840460824e+01
4.502475011229046231e+01 3.332103665145545079e+01
4.592950420832938363e+01 3.377928100554642299e+01
4.683684162862078182e+01 3.423108291566611427e+01
4.774813902270376786e+01 3.467351916248129129e+01
4.866511013269818164e+01 3.510255515519300218e+01
4.958949067589860249e+01 3.551408385233571607e+01
5.052290603702850547e+01 3.590425322292855270e+01
5.146602129880277943e+01 3.627143077169007768e+01
5.241900709056187679e+01 3.661512682810332109e+01
5.338202974572590165e+01 3.693486167582535984e+01
5.435492371192852801e+01 3.723096237628890748e+01
5.533651905683973382e+01 3.750619752794376183e+01
5.632545658158171875e+01 3.776379581536147612e+01
5.732038507305591679e+01 3.800696723035986224e+01
5.832020464902413437e+01 3.823833346074228956e+01
5.932411132015304389e+01 3.845982358146185476e+01
6.033131806980004797e+01 3.867332693855765058e+01
6.134103205878011522e+01 3.888074814055623563e+01
6.235241472725483902e+01 3.908411164240813207e+01
6.336460592185809304e+01 3.928549850164696977e+01
6.437674549484867725e+01 3.948698978854313424e+01
6.538807004350485386e+01 3.969043290199179097e+01
6.639808344824126607e+01 3.989702966328160727e+01
6.740633535987478808e+01 4.010787134296788281e+01
6.841239457439627358e+01 4.032400293943760516e+01
6.941634225803011304e+01 4.054523109817174031e+01
7.041881547910526251e+01 4.077001889911730359e+01
7.142047917565116677e+01 4.099676206365446518e+01
7.242202362249201997e+01 4.122379503368815534e+01
7.342431901221952728e+01 4.144901710269647310e+01
7.442831339300181526e+01 4.167013926295694404e+01
7.543495476926128163e+01 4.188487261092389957e+01
7.644504866202137805e+01 4.209127220036824468e+01
7.745904079139532428e+01 4.228826165049590458e+01
7.847732095859336710e+01 4.247489956968320257e+01
7.950025477208124869e+01 4.265030297272760151e+01
8.052765140720086379e+01 4.281493222211290117e+01
8.155876360617043019e+01 4.297059102800927377e+01
8.259281991846364690e+01 4.311914150700800974e+01
8.362917046804814447e+01 4.326215226298781857e+01
8.466794762981496092e+01 4.339930334094340481e+01
8.570959355488818687e+01 4.352952690480083220e+01
8.675454911365162047e+01 4.365175821130658562e+01
8.780274189589758294e+01 4.376617190562518545e+01
8.885291334262450391e+01 4.387580675656341356e+01
8.990363785624980153e+01 4.398410487115262413e+01
9.095350605679172418e+01 4.409446927503260838e+01
9.200143204812833631e+01 4.420952345809434547e+01
9.304662808645589678e+01 4.433117241877060621e+01
9.408831756869962248e+01 4.446129430841560293e+01
9.512587021377298413e+01 4.460141430729731837e+01
9.615951020980973851e+01 4.475099636802855230e+01
9.718977102611417251e+01 4.490875836731091653e+01
9.821718558040909386e+01 4.507341949919347002e+01
9.924212153567083305e+01 4.524409536549664779e+01
1.002645966558198012e+02 4.542074089464429676e+01
1.012845841449991156e+02 4.560341790362095793e+01
1.023020415813781199e+02 4.579222478641078453e+01
1.033166541281713080e+02 4.598789760104112645e+01
1.043278755598581427e+02 4.619171403614348748e+01
1.053351522987794056e+02 4.640496899010358334e+01
1.063382750119969415e+02 4.662812051957324400e+01
1.073388611685328300e+02 4.685718581682245087e+01
1.083391318830684753e+02 4.708671464165431786e+01
1.093413040875376652e+02 4.731126710611150088e+01
1.103470424885161236e+02 4.752676804137117728e+01
1.113569392887852558e+02 4.773179276618595424e+01
1.123714634672861621e+02 4.792522112341283957e+01
1.133910871226212862e+02 4.810594360357671206e+01
1.144163302080609270e+02 4.827301402923003337e+01
1.154477501260012104e+02 4.842561403995845382e+01
1.164859052780941795e+02 4.856292868589236633e+01
1.175314548131290451e+02 4.868399784848347167e+01
1.185855441825947594e+02 4.878716068534781414e+01
1.196494653765570462e+02 4.887054520356996790e+01
1.207244990870861017e+02 4.893230273287323229e+01
1.218109003622176374e+02 4.897270017203753412e+01
1.229070952145749231e+02 4.899577712322804501e+01
1.240113205951804076e+02 4.900596316101669458e+01
1.251216862239338070e+02 4.900770827309037259e+01
1.262345745310133225e+02 4.900573957558379590e+01
1.273451231172929425e+02 4.900498390654789915e+01
1.284484421017240265e+02 4.901037251326637545e+01
1.295390655361123322e+02 4.902648678903961610e+01
1.306089965939368085e+02 4.905637108783052014e+01
1.316495436139697404e+02 4.910264778034584765e+01
1.326521782559046301e+02 4.916792156610424769e+01
1.336198203714557735e+02 4.925355942948009158e+01
1.345741530344836292e+02 4.935889977914207805e+01
1.355385985659186758e+02 4.948309298599416195e+01
1.365398158677954825e+02 4.962551888368951580e+01
1.376435478044222407e+02 4.978832822777243194e+01
1.389414630900206475e+02 4.997550982962621902e+01
1.405256956034217808e+02 5.019108547924554387e+01
