4.808209366992188905e+01 7.573181190505157190e+01
4.975545574133764859e+01 7.646575511090962607e+01
5.104744370594661973e+01 7.703107124681839935e+01
5.208582081524499330e+01 7.748483272556875079e+01
5.299479110608177024e+01 7.788247969099840873e+01
5.384556828870930900e+01 7.825515072789627880e+01
5.466870966936664900e+01 7.861533924435013887e+01
5.549368958520595640e+01 7.897504259814786565e+01
5.634075307592785009e+01 7.934214942977675378e+01
5.720969894092571906e+01 7.971544608112263575e+01
5.809758188585129801e+01 8.009249727287097187e+01
5.900154065477759957e+01 8.047081980992692252e+01
5.991932757059829129e+01 8.084758065592582454e+01
6.084896704967485448e+01 8.121979163628576259e+01
6.178850336613337646e+01 8.158446287348678538e+01
6.273668403939711169e+01 8.193856652427331255e+01
6.369315804435465367e+01 8.227902607898565179e+01
6.465763340124306069e+01 8.260276184039415170e+01
6.562988539846423919e+01 8.290701381906768574e+01
6.660995333654778960e+01 8.319027680540150982e+01
6.759794127762714311e+01 8.345135338456807972e+01
6.859390435359414084e+01 8.368921131650199641e+01
6.959718713226689601e+01 8.390521702600941012e+01
7.060659801765129373e+01 8.410254687643592320e+01
7.162093331902291027e+01 8.428441955133376950e+01
7.263919556328180249e+01 8.445364087963511679e+01
7.366083610948314231e+01 8.461211811320281129e+01
7.468536533800953237e+01 8.476164034121701718e+01
7.571230411268824412e+01 8.490396312539142798e+01
7.674124830602080749e+01 8.504060213960813996e+01
7.777182646665217192e+01 8.517296855504658026e+01
7.880367640802703022e+01 8.530244931375254680e+01
7.983676809375489825e+01 8.542956558727067318e+01
8.087149023197832776e+01 8.555374706292352016e+01
8.190825827117021163e+01 8.567435372751126010e+01
8.294734017720574570e+01 8.579105172414021752e+01
8.398843596381701104e+01 8.590468619691785079e+01
8.503110894803964470e+01 8.601638605601105780e+01
8.607493022081462186e+01 8.612723163772847101e+01
8.711958101319075354e+01 8.623761508757603167e+01
8.816482428842400054e+01 8.634741786195435509e+01
8.921042674197960309e+01 8.645650263492288445e+01
9.025647181115580509e+01 8.656355197710053062e+01
9.130372025888352994e+01 8.666472490766457781e+01
9.235302010950130125e+01 8.675585533089834200e+01
9.340507875422821371e+01 8.683296240348151684e+01
9.445961742791868687e+01 8.689336432054395232e+01
9.551593536256042682e+01 8.693493517075312127e+01
9.657332180874900018e+01 8.695557492228627439e+01
9.763077180040292546e+01 8.695401790133387010e+01
9.868691556193732595e+01 8.693003298364186548e+01
9.974036061210958337e+01 8.688345344258445380e+01
1.007899538573887241e+02 8.681459411275848481e+01
1.018354467572600299e+02 8.672558946124726731e+01
1.028768043856250216e+02 8.661900366983736888e+01
1.039140132985045426e+02 8.649739877790656806e+01
1.049473570529166153e+02 8.636330720496354729e+01
1.059773359514422850e+02 8.621923975451126410e+01
1.070044548891126226e+02 8.606770411187068248e+01
1.080291635018487568e+02 8.591077806929185101e+01
1.090517953207820767e+02 8.574963617167443886e+01
1.100726692238172575e+02 8.558533896786096307e+01
1.110921167189994350e+02 8.541893970304853667e+01
1.121105561207027108e+02 8.525144142484154486e+01
1.131284422312884175e+02 8.508382608089533505e+01
1.141462283325098070e+02 8.491707084509953063e+01
1.151643119248065972e+02 8.475199366420503111e+01
1.161830224821030981e+02 8.458921830403278364e+01
1.172026853506321942e+02 8.442935674881574926e+01
1.182235216947168936e+02 8.427278081461938086e+01
1.192453664075594162e+02 8.411897185555292822e+01
1.202679648797755760e+02 8.396720489746620331e+01
1.212910702308986970e+02 8.381677653305571596e+01
1.223145398759239555e+02 8.366727438209839818e+01
1.233383060800389615e+02 8.351849492708245748e+01
1.243623022913394038e+02 8.337023819426383398e+01
1.253863928722788046e+02 8.322214848401046083e+01
1.264102995561967191e+02 8.307354859652386381e+01
1.274337264442109046e+02 8.292372158722952236e+01
1.284564154644654081e+02 8.277204295464764527e+01
1.294783633826818061e+02 8.261851097885789841e+01
1.304996721775588640e+02 8.246338106333010387e+01
1.315204454400956138e+02 8.230691249941496324e+01
1.325408286678879222e+02 8.214946527995377323e+01
1.335610176238529050e+02 8.199152018528160113e+01
1.345812110416844689e+02 8.183356513449017200e+01
1.356016273952529332e+02 8.167613494553478404e+01
1.366225569753986520e+02 8.151993505968277987e+01
1.376443064001973369e+02 8.136570970857317775e+01
1.386671519964938852e+02 8.121412986948921287e+01
1.396909710492404884e+02 8.106490150257864968e+01
1.407153592183045703e+02 8.091704950407613239e+01
1.417399069425876803e+02 8.076958613844729484e+01
1.427643027956468984e+02 8.062176017778706694e+01
1.437884344351417099e+02 8.047330019318599170e+01
1.448122136237215614e+02 8.032399284952461471e+01
1.458355011474837397e+02 8.017350172336621483e+01
1.468578211402860347e+02 8.002067750857095518e+01
1.478785612233128859e+02 7.986404127460284030e+01
1.488971182571291934e+02 7.970213639913875170e+01
1.499131934400531918e+02 7.953424107608508109e+01
1.509268470113229910e+02 7.936050039506550036e+01
1.519381598758797907e+02 7.918110934255116717e+01
1.529472606945233792e+02 7.899637823598880004e+01
1.539544486141119535e+02 7.880702911871678396e+01
1.549600608101577279e+02 7.861387587373226893e+01
1.559644345233533897e+02 7.841773254652058256e+01
1.569679078328103969e+02 7.821941527265413185e+01
1.579708193995139993e+02 7.801974163825379094e+01
1.589735077636320568e+02 7.781952893877389954e+01
1.599762938092635238e+02 7.761955185617429720e+01
1.609794632222359212e+02 7.742050012024851924e+01
1.619832975147124046e+02 7.722305338751576187e+01
1.629880533247375070e+02 7.702783126291761562e+01
1.639938262484274674e+02 7.683506456086303160e+01
1.650006477470233790e+02 7.664482926010653330e+01
1.660085431134821761e+02 7.645718644768066952e+01
1.670173542167863161e+02 7.627175438090077364e+01
1.680267100869070305e+02 7.608763747237098585e+01
1.690362278293470695e+02 7.590391134615218505e+01
1.700455566255722886e+02 7.571972906267362191e+01
1.710544580242705877e+02 7.553451495433087359e+01
1.720627181659897360e+02 7.534775272209782315e+01
1.730701334687561257e+02 7.515895087879468406e+01
1.740766294589249981e+02 7.496792963003849763e+01
1.750822197730675782e+02 7.477472189676608139e+01
1.760869200541630164e+02 7.457936544378074473e+01
1.770907841128518214e+02 7.438199018052215195e+01
1.780939405345239663e+02 7.418290653815807900e+01
1.790965265867691301e+02 7.398244590848402424e+01
1.800986817022825903e+02 7.378094491036347335e+01
1.811005590567023091e+02 7.357877334131495672e+01
1.821023172006479172e+02 7.337631397531134780e+01
1.831041140945063717e+02 7.317394816138720159e+01
1.841060898878965872e+02 7.297201424984704943e+01
1.851083644026890340e+02 7.277080151577591494e+01
1.861110563534826099e+02 7.257059656108523882e+01
1.871142983428671016e+02 7.237171951635349387e+01
1.881182707164675776e+02 7.217460577435502955e+01
1.891231640713147897e+02 7.197971547701408213e+01
1.901291662127501354e+02 7.178750202652730650e+01
1.911364306897538370e+02 7.159833612300334948e+01
1.921450880630461597e+02 7.141253296803817818e+01
1.931552674789241166e+02 7.123040434850872771e+01
1.941669820430907407e+02 7.105198190448759021e+01
1.951800214422413262e+02 7.087675789479440880e+01
1.961941499635970558e+02 7.070416325848772487e+01
1.972091627022095679e+02 7.053370331131341686e+01
1.982250464870793678e+02 7.036534625575251312e+01
1.992418617876475082e+02 7.019923807804983085e+01
2.002596670055969810e+02 7.003551977243769500e+01
2.012784570527753374e+02 6.987417905504034366e+01
2.022981555678247503e+02 6.971503157314656107e+01
2.033186824007970301e+02 6.955788382757360466e+01
2.043399236927727713e+02 6.940246093856161735e+01
2.053616518637611819e+02 6.924821347966013718e+01
2.063836153770774331e+02 6.909453418789921386e+01
2.074055559745499409e+02 6.894079957317491392e+01
2.084271348184155386e+02 6.878619160869732241e+01
2.094479599003767589e+02 6.862976390242405955e+01
2.104676394671476203e+02 6.847057067796193053e+01
2.114859137260511375e+02 6.830798474012678412e+01
2.125027725872646727e+02 6.814198172997366498e+01
2.135182337521807199e+02 6.797260438251025505e+01
2.145323451705193634e+02 6.779996845863266230e+01
2.155453393798927664e+02 6.762463535361831646e+01
2.165575185354736050e+02 6.744733453432422721e+01
2.175691876784082694e+02 6.726880243496925971e+01
2.185807282059273575e+02 6.708995982980803774e+01
2.195926058263471532e+02 6.691193103821908039e+01
2.206052905853255766e+02 6.673585085085784385e+01
2.216191744013353286e+02 6.656266544273623254e+01
2.226343905277814201e+02 6.639269651637269476e+01
2.236510187584325422e+02 6.622613671135198388e+01
2.246691075437110214e+02 6.606310299770019867e+01
2.256883381637919115e+02 6.590282591773532772e+01
2.267081536766121701e+02 6.574396089421081513e+01
2.277279948537464804e+02 6.558515783011112887e+01
2.287474838662539014e+02 6.542550456557854943e+01
2.297665802518465057e+02 6.526490341602249146e+01
2.307852803029961706e+02 6.510334543070399604e+01
2.318035794955608537e+02 6.494081968738180421e+01
2.328214684187881289e+02 6.477730346635536307e+01
2.338389358522538259e+02 6.461276967893968504e+01
2.348559707788541289e+02 6.444719172731544177e+01
2.358725677124867275e+02 6.428055636686379160e+01
2.368887271741750737e+02 6.411286485564832560e+01
2.379044499870065010e+02 6.394411918098944625e+01
2.389197383284541729e+02 6.377432459991592850e+01
2.399345987768193709e+02 6.360349699377503185e+01
2.409490388027088841e+02 6.343165439808519324e+01
2.419630558932682902e+02 6.325879074616685926e+01
2.429765332371933653e+02 6.308462403058157975e+01
2.439892811091167744e+02 6.290869621383930621e+01
2.450011099220741073e+02 6.273054959258553254e+01
2.460119593376655871e+02 6.255003849703288665e+01
2.470220052807783873e+02 6.236758764729852800e+01
2.480314488693878729e+02 6.218368258498135503e+01
2.490404926365849860e+02 6.199881226808705037e+01
2.500493474196393322e+02 6.181348570277415178e+01
2.510582270753787668e+02 6.162821918509347086e+01
2.520673390707807471e+02 6.144351358463654833e+01
2.530767247294832600e+02 6.125946866561346837e+01
2.540862478865821288e+02 6.107575569711733010e+01
2.550957637242987630e+02 6.089202505836135515e+01
2.561051655518597272e+02 6.070801917518203084e+01
2.571144682686609713e+02 6.052377401770245058e+01
2.581237109596462460e+02 6.033938394505347702e+01
2.591329408559751641e+02 6.015496298308424628e+01
2.601422963530887387e+02 5.997084524783727488e+01
2.611519730257036827e+02 5.978750289843011956e+01
2.621621665820216549e+02 5.960540841624533925e+01
2.631730032892319286e+02 5.942486663734286623e+01
2.641844846451291460e+02 5.924588117801877019e+01
2.651965991274889802e+02 5.906842422148483251e+01
2.662093124133464244e+02 5.889241290503725423e+01
2.672224589626635520e+02 5.871744757960436800e+01
2.682358263896433073e+02 5.854301550032987933e+01
2.692492016691067533e+02 5.836860237875803392e+01
2.702623571377817484e+02 5.819365858709407036e+01
2.712750497509098864e+02 5.801759736350157226e+01
2.722870357721203618e+02 5.783983027645142272e+01
2.732981585488880114e+02 5.765997913332189029e+01
2.743085340093763875e+02 5.747832380919437156e+01
2.753183312701860359e+02 5.729527258733943995e+01
2.763277304714746947e+02 5.711126036426183816e+01
2.773370323598514915e+02 5.692701320634674289e+01
2.783466120546710840e+02 5.674343673176170455e+01
2.793568450382961146e+02 5.656143743505592880e+01
2.803680426233441381e+02 5.638176689143949716e+01
2.813804027883487606e+02 5.620490306367055666e+01
2.823941119393931558e+02 5.603129597616339908e+01
2.834093380027525768e+02 5.586135103907587762e+01
2.844261446015935348e+02 5.569522185228830580e+01
2.854445588005265790e+02 5.553297375541443870e+01
2.864645999792319913e+02 5.537465353501419685e+01
2.874861007568010223e+02 5.521985709794351749e+01
2.885087007213798529e+02 5.506771433338266775e+01
2.895320305867678599e+02 5.491733370595531483e+01
2.905557688210939205e+02 5.476793896927537020e+01
2.915797406095684892e+02 5.461910808283596452e+01
2.926037992209963932e+02 5.447048680583061753e+01
2.936277948475021731e+02 5.432171346972916126e+01
2.946515447672960022e+02 5.417234694520736582e+01
2.956748463042168282e+02 5.402189792908317401e+01
2.966974982737557411e+02 5.386988071934229794e+01
2.977194468875299549e+02 5.371616545943078336e+01
2.987408942574382422e+02 5.356124009026368782e+01
2.997620680599185334e+02 5.340565427096603202e+01
3.007832288176231259e+02 5.325003695851255969e+01
3.018048188826276146e+02 5.309545608533544936e+01
3.028273431742074422e+02 5.294313063458746171e+01
3.038513079974820812e+02 5.279428293513975490e+01
3.048772511353993195e+02 5.265021130993723375e+01
3.059057423727767855e+02 5.251229134114645802e+01
3.069373527484092961e+02 5.238190163829576562e+01
3.079723792262786901e+02 5.225975913572837328e+01
3.090102922247083370e+02 5.214458530988230933e+01
3.100504069687976312e+02 5.203472696757809501e+01
3.110920359078207866e+02 5.192852421404885632e+01
3.121344624505543379e+02 5.182424704297314833e+01
3.131769526971212940e+02 5.172012366029377972e+01
3.142187776503366763e+02 5.161439410808830530e+01
3.152596137384085750e+02 5.150627721202883436e+01
3.162998293256032412e+02 5.139666227939497389e+01
3.173398603961417166e+02 5.128660186649668162e+01
3.183800337345869593e+02 5.117688489878760549e+01
3.194200832020915186e+02 5.106686886036759887e+01
3.204595423735318036e+02 5.095542770229680940e+01
3.214979570588060938e+02 5.084146491379409838e+01
3.225351580662188553e+02 5.072457203571989481e+01
3.235712612024797750e+02 5.060502866057625226e+01
3.246063946769168069e+02 5.048314432363751791e+01
3.256407012929625466e+02 5.035926379794767627e+01
3.266743670581412857e+02 5.023383617372554255e+01
3.277075859369442696e+02 5.010732975345176499e+01
3.287405321681857231e+02 4.998016521867845086e+01
3.297731781433475362e+02 4.985227595933271516e+01
3.308053779857091286e+02 4.972330984705394030e+01
3.318369864419240685e+02 4.959291625845546037e+01
3.328680174183476765e+02 4.946112881076723511e+01
3.338987518598313500e+02 4.932862580096606564e+01
3.349294962360040131e+02 4.919614714750766638e+01
3.359604735774308892e+02 4.906423131439429142e+01
3.369914625254596103e+02 4.893234383667147824e+01
3.380220943661274760e+02 4.879959447617385848e+01
3.390520189144754681e+02 4.866513772181291131e+01
3.400813018999670021e+02 4.852913203748185822e+01
3.411104181557374773e+02 4.839272342159909357e+01
3.421398596918603516e+02 4.825709933584913358e+01
3.431700249387054669e+02 4.812322123144309671e+01
3.442010403703559973e+02 4.799139374014353621e+01
3.452329833338918093e+02 4.786180284386820460e+01
3.462659832769708714e+02 4.773476029560920608e+01
3.473006911725089481e+02 4.761183681311757709e+01
3.483380583870054465e+02 4.749532826585960521e+01
3.493790378426391499e+02 4.738753428322356598e+01
3.504244358272880504e+02 4.729040084004445532e+01
3.514748167615903185e+02 4.720529057253943250e+01
3.525307224572609357e+02 4.713351158842380784e+01
3.535925430716847018e+02 4.707600632490078851e+01
3.546598764747478185e+02 4.703180684723312055e+01
3.557320626579912641e+02 4.699932342170988164e+01
3.568084403692760134e+02 4.697696346577711068e+01
3.578883244055163004e+02 4.696307989789205095e+01
3.589710063906945834e+02 4.695597290785115518e+01
3.600557770845622372e+02 4.695394073230990273e+01
3.611420058334522878e+02 4.695547286839654078e+01
3.622292861945413165e+02 4.695960448746676263e+01
3.633172514493583094e+02 4.696546744021028275e+01
3.644055519401601941e+02 4.697223442959676731e+01
3.654940050923992203e+02 4.697947824288639396e+01
3.665825229340130704e+02 4.698699819501922548e+01
3.676710190281906989e+02 4.699459707093350858e+01
3.687594380641442626e+02 4.700213816817642964e+01
3.698477752065555251e+02 4.700958291447753368e+01
3.709360302336177710e+02 4.701690170676853597e+01
3.720241886764756600e+02 4.702401779597914810e+01
3.731121630528422202e+02 4.703061281868846777e+01
3.741998425541622737e+02 4.703629122072942437e+01
3.752871103786112599e+02 4.704063971547759593e+01
3.763737236494406488e+02 4.704287207064884768e+01
3.774593195082298394e+02 4.704184713290903375e+01
3.785435302697709403e+02 4.703640949223536438e+01
3.796259372686316169e+02 4.702527027664270776e+01
3.807059790414822942e+02 4.700676678120042595e+01
3.817830693119278749e+02 4.697917134244791981e+01
3.828566406101778057e+02 4.694082571956147376e+01
3.839263056880536737e+02 4.689073694115541713e+01
3.849917776005904670e+02 4.682828229478104021e+01
3.860527782095255134e+02 4.675286870776438519e+01
3.871095301526697199e+02 4.666556567909442776e+01
3.881630544845805844e+02 4.657009344354624147e+01
3.892144436043724909e+02 4.647040909912497852e+01
3.902647593712520120e+02 4.637068190378008126e+01
3.913149101084129597e+02 4.627614772614785466e+01
3.923657559947922664e+02 4.619237689176389239e+01
3.934181047052670692e+02 4.612486626234770881e+01
3.944716889627633236e+02 4.607760572555023515e+01
3.955252352500065740e+02 4.605317452188905492e+01
3.965774312836213653e+02 4.605409684500546064e+01
3.976269366374725678e+02 4.608236625400507336e+01
3.986723334891738659e+02 4.613851699394412975e+01
3.997121908272393966e+02 4.622283462809602383e+01
4.007452050427552876e+02 4.633535046517325640e+01
4.017712673207953458e+02 4.647371138933090151e+01
4.027909224621920430e+02 4.663425987787152849e+01
4.038047266130848243e+02 4.681332154213055219e+01
4.048135257562749416e+02 4.700700087524132442e+01
4.058186202160109133e+02 4.721105575040570557e+01
4.068213500012461168e+02 4.742121376511622088e+01
4.078229639309427625e+02 4.763353561610373532e+01
4.088242610772817898e+02 4.784572483731773218e+01
4.098259020997287507e+02 4.805599055734099068e+01
4.108285307570438363e+02 4.826259106651975372e+01
4.118324550490737579e+02 4.846476076438639780e+01
4.128376738289899208e+02 4.866263279328870794e+01
4.138441742210910661e+02 4.885637430486210064e+01
4.148518201645307499e+02 4.904645607344079394e+01
4.158601429647070518e+02 4.923416873811388683e+01
4.168686183397771856e+02 4.942093994757362196e+01
4.178767417580938854e+02 4.960814530339015249e+01
4.188841899722051494e+02 4.979668267408008830e+01
4.198907372097933717e+02 4.998719305473017016e+01
4.208961592028287555e+02 5.018031320199403922e+01
4.219002651829738397e+02 5.037657538536692670e+01
4.229029160147298398e+02 5.057635082902728385e+01
4.239039769702154103e+02 5.077999700958240936e+01
4.249033115243715315e+02 5.098787132725432514e+01
4.259007744564763129e+02 5.120033081267401798e+01
4.268962179193700308e+02 5.141773238484127972e+01
4.278895035194163938e+02 5.164040990238940765e+01
4.288806759392924732e+02 5.186825066505341653e+01
4.298699456641938923e+02 5.210073754783128663e+01
4.308575291927244280e+02 5.233733875924200873e+01
4.318436564693104174e+02 5.257749047091121497e+01
4.328285930893847535e+02 5.282054391005497962e+01
4.338126104904935119e+02 5.306583638409037462e+01
4.347959757808183667e+02 5.331271591590721926e+01
4.357789171693929688e+02 5.356062680645031548e+01
4.367616423081961443e+02 5.380906423678290906e+01
4.377443584196445840e+02 5.405752445428437625e+01
4.387272589795834392e+02 5.430553790641951650e+01
4.397105166310201412e+02 5.455268687065491662e+01
4.406943022792061697e+02 5.479855794781845191e+01
4.416787828451402333e+02 5.504274751414151012e+01
4.426641063367997049e+02 5.528489834914365986e+01
4.436504151560014861e+02 5.552466698711363335e+01
4.446378470675257972e+02 5.576172116163535009e+01
4.456264524962727478e+02 5.599593954748618785e+01
4.466162040651904590e+02 5.622738872486517181e+01
4.476070714547337843e+02 5.645614238030253773e+01
4.485989170782528390e+02 5.668253312179128756e+01
4.495913240630750920e+02 5.690756769824708527e+01
4.505838306608213770e+02 5.713236117961707095e+01
4.515759914695932480e+02 5.735798915839221479e+01
4.525675048745032996e+02 5.758517997522460519e+01
4.535581439415524869e+02 5.781448161319460155e+01
4.545476846904772401e+02 5.804643492315891251e+01
4.555360284518687877e+02 5.828127818826980899e+01
4.565232632905011769e+02 5.851879881507690584e+01
4.575094924888717287e+02 5.875874746637160229e+01
4.584948299632854969e+02 5.900084912784164715e+01
4.594794391540100946e+02 5.924470920129586204e+01
4.604634979073584873e+02 5.948989830273970369e+01
4.614471840853306048e+02 5.973598701036422653e+01
4.624306758079309816e+02 5.998254528053075774e+01
4.634141514212223569e+02 6.022914252476588359e+01
4.643977892771574147e+02 6.047534814041435425e+01
4.653817669674704121e+02 6.072073336295721191e+01
4.663662601401425718e+02 6.096487412768708936e+01
4.673514441369305246e+02 6.120734711031948194e+01
4.683374886405270558e+02 6.144774264935685437e+01
4.693245145953961242e+02 6.168576875296118089e+01
4.703126180682952509e+02 6.192119349202515366e+01
4.713018924149267832e+02 6.215379148255608044e+01
4.722923008631763651e+02 6.238365149826157108e+01
4.732836159640046958e+02 6.261132264966204275e+01
4.742755950898164770e+02 6.283739069171201663e+01
4.752679689780019885e+02 6.306250568223133257e+01
4.762603466629732907e+02 6.328761149716929424e+01
4.772523024382263657e+02 6.351373588479437160e+01
4.782434232624735273e+02 6.374187601682364601e+01
4.792335221558990952e+02 6.397248330401266969e+01
4.802226069577379803e+02 6.420553882207813956e+01
4.812106919820313919e+02 6.444100801516128740e+01
4.821978298941943422e+02 6.467876373875272122e+01
4.831841696594974565e+02 6.491844635931531116e+01
4.841698751174366748e+02 6.515966033365934607e+01
4.851551067882404595e+02 6.540201813197320746e+01
4.861399971993556051e+02 6.564519980463832383e+01
4.871246648365581677e+02 6.588891930144464482e+01
4.881092270377350815e+02 6.613289334343068049e+01
4.890937493656492165e+02 6.637696364773832158e+01
4.900782227805768230e+02 6.662115203769991467e+01
4.910626324430260752e+02 6.686549433851433832e+01
4.920469365702220443e+02 6.711009142224121149e+01
4.930309725900991680e+02 6.735533577217987045e+01
4.940145440955886897e+02 6.760170155657925761e+01
4.949974497268964342e+02 6.784967490065304219e+01
4.959794020958237297e+02 6.809994962102089744e+01
4.969600408929818514e+02 6.835339558202399246e+01
4.979390035482686017e+02 6.861088810586340969e+01
4.989159437650342284e+02 6.887326322768643649e+01
4.998905553783927189e+02 6.914126009731639044e+01
5.008625383002891454e+02 6.941560319400782930e+01
5.018316302654986316e+02 6.969692568478561157e+01
5.027978813890969150e+02 6.998510658522086203e+01
5.037614957679838312e+02 7.027965316652107219e+01
5.047226799645359847e+02 7.058006674770513200e+01
5.056817064915622382e+02 7.088568942912816340e+01
5.066389413087499634e+02 7.119563771008816389e+01
5.075947574693302613e+02 7.150901096452903971e+01
5.085495102419937439e+02 7.182495150102920434e+01
5.095034766683625094e+02 7.214279048043154319e+01
5.104569122879516385e+02 7.246191097299544026e+01
5.114100680094546760e+02 7.278170722816750526e+01
5.123631163838811062e+02 7.310176265733696255e+01
5.133161646348178238e+02 7.342181837770363018e+01
5.142693178968560233e+02 7.374162054946087608e+01
5.152226521099678394e+02 7.406098580594186842e+01
5.161761725014994227e+02 7.437990147429340482e+01
5.171298738025094508e+02 7.469838021873923140e+01
5.180837442272172666e+02 7.501645043431274473e+01
5.190377192743575279e+02 7.533426776441591244e+01
5.199917089087259683e+02 7.565204948808023744e+01
5.209456222645499111e+02 7.597001488974737526e+01
5.218993381357440740e+02 7.628845651547229068e+01
5.228526930403540973e+02 7.660776899326265266e+01
5.238055203635316275e+02 7.692835451600919328e+01
5.247576503066162559e+02 7.725062299444340397e+01
5.257088993304014366e+02 7.757501764759672369e+01
5.266590801896913945e+02 7.790199067814472755e+01
5.276080117375656755e+02 7.823197958135753538e+01
5.285556133689810849e+02 7.856517937240438698e+01
5.295018869226000788e+02 7.890158623430008333e+01
5.304468370716158461e+02 7.924118951355001172e+01
5.313905843109450871e+02 7.958369911544983211e+01
5.323335246798524167e+02 7.992816014387844348e+01
5.332760943087323540e+02 8.027352097549021437e+01
5.342187024308327636e+02 8.061879494274184310e+01
5.351615451599549260e+02 8.096351005515751353e+01
5.361047171774703202e+02 8.130743927853490050e+01
5.370483097495442735e+02 8.165036381005477040e+01
5.379922912414516531e+02 8.199236093499357025e+01
5.389364616104658126e+02 8.233391366070262052e+01
5.398806086328891070e+02 8.267553434046202199e+01
5.408245697982378033e+02 8.301761444959021219e+01
5.417683931072816677e+02 8.336003360410954599e+01
5.427121822720710043e+02 8.370253595774958910e+01
5.436560423011675311e+02 8.404486219490519261e+01
5.446000990268373698e+02 8.438669727640355234e+01
5.455444950755399987e+02 8.472768122234876387e+01
5.464893729294536797e+02 8.506745426391196929e+01
5.474347105692236255e+02 8.540605060611463273e+01
5.483801015604881286e+02 8.574442511080428631e+01
5.493250846484897920e+02 8.608366393223400337e+01
5.502691907468672525e+02 8.642487238728236321e+01
5.512118899801070029e+02 8.676930453369394058e+01
5.521526240455021934e+02 8.711828398579346810e+01
5.530908383831443871e+02 8.747312579668030708e+01
5.540261434834822012e+02 8.783476639731257762e+01
5.549583722543563908e+02 8.820363199770891072e+01
5.558873733022630859e+02 8.858011279549189965e+01
5.568130389065877353e+02 8.896451519038998867e+01
5.577354428003416160e+02 8.935679741575388846e+01
5.586547058353858120e+02 8.975682729506007718e+01
5.595709746269332072e+02 9.016441772931493404e+01
5.604847992297936798e+02 9.057852156424196721e+01
5.613970497089924265e+02 9.099740944560375056e+01
5.623086043133420162e+02 9.141933492388940863e+01
5.632201930422178293e+02 9.184295256078274861e+01
5.641322055857474425e+02 9.226783744636895790e+01
5.650449840713841922e+02 9.269369332663478644e+01
5.659587385453199886e+02 9.312051961598470484e+01
5.668726746317967127e+02 9.355056416170188527e+01
5.677855364696060860e+02 9.398710786202649103e+01
5.686960692187636823e+02 9.443341513210751259e+01
5.696031584385123097e+02 9.489185859219682584e+01
5.705058757555710827e+02 9.536362898976720714e+01
5.714033056094749554e+02 9.584983568720184621e+01
5.722946025625408311e+02 9.635095713671580597e+01
5.731792070450051142e+02 9.686489977368015047e+01
5.740566323239484063e+02 9.738891470427967079e+01
5.749263515522534362e+02 9.792021521195385958e+01
5.757872254520085562e+02 9.845543713612484282e+01
5.766376369745269130e+02 9.899076583939698537e+01
5.774759549886914556e+02 9.952237625125850684e+01
5.783002318364972325e+02 1.000467781730344115e+02
5.791078060824407885e+02 1.005612365519493636e+02
5.798959185289503466e+02 1.010631197632915246e+02
5.806643532720637495e+02 1.015515132743857123e+02
5.814318444864915136e+02 1.020382966039678792e+02
5.822256802869441117e+02 1.025411244208416122e+02
5.830741724418360263e+02 1.030783012714030349e+02
5.840440947312445132e+02 1.036924839903284408e+02
5.852523511572628649e+02 1.044580694478590317e+02
5.868192128312651903e+02 1.054515864052196292e+02
