4.471656383144868840e+01 5.128335589524780858e+01
4.663292416036977528e+01 5.153655159127742991e+01
4.810271398253426867e+01 5.171849531151085699e+01
4.927619229045569682e+01 5.185368305198358030e+01
5.029890438722370760e+01 5.196583323330192172e+01
5.125205756911848454e+01 5.206805100719694224e+01
5.217031931839911607e+01 5.216576426612308381e+01
5.308722901802228478e+01 5.226421395356513955e+01
5.402494141548046258e+01 5.236665641301137697e+01
5.498332926976166846e+01 5.247246373232796657e+01
5.595968120677089530e+01 5.258055752641477909e+01
5.695130031362241141e+01 5.268990666198860140e+01
5.795557523030350211e+01 5.279975954868871213e+01
5.896992594315764791e+01 5.290946701997375357e+01
5.999179563432709017e+01 5.301838723576424428e+01
6.101917421527460306e+01 5.312604774820804465e+01
6.205060639850317017e+01 5.323214800252767276e+01
6.308466208094279182e+01 5.333639477210394375e+01
6.412026808281616752e+01 5.343820337874878135e+01
6.515735761050999031e+01 5.353616736314511826e+01
6.619603997103777715e+01 5.362873646812067818e+01
6.723637928478083836e+01 5.371455480732305432e+01
6.827803512574107003e+01 5.379400665532028825e+01
6.932045390035710852e+01 5.386839322941418118e+01
7.036307704264959284e+01 5.393903478545549035e+01
7.140519833992520660e+01 5.400777328039363567e+01
7.244590130824596486e+01 5.407719365242259357e+01
7.348425338575263766e+01 5.414993765013853277e+01
7.451945819770472212e+01 5.422831253344151037e+01
7.555128279452422646e+01 5.431324173570216374e+01
7.657963991107043000e+01 5.440529087526505236e+01
7.760445380972602436e+01 5.450499194235669620e+01
7.862581306729373409e+01 5.461239758748595108e+01
7.964392869836905220e+01 5.472720328437236503e+01
8.065901322700864284e+01 5.484909910267796818e+01
8.167108151876041688e+01 5.497821191291070164e+01
8.267974941738260952e+01 5.511555037435763893e+01
8.368458473551007160e+01 5.526222928914495469e+01
8.468521447262796187e+01 5.541921310331812833e+01
8.568162816790487568e+01 5.558654528054929500e+01
8.667395256936939063e+01 5.576392072420824775e+01
8.766231765069437643e+01 5.595102612367892903e+01
8.864692735738974250e+01 5.614735976247794724e+01
8.962806293194115881e+01 5.635222304914491787e+01
9.060600929467041453e+01 5.656490803103992704e+01
9.158110131172429647e+01 5.678458648436908618e+01
9.255381936101863971e+01 5.701007978831610501e+01
9.352467017487251155e+01 5.724014585981338143e+01
9.449415693371092573e+01 5.747355170975090033e+01
9.546274978855785776e+01 5.770914891459462837e+01
9.643090094373968668e+01 5.794583499995772513e+01
9.739906091295677015e+01 5.818251164938512687e+01
9.836760162555549414e+01 5.841827287924509449e+01
9.933677970847176653e+01 5.865249490505925678e+01
1.003068425931412548e+02 5.888457644805738056e+01
1.012779808552212870e+02 5.911405406640326987e+01
1.022501417819326264e+02 5.934105412871047491e+01
1.032232075992186537e+02 5.956586073333017595e+01
1.041970455940274434e+02 5.978879408964634479e+01
1.051713005236324818e+02 6.001071231304264586e+01
1.061454463472758505e+02 6.023288637748526497e+01
1.071189529879510474e+02 6.045659701446857781e+01
1.080913421775224492e+02 6.068299987556673614e+01
1.090622435405701651e+02 6.091299013162656451e+01
1.100313001769631143e+02 6.114743042068728585e+01
1.109981683201914109e+02 6.138715163172059874e+01
1.119625875135352544e+02 6.163278326155400322e+01
1.129243298635477686e+02 6.188487608892756242e+01
1.138831720696190217e+02 6.214396979782114272e+01
1.148390098446849663e+02 6.241031657864568416e+01
1.157918669659179614e+02 6.268385926505717265e+01
1.167417735829609740e+02 6.296452529716298585e+01
1.176888223581374291e+02 6.325209115149925765e+01
1.186332941632095839e+02 6.354587879251327820e+01
1.195755051471694799e+02 6.384512499271101404e+01
1.205157694560695631e+02 6.414907135559369067e+01
1.214543818822941148e+02 6.445700616479142298e+01
1.223916263758681566e+02 6.476824385518995086e+01
1.233277860291687773e+02 6.508210093192737133e+01
1.242631024842913945e+02 6.539799396866919778e+01
1.251977547202551051e+02 6.571549081915806312e+01
1.261319165067776709e+02 6.603417191333845437e+01
1.270657560144722140e+02 6.635363120157731487e+01
1.279994166326036549e+02 6.667352247493253969e+01
1.289330348967150144e+02 6.699351607446774892e+01
1.298667503379666073e+02 6.731327510984931450e+01
1.308007491600655214e+02 6.763235002356975656e+01
1.317352544633409934e+02 6.795020218995431094e+01
1.326704906398223329e+02 6.826628986513065911e+01
1.336067332751817389e+02 6.857994771619549113e+01
1.345443679502008081e+02 6.889024486577184803e+01
1.354837944952445810e+02 6.919621603587968650e+01
1.364254226211126308e+02 6.949687209549054501e+01
1.373697269553360911e+02 6.979106719355291943e+01
1.383172083268838719e+02 7.007759222429125145e+01
1.392683636927805253e+02 7.035524742964013001e+01
1.402235800408003854e+02 7.062309854096172046e+01
1.411831225032373140e+02 7.088050547496266063e+01
1.421472498535163709e+02 7.112684350002656686e+01
1.431161592540375409e+02 7.136163662650542960e+01
1.440898561465738510e+02 7.158487171865547793e+01
1.450683087880827884e+02 7.179662541269533449e+01
1.460514715969151496e+02 7.199700775413953124e+01
1.470391599882682954e+02 7.218646437123648241e+01
1.480311090969059933e+02 7.236563470602088444e+01
1.490270506084355873e+02 7.253516652751781635e+01
1.500265655994121516e+02 7.269607120684243284e+01
1.510290005314862753e+02 7.284992652508593380e+01
1.520336815469098326e+02 7.299835931866299177e+01
1.530399527389316177e+02 7.314295308650754635e+01
1.540472403822108163e+02 7.328509292434979727e+01
1.550549942554401071e+02 7.342610718424120364e+01
1.560626960407610966e+02 7.356724719648349264e+01
1.570703475819512676e+02 7.370850850993224412e+01
1.580783742403569363e+02 7.384886421144540236e+01
1.590872139561091103e+02 7.398725702000464821e+01
1.600973587321640252e+02 7.412249913539287149e+01
1.611094204356825514e+02 7.425311337961971958e+01
1.621240270355469022e+02 7.437758370170354283e+01
1.631417688236526828e+02 7.449448501089970875e+01
1.641629796312786880e+02 7.460301136678877754e+01
1.651878864194355003e+02 7.470261483644722489e+01
1.662166964443029826e+02 7.479279505862446342e+01
1.672490452804206598e+02 7.487443183377045841e+01
1.682839161531476861e+02 7.494997987272216733e+01
1.693202567203987030e+02 7.502197975373145766e+01
1.703570327292233628e+02 7.509292838414320670e+01
1.713932681135359530e+02 7.516518219619526064e+01
1.724279984838832434e+02 7.524106943232324340e+01
1.734603248225542984e+02 7.532276051361424152e+01
1.744900310028090189e+02 7.541077721649598686e+01
1.755173074453675781e+02 7.550465982499405015e+01
1.765423481519750339e+02 7.560393997777117647e+01
1.775652270027839279e+02 7.570843931240911218e+01
1.785858250424986124e+02 7.581844501202861863e+01
1.796040059258637314e+02 7.593428624278963923e+01
1.806196022218628059e+02 7.605636721862391880e+01
1.816322992849271145e+02 7.618544756133215401e+01
1.826417389337720749e+02 7.632239199737865931e+01
1.836475907239778849e+02 7.646799829050878827e+01
1.846499980389660891e+02 7.662192028279933709e+01
1.856495015838279983e+02 7.678285259690605358e+01
1.866466545247241982e+02 7.694945977180060481e+01
1.876420500303861445e+02 7.712030977165193235e+01
1.886363728025370392e+02 7.729374958031790754e+01
1.896303202894753781e+02 7.746809540868395061e+01
1.906245595721647419e+02 7.764173678084273433e+01
1.916195435326789323e+02 7.781358034258173006e+01
1.926156329120758812e+02 7.798275518770455506e+01
1.936131864648843077e+02 7.814839520592319388e+01
1.946125118840597565e+02 7.830975756058421666e+01
1.956138568579420962e+02 7.846624427909931399e+01
1.966174656201091864e+02 7.861726572941950053e+01
1.976234659550178492e+02 7.876251341249323445e+01
1.986315983932792335e+02 7.890261374259063132e+01
1.996415230679510842e+02 7.903838723081074136e+01
2.006529156106370522e+02 7.917061697149067356e+01
2.016656201079680386e+02 7.929967937296436276e+01
2.026795840110688118e+02 7.942570129985286087e+01
2.036947570201256212e+02 7.954880418706302692e+01
2.047111428680302936e+02 7.966897902274951093e+01
2.057288346855743839e+02 7.978600096901415384e+01
2.067479339938237217e+02 7.989962493200434324e+01
2.077684976210227035e+02 8.000971371595727533e+01
2.087903634362586445e+02 8.011665873964510354e+01
2.098133023607991845e+02 8.022101304828636614e+01
2.108371076063486385e+02 8.032327587322126305e+01
2.118619717864479526e+02 8.042298220439238321e+01
2.128884324229213973e+02 8.051883434942951112e+01
2.139170375445057175e+02 8.060950925002887857e+01
2.149481044441537847e+02 8.069424089313235982e+01
2.159814054474745149e+02 8.077357893273021716e+01
2.170166342287292309e+02 8.084826290388983239e+01
2.180534120782873799e+02 8.091920709190672767e+01
2.190908310766050135e+02 8.098860340822209025e+01
2.201277483430276618e+02 8.105921101075323065e+01
2.211630282714154703e+02 8.113377149519502041e+01
2.221958130900239041e+02 8.121435570597405729e+01
2.232255812725131250e+02 8.130222271966039216e+01
2.242518314630418956e+02 8.139858291695381354e+01
2.252742324901171287e+02 8.150423581706424159e+01
2.262930383523816147e+02 8.161856821307938503e+01
2.273086287233973621e+02 8.174066349189664038e+01
2.283213625238809072e+02 8.186965514221684259e+01
2.293313638648419897e+02 8.200524353353816309e+01
2.303386083710630601e+02 8.214748751283406136e+01
2.313430702074782346e+02 8.229644945146321788e+01
2.323447931470638821e+02 8.245202367207724592e+01
2.333439396710399478e+02 8.261381791022638765e+01
2.343406838499680305e+02 8.278141192231126411e+01
2.353351674187701121e+02 8.295446352989914374e+01
2.363273682115390670e+02 8.313302624630242121e+01
2.373172122564236304e+02 8.331727865549035528e+01
2.383046342723742441e+02 8.350737835998037895e+01
2.392897326283921586e+02 8.370308787610827039e+01
2.402727512285611340e+02 8.390381836743117105e+01
2.412539393216248698e+02 8.410896809435588750e+01
2.422336358470704738e+02 8.431771878473750803e+01
2.432123984383066215e+02 8.452872419274132199e+01
2.441908174316564271e+02 8.474055912073399099e+01
2.451695064130454966e+02 8.495174224154914100e+01
2.461492552042001591e+02 8.516036675695362135e+01
2.471309343741799012e+02 8.536433092731286365e+01
2.481154107612435382e+02 8.556154201993763309e+01
2.491034038805270541e+02 8.575026297150121479e+01
2.500954496190413465e+02 8.592920003603926205e+01
2.510920723409637958e+02 8.609708728615872531e+01
2.520937910177474919e+02 8.625267181370358571e+01
2.531011054465960228e+02 8.639474700142349661e+01
2.541145111650475883e+02 8.652211651584860874e+01
2.551344616050898821e+02 8.663368567526259767e+01
2.561609140084801766e+02 8.672955770669108233e+01
2.571935022774525237e+02 8.681061644753364703e+01
2.582318511122911104e+02 8.687776795065997248e+01
2.592752679419735955e+02 8.693268422983038590e+01
2.603225024299737811e+02 8.697838386420168888e+01
2.613722476208989747e+02 8.701802212300226813e+01
2.624232091075491553e+02 8.705472398150735103e+01
2.634741582939341811e+02 8.709145553301549114e+01
2.645238880854119543e+02 8.713113096208830655e+01
2.655712166578817346e+02 8.717660344481890888e+01
2.666154605632522134e+02 8.722952297145343437e+01
2.676563927638370046e+02 8.729043766029985818e+01
2.686938038379929594e+02 8.735985310078471855e+01
2.697277883405445209e+02 8.743754101803665435e+01
2.707592061252503868e+02 8.752142554164800003e+01
2.717890355944746261e+02 8.760914459948750732e+01
2.728181886426770006e+02 8.769849668364257411e+01
2.738470543237427250e+02 8.778854253449713951e+01
2.748757745165664232e+02 8.787893962540705672e+01
2.759044853543864519e+02 8.796935930097984624e+01
2.769331610467309019e+02 8.805986382466632278e+01
2.779615679304165496e+02 8.815101730958195958e+01
2.789894586988262404e+02 8.824341680704276314e+01
2.800167407799567627e+02 8.833728580594880953e+01
2.810438905628710131e+02 8.843147420163749928e+01
2.820715151764726443e+02 8.852451625554054715e+01
2.831001882699139287e+02 8.861502705630537946e+01
2.841300723439049420e+02 8.870261429206527737e+01
2.851610538350022921e+02 8.878755212833263499e+01
2.861930110106077905e+02 8.887013445270051193e+01
2.872255304050043492e+02 8.895135945909639474e+01
2.882576697945313526e+02 8.903350187656003811e+01
2.892884311713567058e+02 8.911897110908886077e+01
2.903169055456675096e+02 8.920996165227396091e+01
2.913426670606073117e+02 8.930750161613343607e+01
2.923654529910987776e+02 8.941222527591996538e+01
2.933850150340608707e+02 8.952473208908374147e+01
2.944014014182094456e+02 8.964490562148202457e+01
2.954149400179836675e+02 8.977195431399525205e+01
2.964259695015513785e+02 8.990506054911975298e+01
2.974347707345947924e+02 9.004354625701313353e+01
2.984414743002331534e+02 9.018709618233773995e+01
2.994461866715309952e+02 9.033545327662594104e+01
3.004490316912772414e+02 9.048831855715050665e+01
3.014502748596557922e+02 9.064505104969555305e+01
3.024502507664058726e+02 9.080484298296518375e+01
3.034492924966024248e+02 9.096689021824629151e+01
3.044476534012962929e+02 9.113058111193103628e+01
3.054454813993975790e+02 9.129555855630485439e+01
3.064429171737824618e+02 9.146148291299709854e+01
3.074400789250751131e+02 9.162806882051016544e+01
3.084369993573725424e+02 9.179523732389768043e+01
3.094336908546576410e+02 9.196295852523185488e+01
3.104301624671059585e+02 9.213121057512893231e+01
3.114263805560714786e+02 9.230007468440570051e+01
3.124222819511531384e+02 9.246970336002979707e+01
3.134178023375320095e+02 9.264025187183953847e+01
3.144128187794744917e+02 9.281201701298842011e+01
3.154070987874756611e+02 9.298556006265697249e+01
3.164003978646358064e+02 9.316147128842099789e+01
3.173925020134041688e+02 9.334026732596208831e+01
3.183833685557673903e+02 9.352205120927175130e+01
3.193730145888818015e+02 9.370678166240706730e+01
3.203614597339474130e+02 9.389441131584329980e+01
3.213487773628398259e+02 9.408476303439852018e+01
3.223350930454246281e+02 9.427753366575088023e+01
3.233205345391668857e+02 9.447241477624422146e+01
3.243052509439170308e+02 9.466904640709488206e+01
3.252894486714328650e+02 9.486693023619831422e+01
3.262733436542928303e+02 9.506554495613259803e+01
3.272571586342422734e+02 9.526435282070416122e+01
3.282411739807852769e+02 9.546267695809756049e+01
3.292256990556302867e+02 9.565977050317302144e+01
3.302110433202608419e+02 9.585488634991200740e+01
3.311975110233097439e+02 9.604728997722460804e+01
3.321853993131658171e+02 9.623626400551596305e+01
3.331750048291392545e+02 9.642109228421591638e+01
3.341666081709333866e+02 9.660109738572489846e+01
3.351604268520452479e+02 9.677575418576398647e+01
3.361566628780104224e+02 9.694457499952298463e+01
3.371555160056627756e+02 9.710707757105529936e+01
3.381571559500692388e+02 9.726285217190874732e+01
3.391617310156437952e+02 9.741154076369980430e+01
3.401693878691116879e+02 9.755278926177639676e+01
3.411801345866270481e+02 9.768657816844829256e+01
3.421937121482814064e+02 9.781353281243396225e+01
3.432098311331150171e+02 9.793435191702049281e+01
3.442281758522353812e+02 9.804979762203420535e+01
3.452482778833794441e+02 9.816100079907994314e+01
3.462696137458655130e+02 9.826922524283446592e+01
3.472916751026950237e+02 9.837569818787700626e+01
3.483143036161105783e+02 9.848080189559118480e+01
3.493376909475964567e+02 9.858407365416522339e+01
3.503620437196061062e+02 9.868501463279937980e+01
3.513873769514141259e+02 9.878358857153472172e+01
3.524131741504972410e+02 9.888104239298141351e+01
3.534388274119811513e+02 9.897884370861481784e+01
3.544637308705619603e+02 9.907845520604922740e+01
3.554872965800950055e+02 9.918129631308224248e+01
3.565089458923130792e+02 9.928876401089554804e+01
3.575281062312579934e+02 9.940224062081813372e+01
3.585444838815910202e+02 9.952243523484612808e+01
3.595581764035599122e+02 9.964911232180415368e+01
3.605693106453658174e+02 9.978196564311753036e+01
3.615779542680753593e+02 9.992083185066259432e+01
3.625839341601851515e+02 1.000661288729998830e+02
3.635870159940008648e+02 1.002184224277197870e+02
3.645869818020655657e+02 1.003782387353213181e+02
3.655838417984045350e+02 1.005455531376951512e+02
3.665777737231324522e+02 1.007199365331365470e+02
3.675689591148207001e+02 1.009009506496590092e+02
3.685575707571102271e+02 1.010881783515407051e+02
3.695437640314799523e+02 1.012812445155806529e+02
3.705276922632087349e+02 1.014797789826829586e+02
3.715094996440276418e+02 1.016834336439822266e+02
3.724892753850058398e+02 1.018919931250472928e+02
3.734670882229597169e+02 1.021052914804328964e+02
3.744430110292581730e+02 1.023231527829583598e+02
3.754172178202949226e+02 1.025451569187229381e+02
3.763899867661567669e+02 1.027706323235059642e+02
3.773616008543878593e+02 1.029988958026680450e+02
3.783323879449109199e+02 1.032291558288759745e+02
3.793028045048166632e+02 1.034603103862264391e+02
3.802733298966272741e+02 1.036912021837479756e+02
3.812444402220422717e+02 1.039206818023634327e+02
3.822165818314736612e+02 1.041476716450464011e+02
3.831901851557744862e+02 1.043711325458925643e+02
3.841656781729752197e+02 1.045900312605982663e+02
3.851433736028966450e+02 1.048036128019496260e+02
3.861234175570066327e+02 1.050115244096573690e+02
3.871059431353999685e+02 1.052134447355690696e+02
3.880910755531821223e+02 1.054090714697071576e+02
3.890789068494997309e+02 1.055981824048822659e+02
3.900695203395165436e+02 1.057805763978142721e+02
3.910629871368466297e+02 1.059560817641205404e+02
3.920592005713143635e+02 1.061249560529620197e+02
3.930579195221216651e+02 1.062877814253063491e+02
3.940588977783298787e+02 1.064451523314725137e+02
3.950616267813153399e+02 1.065982966130432033e+02
3.960650600693016941e+02 1.067497407819437143e+02
3.970680852239864294e+02 1.069021705902591606e+02
3.980695582057140882e+02 1.070583481443134417e+02
3.990681378729123026e+02 1.072215114809407197e+02
4.000624072736119956e+02 1.073950816919210780e+02
4.010509683869863125e+02 1.075824341662463013e+02
4.020329122957714389e+02 1.077857635171662167e+02
4.030078487202010251e+02 1.080060122824542077e+02
4.039754125240242502e+02 1.082440622992904196e+02
4.049354199975681468e+02 1.085003573501095389e+02
4.058882247462007058e+02 1.087740438693706864e+02
4.068342793764454655e+02 1.090640292530948301e+02
4.077741155419122947e+02 1.093690300082516984e+02
4.087090141549004443e+02 1.096859532736810081e+02
4.096406695183277407e+02 1.100107079004173443e+02
4.105707809133249384e+02 1.103391907070643470e+02
4.115010825102214653e+02 1.106672136835392593e+02
4.124333604406028826e+02 1.109904624825227870e+02
4.133694050672506819e+02 1.113046124690748258e+02
4.143107563659436892e+02 1.116059431299441087e+02
4.152578646640735087e+02 1.118933630029669075e+02
4.162108839483279326e+02 1.121664956225417882e+02
4.171699550439861923e+02 1.124249962429689447e+02
4.181350183862716676e+02 1.126690030721530178e+02
4.191058583153567270e+02 1.128990305176410516e+02
4.200822546196338863e+02 1.131156039644879172e+02
4.210639148919433978e+02 1.133194240406561732e+02
4.220503940124101518e+02 1.135115620592758887e+02
4.230412274353469115e+02 1.136931364864616967e+02
4.240358953198025915e+02 1.138654007964756261e+02
4.250335208623225753e+02 1.140304800182561138e+02
4.260330854740716404e+02 1.141908453619528245e+02
4.270335808745370514e+02 1.143489436970319417e+02
4.280342878295775790e+02 1.145065385951138808e+02
4.290348027283928332e+02 1.146646475027304604e+02
4.300347379830914178e+02 1.148242499929168474e+02
4.310337533847585973e+02 1.149862211551573523e+02
4.320316537417937752e+02 1.151511162762572411e+02
4.330282715129803250e+02 1.153194296663927219e+02
4.340234743750345956e+02 1.154915724608878946e+02
4.350174769446414871e+02 1.156671364204285197e+02
4.360106911868285238e+02 1.158452472244175624e+02
4.370035321433453532e+02 1.160250228752722705e+02
4.379964613557625057e+02 1.162054475695406666e+02
4.389900117233245282e+02 1.163853001680153483e+02
4.399847222005228105e+02 1.165633421071737814e+02
4.409810840072937026e+02 1.167384098846124232e+02
4.419793734935850580e+02 1.169096778743743243e+02
4.429798065775329405e+02 1.170764154776671404e+02
4.439825936761979506e+02 1.172378855274218665e+02
4.449878575913425038e+02 1.173932460996564942e+02
4.459956508317970361e+02 1.175415712249001103e+02
4.470060225225530530e+02 1.176819346359679059e+02
4.480187520679659201e+02 1.178138079905925508e+02
4.490330301912466666e+02 1.179375314410282130e+02
4.500479699548671420e+02 1.180535597141632564e+02
4.510626880179373757e+02 1.181622738962794017e+02
4.520763250913319666e+02 1.182635626174559036e+02
4.530880317500344745e+02 1.183571125416512047e+02
4.540969698173838651e+02 1.184425979932697146e+02
4.551026229973643922e+02 1.185193568455454454e+02
4.561048369395682585e+02 1.185863486419642925e+02
4.571034765910837336e+02 1.186425131176804655e+02
4.580984880709805793e+02 1.186876392642338374e+02
4.590900743058311946e+02 1.187242029043487577e+02
4.600784888872037754e+02 1.187552099398505305e+02
4.610640633821861911e+02 1.187836725581692718e+02
4.620479280518460428e+02 1.188126673294384830e+02
4.630316814947643707e+02 1.188453085764679287e+02
4.640169226287613355e+02 1.188846930593017674e+02
4.650048939631288363e+02 1.189327742643099128e+02
4.659962743981041626e+02 1.189896977542495904e+02
4.669916930212829129e+02 1.190554493047873734e+02
4.679916592244485400e+02 1.191298106160468251e+02
4.689961250692909971e+02 1.192116131674247725e+02
4.700048805298396246e+02 1.192994120867327723e+02
4.710177211065000051e+02 1.193917392259998849e+02
4.720345348136668235e+02 1.194867385750997926e+02
4.730552861086188727e+02 1.195822336393852652e+02
4.740799404511428747e+02 1.196760424936710336e+02
4.751081774880497051e+02 1.197669097078785683e+02
4.761390331210649833e+02 1.198556666244741535e+02
4.771714552022130533e+02 1.199434300089950654e+02
4.782044019051197665e+02 1.200313706101628100e+02
4.792369029207603148e+02 1.201210332207992622e+02
4.802680182201100365e+02 1.202141210016719697e+02
4.812968269805729733e+02 1.203122987874600085e+02
4.823229894954571364e+02 1.204160479120811971e+02
4.833468389869938733e+02 1.205244792222811441e+02
4.843687462579718499e+02 1.206366270384274770e+02
4.853890672461956228e+02 1.207515963688698406e+02
4.864081092721391997e+02 1.208687234136696418e+02
4.874261697327554543e+02 1.209873915625555725e+02
4.884435505350040785e+02 1.211069740415360201e+02
4.894606016397144117e+02 1.212267357827532948e+02
4.904777020518049540e+02 1.213458762647913147e+02
4.914952308264226986e+02 1.214635946976026872e+02
4.925135426760153905e+02 1.215791344308377973e+02
4.935329526412826908e+02 1.216918107494285550e+02
4.945537721129630881e+02 1.218009455566446775e+02
4.955761930018055637e+02 1.219061432167499390e+02
4.965998317149086461e+02 1.220083686342471481e+02
4.976241316026158188e+02 1.221089958347272528e+02
4.986485557262146813e+02 1.222093504796699932e+02
4.996729123889368793e+02 1.223099111749874055e+02
5.006973036813592444e+02 1.224104357155437981e+02
5.017218409739341496e+02 1.225106591145245858e+02
5.027466124205117239e+02 1.226103699019136002e+02
5.037716522036434981e+02 1.227094810174248352e+02
5.047969868542791119e+02 1.228079230385475000e+02
5.058225704249028354e+02 1.229058014640188929e+02
5.068478365010856237e+02 1.230044778997673660e+02
5.078719912092676623e+02 1.231058629069807182e+02
5.088942489611619067e+02 1.232118470742155267e+02
5.099141227844230571e+02 1.233236010544147092e+02
5.109314818225631143e+02 1.234414369378915808e+02
5.119462160692072530e+02 1.235656165473183989e+02
5.129582084001365274e+02 1.236964193128151095e+02
5.139673176223807332e+02 1.238341842034909064e+02
5.149733974606228912e+02 1.239792627606821753e+02
5.159763064142559870e+02 1.241319950698599541e+02
5.169759559289275330e+02 1.242925941835981973e+02
5.179722904317135317e+02 1.244611940227864153e+02
5.189652563938157073e+02 1.246379235831390417e+02
5.199549166271564218e+02 1.248226311643145863e+02
5.209415293649437899e+02 1.250146935716917085e+02
5.219253715476622801e+02 1.252134424754750910e+02
5.229067552077599430e+02 1.254181248329292089e+02
5.238861672475671867e+02 1.256275654607427725e+02
5.248641489329700107e+02 1.258404579405244590e+02
5.258412400241135174e+02 1.260554994859785154e+02
5.268179523537563682e+02 1.262714546768353472e+02
5.277947732806883323e+02 1.264871471285713085e+02
5.287721890154366520e+02 1.267014032270304398e+02
5.297505890415136491e+02 1.269132828469347487e+02
5.307301307229619169e+02 1.271224061750786660e+02
5.317109373228299773e+02 1.273284757144840569e+02
5.326931270728642858e+02 1.275312061087545317e+02
5.336767807508647365e+02 1.277304023782401003e+02
5.346619622416310449e+02 1.279259103062713905e+02
5.356487344468021092e+02 1.281175780492858962e+02
5.366371292797665546e+02 1.283053285638960119e+02
5.376271405943347190e+02 1.284891766758219944e+02
5.386187599055308510e+02 1.286691428562057240e+02
5.396119210782906066e+02 1.288453867552010195e+02
5.406063564051042931e+02 1.290185546597556652e+02
5.416017541487195786e+02 1.291893991535522730e+02
5.425978130456157942e+02 1.293586475347637474e+02
5.435943527656547758e+02 1.295267351461983480e+02
5.445912706108597376e+02 1.296939099123887615e+02
5.455884646651354615e+02 1.298604178703069749e+02
5.465857921919305227e+02 1.300266036088004284e+02
5.475830397752998806e+02 1.301929823563207265e+02
5.485799869627375074e+02 1.303600863295267516e+02
5.495764428334687182e+02 1.305283764497376637e+02
5.505723687289289501e+02 1.306979460477077453e+02
5.515677749212866274e+02 1.308687703258928252e+02
5.525626735335322337e+02 1.310408200185271994e+02
5.535571118754196505e+02 1.312139809125839065e+02
5.545511690112219867e+02 1.313880621338418564e+02
5.555449253589490581e+02 1.315628695399004755e+02
5.565385385404300678e+02 1.317380226006499413e+02
5.575323574578202397e+02 1.319126789914419078e+02
5.585267601264588393e+02 1.320859261017306778e+02
5.595221157931806601e+02 1.322568724890536771e+02
5.605187260191429459e+02 1.324247901112093189e+02
5.615168608634087377e+02 1.325890269753281245e+02
5.625167827802043803e+02 1.327489494479912082e+02
5.635184819384069215e+02 1.329045812423226778e+02
5.645216040783321887e+02 1.330567775848778354e+02
5.655257728335350293e+02 1.332064470719694214e+02
5.665306607591519423e+02 1.333543801889021552e+02
5.675361172985556095e+02 1.335009403610494019e+02
5.685420318612946176e+02 1.336463945237445898e+02
5.695482768224756001e+02 1.337910507372686197e+02
5.705545196486167470e+02 1.339357117569809077e+02
5.715602922635972618e+02 1.340815075684287478e+02
5.725651255958423462e+02 1.342295705606955494e+02
5.735686794157991244e+02 1.343807220954906256e+02
5.745708434776008744e+02 1.345352283490254024e+02
5.755715313367315957e+02 1.346932980405474041e+02
5.765706487283862316e+02 1.348551587953022022e+02
5.775680596653187422e+02 1.350211391049386691e+02
5.785636143024139528e+02 1.351916009633001465e+02
5.795571710489189172e+02 1.353668864454718630e+02
5.805487554720987191e+02 1.355469342534666453e+02
5.815385484836709793e+02 1.357313082238313200e+02
5.825267369363278931e+02 1.359195578569885470e+02
5.835135268090210729e+02 1.361111865806322783e+02
5.844991730132733210e+02 1.363055799501105128e+02
5.854839381747283369e+02 1.365021049384323817e+02
5.864680870475401662e+02 1.367001233782852125e+02
5.874519014282236640e+02 1.368989559452953699e+02
5.884356712968431111e+02 1.370979035519306706e+02
5.894196878047200698e+02 1.372962642691959729e+02
5.904042859110289783e+02 1.374932298681818850e+02
5.913898576514047818e+02 1.376878536237379649e+02
5.923767988928721024e+02 1.378791795138257612e+02
5.933654937292797058e+02 1.380662792522133202e+02
5.943562822301753386e+02 1.382483282672189659e+02
5.953494941767585260e+02 1.384245262249401662e+02
5.963454430567924192e+02 1.385941118174927169e+02
5.973442380545802735e+02 1.387568130843723964e+02
5.983458491114083699e+02 1.389126915797647541e+02
5.993502435418422465e+02 1.390618151212024998e+02
6.003573938882889252e+02 1.392042361767795455e+02
6.013672823145622033e+02 1.393399789652271181e+02
6.023798920191358093e+02 1.394690646674147558e+02
6.033951878165759126e+02 1.395915587970424099e+02
6.044130330175372592e+02 1.397077716446875115e+02
6.054332560922166522e+02 1.398180975187574688e+02
6.064556719295117091e+02 1.399229641018872599e+02
6.074798071146499296e+02 1.400235075750167084e+02
6.085049123313506243e+02 1.401215421394197165e+02
6.095302276203885867e+02 1.402189082030476754e+02
6.105552188881905522e+02 1.403169187115948375e+02
6.115799488340024936e+02 1.404154929252501631e+02
6.126045775871971273e+02 1.405143225764056467e+02
6.136292554265254466e+02 1.406131327719305943e+02
6.146540507960374953e+02 1.407119258794095913e+02
6.156789916023360547e+02 1.408108416096527264e+02
6.167041001100461699e+02 1.409100351145812340e+02
6.177291744935969291e+02 1.410102669306594976e+02
6.187537121930614603e+02 1.411131100347580514e+02
6.197771895509837350e+02 1.412201943992495785e+02
6.207992328858701967e+02 1.413327920974445249e+02
6.218200485385898446e+02 1.414507910511206319e+02
6.228399830488879161e+02 1.415737446148021093e+02
6.238593720047776969e+02 1.417012130748190089e+02
6.248784077646735113e+02 1.418328473734651425e+02
6.258971821150835240e+02 1.419683621091711245e+02
6.269157835127734870e+02 1.421074722717822851e+02
6.279341615991703520e+02 1.422497894168513426e+02
6.289520025739161611e+02 1.423947288037968519e+02
6.299689632109867716e+02 1.425416837663405261e+02
6.309845574135191555e+02 1.426901079025809622e+02
6.319974826012655740e+02 1.428397992116319415e+02
6.330061466213005588e+02 1.429906778373159000e+02
6.340089335004551003e+02 1.431426544301442050e+02
6.350037012466631268e+02 1.432954237172540957e+02
6.359877895019326388e+02 1.434484676438461008e+02
6.369585159382770598e+02 1.436012590525614883e+02
6.379131833982795570e+02 1.437532088482099084e+02
6.388490542509072156e+02 1.439035588901326150e+02
6.397633840237742788e+02 1.440515224635062737e+02
6.406560288657403817e+02 1.441966901968232833e+02
6.415492690852737496e+02 1.443419064052697252e+02
6.424768422664208174e+02 1.444916778246417266e+02
6.434736229065142652e+02 1.446506602544968700e+02
6.446213948226127286e+02 1.448296020944350460e+02
6.460667906541323191e+02 1.450476743334290859e+02
6.479611941545385889e+02 1.453246650369269730e+02
