2.331956044557624708e+01 2.390534230643683955e+01
2.485373413133101650e+01 2.454457145980789790e+01
2.613462421072461694e+01 2.506808238805427891e+01
2.723508271230499389e+01 2.550871214495409589e+01
2.822795752715093087e+01 2.589929583587711193e+01
2.917475988086469840e+01 2.626732992729960259e+01
3.010095123032703057e+01 2.662333440369829773e+01
3.102484348572398076e+01 2.697446239991199235e+01
3.196473387377060504e+01 2.732786094294362300e+01
3.293278376573620392e+01 2.768812474788055056e+01
3.392555334494851138e+01 2.805335895419476699e+01
3.493715983224692678e+01 2.842065251016482108e+01
3.596172799107998230e+01 2.878709841941651959e+01
3.699449665619224703e+01 2.915038867538191170e+01
3.803298616189569969e+01 2.950944193893226952e+01
3.907499619839400395e+01 2.986332706898458156e+01
4.011832664309979180e+01 3.021114364155508980e+01
4.116079099580138490e+01 3.055422638158594850e+01
4.220022537346756053e+01 3.089762102357379092e+01
4.323446802549393198e+01 3.124672318897400913e+01
4.426137023149784255e+01 3.160690675800410077e+01
4.527933908823521847e+01 3.198261821663801641e+01
4.628753358837724363e+01 3.237704949445831915e+01
4.728516609638334955e+01 3.279330346893716808e+01
4.827149642438035926e+01 3.323436433176850358e+01
4.924710127692952710e+01 3.369992219482957552e+01
5.021401329905173583e+01 3.418602527491426457e+01
5.117434048090633780e+01 3.468853332019638458e+01
5.213022064902157382e+01 3.520323995984640675e+01
5.308436817643615768e+01 3.572466116485911414e+01
5.404001892024594156e+01 3.624615726942131033e+01
5.500042752663034662e+01 3.676104697009671440e+01
5.596872908783998923e+01 3.726290079004344591e+01
5.694637443345209249e+01 3.774883695793838712e+01
5.793356935095678750e+01 3.821859624035189995e+01
5.893049043987332425e+01 3.867198088495653252e+01
5.993711619232094279e+01 3.910891557895101300e+01
6.095132391191904020e+01 3.953062364110679283e+01
6.196972535199674326e+01 3.993911055874606575e+01
6.298891487373835929e+01 4.033639256834006659e+01
6.400518537711872114e+01 4.072434688962438543e+01
6.501236772841491529e+01 4.110371539265420893e+01
6.600309056660069018e+01 4.147468554874278368e+01
6.696997439119709838e+01 4.183744107575151361e+01
6.790817268141988450e+01 4.219292283251080988e+01
6.882901497013199332e+01 4.254690691319022733e+01
6.975019273694252320e+01 4.290707108157569394e+01
7.068941268598166516e+01 4.328109765226282235e+01
7.167155468464588353e+01 4.367989999246712784e+01
7.275766744960166932e+01 4.413068322951792766e+01
7.402017381056495537e+01 4.466577580334777053e+01
7.553150074838791284e+01 4.531750802371133346e+01
