2.148076113440708923e+01 2.390805880839042530e+01
2.309130683464852751e+01 2.391763229298097926e+01
2.439586837771299344e+01 2.395323721091937230e+01
2.549417795152271538e+01 2.401148346488889018e+01
2.648448521407241074e+01 2.408904115732824636e+01
2.742931905938912962e+01 2.418403087151608588e+01
2.835456223421175181e+01 2.429606124777670217e+01
2.928442984073479138e+01 2.442480864297210630e+01
3.023816759406991039e+01 2.456973139291187636e+01
3.121393904181361378e+01 2.472936289914878927e+01
3.220431800595127925e+01 2.490199132617918920e+01
3.320195646465182193e+01 2.508593368293174919e+01
3.420157996299592185e+01 2.528027190907296529e+01
3.520015301571344679e+01 2.548491389143130803e+01
3.619475147511093382e+01 2.569980858883253561e+01
3.718301003602035593e+01 2.592461932694909521e+01
3.816507810626170283e+01 2.615772412232273680e+01
3.914181211977248864e+01 2.639713961939083120e+01
4.011407384955960254e+01 2.664088855616740048e+01
4.108288041734927987e+01 2.688717281315125263e+01
4.204942550091200815e+01 2.713439786884059401e+01
4.301491234233654382e+01 2.738098023095712819e+01
4.398049958612793375e+01 2.762534430923179229e+01
4.494713298212434438e+01 2.786595223507176655e+01
4.591569482442225336e+01 2.810127738327039992e+01
4.688705671443796774e+01 2.832981143505435284e+01
4.786174272918851358e+01 2.855064159549057123e+01
4.883986118642929597e+01 2.876356752192985056e+01
4.982149593751591254e+01 2.896843079777031704e+01
5.080667826799022180e+01 2.916518269324489054e+01
5.179517319906484829e+01 2.935433008097145091e+01
5.278666164553653317e+01 2.953655533482782047e+01
5.378081282198935043e+01 2.971256950745389247e+01
5.477687236411122740e+01 2.988412232789770684e+01
5.577355241997112500e+01 3.005427171361939287e+01
5.676953112070133045e+01 3.022615899650315541e+01
5.776366059698970190e+01 3.040251074083037963e+01
5.875572849170248446e+01 3.058382350436048824e+01
5.974583548816553957e+01 3.076984764156193108e+01
6.073408753702854312e+01 3.096032091874769065e+01
6.172079607059708195e+01 3.115448997447271040e+01
6.270654501886343013e+01 3.135095014254450874e+01
6.369193709456750696e+01 3.154825186357263789e+01
6.467758888728070588e+01 3.174491188425085753e+01
6.566419620991987927e+01 3.193925459145970791e+01
6.665248294566244169e+01 3.212953621552769334e+01
6.764316954958428596e+01 3.231402123591151820e+01
6.863681724577716636e+01 3.249135732656727527e+01
6.963376487718909402e+01 3.266072732884587992e+01
7.063433475230637271e+01 3.282135387481376654e+01
7.163870293667866918e+01 3.297281254332249745e+01
7.264615853581017291e+01 3.311681952735440149e+01
7.365565804454415400e+01 3.325589375174457984e+01
7.466616949234055767e+01 3.339252629401927663e+01
7.567729531440228641e+01 3.352767665026716060e+01
7.668957122901576895e+01 3.366005118589092149e+01
7.770360765977082451e+01 3.378817591285669408e+01
7.871979070398099054e+01 3.391111843649218116e+01
7.973706029976797538e+01 3.403143783994487137e+01
8.075378269380405527e+01 3.415307827585048983e+01
8.176833908439854781e+01 3.427994780113456130e+01
8.278009444351562252e+01 3.441357946868807716e+01
8.378993859228455676e+01 3.455182507514852830e+01
8.479889252165517632e+01 3.469221974994874103e+01
8.580785225948486072e+01 3.483260031029529102e+01
8.681685698939375584e+01 3.497287217961250860e+01
8.782558648948953817e+01 3.511380846350763107e+01
8.883372668147437423e+01 3.525616743556200561e+01
8.984147539616648714e+01 3.539947150598740677e+01
9.084986670915363050e+01 3.554122420264663162e+01
9.186001187508149712e+01 3.567874272585377327e+01
9.287281924448761572e+01 3.580983412913431607e+01
9.388771631913924409e+01 3.593588054653698549e+01
9.490347414252588010e+01 3.605984894052167533e+01
9.591887011256716278e+01 3.618469093258764957e+01
9.693343651174760112e+01 3.631153569169745765e+01
9.794800569325917650e+01 3.643837373851013695e+01
9.896353855193055438e+01 3.656288526672541650e+01
9.998088205563612973e+01 3.668302551400633860e+01
1.009999974418048794e+02 3.679888806020182557e+01
1.020204311754277313e+02 3.691156783428010613e+01
1.030417271497014013e+02 3.702216597407733900e+01
1.040634098041404343e+02 3.713183058355677701e+01
1.050849682449549931e+02 3.724179507024667402e+01
1.061058878408583013e+02 3.735330186494199012e+01
1.071258531128841298e+02 3.746711260210562955e+01
1.081461994523727412e+02 3.758000336189996204e+01
1.091690785304307951e+02 3.768677955039996874e+01
1.101966358138371476e+02 3.778226155225005556e+01
1.112296322761405918e+02 3.786461221433647495e+01
1.122661759236909234e+02 3.793839921276475025e+01
1.133040749084334493e+02 3.800891413619089576e+01
1.143411943863754203e+02 3.808131095341138206e+01
1.153759038579807452e+02 3.815952603905768115e+01
1.164068360239088946e+02 3.824686034683378466e+01
1.174326314076650561e+02 3.834659594442496200e+01
1.184527100957184444e+02 3.846013286754253357e+01
1.194680687876089564e+02 3.858506487024235554e+01
1.204798943771942135e+02 3.871852653675826161e+01
1.214891916138021344e+02 3.885809218711016655e+01
1.224952433007827608e+02 3.900549328657049841e+01
1.234963841787225931e+02 3.916475012634982278e+01
1.244909419183617274e+02 3.933990006577612775e+01
1.254777338979026950e+02 3.953379820564806124e+01
1.264566232468303042e+02 3.974677497955374150e+01
1.274276076042410466e+02 3.997883608611584805e+01
1.283907362739201119e+02 4.022986249441123618e+01
1.293465810965513469e+02 4.049847365831232082e+01
1.302960173232694956e+02 4.078255653433536310e+01
1.312399246301988853e+02 4.107998739613842076e+01
1.321793360311026220e+02 4.138827232946789536e+01
1.331156304411688041e+02 4.170408234443456053e+01
1.340502341705805236e+02 4.202397403009514676e+01
1.349845848324611950e+02 4.234447668854017621e+01
1.359202425087091797e+02 4.266182396416105149e+01
1.368588422507586131e+02 4.297206851382384230e+01
1.378020200054046995e+02 4.327126083287052438e+01
1.387513578057427424e+02 4.355558157503790540e+01
1.397083091513828492e+02 4.382152169946033382e+01
1.406743087964722747e+02 4.406561742054781661e+01
1.416507417804553484e+02 4.428452497047244663e+01
1.426384152093534681e+02 4.447629578789052829e+01
1.436377633289154119e+02 4.463988144467403174e+01
1.446492116761406805e+02 4.477425453681781420e+01
1.456721951803708350e+02 4.488077914369936394e+01
1.467036516509859609e+02 4.496684778677646932e+01
1.477401315474635339e+02 4.504078811136555771e+01
1.487782684123179138e+02 4.511072717984313130e+01
1.498157337330229097e+02 4.518228619949508129e+01
1.508509045474410186e+02 4.525938300497742972e+01
1.518821733286717119e+02 4.534589816697633324e+01
1.529090352236362094e+02 4.544305041051995175e+01
1.539339258370899586e+02 4.554496021928794391e+01
1.549597655996729486e+02 4.564457771120931540e+01
1.559892922250243714e+02 4.573529425149965277e+01
1.570227859645360979e+02 4.581643578477844159e+01
1.580587674593831480e+02 4.589157757691583583e+01
1.590957187699367239e+02 4.596438806376384179e+01
1.601318365292587487e+02 4.603922526759345146e+01
1.611645118023141379e+02 4.612239344637528404e+01
1.621909945500443655e+02 4.622053776245435586e+01
1.632086776781002584e+02 4.633995784323921185e+01
1.642170279156073605e+02 4.648194033967882177e+01
1.652170757946235540e+02 4.664399177997717771e+01
1.662098902656096300e+02 4.682352581824434878e+01
1.671965856567630908e+02 4.701783701073482291e+01
1.681784119063094636e+02 4.722386399327502460e+01
1.691566441751118077e+02 4.743847920266404827e+01
1.701325643568171131e+02 4.765853734084619475e+01
1.711075599353244172e+02 4.788061497403853650e+01
1.720831022311595575e+02 4.810106783404660291e+01
1.730606647159373495e+02 4.831624596181660536e+01
1.740413100908123454e+02 4.852351738554873606e+01
1.750248006386546820e+02 4.872347288037072843e+01
1.760106419141964693e+02 4.891733945501792391e+01
1.769983460273146534e+02 4.910634595925605339e+01
1.779875364799212036e+02 4.929175252760978054e+01
1.789779298841812079e+02 4.947484544487410574e+01
1.799692457733565618e+02 4.965691168208093131e+01
1.809615486069714052e+02 4.983855319314778853e+01
1.819560600757117186e+02 5.001807369252099988e+01
1.829542442892701501e+02 5.019329545502771595e+01
1.839575388042132431e+02 5.036207200060694333e+01
1.849668910099324535e+02 5.052283362980652726e+01
1.859828170058949581e+02 5.067451814281467648e+01
1.870058181156896069e+02 5.081608072070785198e+01
1.880353038405001485e+02 5.094765124767464926e+01
1.890668003454997574e+02 5.107353772961650407e+01
1.900949708054075131e+02 5.119897667286444687e+01
1.911144291176742627e+02 5.132902328138969494e+01
1.921187982267288703e+02 5.146508681596097290e+01
1.931007833301256937e+02 5.160519993633333513e+01
1.940530550533972303e+02 5.174726797774553688e+01
1.949734833603739901e+02 5.189059186686431246e+01
1.958795480005165928e+02 5.203973613259986308e+01
1.967933510475956496e+02 5.220050601485572628e+01
1.977385452313713472e+02 5.237899992484449285e+01
1.987728586293657997e+02 5.258775865324754761e+01
1.999872342010085049e+02 5.284560268816134965e+01
2.014739934332569646e+02 5.317161314590857302e+01
