2.154379102366763732e+01 4.299331156676906573e+01
2.307859986923610407e+01 4.295804320664401388e+01
2.434063434027917339e+01 4.294240689241230768e+01
2.542199905352877565e+01 4.294444656042774966e+01
2.641273217203213974e+01 4.296237362647903524e+01
2.736646567425970744e+01 4.299735011070052337e+01
2.830570520351598418e+01 4.305306072273314300e+01
2.925194624863097204e+01 4.313326788263260170e+01
3.022037061829803051e+01 4.323888063658003489e+01
3.120846222025619454e+01 4.336280972752847163e+01
3.221062731776110866e+01 4.349657500276087063e+01
3.322152074527769372e+01 4.363162106342684865e+01
3.423855150424567739e+01 4.375855878413108258e+01
3.526084319608653317e+01 4.386748000503623501e+01
3.628753959097153370e+01 4.394849122073144088e+01
3.731701632948686864e+01 4.399471162935395796e+01
3.834611560777999983e+01 4.400527479639662687e+01
3.937149748763178536e+01 4.398002864188745775e+01
4.039018399121521696e+01 4.391946039305596372e+01
4.140187225422684492e+01 4.382878215691832935e+01
4.240745840616229145e+01 4.371532374559589584e+01
4.340785295716131031e+01 4.358641166091693719e+01
4.440440192596772562e+01 4.344870856239531065e+01
4.539908011871500548e+01 4.330791865390932571e+01
4.639391136438044327e+01 4.316967141420477105e+01
4.739042891243380495e+01 4.303824548511585846e+01
4.838766920578417086e+01 4.291104441807532766e+01
4.938387634922083436e+01 4.278329001912671004e+01
5.037735474890021692e+01 4.265035322785220728e+01
5.136794338931618853e+01 4.251140249584084074e+01
5.235709803345666558e+01 4.236960720157680527e+01
5.334635149615957772e+01 4.222832740299886467e+01
5.433677716202109309e+01 4.208986907996507654e+01
5.532781815989707042e+01 4.195279789076720078e+01
5.631855618205888447e+01 4.181485024401636963e+01
5.730816183026913535e+01 4.167398033133814295e+01
5.829713605571438251e+01 4.153140102353637531e+01
5.928700391520219881e+01 4.139083372909929892e+01
6.027931457073098898e+01 4.125605896881605616e+01
6.127477314693190635e+01 4.112881500849983496e+01
6.227197609148148416e+01 4.100573790383612049e+01
6.326919595407176899e+01 4.088267999844259748e+01
6.426494078828858392e+01 4.075606089105232144e+01
6.525998723023553794e+01 4.062776448511787208e+01
6.625637972812999976e+01 4.050272844636917569e+01
6.725617130187023918e+01 4.038591104064626336e+01
6.826093175544266956e+01 4.028110237226276524e+01
6.927136624170881873e+01 4.019000227459366670e+01
7.028809015320413778e+01 4.011409358782937318e+01
7.131126848129915174e+01 4.005377193245609391e+01
7.233813396522799621e+01 4.000235478940624034e+01
7.336474565549649185e+01 3.995032648194865033e+01
7.438720460386579703e+01 3.988827274835069403e+01
7.540336566274365282e+01 3.981101392031911246e+01
7.641336193360928064e+01 3.971887121621496419e+01
7.741747877716201742e+01 3.961253348791328932e+01
7.841665093457169178e+01 3.949425736960014888e+01
7.941474217048008200e+01 3.937337096033704853e+01
8.041644169177639867e+01 3.926119520284633779e+01
8.142630191187228661e+01 3.916872078857662842e+01
8.244600489579288194e+01 3.910000872026547114e+01
8.347450829425943652e+01 3.905254263076268728e+01
8.451066193891931277e+01 3.902354585258910902e+01
8.555284808517734518e+01 3.900911287158419327e+01
8.659797556768384652e+01 3.900178096520644999e+01
8.764266371927539012e+01 3.899338848070362928e+01
8.868359312114860415e+01 3.897592163134353882e+01
8.971822995144832191e+01 3.894326322148221209e+01
9.074458450583153990e+01 3.889060966600757752e+01
9.176068614316936589e+01 3.881320340238133326e+01
9.276629463453981828e+01 3.871046445504345002e+01
9.376503052919986203e+01 3.859113359673925459e+01
9.476103676499720052e+01 3.846521275854717459e+01
9.575833000691986285e+01 3.834239902239911402e+01
9.675986379047650132e+01 3.822982285286147430e+01
9.776805911071635080e+01 3.813332905022598140e+01
9.878530933541986769e+01 3.805869571667228257e+01
9.981244240212001273e+01 3.800792167136800970e+01
1.008477716931560053e+02 3.797693506010473641e+01
1.018893836452857329e+02 3.796111613356238479e+01
1.029354562474649271e+02 3.795606616887214102e+01
1.039846939567777042e+02 3.795865744904779859e+01
1.050359890464435892e+02 3.796621568514611056e+01
1.060882491032701864e+02 3.797610355849323582e+01
1.071408500432053899e+02 3.798681439691387141e+01
1.081937155523421978e+02 3.799816396227127768e+01
1.092468004087885447e+02 3.801004307918864100e+01
1.102999876449939620e+02 3.802216936299329575e+01
1.113528733107745268e+02 3.803356759182932478e+01
1.124049817102879558e+02 3.804308933454500163e+01
1.134557913966381193e+02 3.804947570717605743e+01
1.145039748940686763e+02 3.804952189998692091e+01
1.155475155932390976e+02 3.803835938762691882e+01
1.165843749395137650e+02 3.801106666411674695e+01
1.176127139139639581e+02 3.796320394503917584e+01
1.186312528169644622e+02 3.789168176153113876e+01
1.196388092138693224e+02 3.779364546304090311e+01
1.206343758993789237e+02 3.766666344012614331e+01
1.216188872079223984e+02 3.751299137539179185e+01
1.225944861747864678e+02 3.733780301375807653e+01
1.235633307608373457e+02 3.714630813368607676e+01
1.245271322122384561e+02 3.694263804890078973e+01
1.254867099826876142e+02 3.672877109557769870e+01
1.264427776035212787e+02 3.650642989068104782e+01
1.273960721497891484e+02 3.627739389073271070e+01
1.283475046992965645e+02 3.604386263211061703e+01
1.292980643183988150e+02 3.580822393222751998e+01
1.302487373219692017e+02 3.557285896583280049e+01
1.312003543225505098e+02 3.533977300908291141e+01
1.321535211296364878e+02 3.511042861568785867e+01
1.331088260261531957e+02 3.488624602648978623e+01
1.340666314682311508e+02 3.466810028828313506e+01
1.350261505655324186e+02 3.445409168035943281e+01
1.359862316934084845e+02 3.424143993559525967e+01
1.369457054363125508e+02 3.402732183581438363e+01
1.379029557948994693e+02 3.380783601353986967e+01
1.388558962646281998e+02 3.357794520059810139e+01
1.398024179360286041e+02 3.333255803849940690e+01
1.407408660918478915e+02 3.306767968587220707e+01
1.416711976838144551e+02 3.278320621483614161e+01
1.425937269794553401e+02 3.247989633424202793e+01
1.435088008670366833e+02 3.215858750638487606e+01
1.444172543377355566e+02 3.182129557842816681e+01
1.453202981253164126e+02 3.147094352054046595e+01
1.462191531121925152e+02 3.111047880390054132e+01
1.471152224018010770e+02 3.074328882025848841e+01
1.480103643443354997e+02 3.037386002451824396e+01
1.489065072170144504e+02 3.000684769039657240e+01
1.498056080142047790e+02 2.964697642069900496e+01
1.507099003593294810e+02 2.929963865754411501e+01
1.516217724717613464e+02 2.897060006939977939e+01
1.525436035172799336e+02 2.866560446738559875e+01
1.534767893584038916e+02 2.838802175607968081e+01
1.544209663661906973e+02 2.813697404748804587e+01
1.553755882570725362e+02 2.791114248588354130e+01
1.563400284057816521e+02 2.770901425351850733e+01
1.573131371375127401e+02 2.752781377936367591e+01
1.582935554171062051e+02 2.736426005178502407e+01
1.592799011052879905e+02 2.721501628154754115e+01
1.602699154744211683e+02 2.707462943375490383e+01
1.612602010775802626e+02 2.693489739554548734e+01
1.622472843653131918e+02 2.678743432855010198e+01
1.632283643633039674e+02 2.662547815343968693e+01
1.642036737399933486e+02 2.644959073818181139e+01
1.651743000893349631e+02 2.626239794769522007e+01
1.661413778888756383e+02 2.606663883257326120e+01
1.671070240200721173e+02 2.586742414829231151e+01
1.680742878209698858e+02 2.567211577313253912e+01
1.690462550894701508e+02 2.548816360612205045e+01
1.700250853416856671e+02 2.532078110174702701e+01
1.710100192054541139e+02 2.516813425676557259e+01
1.719997237973148572e+02 2.502700436381174498e+01
1.729928929058407050e+02 2.489423701945262479e+01
1.739885624261982002e+02 2.476750260925167879e+01
1.749860052022709169e+02 2.464504278134923965e+01
1.759845030657771758e+02 2.452512086878907738e+01
1.769842368950323817e+02 2.440817112380513976e+01
1.779873934600512086e+02 2.429947140606989464e+01
1.789964309411420231e+02 2.420495494708682571e+01
1.800133942701570504e+02 2.412955850043661599e+01
1.810368491149397983e+02 2.406982917003006150e+01
1.820636183181282490e+02 2.401811153508443653e+01
1.830905171712343815e+02 2.396673213730879937e+01
1.841147225373126730e+02 2.390890068742522701e+01
1.851339920728450466e+02 2.383924553312925454e+01
1.861461358525314722e+02 2.375252305803839548e+01
1.871497197325834918e+02 2.364531074346604100e+01
1.881476556677980909e+02 2.352465823761264829e+01
1.891444060723390521e+02 2.340135110697956833e+01
1.901443874770297953e+02 2.328606042047529456e+01
1.911505320701400592e+02 2.318575831784669106e+01
1.921640359136434029e+02 2.310309057349513395e+01
1.931859965251420874e+02 2.304045739273221116e+01
1.942170268678858065e+02 2.299901919053237265e+01
1.952558016877155183e+02 2.297497722052160896e+01
1.963005111761196417e+02 2.296329294598876203e+01
1.973493710703179715e+02 2.295900961495144799e+01
1.984010471648458918e+02 2.295861133517263752e+01
1.994545900414672985e+02 2.295981411179436904e+01
2.005090626794323896e+02 2.296037485220354313e+01
2.015635331689140628e+02 2.295904710244953861e+01
2.026170839265319330e+02 2.295737809023083642e+01
2.036687998602579341e+02 2.295740086124986234e+01
2.047177147076332631e+02 2.296131542466374853e+01
2.057622952382376411e+02 2.297317174334845191e+01
2.068006552571199563e+02 2.299817146438848425e+01
2.078309091336391532e+02 2.304151851365590176e+01
2.088519609643838635e+02 2.310639178948680694e+01
2.098642914065280820e+02 2.319192755564938224e+01
2.108685683727190678e+02 2.329678191330009085e+01
2.118658347873912362e+02 2.341868243335587962e+01
2.128599051464697425e+02 2.354849426793231970e+01
2.138558361724252279e+02 2.367400681272658503e+01
2.148586474244775104e+02 2.378309851321010626e+01
2.158712109803482520e+02 2.386881691040833076e+01
2.168932983836414223e+02 2.393167268630315903e+01
2.179244394476048114e+02 2.397275837995547931e+01
2.189638350521458960e+02 2.399396407117482610e+01
2.200090119694932582e+02 2.400123892691810568e+01
2.210569657095212506e+02 2.400182022733791598e+01
2.221046992528062276e+02 2.400292753151573066e+01
2.231494101610817893e+02 2.401131854958800460e+01
2.241885010000374905e+02 2.403326440366658900e+01
2.252193841555779557e+02 2.407501290516410819e+01
2.262402960468147626e+02 2.414082284248545207e+01
2.272523971164520731e+02 2.422789509647803285e+01
2.282574960791640706e+02 2.433186577140957496e+01
2.292574888116757847e+02 2.444816046570296564e+01
2.302555753932499840e+02 2.456905498662170473e+01
2.312559598808460066e+02 2.468440042595755557e+01
2.322628673328895843e+02 2.478399714961475553e+01
2.332787036599743828e+02 2.486203705627237781e+01
2.343013299560068674e+02 2.492368350667645416e+01
2.353279092198338276e+02 2.497578510522395945e+01
2.363555746730178555e+02 2.502526246127432330e+01
2.373811726958928148e+02 2.507972979989118301e+01
2.384013893657038352e+02 2.514718897779145124e+01
2.394129294975452069e+02 2.523559663872686087e+01
2.404143733510486527e+02 2.534838329259587653e+01
2.414076570464226563e+02 2.548088052988870089e+01
2.423950650792272938e+02 2.562757918390886758e+01
2.433787506983278774e+02 2.578328684238158530e+01
2.443600126956488623e+02 2.594487326316368225e+01
2.453398078507524076e+02 2.611003362625407220e+01
2.463190942864467843e+02 2.627645956079632228e+01
2.472989176041277233e+02 2.644161955925210350e+01
2.482804370429693108e+02 2.660269225164099183e+01
2.492648194367497467e+02 2.675683689598765724e+01
2.502528061773036256e+02 2.690222968837013440e+01
2.512432197052567062e+02 2.704163371277457628e+01
2.522343416723289238e+02 2.717910470621616881e+01
2.532245170459376027e+02 2.731854598042276905e+01
2.542134195412752717e+02 2.746066205011231531e+01
2.552019840651938125e+02 2.760312126604108585e+01
2.561911951448005880e+02 2.774347256804049522e+01
2.571815375307580211e+02 2.788057549763819409e+01
2.581719210840748815e+02 2.801741954900750287e+01
2.591609462270542963e+02 2.815780568092091585e+01
2.601473467919774976e+02 2.830525547937428499e+01
2.611315677830059485e+02 2.845970717890642021e+01
2.621152393904058044e+02 2.861861712523842272e+01
2.631000141382578477e+02 2.877939446053851213e+01
2.640872455680478765e+02 2.893998231241092611e+01
2.650776201516039805e+02 2.909951520049401452e+01
2.660717341018579418e+02 2.925728884757663906e+01
2.670700326438043817e+02 2.941243904186172387e+01
2.680716897892332895e+02 2.956275503379650260e+01
2.690752427766370829e+02 2.970535156912396246e+01
2.700791717281800288e+02 2.983738477170956926e+01
2.710784909872412527e+02 2.995908292888799451e+01
2.720626478065826177e+02 3.007560915317636230e+01
2.730205869935948613e+02 3.019257193875323608e+01
2.739451447035460205e+02 3.031491296535772051e+01
2.748515341692649372e+02 3.044373941658502858e+01
2.757629515878012967e+02 3.057879052950373477e+01
2.767035921785393384e+02 3.071976513985418933e+01
2.777283677335718721e+02 3.086515999307609093e+01
2.789281169605637842e+02 3.101206583801076633e+01
2.803957178170472275e+02 3.115749361764002501e+01
