2.455186234566329873e+01 2.450166304695945030e+01
2.541509295851722072e+01 2.598094433855934682e+01
2.611966078491880694e+01 2.720087853665339850e+01
2.671171141278615835e+01 2.823982607467328521e+01
2.723734500315409335e+01 2.917606762782953567e+01
2.773303121780617175e+01 3.007097512845160026e+01
2.821375280274357777e+01 3.094819487027098148e+01
2.869158518343881781e+01 3.182626862086640784e+01
2.917842985752245966e+01 3.272348011957785729e+01
2.967942687777066268e+01 3.364808225796441832e+01
3.019093294094281532e+01 3.459529750152892547e+01
3.070871773733187027e+01 3.555947747046847951e+01
3.122848118955748120e+01 3.653515934773596285e+01
3.174487928912779822e+01 3.751965688492628459e+01
3.225176440731419092e+01 3.851242124167313818e+01
3.274296824348476065e+01 3.951295855916748678e+01
3.321295777809187655e+01 4.052075977801217022e+01
3.366089511585082761e+01 4.153520349696355396e+01
3.408804673006834207e+01 4.255561796282984233e+01
3.449568902031809614e+01 4.358133118491010549e+01
3.488564779663651905e+01 4.461155406901853837e+01
3.526194651091120136e+01 4.564502910703019012e+01
3.562915802549248667e+01 4.668038168733526305e+01
3.599185023687090990e+01 4.771623892524900867e+01
3.635353827925428050e+01 4.875159404419395770e+01
3.671538843515362771e+01 4.978625710313396269e+01
3.707824917205119419e+01 5.082014868423499365e+01
3.744292040782435294e+01 5.185320695119391132e+01
3.780831469445869431e+01 5.288605354971601002e+01
3.817089282889072166e+01 5.392019799281040093e+01
3.852695175314034515e+01 5.495720913115248152e+01
3.887292486666536462e+01 5.599859692363380503e+01
3.920728737651301543e+01 5.704499013356458192e+01
3.953008627725613167e+01 5.809633917815164494e+01
3.984140899530096647e+01 5.915257702518436389e+01
4.014166940143027773e+01 6.021350185647651188e+01
4.043369399439669820e+01 6.127791570124085041e+01
4.072139061994995757e+01 6.234417411014598542e+01
4.100867222453314298e+01 6.341063052782963183e+01
4.129913011485696472e+01 6.447577153680583706e+01
4.159506903870263272e+01 6.553861627109421306e+01
4.189847210411890899e+01 6.659831700259061904e+01
4.221131574837473721e+01 6.765402875851160047e+01
4.253416220341019027e+01 6.870549069404675890e+01
4.286441842229474020e+01 6.975374523104252944e+01
4.319906442818726333e+01 7.080001113186546036e+01
4.353512198116057874e+01 7.184549064243691419e+01
4.387123536381748323e+01 7.289074393186807299e+01
4.420815657291541356e+01 7.393549708878374815e+01
4.454677846729640578e+01 7.497942045880584772e+01
4.488795671659577380e+01 7.602220830903689830e+01
4.523199052972618972e+01 7.706391284280698528e+01
4.557875075103407170e+01 7.810486180346293850e+01
4.592809720584163813e+01 7.914539002219767383e+01
4.628021725236918371e+01 8.018571697642363461e+01
4.663771892166182198e+01 8.122520960701933745e+01
4.700429519748948337e+01 8.226285274546539483e+01
4.738364418132368172e+01 8.329762942083964106e+01
4.777953129651094599e+01 8.432837839743761776e+01
4.819599125389815697e+01 8.535336138042623588e+01
4.863712608620719635e+01 8.637069581018995734e+01
4.910702755859602320e+01 8.737849938154333529e+01
4.960761071265910260e+01 8.837494372843688950e+01
5.013593403222910183e+01 8.935832083015776561e+01
5.068839887704405101e+01 9.032693894950594427e+01
5.126137632362941332e+01 9.127907645626966371e+01
5.185006018862087274e+01 9.221184962940569108e+01
5.244811498641802672e+01 9.312086515077812976e+01
5.304910302557789237e+01 9.400162881333629628e+01
5.364739067610523193e+01 9.485044221952344401e+01
5.424937544966652325e+01 9.567551463976374748e+01
5.487071645460352443e+01 9.649422189087286483e+01
5.552731103968694981e+01 9.732417558507199828e+01
5.623985656167309344e+01 9.818739658711622553e+01
5.706452543633697871e+01 9.913849289376952356e+01
5.807339010590597184e+01 1.002466781508145317e+02
5.933859801273222701e+01 1.015812348986047624e+02
