2.362795598327047486e+01 2.676943843858803262e+01
2.516869846332501481e+01 2.693211187353308134e+01
2.642518345513395772e+01 2.712846097635822673e+01
2.749349354322400529e+01 2.734907666643587731e+01
2.846789984143960694e+01 2.758469782767051370e+01
2.940705302178043468e+01 2.782897289257888929e+01
3.033704866501166464e+01 2.807820945834887993e+01
3.128278370228150607e+01 2.832881286874962967e+01
3.226243812484532469e+01 2.857713633834755385e+01
3.327232411910689791e+01 2.881936336882624161e+01
3.430431119772725168e+01 2.905164298291845881e+01
3.535046427139044312e+01 2.927029099196945339e+01
3.640573242586316383e+01 2.947408509282712075e+01
3.746726493093020594e+01 2.966368102406087459e+01
3.853226743464443160e+01 2.983978312792134346e+01
3.959846325209029061e+01 3.000380528081556619e+01
4.066495345491698288e+01 3.015904976479025024e+01
4.173106580537563559e+01 3.030912957266798458e+01
4.279635862196344931e+01 3.045712946959036316e+01
4.386301530109423652e+01 3.060011990166051277e+01
4.493488701836758281e+01 3.073135026416780846e+01
4.601584374468365723e+01 3.084402203385635843e+01
4.710822599756892259e+01 3.093389623158767421e+01
4.821102712492347564e+01 3.100233537512059101e+01
4.932279752258256877e+01 3.105144326362301754e+01
5.044190532855978404e+01 3.108310900662560172e+01
5.156508590230331635e+01 3.109729839078190849e+01
5.268821378710167380e+01 3.109296320890208065e+01
5.380715966178307497e+01 3.106903144814967987e+01
5.491816180126581060e+01 3.102303633474149436e+01
5.601812368531748376e+01 3.094998712423643994e+01
5.710401883397704381e+01 3.084462732008704933e+01
5.817331942472047501e+01 3.070266325800106344e+01
5.922706302873418593e+01 3.052668551086365767e+01
6.026783946096350775e+01 3.032228179999903972e+01
6.129824579940552809e+01 3.009505532061638533e+01
6.232092726704433971e+01 2.985078244273494619e+01
6.333860145882555059e+01 2.959549985424870044e+01
6.435399193918918570e+01 2.933526571498747515e+01
6.536958049006366878e+01 2.907560443538935147e+01
6.638645557861534030e+01 2.881896460001213356e+01
6.740520761472745903e+01 2.856669530209765639e+01
6.842639803838362411e+01 2.832007735934656267e+01
6.944957114407280585e+01 2.807799105858222433e+01
7.047299696076431985e+01 2.783630933542622543e+01
7.149486492854829578e+01 2.759071493039621359e+01
7.251309257181334544e+01 2.733623083878542204e+01
7.352432687279600998e+01 2.706479735741530845e+01
7.452484402286319209e+01 2.676745513845938262e+01
7.551103847194028162e+01 2.643552980066478852e+01
7.648225926229042670e+01 2.606746663537413156e+01
7.744094596450919710e+01 2.566915817109769904e+01
7.838968365491302848e+01 2.524684756104820593e+01
7.933076798327664392e+01 2.480607812473212448e+01
8.026539523229722306e+01 2.434973491081597530e+01
8.119450069979292550e+01 2.388007190623254772e+01
8.211893468227525261e+01 2.339913788495524116e+01
8.303799643068553848e+01 2.290523703555757606e+01
8.394963007259606513e+01 2.239340196305634123e+01
8.485173478172036710e+01 2.185855674340789179e+01
8.574348518273562547e+01 2.129870474564232197e+01
8.662800227124070318e+01 2.072137697489036157e+01
8.750916796287395982e+01 2.013594150871778155e+01
8.839093657576371754e+01 1.955194161049455914e+01
8.927826174875602305e+01 1.898133851020788399e+01
9.017682556522677828e+01 1.843785598967089712e+01
9.109232257696048407e+01 1.793524804178156629e+01
9.202879036348963382e+01 1.748327675418252625e+01
9.298606939057837906e+01 1.708159271114660882e+01
9.396334562309452565e+01 1.672826970194321561e+01
9.495961518764865161e+01 1.642092382407685847e+01
9.597184177873923261e+01 1.615227106980552207e+01
9.699575618630312590e+01 1.591205495222006761e+01
9.802707833842153207e+01 1.568999246580797191e+01
9.906255108493323291e+01 1.547821420323010422e+01
1.001010509627806186e+02 1.527388522166839735e+01
1.011417215029029251e+02 1.507480055436923649e+01
1.021839665904912522e+02 1.487934622457677669e+01
1.032293921433781350e+02 1.469090674991978851e+01
1.042807113184964862e+02 1.451538002059076327e+01
1.053406367434407116e+02 1.435866210743038884e+01
1.064111510981128674e+02 1.422494156242726326e+01
1.074929764865248956e+02 1.411545815491101941e+01
1.085867099359902284e+02 1.403115907047835975e+01
1.096925835157787219e+02 1.397246643639612884e+01
1.108083587266800407e+02 1.393624801914068101e+01
1.119307726314107470e+02 1.391789774524100842e+01
1.130565594556824607e+02 1.391286241055896333e+01
1.141824762242281537e+02 1.391942577043724860e+01
1.153053126988846344e+02 1.393994516896525759e+01
1.164218611740576677e+02 1.397709308638208725e+01
1.175292500182663247e+02 1.403336697000388256e+01
1.186264445922999187e+02 1.411030753137414706e+01
1.197130347551577927e+02 1.420913023310241385e+01
1.207886356358643383e+02 1.433099865805099071e+01
1.218536691963701344e+02 1.447539416558312553e+01
1.229095235047222872e+02 1.463978381157334496e+01
1.239576435618070747e+02 1.482151594856017418e+01
1.249990154880370454e+02 1.501895659992291066e+01
1.260325896861254193e+02 1.523498645170620236e+01
1.270567522394855473e+02 1.547373769514864605e+01
1.280699463470547244e+02 1.573919873673937886e+01
1.290719293456067476e+02 1.603204986747484639e+01
1.300637727097517882e+02 1.634966326285879390e+01
1.310466050341526625e+02 1.668926730678698789e+01
1.320211128524547348e+02 1.704915673616484639e+01
1.329863880134543308e+02 1.743147303511373991e+01
1.339411629007134650e+02 1.783922480070756933e+01
1.348842673790527158e+02 1.827518655498377598e+01
1.358161854945901155e+02 1.873816074827149336e+01
1.367387827648388736e+02 1.922363259871262642e+01
1.376539677121442935e+02 1.972698405451367520e+01
1.385644001437750319e+02 2.024178653326297805e+01
1.394749498086360404e+02 2.075628568748408043e+01
1.403908907600969087e+02 2.125775283148421835e+01
1.413172211508276632e+02 2.173412532359301608e+01
1.422553727194706994e+02 2.218195010068895456e+01
1.432042934556405953e+02 2.260377004745198803e+01
1.441628784186806342e+02 2.300225582408237912e+01
1.451292507053419172e+02 2.338194106113787996e+01
1.460996717220516530e+02 2.375185218963556011e+01
1.470701278620717005e+02 2.412167932738312714e+01
1.480368136154943670e+02 2.450061014682371408e+01
1.489980207603215092e+02 2.489276846342138327e+01
1.499532555277913559e+02 2.529934582117218511e+01
1.509020435839441348e+02 2.572148684157795628e+01
1.518445179972412689e+02 2.615886990559867797e+01
1.527820198136781187e+02 2.660825739390825362e+01
1.537160329027855994e+02 2.706606691796210029e+01
1.546479596188052597e+02 2.752891302408549024e+01
1.555785508851473082e+02 2.799498406699294506e+01
1.565082453194624748e+02 2.846322290886201856e+01
1.574374736376214798e+02 2.893259149842234024e+01
1.583662434620587192e+02 2.940307369290714234e+01
1.592938649494737717e+02 2.987633795655216318e+01
1.602195831101442991e+02 3.035421010342818349e+01
1.611426848791992086e+02 3.083841401312450614e+01
1.620627260429957062e+02 3.133001989062416115e+01
1.629793685272642847e+02 3.182983987769247491e+01
1.638922862219053798e+02 3.233865701021177586e+01
1.648016689947355644e+02 3.285599906075389498e+01
1.657084145607720131e+02 3.337967176187120089e+01
1.666134719197683580e+02 3.390735608138040647e+01
1.675175820661777379e+02 3.443723342455973579e+01
1.684204072134676835e+02 3.497008062293888031e+01
1.693212609174974830e+02 3.550751333921147790e+01
1.702195024657886506e+02 3.605103849230124524e+01
1.711158555891457809e+02 3.659891839224251697e+01
1.720126057313200363e+02 3.714570163830394733e+01
1.729121239219689983e+02 3.768573330880452943e+01
1.738164321872754670e+02 3.821425869587140056e+01
1.747260824187115986e+02 3.873031513286628780e+01
1.756412394705039901e+02 3.923393827064047201e+01
1.765620926870598169e+02 3.972510870513523429e+01
1.774893516169937868e+02 4.020263757907070357e+01
1.784242231320964152e+02 4.066421802000748897e+01
1.793679340915428781e+02 4.110749816468960915e+01
1.803223367544384814e+02 4.152823399915195068e+01
1.812914263586900461e+02 4.191569791603217254e+01
1.822796567728629498e+02 4.225777471854910061e+01
1.832912287062531504e+02 4.254275849655856945e+01
1.843263399321324414e+02 4.276541495056410724e+01
1.853819929961847777e+02 4.292567555657835499e+01
1.864551004433207595e+02 4.302361801441794853e+01
1.875418103363950308e+02 4.306112806489719702e+01
1.886361321004590650e+02 4.304514944175141977e+01
1.897317040418236331e+02 4.298350359440938462e+01
1.908225933111334598e+02 4.288431391990502561e+01
1.919080662104278190e+02 4.275936451727805121e+01
1.929908477441365164e+02 4.262287474428968892e+01
1.940737239291010496e+02 4.248909488597529105e+01
1.951591140232571320e+02 4.236909562381563177e+01
1.962485948653741161e+02 4.226664431566750579e+01
1.973436254731287534e+02 4.218448687352904614e+01
1.984451419822448202e+02 4.212407215828334017e+01
1.995491144767195237e+02 4.207453033651820817e+01
2.006487687713226364e+02 4.201818419230946233e+01
2.017373118901752207e+02 4.193731100263277511e+01
2.028090765402224633e+02 4.181710329777727964e+01
2.038605306006712965e+02 4.164828320116210136e+01
2.048883802879124687e+02 4.142219007336251480e+01
2.058900783832475554e+02 4.113190872047180591e+01
2.068687190896838501e+02 4.078371341689266671e+01
2.078299743975605338e+02 4.038990522355322810e+01
2.087795227204966579e+02 3.996280122438473370e+01
2.097226151617550443e+02 3.951378237347610423e+01
2.106638302397691973e+02 3.905275616020534812e+01
2.116076874009608275e+02 3.858950066198501361e+01
2.125578964369651089e+02 3.813266336713464000e+01
2.135132463037592743e+02 3.768402038716547509e+01
2.144706770426042510e+02 3.724276603842533007e+01
2.154270605053937118e+02 3.680810734912363102e+01
2.163766944548340803e+02 3.637993948863933014e+01
2.173105023341056210e+02 3.595905969617749065e+01
2.182191789819017060e+02 3.554632632466049103e+01
2.190976194031875082e+02 3.514187623455989495e+01
2.199613927333490437e+02 3.474229494383833838e+01
2.208324183972646324e+02 3.434307713604069079e+01
2.217337753278693526e+02 3.393964304400041954e+01
2.227200355493171173e+02 3.352539575944000916e+01
2.238802295308695989e+02 3.309153130124289532e+01
2.253051401193513072e+02 3.262913344803011739e+01
