5.071474001481208660e+01 5.122027918684633363e+01
5.250164945550799445e+01 5.273002119024359757e+01
5.388504546745054569e+01 5.389159131015733095e+01
5.498616581992371266e+01 5.480867322307032907e+01
5.592568264278840218e+01 5.558445972836889126e+01
5.678948785193095716e+01 5.629196042081301954e+01
5.760907431481601293e+01 5.695697593862233532e+01
5.841119770246768894e+01 5.760119585360317984e+01
5.922127845041140404e+01 5.824519184652859849e+01
6.004882734231094332e+01 5.889621565784977975e+01
6.089290380378766088e+01 5.955276890157773551e+01
6.175238447055195934e+01 6.021320015564663919e+01
6.262606154002769898e+01 6.087598011424169187e+01
6.351237901070262382e+01 6.154008304345182268e+01
6.440969113962248116e+01 6.220461299514093412e+01
6.531635424398906764e+01 6.286867686354868567e+01
6.623086121640307056e+01 6.353156995750145342e+01
6.715192445039762958e+01 6.419289040154326642e+01
6.807827616445383967e+01 6.485226367001492065e+01
6.900868180258723328e+01 6.550931077606153963e+01
6.994231777297329700e+01 6.616359755262926967e+01
7.087863785110366166e+01 6.681465259052710337e+01
7.181710101709361993e+01 6.746200378173865886e+01
7.275721904194921308e+01 6.810523528047511377e+01
7.369872812610549317e+01 6.874417042803889899e+01
7.464142409954916957e+01 6.937869611630634381e+01
7.558510318251965998e+01 7.000870140351557325e+01
7.652958952730978126e+01 7.063423055473538170e+01
7.747475341873656873e+01 7.125558417432941383e+01
7.842046946127962315e+01 7.187308686923367418e+01
7.936660775168880377e+01 7.248708348960956016e+01
8.031298048056954997e+01 7.309817892941390483e+01
8.125935968854183500e+01 7.370715838738298942e+01
8.220551660969412922e+01 7.431481068420877989e+01
8.315121959201718482e+01 7.492193092381846498e+01
8.409622433397964869e+01 7.552934174902659947e+01
8.504028306944137228e+01 7.613787334534146112e+01
8.598314879455259074e+01 7.674835370172763760e+01
8.692463373402969751e+01 7.736144014461504526e+01
8.786465064671868674e+01 7.797750031911131430e+01
8.880312204703474777e+01 7.859687376040548656e+01
8.973997561740407036e+01 7.921988421575262862e+01
9.067520802299232230e+01 7.984664469466929404e+01
9.160886506302770727e+01 8.047711810533849075e+01
9.254099359119069845e+01 8.111126413466058693e+01
9.347165256207489392e+01 8.174900552601700099e+01
9.440095561142393876e+01 8.239009808380758670e+01
9.532903181298233619e+01 8.303425048094128158e+01
9.625600947510181982e+01 8.368117313632254195e+01
9.718195216331523056e+01 8.433072421844826749e+01
9.810681049187363101e+01 8.498301966194514989e+01
9.903052372062583686e+01 8.563820131332263941e+01
9.995302900506430888e+01 8.629641580544962665e+01
1.008742342987103484e+02 8.695787619109611910e+01
1.017940261897379912e+02 8.762284411852759547e+01
1.027122907774172518e+02 8.829158234802177674e+01
1.036289458513892043e+02 8.896427734557056510e+01
1.045440568474371617e+02 8.964076012039329555e+01
1.054577321666240977e+02 9.032075824318152968e+01
1.063700809588244738e+02 9.100399749184991549e+01
1.072812809573853627e+02 9.169003945027360203e+01
1.081916328877986331e+02 9.237815124979606196e+01
1.091014502790855119e+02 9.306756936913957645e+01
1.100110442932115689e+02 9.375753613779326656e+01
1.109206919246079224e+02 9.444737833880708422e+01
1.118306444907792496e+02 9.513648622214216743e+01
1.127411526838603066e+02 9.582425158351654204e+01
1.136524366672492334e+02 9.651014023958659038e+01
1.145645699474677599e+02 9.719397359589760299e+01
1.154775820461416487e+02 9.787567970516137450e+01
1.163915022005196676e+02 9.855518731013371792e+01
1.173063317804196117e+02 9.923249277578699434e+01
1.182220207801656784e+02 9.990771713322337177e+01
1.191385136575207611e+02 1.005809948483874336e+02
1.200557603716235775e+02 1.012524471147021359e+02
1.209737935303786287e+02 1.019219957286410931e+02
1.218927095350439913e+02 1.025894085799624520e+02
1.228126064377238862e+02 1.032544495756227292e+02
1.237335852249595831e+02 1.039168755220267286e+02
1.246557614193105792e+02 1.045764080523115922e+02
1.255792550360752671e+02 1.052327579283902423e+02
1.265041856039016892e+02 1.058856370864348548e+02
1.274306184942902149e+02 1.065348881416585698e+02
1.283585164283680626e+02 1.071806014005368866e+02
1.292878306790919964e+02 1.078228947935251085e+02
1.302185098785218997e+02 1.084618926208256937e+02
1.311504613410482989e+02 1.090978188393557105e+02
1.320835596270415806e+02 1.097309764075368719e+02
1.330176783977212835e+02 1.103616704525099692e+02
1.339526943304202007e+02 1.109901988067434928e+02
1.348884995098313482e+02 1.116168220389729271e+02
1.358249909276222240e+02 1.122417888500871328e+02
1.367620656907467946e+02 1.128653476625329262e+02
1.376996347777233893e+02 1.134877133967768970e+02
1.386376362017967381e+02 1.141090356802261283e+02
1.395760110955003483e+02 1.147294566067216124e+02
1.405147011117915383e+02 1.153491170134841326e+02
1.414536563882531368e+02 1.159681372506796890e+02
1.423928339701655830e+02 1.165866209890845084e+02
1.433321911036615859e+02 1.172046714144948396e+02
1.442716924288725693e+02 1.178223738630732100e+02
1.452113415404210457e+02 1.184397196320964127e+02
1.461511548154073807e+02 1.190566691610386982e+02
1.470911493111794357e+02 1.196731812471370233e+02
1.480314335215446420e+02 1.202889939437581717e+02
1.489722991951290396e+02 1.209034028945552279e+02
1.499140599491217074e+02 1.215156509485822056e+02
1.508570255573976624e+02 1.221249902337046365e+02
1.518014404571079297e+02 1.227308306185134370e+02
1.527474944575737368e+02 1.233327138581247340e+02
1.536953756881190714e+02 1.239301857636277617e+02
1.546452178539388740e+02 1.245229235380860473e+02
1.555968589205332080e+02 1.251113183660852712e+02
1.565500368790254697e+02 1.256960027926330952e+02
1.575044887914779963e+02 1.262776116056931528e+02
1.584598228386688561e+02 1.268570907406991779e+02
1.594153815485458381e+02 1.274360274768328338e+02
1.603704746704708270e+02 1.280160882279170096e+02
1.613244211963244652e+02 1.285989170943729505e+02
1.622767040698780932e+02 1.291857623619735307e+02
1.632269470065355961e+02 1.297775324639049472e+02
1.641747782943728851e+02 1.303751247939530913e+02
1.651199332240471733e+02 1.309791784187641213e+02
1.660627468766360266e+02 1.315888843825002539e+02
1.670037631896177004e+02 1.322029295052583393e+02
1.679435266221578900e+02 1.328199993476684995e+02
1.688826341398255124e+02 1.334386527084140823e+02
1.698217940288955958e+02 1.340571796336340071e+02
1.707617287743433963e+02 1.346738358906983422e+02
1.717031525088133037e+02 1.352868974112784031e+02
1.726466246538549285e+02 1.358950136325040319e+02
1.735925682196674984e+02 1.364971633174920100e+02
1.745414015422593650e+02 1.370923365138489771e+02
1.754935565413406948e+02 1.376794904752292723e+02
1.764495436895808211e+02 1.382573928116969171e+02
1.774099016321940780e+02 1.388247431187863015e+02
1.783751689079259961e+02 1.393802412490689449e+02
1.793458567066787168e+02 1.399226530809235953e+02
1.803224165706809003e+02 1.404508884946425837e+02
1.813052921797632848e+02 1.409638763519851068e+02
1.822949031293211988e+02 1.414606036596782133e+02
1.832912028211028428e+02 1.419411829154203701e+02
1.842937225562440062e+02 1.424067456578848407e+02
1.853019783973511210e+02 1.428584602148070815e+02
1.863154210725271867e+02 1.432976526454061457e+02
1.873331114728882483e+02 1.437265901588787642e+02
1.883539665080109273e+02 1.441478875666929866e+02
1.893769031244356995e+02 1.445641595910799140e+02
1.904008962809600689e+02 1.449778809003807396e+02
1.914250511085331539e+02 1.453912118997617426e+02
1.924484904663754321e+02 1.458062701945837034e+02
1.934703497923002260e+02 1.462251430227968854e+02
1.944900191617787755e+02 1.466493028726485477e+02
1.955071253976436196e+02 1.470796506736813285e+02
1.965213043173072265e+02 1.475170656406005207e+02
1.975322318668061712e+02 1.479623301090518908e+02
1.985398310807191251e+02 1.484156298902309459e+02
1.995441189618126430e+02 1.488769239360809422e+02
2.005451134043953516e+02 1.493461690461733440e+02
2.015430088213239230e+02 1.498228958666076949e+02
2.025384071805902693e+02 1.503056511183535235e+02
2.035319677858905436e+02 1.507928431017457171e+02
2.045243513949628209e+02 1.512828766067410982e+02
2.055162495754202894e+02 1.517740820414619805e+02
2.065083833092552368e+02 1.522647188012306287e+02
2.075014747532147226e+02 1.527530434452521888e+02
2.084961892852912797e+02 1.532374496087603859e+02
2.094928314482175153e+02 1.537172020602984048e+02
2.104915645031527163e+02 1.541919066522733033e+02
2.114925510195347442e+02 1.546611709070559471e+02
2.124958494209831770e+02 1.551248537773262512e+02
2.135012706794719861e+02 1.555834116170337040e+02
2.145085898144904206e+02 1.560373875771247754e+02
2.155175802901384259e+02 1.564873285635886475e+02
2.165279810438644574e+02 1.569338648371233944e+02
2.175394971655191796e+02 1.573777083737560645e+02
2.185518323253909898e+02 1.578195745766393259e+02
2.195646912233307262e+02 1.582601763633561518e+02
2.205777853133662916e+02 1.587002103455484416e+02
2.215908287718570762e+02 1.591403665626022530e+02
2.226035358608891954e+02 1.595813348469417292e+02
2.236156470109594920e+02 1.600237418548439337e+02
2.246269666457644121e+02 1.604680597492992149e+02
2.256373087893475144e+02 1.609147375160038962e+02
2.266464920489390522e+02 1.613642130758669850e+02
2.276544417120743731e+02 1.618166668008462921e+02
2.286611904552752890e+02 1.622720198030419283e+02
2.296667756799882056e+02 1.627301817875806478e+02
2.306712643146706796e+02 1.631909911750671824e+02
2.316749232801079756e+02 1.636538035618411584e+02
2.326781024664589950e+02 1.641177742384236637e+02
2.336811520261470037e+02 1.645820578621736558e+02
2.346844198626441198e+02 1.650458145198497562e+02
2.356882482183285958e+02 1.655082179651803926e+02
2.366929784588033669e+02 1.659684440685974494e+02
2.376989453310069962e+02 1.664256846793996942e+02
2.387063218825764181e+02 1.668795220234692351e+02
2.397151140188958323e+02 1.673299418437155737e+02
2.407253199377208261e+02 1.677769484909069604e+02
2.417369123348666164e+02 1.682206078829586886e+02
2.427496855354312402e+02 1.686614165629131321e+02
2.437633577077999689e+02 1.691000549324324425e+02
2.447776467731009973e+02 1.695372039901106973e+02
2.457922884137448989e+02 1.699735018550677239e+02
2.468070643393764385e+02 1.704094755269910877e+02
2.478217636176921133e+02 1.708456342416824896e+02
2.488361855202421680e+02 1.712824626006644451e+02
2.498503912360636434e+02 1.717198128807676483e+02
2.508647199561066827e+02 1.721568662028964241e+02
2.518795242956426250e+02 1.725927712787799635e+02
2.528951644197724136e+02 1.730266585932081682e+02
2.539120550357069419e+02 1.734575269543964566e+02
2.549306348136778411e+02 1.738843173185910018e+02
2.559513424328753217e+02 1.743059706204095392e+02
2.569745632140482030e+02 1.747215566131446280e+02
2.580005401074088809e+02 1.751304887629757445e+02
2.590294925744806278e+02 1.755322372427945936e+02
2.600616363671340991e+02 1.759262811813876795e+02
2.610970870849928929e+02 1.763123414964725839e+02
2.621358511701278644e+02 1.766904026354299901e+02
2.631779295497099156e+02 1.770604623597895682e+02
2.642233197204160433e+02 1.774225267130321697e+02
2.652719935760163708e+02 1.777766635495828211e+02
2.663239114366523381e+02 1.781229686651031159e+02
2.673790335985503361e+02 1.784615379129919006e+02
2.684373432065931979e+02 1.787924119851408875e+02
2.694988861840411687e+02 1.791154800131113234e+02
2.705637191416289511e+02 1.794306053266332697e+02
2.716319039967514755e+02 1.797376384440256629e+02
2.727036535237467660e+02 1.800360656827247681e+02
2.737793493367702808e+02 1.803249657447860841e+02
2.748593819675178338e+02 1.806033958034178113e+02
2.759441286425475255e+02 1.808704451532366022e+02
2.770338639785385908e+02 1.811254508107465995e+02
2.781288148736895778e+02 1.813678649949281407e+02
2.792292078091571170e+02 1.815971409315881715e+02
2.803351365627428891e+02 1.818130522208191451e+02
2.814463194042522218e+02 1.820162790193366220e+02
2.825624086479701305e+02 1.822076607145913556e+02
2.836830563532840301e+02 1.823880373094113736e+02
2.848079069404899428e+02 1.825582672490564846e+02
2.859365960502482835e+02 1.827192301747396641e+02
2.870687588388276481e+02 1.828718068971007824e+02
2.882040298413222104e+02 1.830168797264431078e+02
2.893420386414519498e+02 1.831553429268610103e+02
2.904824124543574158e+02 1.832880964807619648e+02
2.916247785132028412e+02 1.834160403270400934e+02
2.927688006107697447e+02 1.835399861418074465e+02
2.939142490966737569e+02 1.836604883500498602e+02
2.950609136280195912e+02 1.837780547643192506e+02
2.962085806950049687e+02 1.838932008427603648e+02
2.973569366060501693e+02 1.840066839038089483e+02
2.985055494309211781e+02 1.841195467193622051e+02
2.996539804299832213e+02 1.842328485006714516e+02
3.008018196562568392e+02 1.843475789473693567e+02
3.019488944349171788e+02 1.844641549334481283e+02
3.030951488319498139e+02 1.845827114956567812e+02
3.042405277027356760e+02 1.847033817649756031e+02
3.053849398501775454e+02 1.848263859107307496e+02
3.065281858315453292e+02 1.849522054302167930e+02
3.076700459730859620e+02 1.850813706627168926e+02
3.088103038065211194e+02 1.852144042088182232e+02
3.099488500395018491e+02 1.853515699236328089e+02
3.110857052819646924e+02 1.854928180505448836e+02
3.122208979473516592e+02 1.856380799936170263e+02
3.133544609296013164e+02 1.857872763400245901e+02
3.144864653048986725e+02 1.859402354967384383e+02
3.156170014691680876e+02 1.860967392286993913e+02
3.167461599812132818e+02 1.862565689076218121e+02
3.178740574526058253e+02 1.864194430082759482e+02
3.190008910839932810e+02 1.865848854461965232e+02
3.201268736106849246e+02 1.867523826329278336e+02
3.212522165864355657e+02 1.869214238325379256e+02
3.223770897513895761e+02 1.870915992560474592e+02
3.235016107980744664e+02 1.872626247684966643e+02
3.246258941598583192e+02 1.874342241032318270e+02
3.257500359486600701e+02 1.876061652254811918e+02
3.268739707702829946e+02 1.877786060106665502e+02
3.279975491986286329e+02 1.879519072051337787e+02
3.291206210839862933e+02 1.881264313021827661e+02
3.302430288308180479e+02 1.883025587709697106e+02
3.313645911117425840e+02 1.884807273745177554e+02
3.324851218816241953e+02 1.886613862655410117e+02
3.336044349022286042e+02 1.888449850629354785e+02
3.347223366918757392e+02 1.890319908728212681e+02
3.358386245089300246e+02 1.892228931568287464e+02
3.369530950077137277e+02 1.894181828348754664e+02
3.380655485717190913e+02 1.896183418238623517e+02
3.391758195990274771e+02 1.898237699221702997e+02
3.402837606842671221e+02 1.900348229978093286e+02
3.413892245927090130e+02 1.902518565068217242e+02
3.424920583901013629e+02 1.904752396651124684e+02
3.435920904224570904e+02 1.907053868820144089e+02
3.446891451983071875e+02 1.909427218313605863e+02
3.457830483354634339e+02 1.911876655089432973e+02
3.468736696280138858e+02 1.914405322596533665e+02
3.479609368732859025e+02 1.917014963962546403e+02
3.490447818077228703e+02 1.919707227216480874e+02
3.501251533303284305e+02 1.922483346046513475e+02
3.512021623702664783e+02 1.925340642386716468e+02
3.522760089700638559e+02 1.928274286784279070e+02
3.533468940980902744e+02 1.931279427434564582e+02
3.544150299787564791e+02 1.934350940787689410e+02
3.554806669371289445e+02 1.937482783461256304e+02
3.565440633519011726e+02 1.940668717640842829e+02
3.576054745192786299e+02 1.943902579929875571e+02
3.586650251929350475e+02 1.947181358507191362e+02
3.597226640767315189e+02 1.950506291769987683e+02
3.607783274346322173e+02 1.953878918441123460e+02
3.618319332653254037e+02 1.957301218206632711e+02
3.628832210237545155e+02 1.960779481183762130e+02
3.639318292230379370e+02 1.964322434443204770e+02
3.649773952361114198e+02 1.967938832582125883e+02
3.660196055728409874e+02 1.971636243928577699e+02
3.670583181701201738e+02 1.975418098200726433e+02
3.680934283263852649e+02 1.979286923130315472e+02
3.691248337050778332e+02 1.983245189352818443e+02
3.701525386664825419e+02 1.987292791614844703e+02
3.711766953722460585e+02 1.991426056423543969e+02
3.721974668445781731e+02 1.995641048088956495e+02
3.732150444922002634e+02 1.999933145610011138e+02
3.742299071233888981e+02 2.004290789545493396e+02
3.752427005593862646e+02 2.008698388403893205e+02
3.762540726854576860e+02 2.013140300863767038e+02
3.772647140578733911e+02 2.017599855429388924e+02
3.782754686813829039e+02 2.022056676012766729e+02
3.792872150412206338e+02 2.026489554089255023e+02
3.803008261866591511e+02 2.030877412369507056e+02
3.813169134221280956e+02 2.035205492623280463e+02
3.823357155975121486e+02 2.039468028439442833e+02
3.833574431174992583e+02 2.043659940132432666e+02
3.843822557216868177e+02 2.047777371175940289e+02
3.854097816571236308e+02 2.051829296364306288e+02
3.864393317330503237e+02 2.055832354091886032e+02
3.874702125023966346e+02 2.059803285509119064e+02
3.885017095277236194e+02 2.063759338504345351e+02
3.895330305614073723e+02 2.067719639416511654e+02
3.905633653299638581e+02 2.071703749754927628e+02
3.915919062285857990e+02 2.075731166601223947e+02
3.926179830711050727e+02 2.079818069450422797e+02
3.936411265510272415e+02 2.083975788122745314e+02
3.946608832990904716e+02 2.088215267678742748e+02
3.956768252823885064e+02 2.092546841515362530e+02
3.966887999626767964e+02 2.096974192110219235e+02
3.976968238978274144e+02 2.101496919667146415e+02
3.987009161002650899e+02 2.106114565132816381e+02
3.997011867182701508e+02 2.110824469339390816e+02
4.006980941683633546e+02 2.115615565560800633e+02
4.016921800454232425e+02 2.120474779058756098e+02
4.026839861461671148e+02 2.125389030229947593e+02
4.036740654057659299e+02 2.130344970995459448e+02
4.046629874872110122e+02 2.135328850077526397e+02
4.056513234314868441e+02 2.140326882983939072e+02
4.066396391872616505e+02 2.145325408246976338e+02
4.076284432863209304e+02 2.150312151524592821e+02
4.086182080459510075e+02 2.155275713375259841e+02
4.096094052160218553e+02 2.160204708065585635e+02
4.106024879510274559e+02 2.165088199044203634e+02
4.115978361480562739e+02 2.169917019334641282e+02
4.125958116666348587e+02 2.174682437668128046e+02
4.135967746372878651e+02 2.179375764514432205e+02
4.146009827031167561e+02 2.183990784415340158e+02
4.156085353678620322e+02 2.188525099436327253e+02
4.166195186152367569e+02 2.192976638019721349e+02
4.176340002778226790e+02 2.197343766526670947e+02
4.186518358803382398e+02 2.201629973512105494e+02
4.196727433543949246e+02 2.205842067137408264e+02
4.206964383103557452e+02 2.209986911566992660e+02
4.217225971377866358e+02 2.214072315299370644e+02
4.227507369356577556e+02 2.218109922133427574e+02
4.237803343692330031e+02 2.222112349405819316e+02
4.248108659921298340e+02 2.226092216988325276e+02
4.258418012326102371e+02 2.230062306545900128e+02
4.268725982219213506e+02 2.234035656261192742e+02
4.279027140893758769e+02 2.238025327067464900e+02
4.289316274548467049e+02 2.242043859426881909e+02
4.299590778177462767e+02 2.246097475666644527e+02
4.309849783877863274e+02 2.250188191095206776e+02
4.320092455224653918e+02 2.254317944786053260e+02
4.330318588888313798e+02 2.258487144296356632e+02
4.340530632313637511e+02 2.262689784716060615e+02
4.350731726607820065e+02 2.266918183101859370e+02
4.360925023281364474e+02 2.271164631615252176e+02
4.371114390465561428e+02 2.275419707542567949e+02
4.381304863824138351e+02 2.279671194262371046e+02
4.391501586395012282e+02 2.283906618206537189e+02
4.401709732070704604e+02 2.288113439303764665e+02
4.411934863648265264e+02 2.292278279248346848e+02
4.422182809968244328e+02 2.296387186311545179e+02
4.432459405037772058e+02 2.300426197628719081e+02
4.442770395062533453e+02 2.304381625227927088e+02
4.453121147245684597e+02 2.308240967735382583e+02
4.463516926549233403e+02 2.311992043878484822e+02
4.473963006238270737e+02 2.315622655363952447e+02
4.484465278987635770e+02 2.319119334030561959e+02
4.495030674562477770e+02 2.322466485551496760e+02
4.505666221589669362e+02 2.325648312920945102e+02
4.516378803970202966e+02 2.328649396382567716e+02
4.527173410599218641e+02 2.331459255793658372e+02
4.538053698644228007e+02 2.334070882356977847e+02
4.549023297615193542e+02 2.336477339368782680e+02
4.560084851010179818e+02 2.338674077397531903e+02
4.571236614279189325e+02 2.340667171087532097e+02
4.582475622642324993e+02 2.342465649429719861e+02
4.593798913925991769e+02 2.344078527259377154e+02
4.605203741018758592e+02 2.345513663364112062e+02
4.616687726892840828e+02 2.346776927179464565e+02
4.628248531073691083e+02 2.347873991652273276e+02
4.639883604723581811e+02 2.348810795028294649e+02
4.651587563391039453e+02 2.349596886005235206e+02
4.663352975613470335e+02 2.350244419642592391e+02
4.675172364554928777e+02 2.350765608771584994e+02
4.687037843999552820e+02 2.351172022159476285e+02
4.698939649361944362e+02 2.351472273396616117e+02
4.710867477650874662e+02 2.351674129017175119e+02
4.722811022989541243e+02 2.351785305648346593e+02
4.734759728915518622e+02 2.351809123650255060e+02
4.746702595735880550e+02 2.351741127359713346e+02
4.758628578414593449e+02 2.351576065615407742e+02
4.770526652414035880e+02 2.351308287047319254e+02
4.782386083290800798e+02 2.350926476518999948e+02
4.794196351708958446e+02 2.350415119159889059e+02
4.805946943411896655e+02 2.349758600931507999e+02
4.817628056702666299e+02 2.348941976489976184e+02
4.829233260911021830e+02 2.347953463998189818e+02
4.840757121265936576e+02 2.346782216210853846e+02
4.852194229871850553e+02 2.345417439323568942e+02
4.863541756076276101e+02 2.343853479209117836e+02
4.874801555292827970e+02 2.342094026946152781e+02
4.885975979292640545e+02 2.340143763476264382e+02
4.897067495602655640e+02 2.338007623808758808e+02
4.908080276246788571e+02 2.335694284084023593e+02
4.919019791423478978e+02 2.333215269752897427e+02
4.929891543928772535e+02 2.330582177813378735e+02
4.940700921946727249e+02 2.327806377889763212e+02
4.951452754569313583e+02 2.324898130448065672e+02
4.962151700663972633e+02 2.321867358253307145e+02
4.972802412628855109e+02 2.318723970312697134e+02
4.983408862711355027e+02 2.315476428590681621e+02
4.993973751761140534e+02 2.312130490111862287e+02
5.004499641238914478e+02 2.308691615346320702e+02
5.014989082237490834e+02 2.305165255734073924e+02
5.025444466910028041e+02 2.301556724284418749e+02
5.035868063081798027e+02 2.297871225721535211e+02
5.046262135263692699e+02 2.294113961882895580e+02
5.056628764514883869e+02 2.290289724286632804e+02
5.066969109072508672e+02 2.286401240410546052e+02
5.077284037639805092e+02 2.282450590143182296e+02
5.087574409884771853e+02 2.278439831826543696e+02
5.097840044354708198e+02 2.274368539244784984e+02
5.108078758602544553e+02 2.270231510956458578e+02
5.118288143186005641e+02 2.266023003812771321e+02
5.128465714288328172e+02 2.261737095282798293e+02
5.138607800358961413e+02 2.257364998167324472e+02
5.148709775654988334e+02 2.252895623872133513e+02
5.158766987470256709e+02 2.248317818770993028e+02
5.168775431242883087e+02 2.243621990663462213e+02
5.178734464785319460e+02 2.238806647548743456e+02
5.188644532895516477e+02 2.233872916051685138e+02
5.198506093927344409e+02 2.228821955456994033e+02
5.208321284204602080e+02 2.223658967747253428e+02
5.218095556279174616e+02 2.218397144624070734e+02
5.227834751845797427e+02 2.213050615342770584e+02
5.237544731504259516e+02 2.207633554226841284e+02
5.247231670560379371e+02 2.202160885834072701e+02
5.256902003968299368e+02 2.196648153703347646e+02
5.266562174447860798e+02 2.191110919886360762e+02
5.276218393877232984e+02 2.185564188019411631e+02
5.285875639021363668e+02 2.180019973949709993e+02
5.295538475276251802e+02 2.174489298406258513e+02
5.305211466193280785e+02 2.168983177657304964e+02
5.314898951039261874e+02 2.163512085625949339e+02
5.324604813229436786e+02 2.158085393935250238e+02
5.334332880862064030e+02 2.152712340445642951e+02
5.344086882661855498e+02 2.147401923119645062e+02
5.353868821827995816e+02 2.142158974324733265e+02
5.363679239548657733e+02 2.136984796984314130e+02
5.373518630795484796e+02 2.131880582450389738e+02
5.383387122485482905e+02 2.126846633674392706e+02
5.393282810264929594e+02 2.121878350580212498e+02
5.403203092851737210e+02 2.116969450864498867e+02
5.413145364532778103e+02 2.112113641529006145e+02
5.423106409441251117e+02 2.107303156905885260e+02
5.433081736220600533e+02 2.102527152799578118e+02
5.443066693497675033e+02 2.097774398797742208e+02
5.453056716689949326e+02 2.093033874041419153e+02
5.463048814301868106e+02 2.088298355842846092e+02
5.473041363568423776e+02 2.083563926273036486e+02
5.483032787395706009e+02 2.078826777674483708e+02
5.493022073630826299e+02 2.074084466317156910e+02
5.503011426529018308e+02 2.069342313790247943e+02
5.513004187014120134e+02 2.064608385922556408e+02
5.523003701535441223e+02 2.059890761882761581e+02
5.533014077389298109e+02 2.055199357708948469e+02
5.543041057934561877e+02 2.050548039291443558e+02
5.553090598673790055e+02 2.045951184686925330e+02
5.563168629119695652e+02 2.041423109206189963e+02
5.573280586707599014e+02 2.036976940163910967e+02
5.583431469205851272e+02 2.032624743410311510e+02
5.593626258916734741e+02 2.028378547456721037e+02
5.603869430025242764e+02 2.024249154105365562e+02
5.614162472028048114e+02 2.020240159451485056e+02
5.624505788122354488e+02 2.016352537019768647e+02
5.634899774767458211e+02 2.012587244068117798e+02
5.645343772180058295e+02 2.008942687853011364e+02
5.655834783981931650e+02 2.005411634578024973e+02
5.666369500718168410e+02 2.001986094610905695e+02
5.676944450982203989e+02 1.998657687333745798e+02
5.687552957825424755e+02 1.995410293269724775e+02
5.698185403208724438e+02 1.992220692525324353e+02
5.708832060154607007e+02 1.989065402206624924e+02
5.719483351514396645e+02 1.985921301137132104e+02
5.730130608287580571e+02 1.982767460595793523e+02
5.740765501834591760e+02 1.979583773562502813e+02
5.751379714323295502e+02 1.976350159108484945e+02
5.761967301208449044e+02 1.973052265901870612e+02
5.772527719771072725e+02 1.969688783717267881e+02
5.783061175023982514e+02 1.966260207505785615e+02
5.793568006089932396e+02 1.962767355982313688e+02
5.804051329351137838e+02 1.959217752629224378e+02
5.814516877764683613e+02 1.955625237776973222e+02
5.824970486224891602e+02 1.952003897849519376e+02
5.835418045943880543e+02 1.948367955178448767e+02
5.845865800421631775e+02 1.944732482245942151e+02
5.856320129101203520e+02 1.941112879595705465e+02
5.866787410558924876e+02 1.937524545677923697e+02
5.877273714473843711e+02 1.933982132992644551e+02
5.887784387040103411e+02 1.930498546910120865e+02
5.898324671014082696e+02 1.927086443010733490e+02
5.908899696649431235e+02 1.923758205254744666e+02
5.919512154544158875e+02 1.920520327438291304e+02
5.930162375087496685e+02 1.917373605005292916e+02
5.940850592060769486e+02 1.914318600155120862e+02
5.951576770121353093e+02 1.911355225402668054e+02
5.962339136267765980e+02 1.908479198430022734e+02
5.973135227188598719e+02 1.905684570461725684e+02
5.983962576907821358e+02 1.902965386292223968e+02
5.994818437110379818e+02 1.900315009901086398e+02
6.005699378921194693e+02 1.897725164207490138e+02
6.016601872986817625e+02 1.895187329843278121e+02
6.027522371415323050e+02 1.892692942850250688e+02
6.038456904968836625e+02 1.890232425819302478e+02
6.049401085844070849e+02 1.887795194578377220e+02
6.060350508255388604e+02 1.885370621702991798e+02
6.071300870838268793e+02 1.882948333145740776e+02
6.082248568269849329e+02 1.880519643799163418e+02
6.093190279856021334e+02 1.878076559205346996e+02
6.104122685645216961e+02 1.875611086720735159e+02
6.115042426466548022e+02 1.873115143092898052e+02
6.125946045844953005e+02 1.870580420266379349e+02
6.136830072472948814e+02 1.867998575918232973e+02
6.147691088886450643e+02 1.865361397844613407e+02
6.158526961446382302e+02 1.862663776361117129e+02
6.169336866094890865e+02 1.859903766545808139e+02
6.180120037769389683e+02 1.857079566045992749e+02
6.190876132356735297e+02 1.854190386245193736e+02
6.201607703029882259e+02 1.851242415810971522e+02
6.212318522352463788e+02 1.848244779964209386e+02
6.223012368080077295e+02 1.845206616378160334e+02
6.233693424380994657e+02 1.842138019569907783e+02
6.244366913407581023e+02 1.839051527850051571e+02
6.255038220642816214e+02 1.835960064069083444e+02
6.265712672429543773e+02 1.832876404554710916e+02
6.276394114316358355e+02 1.829809656888981806e+02
6.287084840804818668e+02 1.826765085853314190e+02
6.297787073196329857e+02 1.823747774871899878e+02
6.308502596716612061e+02 1.820761727456714709e+02
6.319230096866951953e+02 1.817803270859836573e+02
6.329966916609143937e+02 1.814865407624267277e+02
6.340710392319460880e+02 1.811941123924058274e+02
6.351457246205335423e+02 1.809021853923292156e+02
6.362202585522503568e+02 1.806094950789208440e+02
6.372941255249119195e+02 1.803147104911290057e+02
6.383668103845050155e+02 1.800165016429105549e+02
6.394378071413136695e+02 1.797135642115282508e+02
6.405066196624361510e+02 1.794046214768512471e+02
6.415727523018783813e+02 1.790883980822621595e+02
6.426357175231773908e+02 1.787636470445572456e+02
6.436950873351678410e+02 1.784293297160334077e+02
6.447504602835222158e+02 1.780845002953652170e+02
6.458014349730517552e+02 1.777282133587265776e+02
6.468475706231944287e+02 1.773594926290840021e+02
6.478883198155831451e+02 1.769772782928516222e+02
6.489231172599493220e+02 1.765804965361834888e+02
6.499513902245395229e+02 1.761680635023238040e+02
6.509723598516964103e+02 1.757386171502935497e+02
6.519850196257506241e+02 1.752904881954997336e+02
6.529883512697936112e+02 1.748219914805700625e+02
6.539813276677821250e+02 1.743314711662273737e+02
6.549628546460302232e+02 1.738174938334018691e+02
6.559318072844909011e+02 1.732787280441255007e+02
6.568870606658435918e+02 1.727138433996927347e+02
6.578276166435920231e+02 1.721219033538865801e+02
6.587528305438629559e+02 1.715030695317252594e+02
6.596621188167267746e+02 1.708576934585279332e+02
6.605549080089471090e+02 1.701861423226341685e+02
6.614309193286476329e+02 1.694892404211897770e+02
6.622902081744853149e+02 1.687683304818352212e+02
6.631328479869373496e+02 1.680247832205265865e+02
6.639589850718494972e+02 1.672599715907865061e+02
6.647693370144236269e+02 1.664752860891168211e+02
6.655648908539934610e+02 1.656721254864789046e+02
6.663466353588228230e+02 1.648518886988464089e+02
6.671156994958735140e+02 1.640160692516478207e+02
6.678736148524531018e+02 1.631664323682089446e+02
6.686219848433185007e+02 1.623047917427467155e+02
6.693624200423712409e+02 1.614329616292325227e+02
6.700967514208041393e+02 1.605527735139155538e+02
6.708270666389717007e+02 1.596660789528878581e+02
6.715554678276599816e+02 1.587747306336457598e+02
6.722840281307982195e+02 1.578805388092619069e+02
6.730145857694205915e+02 1.569849698246044909e+02
6.737488649918827832e+02 1.560893231777174890e+02
6.744885889768273728e+02 1.551948970757194957e+02
6.752350765600140221e+02 1.543027480180969633e+02
6.759884504683146815e+02 1.534132174957123880e+02
6.767486133121080911e+02 1.525265154184391463e+02
6.775154569419930795e+02 1.516428446269356698e+02
6.782885233369356683e+02 1.507621780948956030e+02
6.790669360176453893e+02 1.498842138673815896e+02
6.798497938897851327e+02 1.490086338172793319e+02
6.806362445616160812e+02 1.481351335273002690e+02
6.814258437608409622e+02 1.472635234661487118e+02
6.822183508496267450e+02 1.463936714258155121e+02
6.830135267807775108e+02 1.455254456555852869e+02
6.838112896474137870e+02 1.446587748388298564e+02
6.846120364264136242e+02 1.437937718312778088e+02
6.854162549921547907e+02 1.429305844466340147e+02
6.862244231103907168e+02 1.420693564122574912e+02
6.870366708918484164e+02 1.412100909182348971e+02
6.878527014275852025e+02 1.403526185347421062e+02
6.886721916164332242e+02 1.394967592439189730e+02
6.894947677097736687e+02 1.386423130319658412e+02
6.903196169999316680e+02 1.377889065812241540e+02
6.911457015485916600e+02 1.369360776515300415e+02
6.919719815583869149e+02 1.360833632691168589e+02
6.927973678012922392e+02 1.352302817997760371e+02
6.936206158424511159e+02 1.343762930175613803e+02
6.944404508640348013e+02 1.335208452267285111e+02
6.952556018863083409e+02 1.326633883467815735e+02
6.960649377425679631e+02 1.318034311370681451e+02
6.968675036337299389e+02 1.309405565806547429e+02
6.976623560335791581e+02 1.300743524047573203e+02
6.984486312619163755e+02 1.292044395645400243e+02
6.992261815802853562e+02 1.283307369545879340e+02
6.999952369728007397e+02 1.274533206588730820e+02
7.007560308858397775e+02 1.265722682030006467e+02
7.015089982512848792e+02 1.256877437346320647e+02
7.022552258966592262e+02 1.248001916624857870e+02
7.029959322499571499e+02 1.239101129725680295e+02
7.037323394123530989e+02 1.230180106758562033e+02
7.044658114270707756e+02 1.221244660339358461e+02
7.051978962332182164e+02 1.212301616875455039e+02
7.059301540106234825e+02 1.203357870255563000e+02
7.066641354963468302e+02 1.194420335797775294e+02
7.074013038050366049e+02 1.185496127670171518e+02
7.081430745226206227e+02 1.176592467902337091e+02
7.088908627393052484e+02 1.167716579541532269e+02
7.096459520008087338e+02 1.158875417645246273e+02
7.104091872499303690e+02 1.150075043724617672e+02
7.111813221279674053e+02 1.141321333286273472e+02
7.119630995273042799e+02 1.132620130161952829e+02
7.127548210029799520e+02 1.123975977651007554e+02
7.135562008353452939e+02 1.115391688472404041e+02
7.143669126195832177e+02 1.106869955454104399e+02
7.151866093485671172e+02 1.098413384352053157e+02
7.160147461070595227e+02 1.090023744498593601e+02
7.168506676213484070e+02 1.081702338815509279e+02
7.176937174200147638e+02 1.073450465083900838e+02
7.185432338570178672e+02 1.065268700701482061e+02
7.193985375042157102e+02 1.057155147536217186e+02
7.202589451167641528e+02 1.049107376115020429e+02
7.211237725105002028e+02 1.041122881540781151e+02
7.219922944525831099e+02 1.033195862848773885e+02
7.228637296051941803e+02 1.025316014037679793e+02
7.237372925874708471e+02 1.017472704463647659e+02
7.246122166761064136e+02 1.009655445357582693e+02
7.254879207493604554e+02 1.001855159291543487e+02
7.263639300709036206e+02 9.940635778076473628e+01
7.272397711670259923e+02 9.862724420688604710e+01
7.281150280430283601e+02 9.784742620079208564e+01
7.289894882939454419e+02 9.706642705277126026e+01
7.298629845691255014e+02 9.628383031231452094e+01
7.307353492204291570e+02 9.549921712973176113e+01
7.316064007377547114e+02 9.471205686126731393e+01
7.324759381492235661e+02 9.392166190767437683e+01
7.333437590249311597e+02 9.312733291100086319e+01
7.342096879701019816e+02 9.232842970585961950e+01
7.350738281952501438e+02 9.152492212437680053e+01
7.359364470481029912e+02 9.071713937194097355e+01
7.367978139915717293e+02 8.990541528566298268e+01
7.376582928916431001e+02 8.909031342784878404e+01
7.385185922863502128e+02 8.827323610310449453e+01
7.393794993536326956e+02 8.745577698234269803e+01
7.402418024748516245e+02 8.663953432862855664e+01
7.411063499389579192e+02 8.582633500724958253e+01
7.419740764363659764e+02 8.501833558406811164e+01
7.428459233834510087e+02 8.421771829063527548e+01
7.437228137238226964e+02 8.342665375719904830e+01
7.446054731182506430e+02 8.264718871604469541e+01
7.454945077778338600e+02 8.188129488243694709e+01
7.463905222460215327e+02 8.113094292460306178e+01
7.472940236060426287e+02 8.039807819756462948e+01
7.482051521273384651e+02 7.968455078431674110e+01
7.491239617964303079e+02 7.899218835771326042e+01
7.500504999240871484e+02 7.832281452945323963e+01
7.509844580536320109e+02 7.767803648221395463e+01
7.519250006018647809e+02 7.705914072436787876e+01
7.528712493685839036e+02 7.646738783848630305e+01
7.538222576940878525e+02 7.590395978695407564e+01
7.547763209381863589e+02 7.536916805299641453e+01
7.557312628386025608e+02 7.486278250009532087e+01
7.566849000185311525e+02 7.438456482111037360e+01
7.576349660462087741e+02 7.393402058602670479e+01
7.585788722346527493e+02 7.350966160196541921e+01
7.595139517499490012e+02 7.310975868842594139e+01
7.604377536405849014e+02 7.273250770936181198e+01
7.613601704386742313e+02 7.237181880396721567e+01
7.623098846294116129e+02 7.201507813736346009e+01
7.633171556660240640e+02 7.164912434278038234e+01
7.644179206434426987e+02 7.125899369727706301e+01
7.657133151996447396e+02 7.080902532890483769e+01
7.673461598796723138e+02 7.025032557411239509e+01
7.694599531607627796e+02 6.953378556110914133e+01
