4.412930583433558240e+01 5.219119353244776960e+01
4.576229969836020217e+01 5.256411763111732682e+01
4.705979712121191483e+01 5.283137793633031976e+01
4.813636143160611880e+01 5.302869861925525186e+01
4.910340166870118850e+01 5.319060636631385819e+01
5.002605909887135738e+01 5.333406290954560802e+01
5.093432757206758765e+01 5.346268672435630265e+01
5.185727065668345404e+01 5.357975398474236783e+01
5.281405762908896406e+01 5.368681802549740212e+01
5.380239628745522396e+01 5.378169521105868256e+01
5.481718338647024780e+01 5.386171243416586663e+01
5.585336825651531711e+01 5.392463541654596071e+01
5.690627046374156350e+01 5.397132009477525827e+01
5.797136860385784729e+01 5.400394976367182664e+01
5.904417444267862436e+01 5.402471429096434008e+01
6.012132667948716858e+01 5.403585384501939615e+01
6.120085239750459039e+01 5.403967056467436691e+01
6.228086424589596248e+01 5.403847040435377380e+01
6.335978121184535894e+01 5.403432780327091223e+01
6.443715844154854722e+01 5.402845854752602861e+01
6.551281442385408127e+01 5.402187940179165082e+01
6.658658937846784909e+01 5.401557349406591868e+01
6.765861269727201943e+01 5.401007634964851434e+01
6.872921929833414367e+01 5.400560536477001250e+01
6.979874838620511923e+01 5.400237066462263158e+01
7.086752490376871094e+01 5.400051494933135388e+01
7.193584495065707074e+01 5.400004455640901568e+01
7.300400114700408949e+01 5.400094937329934908e+01
7.407226387429363967e+01 5.400320457393774376e+01
7.514075888586140195e+01 5.400668964356125201e+01
7.620955410040951961e+01 5.401124580292751887e+01
7.727871186782165580e+01 5.401670517087771373e+01
7.834813108065384313e+01 5.402262822632731343e+01
7.941752211855279597e+01 5.402826216989834052e+01
8.048658489098122004e+01 5.403283679620508906e+01
8.155492158006704528e+01 5.403536312022493604e+01
8.262179819580990170e+01 5.403409957715492595e+01
8.368640851889273335e+01 5.402714290430350275e+01
8.474794095652679005e+01 5.401257661889960815e+01
8.580551883932837143e+01 5.398832413353032678e+01
8.685822223951478804e+01 5.395220243434027196e+01
8.790513559762496243e+01 5.390203894855346789e+01
8.894590605518750692e+01 5.383701203675465052e+01
8.998124258647969498e+01 5.375884930914784832e+01
9.101197194350744724e+01 5.366956113688053165e+01
9.203910520545782958e+01 5.357160143500333049e+01
9.306476173875411462e+01 5.347009097455179472e+01
9.409147317562053559e+01 5.337114255595891166e+01
9.512171806447189226e+01 5.328074075866986448e+01
9.615654897771369747e+01 5.320142596423509929e+01
9.719547876555260757e+01 5.313201962210405327e+01
9.823794360949845839e+01 5.307115800194033994e+01
9.928308465375576475e+01 5.301676522915694534e+01
1.003291012570091141e+02 5.296449220089590426e+01
1.013740052658127553e+02 5.290953720819480566e+01
1.024159101634966333e+02 5.284734398048412629e+01
1.034540528664824421e+02 5.277606917871991499e+01
1.044883684221108524e+02 5.269555535097713062e+01
1.055188097301168568e+02 5.260568815346773874e+01
1.065459707786621664e+02 5.250790113058771169e+01
1.075715750488612059e+02 5.240635495254370824e+01
1.085974609946453029e+02 5.230548788785370107e+01
1.096251576959576823e+02 5.220899127899340897e+01
1.106544729413376160e+02 5.211640072999223605e+01
1.116846193707338131e+02 5.202581496912862491e+01
1.127148155348683645e+02 5.193534698643976100e+01
1.137444320408814633e+02 5.184347667970266826e+01
1.147729932281836085e+02 5.174905489821730953e+01
1.158000306787411660e+02 5.165094996800995375e+01
1.168256283766358337e+02 5.154936398649193308e+01
1.178515076626538018e+02 5.144845243839698412e+01
1.188796918241658318e+02 5.135309985656206777e+01
1.199120690984687343e+02 5.126786496131072113e+01
1.209491618257860353e+02 5.119401120369774105e+01
1.219906992397726810e+02 5.113088864045745652e+01
1.230363920152543074e+02 5.107780257839947780e+01
1.240853272107860619e+02 5.103255552132576156e+01
1.251355654598074523e+02 5.099047647318906229e+01
1.261850717194061531e+02 5.094666387514884320e+01
1.272319561945493973e+02 5.089656738930177937e+01
1.282750774349367475e+02 5.083744623489014458e+01
1.293135343100087766e+02 5.076714074342378780e+01
1.303465031389360433e+02 5.068367776173581518e+01
1.313747750949407589e+02 5.058897302349486580e+01
1.324006700747324885e+02 5.048862372983086289e+01
1.334265677420439147e+02 5.038837098447024232e+01
1.344546150850286210e+02 5.029337558930434682e+01
1.354863182177588499e+02 5.020719998163669118e+01
1.365230738637088166e+02 5.013313377441562579e+01
1.375661433469860810e+02 5.007413044648619405e+01
1.386155321237778821e+02 5.003002573657547458e+01
1.396705646718718299e+02 4.999896482850333967e+01
1.407305584733357477e+02 4.997907527578345821e+01
1.417948158341320095e+02 4.996843148063263129e+01
1.428626157125272016e+02 4.996502607459791534e+01
1.439332350787300072e+02 4.996684472644811592e+01
1.450059822318748672e+02 4.997201866539192139e+01
1.460803150254135687e+02 4.997937397983739771e+01
1.471557358892088132e+02 4.998794386909197129e+01
1.482317325706303563e+02 4.999677040997077881e+01
1.493075183512299020e+02 5.000506087978455838e+01
1.503820632400164072e+02 5.001216898116189213e+01
1.514543281326813826e+02 5.001745321228409580e+01
1.525229723257025398e+02 5.002015225441637369e+01
1.535858825656239333e+02 5.001919787638419734e+01
1.546408236465082382e+02 5.001347339870955722e+01
1.556855723372167404e+02 5.000186380805857311e+01
1.567180074688378397e+02 4.998326829178555641e+01
1.577360595207355516e+02 4.995659322345935749e+01
1.587376976262076198e+02 4.992075727107999228e+01
1.597227834487933080e+02 4.987528459506562939e+01
1.606939013604985860e+02 4.982057045384762262e+01
1.616538469384535688e+02 4.975707767841097962e+01
1.626058328996985836e+02 4.968541328879731367e+01
1.635549176770514066e+02 4.960682229726623405e+01
1.645066700247604103e+02 4.952272611436440997e+01
1.654665427316799367e+02 4.943464847796907691e+01
1.664380404355882206e+02 4.934583180342109898e+01
1.674230512619287197e+02 4.926094460866370639e+01
1.684234108353829527e+02 4.918469379909417682e+01
1.694399111496060186e+02 4.912038930000159809e+01
1.704708561194690901e+02 4.906801055254743460e+01
1.715141867957357533e+02 4.902705127647693928e+01
1.725678393572265179e+02 4.899688096959016548e+01
1.736297117592219479e+02 4.897589452832296786e+01
1.746976839174873248e+02 4.896202688813858828e+01
1.757696451767326948e+02 4.895322393500391911e+01
1.768438868055792454e+02 4.894800753906383761e+01
1.779192410109748437e+02 4.894567477171178638e+01
1.789945781094408801e+02 4.894557731794041189e+01
1.800688245182658989e+02 4.894739080818528976e+01
1.811411367871784819e+02 4.895211973804690331e+01
1.822107304677411435e+02 4.896110930034259923e+01
1.832768226106537099e+02 4.897573484029673097e+01
1.843386529989914777e+02 4.899782893070430845e+01
1.853954790706732183e+02 4.902957924501103548e+01
1.864465606274071376e+02 4.907317814906588893e+01
1.874915518998424204e+02 4.912985829759834644e+01
1.885309830068147505e+02 4.919872116391469064e+01
1.895655019423794272e+02 4.927858141133619796e+01
1.905959144682608155e+02 4.936785316195935991e+01
1.916241675039004235e+02 4.946205336185276735e+01
1.926527098766960648e+02 4.955542471104789826e+01
1.936839530359295054e+02 4.964229828219129104e+01
1.947188727204863881e+02 4.972041332596773344e+01
1.957566364259067200e+02 4.979180161283181860e+01
1.967962963463048141e+02 4.985876862292602141e+01
1.978364964372501618e+02 4.992459785376704673e+01
1.988743279666055059e+02 4.999629257792241788e+01
1.999065131198419181e+02 5.008174027891011804e+01
2.009298692366205898e+02 5.018859894488862494e+01
2.019425211651721099e+02 5.032137308073329507e+01
2.029435439346222552e+02 5.048227552024343368e+01
2.039320414926247622e+02 5.067344935765416380e+01
2.049082768190342563e+02 5.089424336593192777e+01
2.058749121028628224e+02 5.113822204287576056e+01
2.068349070617292114e+02 5.139823257186166927e+01
2.077911204125740312e+02 5.166736663964647391e+01
2.087457364544190170e+02 5.194034857014960949e+01
2.097006632649155335e+02 5.221257136654997311e+01
2.106577919348937655e+02 5.247946907487440171e+01
2.116185037104405069e+02 5.273770748446155210e+01
2.125835787694583701e+02 5.298540451635527404e+01
2.135537627246220893e+02 5.322076159834657005e+01
2.145296279772839227e+02 5.344239825505886898e+01
2.155111359886849129e+02 5.365040869603569718e+01
2.164981135907371765e+02 5.384521209858427682e+01
2.174903713924425972e+02 5.402726677268781685e+01
2.184875173322203068e+02 5.419751990747090531e+01
2.194890215817344483e+02 5.435725101109434121e+01
2.204943518683722914e+02 5.450774548635533279e+01
2.215029982530015218e+02 5.465023469594225958e+01
2.225144939219829325e+02 5.478584565219987468e+01
2.235283769818846622e+02 5.491569346209524838e+01
2.245441425944136142e+02 5.504099690179525339e+01
2.255610208958155738e+02 5.516361452081539340e+01
2.265781410223857506e+02 5.528564868327077164e+01
2.275946591349130017e+02 5.540913651079779356e+01
2.286104844878009885e+02 5.553429700899862098e+01
2.296263575420993561e+02 5.565934248722767563e+01
2.306430615867311076e+02 5.578238185993670584e+01
2.316611170884455078e+02 5.590215855857782401e+01
2.326801844483732680e+02 5.601949242333606094e+01
2.336997484151970070e+02 5.613562736236166018e+01
2.347193478518021266e+02 5.625167664161039482e+01
2.357391380789742357e+02 5.636726527795001829e+01
2.367596662208145233e+02 5.648107239895496434e+01
2.377814785072089023e+02 5.659177929115348604e+01
2.388044497727796909e+02 5.669968813310454436e+01
2.398272446675988192e+02 5.680802274818663022e+01
2.408484010491675065e+02 5.692031306421261405e+01
2.418663658094774860e+02 5.704030861920756479e+01
2.428790665150580139e+02 5.717301271403147211e+01
2.438842467260583362e+02 5.732387288033506678e+01
2.448796970615366320e+02 5.749822303947261304e+01
2.458643626209344859e+02 5.769860994962685652e+01
2.468383815793827125e+02 5.792470002846543053e+01
2.478019473375728694e+02 5.817602636731120214e+01
2.487556309559228964e+02 5.845121030601811185e+01
2.497011508118837924e+02 5.874610331538009689e+01
2.506404423507984802e+02 5.905603281780692271e+01
2.515754363823888582e+02 5.937633742697829575e+01
2.525080154355865716e+02 5.970247231557656420e+01
2.534400333619400101e+02 6.002996188893695972e+01
2.543733369023103421e+02 6.035434771910365725e+01
2.553092623741725617e+02 6.067240364920775875e+01
2.562482867542385634e+02 6.098297815454886006e+01
2.571908045106682152e+02 6.128511890369495063e+01
2.581370493562449155e+02 6.157826166309298088e+01
2.590864053277315975e+02 6.186389349891577183e+01
2.600379767759778815e+02 6.214417669897947150e+01
2.609908715430283337e+02 6.242126512262824178e+01
2.619442768928926171e+02 6.269712088801780681e+01
2.628974569422912282e+02 6.297352057483172416e+01
2.638496789487646197e+02 6.325223318015883933e+01
2.648002048767690439e+02 6.353504047966142565e+01
2.657482817519662603e+02 6.382376031426551322e+01
2.666931539833256579e+02 6.412021684212068351e+01
2.676341366080957869e+02 6.442606370969306795e+01
2.685712187822963983e+02 6.474132709739261315e+01
2.695047636546167382e+02 6.506513028780160823e+01
2.704351411714602023e+02 6.539658015236430799e+01
2.713628967123898974e+02 6.573436002890763064e+01
2.722888516810679107e+02 6.607648687334213378e+01
2.732138517112360887e+02 6.642091914492182525e+01
2.741386544295252747e+02 6.676582777073863895e+01
2.750635865440611951e+02 6.711042400658280371e+01
2.759888430812281399e+02 6.745423701590625853e+01
2.769145979912444773e+02 6.779684684457626531e+01
2.778406174420408092e+02 6.813881801293582896e+01
2.787662981407909797e+02 6.848160699935695561e+01
2.796910241498407572e+02 6.882670080955686842e+01
2.806145405558347647e+02 6.917471485959336519e+01
2.815375397788609462e+02 6.952397750053214054e+01
2.824608677454020835e+02 6.987244648626085564e+01
2.833853012973250429e+02 7.021824635566744632e+01
2.843110117515322486e+02 7.056096351407762768e+01
2.852378568405736701e+02 7.090094142634004015e+01
2.861656931229675820e+02 7.123852639168953260e+01
2.870944541787168873e+02 7.157387876426615492e+01
2.880241868951997048e+02 7.190688535180339613e+01
2.889549472295620376e+02 7.223741106581934446e+01
2.898868545810283308e+02 7.256516765445763895e+01
2.908203162453027630e+02 7.288917181932484368e+01
2.917558211413602862e+02 7.320824320518397599e+01
2.926938379608164382e+02 7.352125028958185737e+01
2.936344834451324459e+02 7.382791122626278479e+01
2.945775758006938645e+02 7.412866489076901644e+01
2.955229232206140182e+02 7.442397433262320305e+01
2.964701500048863636e+02 7.471474655243699203e+01
2.974184314628446373e+02 7.500297249508361119e+01
2.983668756630808616e+02 7.529080543668945324e+01
2.993146283561095515e+02 7.558030768001054867e+01
3.002611391516780941e+02 7.587280793735791917e+01
3.012060044506682175e+02 7.616928053136976473e+01
3.021488123670440018e+02 7.647071979164277877e+01
3.030887407349121645e+02 7.677911057749264501e+01
3.040244028175374638e+02 7.709780077931910114e+01
3.049543707914318702e+02 7.743023748237408199e+01
3.058776267417014196e+02 7.777887820153723908e+01
3.067948771923589675e+02 7.814201744151476703e+01
3.077072820634389245e+02 7.851685515257810266e+01
3.086160115349238708e+02 7.890056652831493977e+01
3.095223966614504434e+02 7.928993858076267998e+01
3.104278962290325694e+02 7.968145011328276439e+01
3.113339714841478667e+02 8.007157399387503460e+01
3.122418389246191737e+02 8.045737402553695006e+01
3.131521585780777741e+02 8.083725758437427089e+01
3.140655135388753365e+02 8.120981779855364380e+01
3.149824423800864110e+02 8.157375518266826475e+01
3.159031528532491393e+02 8.192856820106521809e+01
3.168277037347357918e+02 8.227411464988914247e+01
3.177561525539554168e+02 8.261025528829753739e+01
3.186885366735532443e+02 8.293689781478447287e+01
3.196248674894505939e+02 8.325401036693013168e+01
3.205651546851969442e+02 8.356156506795825578e+01
3.215094479654771362e+02 8.385943620154122868e+01
3.224579531345550549e+02 8.414711643516824324e+01
3.234109140500266903e+02 8.442400540745933313e+01
3.243685559641743339e+02 8.468954757495977503e+01
3.253308400400662777e+02 8.494382355282913011e+01
3.262975312191969124e+02 8.518738662999683697e+01
3.272683890757656400e+02 8.542080307007572060e+01
3.282430525231338834e+02 8.564493750827357132e+01
3.292209048090217038e+02 8.586128679292266952e+01
3.302012965942021765e+02 8.607142835375704237e+01
3.311836187344227369e+02 8.627685002613122833e+01
3.321675376934662722e+02 8.647842531659118492e+01
3.331528355396130792e+02 8.667677004988875922e+01
3.341393007968190432e+02 8.687248620674026256e+01
3.351269221991550467e+02 8.706574752665633810e+01
3.361159297653023259e+02 8.725621165128173118e+01
3.371065678806730261e+02 8.744350549195942790e+01
3.380991355597891470e+02 8.762712585111501085e+01
3.390941293981562126e+02 8.780609895700831657e+01
3.400920906454538226e+02 8.797934468606099756e+01
3.410935724960170887e+02 8.814573179310805529e+01
3.420992821263038195e+02 8.830347000930800050e+01
3.431100337443648414e+02 8.845031098437105754e+01
3.441266403929399758e+02 8.858400146753635340e+01
3.451494859756035680e+02 8.870285012394838020e+01
3.461781063734455302e+02 8.880627602153035127e+01
3.472119379704282096e+02 8.889382850999568575e+01
3.482501578118780685e+02 8.896545157257943970e+01
3.492903000733479075e+02 8.902358913427164566e+01
3.503292575631317618e+02 8.907166108347368549e+01
3.513639466521649410e+02 8.911303814470313966e+01
3.523920066435514968e+02 8.914960657876309824e+01
3.534118924695117130e+02 8.918157783949646955e+01
3.544221028926667145e+02 8.920907365061410133e+01
3.554221609912190729e+02 8.923169119856363807e+01
3.564150264326926276e+02 8.924726784187446071e+01
3.574043787879442107e+02 8.925327228694322912e+01
3.583938739120475248e+02 8.924747661286151867e+01
3.593868891425919969e+02 8.923121569902620820e+01
3.603866207795720129e+02 8.920814026078457459e+01
3.613962460656484836e+02 8.918192781555528370e+01
3.624173272522646130e+02 8.915498462767124010e+01
3.634484482061402559e+02 8.912737250241910658e+01
3.644878716842686117e+02 8.909890048102911919e+01
3.655337071435734515e+02 8.906897572862760626e+01
3.665831659195443990e+02 8.903465098515509624e+01
3.676331332759345969e+02 8.899212419355131942e+01
3.686805284714764639e+02 8.893763413309815746e+01
3.697231472415357985e+02 8.886848906506446610e+01
3.707597111801145502e+02 8.878312698891818400e+01
3.717889865197959693e+02 8.868004059419413920e+01
3.728103778929508394e+02 8.855897680892773849e+01
3.738252778798261033e+02 8.842358820274641573e+01
3.748354649058553605e+02 8.827828539986762735e+01
3.758426998097644969e+02 8.812741705767555800e+01
3.768485547583755988e+02 8.797466704739994725e+01
3.778544872887472934e+02 8.782331534187035516e+01
3.788619504076795579e+02 8.767662939153527191e+01
3.798721605026680095e+02 8.753732219094560207e+01
3.808859264527749247e+02 8.740715184445456032e+01
3.819040168455609887e+02 8.728778204374386007e+01
3.829268310033244802e+02 8.717999977450025995e+01
3.839527658446817213e+02 8.707983793505944448e+01
3.849795427286554172e+02 8.698172551673913233e+01
3.860049021492267798e+02 8.688013921416587948e+01
3.870270278883940591e+02 8.677065944013210697e+01
3.880445421838423954e+02 8.664995829384382375e+01
3.890560863191755629e+02 8.651475527229960960e+01
3.900606734557107416e+02 8.636267119826766248e+01
3.910583923011444085e+02 8.619393371292056827e+01
3.920495248750499400e+02 8.600923899041953291e+01
3.930343647787254895e+02 8.580931081703738528e+01
3.940133193923350632e+02 8.559514424043246095e+01
3.949868606757407861e+02 8.536788827339792363e+01
3.959554634162115576e+02 8.512869869015980839e+01
3.969197411856426925e+02 8.487906351204999567e+01
3.978805308883112275e+02 8.462100541283203370e+01
3.988386896333328195e+02 8.435659543617222766e+01
3.997950917338079080e+02 8.408794554078477290e+01
4.007506979103934555e+02 8.381737318248930535e+01
4.017064959530214878e+02 8.354726019409012849e+01
4.026634495915926095e+02 8.327993031656170331e+01
4.036220385255396081e+02 8.301653862867021871e+01
4.045822941813311218e+02 8.275715788129645034e+01
4.055442309550480786e+02 8.250181970960156264e+01
4.065077882761009960e+02 8.225037660717249821e+01
4.074727040422567939e+02 8.200219948430780903e+01
4.084386826331132170e+02 8.175657915574311119e+01
4.094054339541697800e+02 8.151282109420678523e+01
4.103727177300494304e+02 8.127036292251015936e+01
4.113403200862097151e+02 8.102871229425115018e+01
4.123080283391012131e+02 8.078737995929715510e+01
4.132756824321028830e+02 8.054601277597167552e+01
4.142432014789151822e+02 8.030446235994159565e+01
4.152105111304504135e+02 8.006259723399352879e+01
4.161775578347174473e+02 7.982033410006219754e+01
4.171443848342767069e+02 7.957781389710194730e+01
4.181110635104688527e+02 7.933524275116755575e+01
4.190776710469159525e+02 7.909283667791825678e+01
4.200443891476852514e+02 7.885098980682140279e+01
4.210114901452927825e+02 7.861025070773376910e+01
4.219792495056532289e+02 7.837117314306766502e+01
4.229479921197418548e+02 7.813433933290457389e+01
4.239181664767084499e+02 7.790040266195076413e+01
4.248902400706927551e+02 7.767002745749330472e+01
4.258646688041215498e+02 7.744382135673589573e+01
4.268418124900850898e+02 7.722192206524977109e+01
4.278219834298965338e+02 7.700423492893393984e+01
4.288054968667180447e+02 7.679067482716079951e+01
4.297928216562403350e+02 7.658168053861943747e+01
4.307846427846160395e+02 7.637842796026572501e+01
4.317816614798794035e+02 7.618214838239256892e+01
4.327844754505832725e+02 7.599427482517030796e+01
4.337932357833977335e+02 7.581711064715071302e+01
4.348079731441181366e+02 7.565319387274912799e+01
4.358286087467016046e+02 7.550500721724409914e+01
4.368532877856987966e+02 7.537413585132215132e+01
4.378787138834436519e+02 7.526143642021436619e+01
4.389015435014139825e+02 7.516773801259222409e+01
4.399170034388776571e+02 7.509218199126070203e+01
4.409169921069918132e+02 7.502998053444612481e+01
4.418929352658986431e+02 7.497578785266898649e+01
4.428391823551206130e+02 7.492404642280456528e+01
4.437724042338427353e+02 7.486758219852615071e+01
4.447195625083490995e+02 7.479847587484053406e+01
4.457085936098461616e+02 7.470857330757834802e+01
4.468042808500673573e+02 7.458047258330138618e+01
4.481199124742385607e+02 7.438459810040802722e+01
4.497720835348071091e+02 7.409054432027711812e+01
