4.642167005194816198e+01 2.177572139932964603e+02
4.790624680862451612e+01 2.162449838039160852e+02
4.905396848181221259e+01 2.150580625363735976e+02
4.997309868855303705e+01 2.140882144562142457e+02
5.076972526447048750e+01 2.132292916656613784e+02
5.150710734739156749e+01 2.124162438355623976e+02
5.220933689187124571e+01 2.116216046887005859e+02
5.289906279741916251e+01 2.108192929210688931e+02
5.359358476607712163e+01 2.099892939837511960e+02
5.429276317415409636e+01 2.091313720177748792e+02
5.499291035078658751e+01 2.082493151571824228e+02
5.569034985085602329e+01 2.073468634689496355e+02
5.638157139053694067e+01 2.064270455406810640e+02
5.706319167829777683e+01 2.054923461967759124e+02
5.773183138002868020e+01 2.045452358115121854e+02
5.838453324470663119e+01 2.035877940893132916e+02
5.901946644546913490e+01 2.026210581437558460e+02
5.963498603609136239e+01 2.016458930418125988e+02
6.022965772006351415e+01 2.006631811151535203e+02
6.080445586521199175e+01 1.996740021078227301e+02
6.136188996690999886e+01 1.986795615817997032e+02
6.190449580668299490e+01 1.976810671117905258e+02
6.243511284623582469e+01 1.966797231234596097e+02
6.295724778196190385e+01 1.956767271235151213e+02
6.347449601404331077e+01 1.946732756988421897e+02
6.399035734890031790e+01 1.936705285007219857e+02
6.450747042892677996e+01 1.926693124430998694e+02
6.502801782398702812e+01 1.916702782222045585e+02
6.555416897472255755e+01 1.906740716990301507e+02
6.608722777618129385e+01 1.896810272477666786e+02
6.662692375131766198e+01 1.886909126680229463e+02
6.717281958335864545e+01 1.877034357182340898e+02
6.772447447224755024e+01 1.867183108049237887e+02
6.828142254297964087e+01 1.857353001918940549e+02
6.884318693831615121e+01 1.847541871033029111e+02
6.940928878969226901e+01 1.837747542632891964e+02
6.997913873621513403e+01 1.827967512817193096e+02
7.055198027579888276e+01 1.818198776766644187e+02
7.112704299981527356e+01 1.808438287984400006e+02
7.170348200335692468e+01 1.798682692503764429e+02
7.228001963760291915e+01 1.788926850286199794e+02
7.285522239423048063e+01 1.779164978011406504e+02
7.342765799772649871e+01 1.769391296574088699e+02
7.399594669053365692e+01 1.759600211780651193e+02
7.455877500035599326e+01 1.749786362822829062e+02
7.511483369520489362e+01 1.739944403822157142e+02
7.566305715718297620e+01 1.730069989660105989e+02
7.620352865508488094e+01 1.720163494812853173e+02
7.673666982136271031e+01 1.710226683745109426e+02
7.726290331440608838e+01 1.700261324716647380e+02
7.778267662735989063e+01 1.690269277361431932e+02
7.829646345584637857e+01 1.680252497719860116e+02
7.880473874726703798e+01 1.670212946437756045e+02
7.930777952857333446e+01 1.660151763872078163e+02
7.980510301332313361e+01 1.650066941304143029e+02
8.029604411061711744e+01 1.639955714447480375e+02
8.077992775821471128e+01 1.629815277827442799e+02
8.125589397270260861e+01 1.619642062123696746e+02
8.172291960400131927e+01 1.609431824030600922e+02
8.217997600255627333e+01 1.599180297527568371e+02
8.262626144126247141e+01 1.588884157337021747e+02
8.306168466326310806e+01 1.578543023548487554e+02
8.348629308163927476e+01 1.568157091129716036e+02
8.390014377308227722e+01 1.557726595145801411e+02
8.430342939985393969e+01 1.547252333248834475e+02
8.469644257357262518e+01 1.536735517812089711e+02
8.507947886933615678e+01 1.526177373500893566e+02
8.545311432052112366e+01 1.515580286769442750e+02
8.581864454287813260e+01 1.504949624917412052e+02
8.617747894741928860e+01 1.494291226637474210e+02
8.653105750273874719e+01 1.483611057185023867e+02
8.688115285587167591e+01 1.472916459695720448e+02
8.722974203958582962e+01 1.462215623825568969e+02
8.757880638718548028e+01 1.451516757041950427e+02
8.793055017879794377e+01 1.440828990126465783e+02
8.828764918522537641e+01 1.430163406496938308e+02
8.865283913819114048e+01 1.419531337893954799e+02
8.902885449530977269e+01 1.408944110701282284e+02
8.941841875052566024e+01 1.398413005207403330e+02
8.982424980554195315e+01 1.387949278188970652e+02
9.024905173318771290e+01 1.377564129132339872e+02
9.069434748937065649e+01 1.367263864625015799e+02
9.115959010153281383e+01 1.357046216362028019e+02
9.164402331404534152e+01 1.346908049061665054e+02
9.214675805203295056e+01 1.336845677231824823e+02
9.266598987189659908e+01 1.326851623419558166e+02
9.319952862048612019e+01 1.316916812350751229e+02
9.374520141582962651e+01 1.307032240323574683e+02
9.430178893857674893e+01 1.297192855126043014e+02
9.486946270963986194e+01 1.287399368080783688e+02
9.544850425246680459e+01 1.277652946352432366e+02
9.603902807843928713e+01 1.267954067056005982e+02
9.664021849600692349e+01 1.258299363954398302e+02
9.725093786543972385e+01 1.248684140605900836e+02
9.787004859362231457e+01 1.239103701089582046e+02
9.849642517248956608e+01 1.229553410495486077e+02
9.912895680852540181e+01 1.220028708199569394e+02
9.976653359849628089e+01 1.210525038072352970e+02
1.004080625812040637e+02 1.201037916974819808e+02
1.010525274646804803e+02 1.191563192077896645e+02
1.016989336342666519e+02 1.182096803943701531e+02
1.023463035056986286e+02 1.172634762715249224e+02
1.029940640535395175e+02 1.163174731430022746e+02
1.036420541048121464e+02 1.153716055819363646e+02
1.042901309805574073e+02 1.144258157174710959e+02
1.049384728237804865e+02 1.134801747296357348e+02
1.055884398912398296e+02 1.125352293046395573e+02
1.062416646398016837e+02 1.115916356213974296e+02
1.068997824039181097e+02 1.106500497786665846e+02
1.075644788650422043e+02 1.097111264727431177e+02
1.082374825652120052e+02 1.087755192060030396e+02
1.089205230290929478e+02 1.078438812767494710e+02
1.096147558826103818e+02 1.069166189131511402e+02
1.103196108396912649e+02 1.059933953180319577e+02
1.110341944952950826e+02 1.050737345877129485e+02
1.117575905352889833e+02 1.041571531365242720e+02
1.124885776613068060e+02 1.032430651099648884e+02
1.132257177444821110e+02 1.023308119448511206e+02
1.139675691192386608e+02 1.014197341904242933e+02
1.147130752151852278e+02 1.005094063748545352e+02
1.154621296094146885e+02 9.959998032381963640e+01
1.162147698306317807e+02 9.869169532616324148e+01
1.169711235046503930e+02 9.778486515322441619e+01
1.177322528557707670e+02 9.688057620077432830e+01
1.184997735122835252e+02 9.598037235884484630e+01
1.192753088305448443e+02 9.508580553172640748e+01
1.200605537658555875e+02 9.419872151152388540e+01
1.208573490482078512e+02 9.332156444281353913e+01
1.216675531336184406e+02 9.245685122910288101e+01
1.224928570991768026e+02 9.160702404854248471e+01
1.233335755367327096e+02 9.077391055538586784e+01
1.241893469613118839e+02 8.995903657328710779e+01
1.250597987309529344e+02 8.916391137730323635e+01
1.259440627818315477e+02 8.838893791174407966e+01
1.268404343728826973e+02 8.763265072990654403e+01
1.277471281057306669e+02 8.689340426856573174e+01
1.286623657108232521e+02 8.616944512647474141e+01
1.295844159721525557e+02 8.545830812136544807e+01
1.305115667445327006e+02 8.475723958581498607e+01
1.314421197406468877e+02 8.406350966436377803e+01
1.323750227541965501e+02 8.337554145238698311e+01
1.333101323279933581e+02 8.269337973513273710e+01
1.342473732661385952e+02 8.201719111215557234e+01
1.351866456543829713e+02 8.134702932326239022e+01
1.361277175475464389e+02 8.068234527768616715e+01
1.370703130976401667e+02 8.002238943196755372e+01
1.380141499495007054e+02 7.936639544357439036e+01
1.389587428156581836e+02 7.871307490836721854e+01
1.399033680303502365e+02 7.806052617261278215e+01
1.408472883032889627e+02 7.740681253226095748e+01
1.417898088878716578e+02 7.675010942106092671e+01
1.427304197966998629e+02 7.608907926608371497e+01
1.436686611854435682e+02 7.542251666286043132e+01
1.446040965300165624e+02 7.474927390983100395e+01
1.455368087861322977e+02 7.406948868718389178e+01
1.464673911896622371e+02 7.338456129360123725e+01
1.473964584546164076e+02 7.269594517290940416e+01
1.483246083583622976e+02 7.200505879405197618e+01
1.492523787760295590e+02 7.131319692532056820e+01
1.501802943458100685e+02 7.062162700017084660e+01
1.511088470568600428e+02 6.993153787732084936e+01
1.520379892766013654e+02 6.924281973589936001e+01
1.529672301814512707e+02 6.855429615027321688e+01
1.538960658458873354e+02 6.786475916263437114e+01
1.548240195711597949e+02 6.717306590923247711e+01
1.557506933246689869e+02 6.647826160218528457e+01
1.566757031978257828e+02 6.577942522144572024e+01
1.575987447778833825e+02 6.507582748051058275e+01
1.585205187745402498e+02 6.436916331638168742e+01
1.594424150112776317e+02 6.366278971811903631e+01
1.603658363816448400e+02 6.296009519501412655e+01
1.612920751056234394e+02 6.226420045293431826e+01
1.622221607518752364e+02 6.157759064470425869e+01
1.631570847785724823e+02 6.090265870492662259e+01
1.640978237331409559e+02 6.024176161208460201e+01
1.650452066872541650e+02 5.959690071821164281e+01
1.659999785618000487e+02 5.896987445218511681e+01
1.669628834538929425e+02 5.836247926896573546e+01
1.679346852827889052e+02 5.777656099454125638e+01
1.689161868293413988e+02 5.721406224751457614e+01
1.699081953905837565e+02 5.667693689494230824e+01
1.709114721929180973e+02 5.616702825134560584e+01
1.719264161955819077e+02 5.568531032356256816e+01
1.729532550578955465e+02 5.523234606176241357e+01
1.739922084070183814e+02 5.480867906682978230e+01
1.750430139511414040e+02 5.441369135399545343e+01
1.761046249794592029e+02 5.404487422674898056e+01
1.771759227297650909e+02 5.369954532064055286e+01
1.782558720381065029e+02 5.337522207297445220e+01
1.793439663726493052e+02 5.307068536400336711e+01
1.804399052366977685e+02 5.278520850270985676e+01
1.815433910863386870e+02 5.251807115191818554e+01
1.826542331082889348e+02 5.226877786416973493e+01
1.837723852739225947e+02 5.203713826451014768e+01
1.848978118738720013e+02 5.182298372146269827e+01
1.860304288324006450e+02 5.162600923467093850e+01
1.871699042704869669e+02 5.144521112291521092e+01
1.883158271613500006e+02 5.127936254802709470e+01
1.894677733783478857e+02 5.112720340502698946e+01
1.906249380538848186e+02 5.098650698902373790e+01
1.917860848163984997e+02 5.085395112144102114e+01
1.929499540267190696e+02 5.072615455344136848e+01
1.941155271603808785e+02 5.060036905260247408e+01
1.952827906172350936e+02 5.047648468925266485e+01
1.964519925654490748e+02 5.035507877360310403e+01
1.976233542067132589e+02 5.023669736448904644e+01
1.987965324820082174e+02 5.012123258074531407e+01
1.999706495249994305e+02 5.000795673569840005e+01
2.011448063994897382e+02 4.989611780307778588e+01
2.023181132522123846e+02 4.978553713349131726e+01
2.034897110702628140e+02 4.967798293280307576e+01
2.046587473802385375e+02 4.957563622511026580e+01
2.058244129343544273e+02 4.948084553071569758e+01
2.069865741955985641e+02 4.939857770131506243e+01
2.081456329940638170e+02 4.933587409822018799e+01
2.093020056492576373e+02 4.929983069818145935e+01
2.104559657694219936e+02 4.929583939706236606e+01
2.116073907249643753e+02 4.932456071007555920e+01
2.127560896744853949e+02 4.938584065165690618e+01
2.139019180086439746e+02 4.947924592481911077e+01
2.150452867760881759e+02 4.960098621951308928e+01
2.161869743552894079e+02 4.974505199904523778e+01
2.173277647647469450e+02 4.990539834564743416e+01
2.184682315596263606e+02 5.007694348211257562e+01
2.196084677592429557e+02 5.025680470106172493e+01
2.207484996293264032e+02 5.044240477866382832e+01
2.218882256396548200e+02 5.063161397041120182e+01
2.230263383219300977e+02 5.082652514094419871e+01
2.241608672169431031e+02 5.103155262690884086e+01
2.252898392914218846e+02 5.125112790288160625e+01
2.264117517300851432e+02 5.148892586238999058e+01
2.275259895913814603e+02 5.174719280955882539e+01
2.286320364924397666e+02 5.202801646753315623e+01
2.297294784104738881e+02 5.233318307146591053e+01
2.308186712807836898e+02 5.266221104755363314e+01
2.319003214716034336e+02 5.301358666847585255e+01
2.329751250940139187e+02 5.338579947285408167e+01
2.340430322869594022e+02 5.377786499911628937e+01
2.351028227351856685e+02 5.418962409624971599e+01
2.361531737613788948e+02 5.462098979076836258e+01
2.371926479005604733e+02 5.507148716405701805e+01
2.382191120822271841e+02 5.553829037611422592e+01
2.392301725851036736e+02 5.601769267174657330e+01
2.402234245952624860e+02 5.650596719507026933e+01
2.411960431471411823e+02 5.699865417884043950e+01
2.421446535336393708e+02 5.749033488817865134e+01
2.430658439074889259e+02 5.797552580099966946e+01
2.439605138905653234e+02 5.845166426393012671e+01
2.448507547944611815e+02 5.893054424807541380e+01
2.457651580979611197e+02 5.942836335920465274e+01
2.467338918570643500e+02 5.996227262182566164e+01
2.478299106500453775e+02 6.057529438001078148e+01
2.491729554431499309e+02 6.133874085815212140e+01
2.508851440424250541e+02 6.232536146176313707e+01
