4.976504865244257303e+01 3.115134447080198470e+02
5.187242720380355365e+01 3.107950757163162052e+02
5.347090220928487980e+01 3.102536291688138590e+02
5.473120784252486715e+01 3.098315890836016706e+02
5.581887352607996888e+01 3.094732464386566448e+02
5.682656771590677636e+01 3.091481877240682934e+02
5.779333066128509699e+01 3.088446178070203132e+02
5.875687347374059755e+01 3.085512003777851078e+02
5.974285040251201906e+01 3.082604113215769530e+02
6.075244704102743043e+01 3.079724631373076136e+02
6.178388501783369691e+01 3.076885054841265514e+02
6.283535107663148267e+01 3.074096729678884117e+02
6.390481256650728881e+01 3.071370055226289537e+02
6.499015175458791305e+01 3.068715063683389417e+02
6.608926131094294476e+01 3.066141735811082185e+02
6.720031826266000508e+01 3.063658692807993589e+02
6.832180868936508489e+01 3.061273078236729930e+02
6.945223427906108782e+01 3.058991961113839011e+02
7.059023868825212844e+01 3.056821898017520880e+02
7.173490626288604233e+01 3.054767854847995068e+02
7.288540660507307223e+01 3.052834489771534550e+02
7.404092358601926094e+01 3.051026281876792723e+02
7.520078729456233191e+01 3.049345875216322383e+02
7.636441358618777997e+01 3.047794837468422884e+02
7.753122240288517730e+01 3.046374794483491542e+02
7.870083333225552735e+01 3.045092158165335832e+02
7.987318738593538114e+01 3.043961045834321908e+02
8.104825467330448419e+01 3.042996272363603794e+02
8.222594264547176124e+01 3.042211474015738872e+02
8.340585508704522510e+01 3.041614575045100537e+02
8.458750391659283707e+01 3.041211771693352262e+02
8.577039410725838309e+01 3.041008859963836244e+02
8.695390504802203679e+01 3.041004384944234289e+02
8.813730682720790810e+01 3.041190580975588773e+02
8.931986648174436993e+01 3.041559459080335728e+02
9.050104290191596590e+01 3.042098978209183429e+02
9.168076055750016451e+01 3.042787263961275244e+02
9.285901317377863506e+01 3.043600979212995412e+02
9.403581325001793800e+01 3.044517046634219355e+02
9.521131786885183601e+01 3.045514389632399457e+02
9.638575127013365318e+01 3.046572860933324591e+02
9.755933240013867191e+01 3.047672546942741292e+02
9.873206544550863839e+01 3.048802199614285655e+02
9.990367871767783470e+01 3.049961702461955042e+02
1.010738824006344316e+02 3.051151670461494518e+02
1.022424631544535032e+02 3.052371798001267393e+02
1.034094946375306279e+02 3.053618324703020335e+02
1.045751178200527107e+02 3.054886679917098604e+02
1.057394698124334695e+02 3.056172483876130173e+02
1.069026379007015919e+02 3.057473820841365182e+02
1.080646747055463521e+02 3.058790489423139434e+02
1.092256320654484654e+02 3.060122327103984503e+02
1.103855526452142470e+02 3.061469646710016832e+02
1.115444615511372319e+02 3.062833670880152681e+02
1.127023819077140132e+02 3.064215724942195607e+02
1.138593607396370402e+02 3.065616586004865098e+02
1.150155857894164342e+02 3.067033803412822408e+02
1.161712961270199003e+02 3.068463749169257540e+02
1.173267294263824141e+02 3.069902831100361027e+02
1.184820877780048534e+02 3.071348365190256118e+02
1.196375366875758885e+02 3.072798601138094909e+02
1.207932400247207170e+02 3.074251830357870858e+02
1.219494011100256046e+02 3.075705291832166495e+02
1.231063383205568869e+02 3.077153155187309039e+02
1.242643908947363798e+02 3.078589033532236385e+02
1.254238847470535347e+02 3.080006722923803295e+02
1.265850189309002474e+02 3.081401761320035462e+02
1.277479222554521527e+02 3.082770651186478403e+02
1.289127221056221799e+02 3.084109886783668912e+02
1.300795071038929507e+02 3.085414910925123877e+02
1.312483069173176489e+02 3.086679567233841226e+02
1.324191462709108862e+02 3.087897565277968965e+02
1.335919222208092947e+02 3.089064224928423528e+02
1.347659515332487672e+02 3.090182185321768884e+02
1.359403861894949728e+02 3.091256164047031803e+02
1.371143805487940881e+02 3.092290406036488548e+02
1.382871286010922631e+02 3.093281313677911157e+02
1.394578569596947943e+02 3.094218833501689119e+02
1.406257935826451444e+02 3.095092701979116327e+02
1.417902549506385697e+02 3.095888416487937320e+02
1.429507598275997964e+02 3.096581787647583610e+02
1.441068551037707834e+02 3.097147279189580900e+02
1.452580736283366889e+02 3.097561082799397809e+02
1.464038472678244318e+02 3.097811817530938470e+02
1.475435636969971824e+02 3.097893540870204561e+02
1.486766312939508339e+02 3.097800614830766222e+02
1.498031602399575490e+02 3.097536860906037077e+02
1.509241132634131759e+02 3.097117591920064115e+02
1.520405045076296346e+02 3.096558813547271711e+02
1.531536126144841319e+02 3.095877713340873925e+02
1.542656476569545418e+02 3.095095640837561177e+02
1.553790246310464909e+02 3.094234861246966943e+02
1.564960703182046871e+02 3.093316934977692654e+02
1.576180591553285524e+02 3.092355014602800338e+02
1.587455736764295011e+02 3.091356724652551407e+02
1.598791801108481536e+02 3.090329573200645541e+02
1.610190508298759084e+02 3.089279224197670146e+02
1.621646468969238981e+02 3.088208011106727326e+02
1.633153546683557522e+02 3.087117917597398673e+02
1.644705445851095078e+02 3.086010790682252036e+02
1.656294993098950954e+02 3.084887723670437936e+02
1.667914714077221845e+02 3.083749551438689878e+02
1.679557006416990532e+02 3.082596663479772587e+02
1.691211471220476881e+02 3.081419704632364756e+02
1.702864989605985500e+02 3.080199841806016252e+02
1.714504331575429887e+02 3.078917850967314962e+02
1.726117172624350360e+02 3.077555092308334110e+02
1.737693670722450463e+02 3.076094527716202833e+02
1.749224405474873834e+02 3.074519391117703435e+02
1.760700045200258046e+02 3.072812827801633375e+02
1.772112044209505655e+02 3.070957197733582689e+02
1.783452267465444834e+02 3.068934450576768995e+02
1.794712600051385607e+02 3.066726554343272255e+02
1.805885743667804491e+02 3.064316559017300392e+02
1.816965573736506201e+02 3.061689069698251728e+02
1.827946056604616558e+02 3.058828811956495315e+02
1.838821646764578190e+02 3.055721576712548426e+02
1.849588880021518662e+02 3.052357697236712966e+02
1.860244846785380730e+02 3.048728717193614557e+02
1.870786781366468574e+02 3.044826533438081242e+02
1.881214107884094346e+02 3.040648417530409802e+02
1.891527955150731088e+02 3.036195825059569984e+02
1.901729499881637366e+02 3.031470330418346180e+02
1.911820451869886881e+02 3.026475039332502774e+02
1.921803668576456232e+02 3.021216354348009077e+02
1.931682156485688040e+02 3.015701106099164690e+02
1.941459177920120851e+02 3.009936898159629663e+02
1.951139715109173949e+02 3.003936530292438647e+02
1.960729459011735116e+02 2.997714943476859730e+02
1.970234107706948521e+02 2.991287134960130061e+02
1.979659506400750502e+02 2.984669587517218474e+02
1.989011669344674260e+02 2.977880490763338912e+02
1.998296619966685910e+02 2.970938128227889479e+02
2.007519706846940153e+02 2.963859800119838042e+02
2.016684047831875262e+02 2.956659556247091132e+02
2.025792300480355550e+02 2.949350775732742704e+02
2.034846857101832143e+02 2.941946334798670932e+02
2.043847179966254259e+02 2.934453554440775065e+02
2.052790911412689638e+02 2.926876305146081449e+02
2.061675658374492741e+02 2.919218380364806649e+02
2.070498391273452512e+02 2.911481586712168905e+02
2.079254995386776272e+02 2.903664343585672896e+02
2.087941250094507382e+02 2.895764739830800636e+02
2.096553432767404388e+02 2.887780650087246954e+02
2.105090394892205836e+02 2.879708841764160070e+02
2.113551817209432500e+02 2.871545725575363122e+02
2.121937698186712851e+02 2.863288018346968329e+02
2.130254347235404566e+02 2.854938528256176369e+02
2.138513880420807141e+02 2.846505668088527159e+02
2.146728626707976275e+02 2.837998059512368059e+02
2.154909390916241136e+02 2.829424396259927903e+02
2.163063047662045904e+02 2.820793557889282397e+02
2.171195846639822662e+02 2.812114453505751044e+02
2.179313013283957616e+02 2.803395493049724791e+02
2.187411317373147313e+02 2.794640965665527119e+02
2.195483362185198644e+02 2.785853129986645627e+02
2.203521700228542386e+02 2.777034202419135909e+02
2.211517955465064063e+02 2.768185193415758931e+02
2.219462490304134690e+02 2.759305474983235058e+02
2.227345577037371243e+02 2.750394302087515257e+02
2.235158048499552308e+02 2.741450858861378492e+02
2.242892979698114289e+02 2.732474046104922536e+02
2.250544006183655199e+02 2.723462693785077704e+02
2.258104541131707208e+02 2.714415494609194752e+02
2.265564884703884729e+02 2.705329219796872735e+02
2.272913045775248975e+02 2.696199226285863233e+02
2.280136987157592898e+02 2.687020840051280288e+02
2.287225685765750427e+02 2.677789652207678728e+02
2.294170176573917104e+02 2.668501791953704583e+02
2.300961743855461918e+02 2.659153453667814802e+02
2.307592454511424478e+02 2.649741142451863425e+02
2.314059297473876313e+02 2.640263317581160436e+02
2.320361170454865487e+02 2.630719196165965741e+02
2.326497109423836207e+02 2.621108053534624673e+02
2.332469750170975544e+02 2.611430683554848997e+02
2.338285640940412407e+02 2.601689530514121316e+02
2.343951527525272240e+02 2.591887122038283451e+02
2.349475859005202665e+02 2.582026714159229641e+02
2.354872371691777175e+02 2.572113823979848917e+02
2.360155824769045978e+02 2.562154406031785356e+02
2.365341464180191053e+02 2.552154621796741196e+02
2.370449523764537219e+02 2.542122753405664071e+02
2.375503163103852842e+02 2.532068326895420114e+02
2.380525540780502070e+02 2.522000868600235890e+02
2.385537272901433425e+02 2.511928872012437068e+02
2.390554882256923861e+02 2.501859167776808590e+02
2.395594521079159449e+02 2.491798436004555981e+02
2.400670224379260560e+02 2.481752482976928889e+02
2.405785766286505805e+02 2.471722880053237077e+02
2.410941816779471480e+02 2.461709917432349357e+02
2.416139043015991774e+02 2.451713884248034958e+02
2.421378073173111716e+02 2.441735055342578562e+02
2.426659501501414411e+02 2.431773693119842790e+02
2.431983919625818089e+02 2.421830058946618465e+02
2.437351439996557474e+02 2.411904214622699669e+02
2.442761012228300501e+02 2.401995737649341436e+02
2.448211412962537850e+02 2.392104133487811737e+02
2.453701688392224014e+02 2.382229018809209435e+02
2.459232960596597479e+02 2.372370866740597535e+02
2.464807315878889824e+02 2.362530548222449340e+02
2.470426907342956042e+02 2.352708961809489665e+02
2.476096219081694016e+02 2.342907969811518285e+02
2.481822729522060058e+02 2.333130672555578258e+02
2.487614113854426421e+02 2.323380251721192167e+02
2.493478226874831876e+02 2.313659962971032371e+02
2.499423597400785013e+02 2.303973339610639925e+02
2.505458912332922807e+02 2.294323980063144006e+02
2.511592556962804110e+02 2.284715357782636431e+02
2.517829023222091109e+02 2.275149333044176387e+02
2.524170094235449255e+02 2.265626643752750056e+02
2.530617443233626602e+02 2.256147982286536831e+02
2.537166425094557667e+02 2.246711423847432911e+02
2.543800301300060198e+02 2.237310034333406463e+02
2.550500968372658974e+02 2.227936314251542740e+02
2.557250800365570740e+02 2.218582961933085755e+02
2.564034982902157935e+02 2.209243840443868407e+02
2.570839727138650233e+02 2.199913237691903021e+02
2.577651494561434333e+02 2.190585545280700615e+02
2.584462766191691117e+02 2.181257648314339974e+02
2.591272211985291847e+02 2.171928995568791834e+02
2.598078784959996028e+02 2.162599153074134790e+02
2.604881819423711704e+02 2.153267844839965903e+02
2.611681761695334671e+02 2.143935255614144921e+02
2.618479259716967817e+02 2.134601653682848905e+02
2.625274754214930226e+02 2.125267221507103841e+02
2.632066712952831722e+02 2.115931324381321019e+02
2.638852511245761434e+02 2.106592875126854096e+02
2.645629517168674738e+02 2.097250783566695702e+02
2.652395346534973442e+02 2.087904062153959899e+02
2.659147991954008035e+02 2.078551879436286356e+02
2.665885477620686856e+02 2.069193417046204786e+02
2.672606504836101067e+02 2.059828137082921273e+02
2.679312852533779505e+02 2.050456776443263891e+02
2.686007173602781677e+02 2.041080434028443165e+02
2.692692077718039627e+02 2.031700190839414404e+02
2.699369456753552754e+02 2.022316830547986797e+02
2.706040611701056378e+02 2.012930892069365427e+02
2.712706817083424085e+02 2.003542903354825739e+02
2.719367243596322510e+02 1.994152520918282789e+02
2.726016254477066809e+02 1.984757409950987039e+02
2.732647544513600906e+02 1.975354958762248714e+02
2.739254681481259013e+02 1.965942503050207506e+02
2.745830319686296548e+02 1.956517000135762885e+02
2.752366713685044601e+02 1.947075241755370598e+02
2.758856216592366764e+02 1.937614060469683466e+02
2.765294549323371598e+02 1.928131683825531013e+02
2.771681523980712996e+02 1.918628033992243331e+02
2.778017199357807954e+02 1.909103135321634852e+02
2.784302341895411814e+02 1.899557305282166055e+02
2.790540210012792386e+02 1.889991893551898841e+02
2.796734610386389477e+02 1.880408476904078157e+02
2.802889309480215729e+02 1.870808615455326276e+02
2.809007594049134013e+02 1.861193670619128397e+02
2.815092435445469619e+02 1.851564873164240623e+02
2.821146817705587750e+02 1.841923459113302215e+02
2.827175442631086071e+02 1.832271376010145900e+02
2.833186114308629726e+02 1.822611856406323625e+02
2.839186962650827013e+02 1.812948267814821293e+02
2.845186920673726831e+02 1.803284310405054498e+02
2.851199350743864329e+02 1.793625519043986856e+02
2.857239133978678183e+02 1.783978057685977490e+02
2.863321169343449810e+02 1.774348097678334284e+02
2.869460716841319936e+02 1.764741959917965062e+02
2.875673387631168225e+02 1.755166110757995739e+02
2.881974804001526422e+02 1.745627021161723178e+02
2.888378267787563232e+02 1.736130200932877301e+02
2.894890719139129374e+02 1.726678524788963216e+02
2.901518017706615638e+02 1.717274419891670334e+02
2.908264833011709811e+02 1.707919820437116698e+02
2.915125290160649456e+02 1.698612292998175235e+02
2.922088005192054538e+02 1.689347122225888711e+02
2.929141527912487390e+02 1.680119565337444669e+02
2.936273506566997185e+02 1.670924506125126356e+02
2.943470293589068660e+02 1.661756291658758471e+02
2.950718141028829109e+02 1.652609227429588543e+02
2.958004113925766205e+02 1.643477955685443703e+02
2.965318743674605457e+02 1.634358554508367831e+02
2.972653485345456943e+02 1.625247484585367488e+02
2.979999686583130369e+02 1.616141162106183060e+02
2.987347060099921237e+02 1.607035326045532315e+02
2.994684045867779218e+02 1.597925188188863217e+02
3.001999041687008685e+02 1.588805942853295505e+02
3.009278886459969726e+02 1.579672138605978660e+02
3.016507062923953413e+02 1.570516933773288031e+02
3.023666618022058969e+02 1.561333306160425991e+02
3.030740299243739742e+02 1.552114109505835131e+02
3.037708840960816019e+02 1.542851363492401902e+02
3.044552147991018956e+02 1.533536744110127472e+02
3.051250336812449291e+02 1.524162015012926190e+02
3.057789941029337797e+02 1.514721597662782528e+02
3.064164867389381470e+02 1.505212967287461652e+02
3.070369429877113134e+02 1.495633767781708343e+02
3.076400864120854521e+02 1.485982853056252111e+02
3.082266063347589125e+02 1.476263076773190335e+02
3.087973913524457998e+02 1.466478117899696940e+02
3.093533506172713601e+02 1.456631740509446615e+02
3.098956203437510908e+02 1.446728648792852994e+02
3.104254777813092687e+02 1.436774130873578201e+02
3.109442021360878812e+02 1.426773482977849596e+02
3.114530599857384914e+02 1.416731949130759745e+02
3.119532963784716912e+02 1.406654684363287515e+02
3.124461542614817517e+02 1.396546835021649429e+02
3.129328694669966353e+02 1.386413518349606022e+02
3.134146410499553781e+02 1.376259701160198006e+02
3.138926562174599439e+02 1.366090301805073750e+02
3.143681133419497655e+02 1.355910285072056354e+02
3.148424329645646935e+02 1.345725539731550100e+02
3.153172400422683950e+02 1.335542804703687239e+02
3.157941671079303774e+02 1.325368850424344203e+02
3.162748299194004176e+02 1.315210381264730017e+02
3.167608009780146858e+02 1.305073931239936655e+02
3.172536459071063746e+02 1.294966007277579081e+02
3.177548224695694330e+02 1.284892670800989833e+02
3.182648979994109482e+02 1.274856305426460210e+02
3.187840010742726236e+02 1.264857482541059994e+02
3.193122540578380040e+02 1.254896747929114156e+02
3.198496441459293465e+02 1.244974091805978276e+02
3.203959748910659755e+02 1.235088749573553741e+02
3.209510367273896350e+02 1.225239902714387341e+02
3.215146388400082742e+02 1.215426807881790268e+02
3.220866654178952331e+02 1.205649022412135878e+02
3.226670194009905686e+02 1.195906178812559801e+02
3.232555976134615889e+02 1.186197881439020136e+02
3.238522112651846214e+02 1.176523340560964073e+02
3.244566085509382560e+02 1.166881476386459582e+02
3.250685370593099037e+02 1.157271205578276181e+02
3.256878664702909987e+02 1.147691899140279901e+02
3.263147142408221271e+02 1.138143850133464667e+02
3.269492278418413775e+02 1.128627463310492942e+02
3.275915162932229237e+02 1.119142955795534249e+02
3.282414467918962941e+02 1.109689364696668576e+02
3.288987927550496124e+02 1.100265269507810899e+02
3.295633380540649569e+02 1.090869287504432066e+02
3.302351528067295021e+02 1.081501077462552871e+02
3.309146182368435802e+02 1.072161430109827336e+02
3.316021312282549616e+02 1.062851193142019781e+02
3.322981239273840401e+02 1.053571320660038708e+02
3.330031379404496761e+02 1.044323097060747472e+02
3.337177360498587291e+02 1.035107870640352559e+02
3.344424488043066503e+02 1.025926877663144694e+02
3.351774764486627873e+02 1.016780206385045631e+02
3.359228254819971653e+02 1.007667271676495204e+02
3.366785002840822472e+02 9.985874899611948763e+01
3.374445280128899185e+02 9.895409509842298235e+01
3.382209724986771562e+02 9.805288285199125653e+01
3.390079008915544136e+02 9.715523944771041442e+01
3.398052844959871663e+02 9.626129797583902814e+01
3.406126301109347878e+02 9.537122011730089355e+01
3.414293040118507179e+02 9.448517620234800063e+01
3.422546741476469947e+02 9.360335224645184837e+01
3.430881393636449843e+02 9.272621865785991702e+01
3.439291253954811509e+02 9.185449336262762188e+01
3.447770593555539449e+02 9.098890325980404725e+01
3.456315220885612689e+02 9.013040288396992139e+01
3.464924675085463264e+02 8.928049918347508651e+01
3.473599050240620159e+02 8.844078127887527785e+01
3.482338875338549542e+02 8.761288326496895706e+01
3.491148028660282989e+02 8.679878559495676882e+01
3.500031944193063964e+02 8.600062960131451462e+01
3.508996065339960637e+02 8.522055127368905403e+01
3.518045866970304019e+02 8.446045036314458798e+01
3.527186864374267543e+02 8.372192315418109843e+01
3.536424575495094587e+02 8.300654598884113966e+01
3.545764183008547548e+02 8.231575650845867642e+01
3.555209611403549275e+02 8.165047184041418404e+01
3.564764490077376422e+02 8.101148703218645153e+01
3.574432401372175718e+02 8.039958586697522946e+01
3.584216320212977962e+02 7.981540672157096594e+01
3.594118798914066701e+02 7.925948680618637354e+01
3.604142383546748079e+02 7.873236290031461238e+01
3.614289886563929031e+02 7.823475772706798637e+01
3.624564630275806962e+02 7.776774990767121665e+01
3.634969994539225127e+02 7.733245823291214549e+01
3.645509331887980125e+02 7.693007940316869053e+01
3.656185833985196609e+02 7.656226882917931675e+01
3.667002633815706076e+02 7.623084923835159543e+01
3.677962662050498466e+02 7.593761555283670361e+01
3.689063957256366280e+02 7.568368415085903678e+01
3.700299528223814605e+02 7.546947377134362966e+01
3.711662151365796944e+02 7.529537082566446315e+01
3.723141679563377693e+02 7.516124822708715669e+01
3.734719439383433723e+02 7.506548130089790050e+01
3.746375211452347571e+02 7.500617383865288446e+01
3.758088823211960516e+02 7.498139265212330429e+01
3.769840547847898051e+02 7.498885245761968577e+01
3.781610905358428454e+02 7.502607301279228125e+01
3.793380479479593532e+02 7.509057307494288125e+01
3.805133340688491899e+02 7.517993225491669307e+01
3.816858862595087771e+02 7.529182271830298134e+01
3.828546863353424214e+02 7.542392438924886733e+01
3.840187154792992601e+02 7.557428090381344532e+01
3.851769519996466897e+02 7.574258906798063151e+01
3.863283733883292257e+02 7.592901513853213658e+01
3.874719707746074846e+02 7.613374642910869738e+01
3.886069614978184177e+02 7.635731900460145027e+01
3.897327491098203609e+02 7.660055601636094025e+01
3.908487433017231751e+02 7.686428861476117902e+01
3.919544950632828204e+02 7.714921850983645868e+01
3.930498782659816470e+02 7.745575162732860974e+01
3.941348116761445226e+02 7.778425276587844905e+01
3.952092423057687824e+02 7.813503626256533607e+01
3.962733203084808338e+02 7.850805353714696366e+01
3.973272847362094922e+02 7.890309719046291548e+01
3.983713754186454707e+02 7.931995740989489718e+01
3.994058457077916842e+02 7.975836582432428656e+01
4.004309653824903990e+02 8.021798292604752589e+01
4.014470052153127426e+02 8.069846490892147983e+01
4.024542861908646501e+02 8.119932275468427463e+01
4.034533061153177300e+02 8.171955608092548573e+01
4.044446016971419340e+02 8.225805200062781353e+01
4.054287092248914632e+02 8.281369368295335676e+01
4.064061599777831475e+02 8.338531724974737358e+01
4.073774819414600188e+02 8.397172788985490399e+01
4.083432028656161492e+02 8.457173045574205617e+01
4.093038336915089985e+02 8.518414921591383404e+01
4.102598550043486512e+02 8.580784350425307139e+01
4.112117442011191315e+02 8.644167633747952095e+01
4.121599742514652007e+02 8.708451815919053729e+01
4.131049937069614089e+02 8.773528037438728688e+01
4.140472427466302179e+02 8.839288843305746468e+01
4.149871596830874978e+02 8.905627215316110323e+01
4.159251421357888603e+02 8.972445669568368487e+01
4.168615481448597961e+02 9.039655995496333674e+01
4.177967340332146478e+02 9.107170385580297989e+01
4.187310005551220797e+02 9.174914537399298808e+01
4.196644961195182759e+02 9.242851173705801671e+01
4.205973432602700086e+02 9.310949305787140418e+01
4.215296662401916592e+02 9.379177568402138832e+01
4.224616046403914424e+02 9.447501260306692927e+01
4.233933060452210384e+02 9.515883937318369590e+01
4.243249177080556365e+02 9.584289240556583422e+01
4.252565671068809934e+02 9.652685770412287525e+01
4.261883532965784411e+02 9.721049255222115448e+01
4.271203731301595212e+02 9.789355975507201890e+01
4.280526975977558095e+02 9.857588499425250461e+01
4.289852874175345505e+02 9.925756203826547619e+01
4.299180739236293221e+02 9.993875609240494384e+01
4.308509894270059135e+02 1.006196300462826514e+02
4.317839811081655625e+02 1.013003115394724176e+02
4.327170077230467768e+02 1.019809007705712247e+02
4.336500285326649191e+02 1.026614967324761949e+02
4.345830389964763185e+02 1.033421110915918177e+02
4.355161125058792209e+02 1.040225675083509032e+02
4.364493325716451295e+02 1.047026652308256871e+02
4.373827797403354793e+02 1.053822106456405407e+02
4.383165146312077241e+02 1.060610581293012302e+02
4.392505896519889461e+02 1.067390818337117651e+02
4.401850557829639001e+02 1.074161593532100341e+02
4.411199220155957050e+02 1.080922695453471505e+02
4.420551490970727855e+02 1.087675076169847870e+02
4.429906951195405327e+02 1.094419751780538235e+02
4.439265434981757608e+02 1.101157126771768446e+02
4.448627613543454800e+02 1.107885583920719910e+02
4.457994330812763906e+02 1.114603088846958485e+02
4.467366424298128891e+02 1.121307622681405576e+02
4.476744660548162074e+02 1.127997337898917181e+02
4.486129762036304669e+02 1.134670493400943485e+02
4.495522456204908508e+02 1.141325336095729455e+02
4.504923913727302534e+02 1.147959043035150160e+02
4.514336060910687252e+02 1.154566967346874691e+02
4.523760897803108492e+02 1.161144284165339258e+02
4.533200275641588632e+02 1.167686527794508464e+02
4.542655276458398816e+02 1.174191089087086226e+02
4.552126734485799489e+02 1.180655956984621042e+02
4.561615433020448336e+02 1.187079243278687244e+02
4.571121144740503723e+02 1.193461497236474145e+02
4.580642712461316819e+02 1.199805510828958717e+02
4.590178943341414879e+02 1.206114162022324336e+02
4.599728177053792706e+02 1.212391454366608201e+02
4.609287547800754510e+02 1.218644293872429927e+02
4.618853998108705241e+02 1.224880048056228361e+02
4.628424418461814298e+02 1.231106208426875668e+02
4.637995269715829636e+02 1.237331290097871772e+02
4.647562801028274748e+02 1.243564312561052958e+02
4.657123329674159891e+02 1.249814130544386330e+02
4.666676172038129380e+02 1.256082346792411926e+02
4.676224719189423809e+02 1.262360711277132452e+02
4.685772653268344357e+02 1.268640270147487570e+02
4.695324433634987145e+02 1.274910190161015322e+02
4.704887628528620098e+02 1.281152120509636916e+02
4.714470583408307220e+02 1.287345830993870095e+02
4.724081533564177562e+02 1.293471358292965192e+02
4.733727172038813933e+02 1.299512475103922213e+02
4.743413056726926698e+02 1.305455703962801408e+02
4.753144714317242574e+02 1.311287643216386130e+02
4.762926978232941337e+02 1.316996601379602794e+02
4.772763274957686122e+02 1.322574357647785348e+02
4.782656860548143527e+02 1.328013111630647529e+02
4.792610732739489663e+02 1.333305716168385402e+02
4.802626264654697934e+02 1.338449132339115408e+02
4.812704199386752180e+02 1.343441914409264086e+02
4.822845252086768255e+02 1.348282692603695523e+02
4.833049424793834987e+02 1.352972042755819473e+02
4.843315944503443689e+02 1.357512655277622287e+02
4.853643999306692649e+02 1.361907326807140635e+02
4.864032914379003500e+02 1.366158649222211352e+02
4.874482440424110337e+02 1.370268578797302439e+02
4.884992410468814796e+02 1.374238948842498189e+02
4.895562642238989497e+02 1.378071646008202435e+02
4.906192796669355403e+02 1.381769103531281928e+02
4.916882442725906799e+02 1.385334075258972746e+02
4.927631152991834824e+02 1.388769302757199284e+02
4.938438818840633644e+02 1.392076438148195905e+02
4.949305844889562422e+02 1.395255379579315900e+02
4.960232682218604623e+02 1.398305866414797549e+02
4.971220404707187299e+02 1.401225669077579710e+02
4.982273104564586674e+02 1.404003015730552875e+02
4.993395787113672668e+02 1.406623247785381352e+02
5.004593461846081937e+02 1.409071495946442951e+02
5.015871210267864626e+02 1.411329081390923648e+02
5.027234176561927939e+02 1.413374009720149900e+02
5.038687496423289076e+02 1.415184191954094786e+02
5.050232909737866862e+02 1.416742710902702242e+02
5.061863915623164303e+02 1.418045200000005366e+02
5.073572787372559105e+02 1.419089159600318624e+02
5.085351023447066723e+02 1.419872967900007836e+02
5.097184155120988294e+02 1.420401763586637003e+02
5.109054941982814171e+02 1.420683825513891065e+02
5.120946141982772133e+02 1.420727418081321218e+02
5.132841030939227949e+02 1.420539600569237280e+02
5.144723549911861937e+02 1.420125884189927774e+02
5.156577683689167770e+02 1.419491678437135533e+02
5.168389064361072087e+02 1.418643180580009471e+02
5.180149505985820042e+02 1.417589544239513657e+02
5.191852272523378815e+02 1.416340616411183078e+02
5.203490776878510360e+02 1.414905955495922285e+02
5.215060354629040376e+02 1.413291394533443395e+02
5.226557679053499896e+02 1.411500174641643071e+02
5.237979447759695404e+02 1.409535452300968359e+02
5.249322039848798340e+02 1.407396694444776131e+02
5.260581224796808328e+02 1.405076306173109515e+02
5.271752703272453573e+02 1.402565895529917270e+02
5.282832151109623737e+02 1.399856594284121911e+02
5.293815097921491315e+02 1.396936730027530302e+02
5.304697019986558644e+02 1.393793607515721078e+02
5.315473474589871330e+02 1.390414712845764598e+02
5.326141980529209832e+02 1.386791955057157679e+02
5.336702073315386770e+02 1.382921790600897793e+02
5.347153381687959381e+02 1.378800886449092786e+02
5.357496769195566912e+02 1.374429033572642709e+02
5.367736700637166223e+02 1.369815133906958238e+02
5.377878293768961839e+02 1.364969741333252387e+02
5.387926693168486736e+02 1.359903526764540231e+02
5.397887298786973815e+02 1.354628275408186937e+02
5.407765651978547794e+02 1.349156389467116242e+02
5.417567293249716158e+02 1.343500276222394518e+02
5.427297629225737410e+02 1.337672259458580015e+02
5.436961862906206306e+02 1.331684535966832357e+02
5.446565180221454057e+02 1.325549291892878614e+02
5.456112814219086431e+02 1.319278875641893194e+02
5.465610212107628740e+02 1.312886373132555491e+02
5.475062881910885153e+02 1.306385079715310269e+02
5.484476225690477804e+02 1.299788037477878504e+02
5.493853887790420458e+02 1.293104087273164851e+02
5.503198065629646862e+02 1.286338611564675034e+02
5.512510910273869058e+02 1.279496881830020101e+02
5.521793794797163173e+02 1.272582264050478784e+02
5.531046314483886590e+02 1.265593769955116130e+02
5.540267817426980628e+02 1.258529805839329470e+02
5.549457706404048167e+02 1.251388890984903526e+02
5.558615777482303884e+02 1.244170357266736886e+02
5.567741998839323969e+02 1.236873892164576887e+02
5.576836376878898136e+02 1.229499271857637268e+02
5.585900177821306443e+02 1.222049201987684484e+02
5.594936198305840662e+02 1.214529946893515699e+02
5.603947327223693264e+02 1.206947985425147891e+02
5.612936285442111739e+02 1.199309362551916394e+02
5.621905202132425075e+02 1.191618595333304000e+02
5.630856076287648193e+02 1.183879864675201361e+02
5.639790873501206079e+02 1.176097281074989667e+02
5.648711160930163260e+02 1.168274115100605854e+02
5.657618243764846966e+02 1.160413085077271091e+02
5.666513427791481945e+02 1.152516915568230189e+02
5.675398508110883995e+02 1.144589832511159813e+02
5.684276163526345726e+02 1.136638773326889407e+02
5.693149165654422177e+02 1.128670960217149286e+02
5.702019760701977020e+02 1.120692606562565174e+02
5.710887297087749630e+02 1.112704361800148263e+02
5.719750129626918351e+02 1.104704967582821524e+02
5.728606483892459664e+02 1.096692938440795757e+02
5.737451775678972581e+02 1.088661854321805151e+02
5.746278687910302096e+02 1.080600495657593711e+02
5.755079790925599355e+02 1.072497446957839600e+02
5.763847919450483914e+02 1.064342991287167450e+02
5.772576633044603795e+02 1.056132068417484788e+02
5.781259614376923537e+02 1.047860409038424336e+02
5.789890638549394453e+02 1.039524139942926695e+02
5.798464299610511716e+02 1.031122897357638521e+02
5.806975619478084809e+02 1.022658151058706721e+02
5.815419644949402027e+02 1.014131401737493121e+02
5.823792466930333376e+02 1.005544888024355146e+02
5.832091677020792986e+02 9.969019091870734428e+01
5.840314983075793407e+02 9.882058466584214784e+01
5.848461355479749955e+02 9.794604179815777911e+01
5.856535147683086961e+02 9.706707737788285328e+01
5.864542147555171141e+02 9.618424465432730130e+01
5.872488141853472143e+02 9.529809060991316016e+01
5.880378900217299361e+02 9.440906685188672043e+01
5.888220178960024214e+02 9.351755074110640464e+01
5.896017721159848861e+02 9.262391691023788098e+01
5.903774935456166304e+02 9.172840047922639428e+01
5.911490204654598983e+02 9.083093620985582106e+01
5.919161258961994463e+02 8.993141986274662258e+01
5.926786321013742054e+02 8.902975862020001330e+01
5.934366923862651220e+02 8.812593644831082429e+01
5.941905964699570859e+02 8.721996895380375747e+01
5.949406360730340566e+02 8.631187223733071789e+01
5.956871501349331766e+02 8.540167424096361515e+01
5.964305318485636462e+02 8.448941651231869798e+01
5.971711773937504404e+02 8.357514135243843612e+01
5.979094598719611895e+02 8.265890551555654042e+01
5.986456760983205641e+02 8.174081353144835305e+01
5.993801071470992383e+02 8.082097978785176906e+01
6.001130120551833897e+02 7.989952647575120182e+01
6.008444064266691385e+02 7.897666198357453027e+01
6.015741546626213676e+02 7.805264823943323904e+01
6.023021172162850689e+02 7.712774988354246375e+01
6.030280224473142425e+02 7.620238178300114384e+01
6.037513735181236143e+02 7.527721491634363815e+01
6.044716516145663263e+02 7.435294525552323819e+01
6.051883234539193381e+02 7.343036255297494108e+01
6.059007809653352297e+02 7.251074131281522739e+01
6.066083919849040740e+02 7.159551220235167079e+01
6.073105238226831943e+02 7.068612203992262266e+01
6.080065335586764377e+02 6.978433735216989930e+01
6.086957688602883536e+02 6.889221882704585198e+01
6.093775771027525252e+02 6.801183795650679542e+01
6.100513322239169156e+02 6.714519750309011670e+01
6.107164766566963863e+02 6.629412300181935791e+01
6.113724637250652449e+02 6.546041180765212175e+01
6.120207721051594945e+02 6.464333578621628362e+01
6.126796005244461867e+02 6.382131792953589411e+01
6.133753864693121614e+02 6.296250800499146294e+01
6.141355414072326084e+02 6.203392035694948703e+01
6.150269553379503122e+02 6.095674916614805028e+01
6.161701550355693371e+02 5.958993589934087964e+01
6.176894987641178432e+02 5.778797506223317981e+01
