2.278736425678812338e+01 1.174417256876091500e+02
2.381203102761007528e+01 1.160356807140275777e+02
2.466804084884749315e+01 1.148560627606130424e+02
2.541536292694424404e+01 1.138328058241045682e+02
2.611346207219765247e+01 1.128965312730343271e+02
2.680426379221400879e+01 1.120017623673883804e+02
2.750803899790445683e+01 1.111325324240116856e+02
2.824371966603052897e+01 1.102746994080417977e+02
2.902763250893659830e+01 1.094160404149907322e+02
2.985907441286200026e+01 1.085568773156095688e+02
3.073050062860920661e+01 1.077025717725000362e+02
3.163435182004230484e+01 1.068584825937563920e+02
3.256350955117447654e+01 1.060281225701204306e+02
3.351169295080082833e+01 1.052114976685685548e+02
3.447271481522901126e+01 1.044082216769090934e+02
3.544068669119530313e+01 1.036179750828697479e+02
3.641306099460610568e+01 1.028411842666773168e+02
3.738938442671214091e+01 1.020787431850034750e+02
3.836923603614707190e+01 1.013315526705474099e+02
3.935232320407290274e+01 1.006000399960527858e+02
4.033873825357677134e+01 9.988321195978794265e+01
4.132864538129574328e+01 9.917981013938288015e+01
4.232217301940304566e+01 9.848850183930103697e+01
4.331868612132327456e+01 9.780636882411019428e+01
4.431681762153792192e+01 9.712897265203233133e+01
4.531517098551832134e+01 9.645181368208589845e+01
4.631238403288430305e+01 9.577055869032649582e+01
4.730726142251761246e+01 9.508168264910850098e+01
4.829865838879308626e+01 9.438190552663343169e+01
4.928543413126346451e+01 9.366796944613980713e+01
5.026665212191656451e+01 9.293775831546895461e+01
5.124167482966965537e+01 9.219082729140134802e+01
5.220988848848399044e+01 9.142686436587565879e+01
5.317067178606686184e+01 9.064587688477531913e+01
5.412334277425027551e+01 8.985043827592946286e+01
5.506719030025212192e+01 8.904435789280655911e+01
5.600149967961667130e+01 8.823144408298267649e+01
5.692478531976775002e+01 8.741344686204334380e+01
5.783381019622760277e+01 8.658743990579145589e+01
5.872509535478729958e+01 8.574985093535410385e+01
5.959538406205751926e+01 8.489721893827180565e+01
6.044458050490427325e+01 8.402766558124305618e+01
6.127494083409364833e+01 8.314049016404294434e+01
6.208877716743322139e+01 8.223502003413246086e+01
6.288783013510268916e+01 8.131111140268237136e+01
6.367176503553164224e+01 8.037054102576213666e+01
6.443977621836590686e+01 7.941552148291093260e+01
6.519114549734756281e+01 7.844827557212055069e+01
6.592770940919625389e+01 7.747132456031532399e+01
6.665420317318022114e+01 7.648752836823601342e+01
6.737551860882457788e+01 7.549976521227104342e+01
6.809637161972196395e+01 7.451073381877110080e+01
6.882043796841843175e+01 7.352207164036897780e+01
6.955101251205309154e+01 7.253502748538925005e+01
7.029139089631513571e+01 7.155086003618704638e+01
7.104498276918715760e+01 7.057170423716317487e+01
7.181539614047714792e+01 6.960121971203747648e+01
7.260625889256893117e+01 6.864321883219299991e+01
7.342106766628299397e+01 6.770168363063314132e+01
7.426200909027234331e+01 6.678228964950002933e+01
7.513051690441699293e+01 6.589168572267249147e+01
7.602801440688811851e+01 6.503653035326487952e+01
7.695495501786766113e+01 6.422218589186086035e+01
7.790914370496076913e+01 6.345047527630545403e+01
7.888793751093950846e+01 6.272262283419341600e+01
7.988869760823212118e+01 6.203971665925999446e+01
8.090886160951414752e+01 6.140032314624225052e+01
8.194593449725863366e+01 6.080078621733491673e+01
8.299742356042685287e+01 6.023737370564042237e+01
8.406080296751761693e+01 5.970587154627261128e+01
8.513340093496573502e+01 5.919994209269432162e+01
8.621250548813816295e+01 5.871266292408327558e+01
8.729537504038496820e+01 5.823703408490926137e+01
8.837802402628533116e+01 5.776279905920104341e+01
8.945479503601043803e+01 5.727532467883676048e+01
9.051991312477183271e+01 5.675967008579774387e+01
9.156800982127838040e+01 5.620181251979384740e+01
9.259665928823102377e+01 5.559437571926579835e+01
9.360473091450394634e+01 5.493290893739413150e+01
9.459111111208625289e+01 5.421300510837782127e+01
9.555646505491418452e+01 5.343509076436693306e+01
9.650515105894888279e+01 5.260962816137720210e+01
9.744198705893953161e+01 5.174832852099586944e+01
9.837146162589054654e+01 5.086258212663349809e+01
9.929391948202187734e+01 4.995974141814832592e+01
1.002068743034853497e+02 4.904440021130118765e+01
1.011077845656689078e+02 4.812109852477911431e+01
1.019923006093581392e+02 4.719257670823022721e+01
1.028501080714019338e+02 4.625563833370480182e+01
1.036696643865933964e+02 4.530586452155585420e+01
1.044396303289241530e+02 4.433888978028702610e+01
1.051537176783304943e+02 4.335167479588341166e+01
1.058109062965841787e+02 4.234256342662826000e+01
1.064104228239335725e+02 4.130996432424643672e+01
1.069527068932719942e+02 4.025279851230632744e+01
1.074446947099358738e+02 3.917273118666236797e+01
1.078954883165300629e+02 3.807234239952740040e+01
1.083141624913311887e+02 3.695421970586649252e+01
1.087079251277166918e+02 3.582139683393361196e+01
1.090810060061620419e+02 3.467761926150125618e+01
1.094373685954553821e+02 3.352669611309451625e+01
1.097808685280907355e+02 3.237298814232216415e+01
1.101143971760651965e+02 3.122578871048425242e+01
1.104403383176877753e+02 3.009698773918716341e+01
1.107610730985992546e+02 2.899847520103488208e+01
1.110796861539410543e+02 2.793358849942125488e+01
1.114010132065841674e+02 2.688437644852145780e+01
1.117301578650798319e+02 2.582963108210427805e+01
1.120725251013625723e+02 2.474597333615957950e+01
1.124383938406694909e+02 2.357491095847249696e+01
1.128419907031997269e+02 2.222951150719835312e+01
1.132976558371622247e+02 2.062202465609251334e+01
