5.530490743152519428e+01 5.736146984249618441e+01
5.677111340764859193e+01 5.858501614036705973e+01
5.790684598283512940e+01 5.954223474416938444e+01
5.882134037407914917e+01 6.032380535493826557e+01
5.962119856584233446e+01 6.101821767859756562e+01
6.036902919226105979e+01 6.167737322730357619e+01
6.109106065599343083e+01 6.232291696423897065e+01
6.181241404364153880e+01 6.297557108691581362e+01
6.255144801197070592e+01 6.364954337625499647e+01
6.330890839821704930e+01 6.434207474675102389e+01
6.408270999693934300e+01 6.504767889918490198e+01
6.487078648331173270e+01 6.576096511649188869e+01
6.567125454560587627e+01 6.647746917609593709e+01
6.648233365635185521e+01 6.719324719549608460e+01
6.730224544818975119e+01 6.790437684256386319e+01
6.812929654217421671e+01 6.860825111368275486e+01
6.896194120304907926e+01 6.930454802202480380e+01
6.979864845699070486e+01 6.999317403699541273e+01
7.063799672749914293e+01 7.067409785183991744e+01
7.147922610128736665e+01 7.134766450562700868e+01
7.232182415278859366e+01 7.201435980536903969e+01
7.316529646615080651e+01 7.267464386197781323e+01
7.400970527475527660e+01 7.332815535198474777e+01
7.485577010983939772e+01 7.397356299269912938e+01
7.570424838591515027e+01 7.460947959797289286e+01
7.655590037083543109e+01 7.523453206445125829e+01
7.741149743878031586e+01 7.584740210455819920e+01
7.827181366580649069e+01 7.644678476595147743e+01
7.913760225969433293e+01 7.703141794293846090e+01
8.000928053418702746e+01 7.760072918593273528e+01
8.088699457912125013e+01 7.815470292103593408e+01
8.177088267721393322e+01 7.869333948769313736e+01
8.266105892371682273e+01 7.921664090446245154e+01
8.355757603706751979e+01 7.972461345072974837e+01
8.446047714578912746e+01 8.021726407162046257e+01
8.536975480132360872e+01 8.069471461654744360e+01
8.628492630836069566e+01 8.115816663126526009e+01
8.720524857864913315e+01 8.160941323907087508e+01
8.812997447226403835e+01 8.205025682576447821e+01
8.905824972823081964e+01 8.248274760197949718e+01
8.998903850796021686e+01 8.290935585864346535e+01
9.092128738429427415e+01 8.333259257788446916e+01
9.185401991233777608e+01 8.375478366369695493e+01
9.278671235722420363e+01 8.417716663004856059e+01
9.371900592738356295e+01 8.460058243985237425e+01
9.465054265859407678e+01 8.502587026872538445e+01
9.558098234240871705e+01 8.545383269167734852e+01
9.651000524376080136e+01 8.588523008121410385e+01
9.743729276366607905e+01 8.632082046782204543e+01
9.836261672742440965e+01 8.676114521129312607e+01
9.928609146422141407e+01 8.720592497866590520e+01
1.002079123829494733e+02 8.765468615734975799e+01
1.011282577747730329e+02 8.810699657303665333e+01
1.020470403450605801e+02 8.856306697665252159e+01
1.029639634050344625e+02 8.902361501664023535e+01
1.038787252740443137e+02 8.948937043035881800e+01
1.047912689433587161e+02 8.996047232298671759e+01
1.057021423704498062e+02 9.043559942570443866e+01
1.066119853832122857e+02 9.091320869668221860e+01
1.075214949940769031e+02 9.139161899067210015e+01
1.084318892397124188e+02 9.186789086371099700e+01
1.093446646395954218e+02 9.233841232239667818e+01
1.102613170894584016e+02 9.279957287377197872e+01
1.111831087166528107e+02 9.324832616025173593e+01
1.121109149816015247e+02 9.368255893800454714e+01
1.130455750679070661e+02 9.410024550727798953e+01
1.139878037481528565e+02 9.449966048587761236e+01
1.149376043599904875e+02 9.488079583467839484e+01
1.158947277749244762e+02 9.524425294623834759e+01
1.168589152805286062e+02 9.559065634968672498e+01
1.178296410694093197e+02 9.592127536981320191e+01
1.188060785923706533e+02 9.623810535410758860e+01
1.197873852562482426e+02 9.654318038190589846e+01
1.207726947376132074e+02 9.683859184165496004e+01
1.217610532429398660e+02 9.712664236400775053e+01
1.227514868298140271e+02 9.740968323962570707e+01
1.237430442861008402e+02 9.769001089140438410e+01
1.247351145119906874e+02 9.796910075788966310e+01
1.257273482268157636e+02 9.824779628224946748e+01
1.267194029739944199e+02 9.852692443544312084e+01
1.277109638539642873e+02 9.880724573034052582e+01
1.287017823655002076e+02 9.908936054976969388e+01
1.296916198061931311e+02 9.937384564517114427e+01
1.306802766765447075e+02 9.966118312621426867e+01
1.316678999115412410e+02 9.995101875718756901e+01
1.326548170619149403e+02 1.002425622685799453e+02
1.336413572430411705e+02 1.005350196090942489e+02
1.346278498273255764e+02 1.008275958049480465e+02
1.356146246020604735e+02 1.011194943933247430e+02
1.366020113922267853e+02 1.014099187761431011e+02
1.375902841663911431e+02 1.016982068928265903e+02
1.385794062651991965e+02 1.019844448709195461e+02
1.395692336753470499e+02 1.022689774140439312e+02
1.405596463087222219e+02 1.025520913928443463e+02
1.415511838935934463e+02 1.028324787663332671e+02
1.425451116570682188e+02 1.031070778139092425e+02
1.435427320265163473e+02 1.033727368942777645e+02
1.445453227195579586e+02 1.036263635562643231e+02
1.455540728157386070e+02 1.038650776737224675e+02
1.465701515269568915e+02 1.040860467117776409e+02
1.475947057532096949e+02 1.042864923193263991e+02
1.486285602727058404e+02 1.044644184081807907e+02
1.496722977594584449e+02 1.046184168327917092e+02
1.507264933938487275e+02 1.047470976607045259e+02
1.517912905853780785e+02 1.048501235717446036e+02
1.528658188298515768e+02 1.049296290613636984e+02
1.539490622369442008e+02 1.049881030612039297e+02
1.550399813237861508e+02 1.050280968973320910e+02
1.561373343494853714e+02 1.050526968009320541e+02
1.572397767249341030e+02 1.050652610024694837e+02
1.583459666942441117e+02 1.050691414951440095e+02
1.594547910797963368e+02 1.050671644932431406e+02
1.605654967871436440e+02 1.050613279427375062e+02
1.616773623831005011e+02 1.050535569619237037e+02
1.627897302938915232e+02 1.050456115571991376e+02
1.639022883471888576e+02 1.050383586811634018e+02
1.650148406140627344e+02 1.050323647329313559e+02
1.661271936617273184e+02 1.050281805411082416e+02
1.672392172497689558e+02 1.050259543572184100e+02
1.683508489908780632e+02 1.050254021637721422e+02
1.694620298366718885e+02 1.050262186401252933e+02
1.705726612756991472e+02 1.050279607761598157e+02
1.716825070245548375e+02 1.050297048655366723e+02
1.727913007523559941e+02 1.050304223641122263e+02
1.738987632218687338e+02 1.050290591115006151e+02
1.750044353288636216e+02 1.050242039512466476e+02
1.761077259857150636e+02 1.050141837691440969e+02
1.772080411693100928e+02 1.049973198570862820e+02
1.783048120611138643e+02 1.049720390153798633e+02
1.793975275317265528e+02 1.049370095357399606e+02
1.804856844879622315e+02 1.048909333501257066e+02
1.815688848627640652e+02 1.048327721752585262e+02
1.826476042772429196e+02 1.047636488174351115e+02
1.837227516292377061e+02 1.046857578037959939e+02
1.847952437179326353e+02 1.046013130553934758e+02
1.858662783888388503e+02 1.045132148461978403e+02
1.869374855991090953e+02 1.044254187249075301e+02
1.880105320695379021e+02 1.043419700219774455e+02
1.890867724602525186e+02 1.042661599754490567e+02
1.901659196802087592e+02 1.041973125431762099e+02
1.912471486457720573e+02 1.041334516276919828e+02
1.923296132309995414e+02 1.040725501524598968e+02
1.934119471998636186e+02 1.040113209249178539e+02
1.944922389401272085e+02 1.039451554220358673e+02
1.955685510884832752e+02 1.038693827309613198e+02
1.966392060510467275e+02 1.037799579702777066e+02
1.977034089136541866e+02 1.036749634729637251e+02
1.987605520693712720e+02 1.035529329731393915e+02
1.998100682998840796e+02 1.034124976410676595e+02
2.008519339650752897e+02 1.032536000105081939e+02
2.018865148252560289e+02 1.030771220302139426e+02
2.029141860409949629e+02 1.028839683285204387e+02
2.039355192433837658e+02 1.026755178913048638e+02
2.049515244152006517e+02 1.024542080587707460e+02
2.059632708510800398e+02 1.022226193733984019e+02
2.069718022286461405e+02 1.019832705705096885e+02
2.079779553967140941e+02 1.017381813614991017e+02
2.089824671814846795e+02 1.014891301293017136e+02
2.099860621321006420e+02 1.012378656209115206e+02
2.109888244863146554e+02 1.009845908746619045e+02
2.119898775656465091e+02 1.007271892816550292e+02
2.129882656145457531e+02 1.004633533413203992e+02
2.139831649498912611e+02 1.001910944235110605e+02
2.149744277899369820e+02 9.991005576749670070e+01
2.159621219966370518e+02 9.962040125412457314e+01
2.169463254139870969e+02 9.932231886331265969e+01
2.179273533347924285e+02 9.901656983374334686e+01
2.189057641993060201e+02 9.870450242075361302e+01
2.198821274740668343e+02 9.838749149979611275e+01
2.208570021959791916e+02 9.806688676164145591e+01
2.218309129066346088e+02 9.774395460042543959e+01
2.228043770257327765e+02 9.741994421288544004e+01
2.237779038577191102e+02 9.709608520276283627e+01
2.247518971850788603e+02 9.677335240773035707e+01
2.257266869959036342e+02 9.645254250057982404e+01
2.267026012518469145e+02 9.613444726163727694e+01
2.276798709192027559e+02 9.581962430036999478e+01
2.286585159897417725e+02 9.550812188141092918e+01
2.296385287327541391e+02 9.519992134044868237e+01
2.306198451281288158e+02 9.489486811833376123e+01
2.316019599678274119e+02 9.459174253245694786e+01
2.325841600030494192e+02 9.428882264463317142e+01
2.335657299533777120e+02 9.398438161192062523e+01
2.345459127002306730e+02 9.367659158528998375e+01
2.355238898380959824e+02 9.336347675623230202e+01
2.364988380848951692e+02 9.304304954318757837e+01
2.374700615126694174e+02 9.271362982483773862e+01
2.384374982345804312e+02 9.237506819153099968e+01
2.394012832960337391e+02 9.202769067041745643e+01
2.403615539025073247e+02 9.167182850355088419e+01
2.413184955279278370e+02 9.130792946395023080e+01
2.422723419146699086e+02 9.093655785559950289e+01
2.432233288906494124e+02 9.055828301745069098e+01
2.441716503380940821e+02 9.017357302266599106e+01
2.451173650913059419e+02 8.978256991006327326e+01
2.460605048587290753e+02 8.938535023088334697e+01
2.470011040588750006e+02 8.898199707902954003e+01
2.479392311694160185e+02 8.857267577424130423e+01
2.488749779188665343e+02 8.815760776858564896e+01
2.498084376996509945e+02 8.773701853115989024e+01
2.507399104760117439e+02 8.731163223955149988e+01
2.516701342849573280e+02 8.688323067257272214e+01
2.525999030554468163e+02 8.645373054414207559e+01
2.535300019010622350e+02 8.602502728601550075e+01
2.544611488483160713e+02 8.559885436774206369e+01
2.553940310804970011e+02 8.517687079688246854e+01
2.563293293990140000e+02 8.476072017377657630e+01
2.572674215261862400e+02 8.435131440107905121e+01
2.582082517977541443e+02 8.394851909363548259e+01
2.591517312195038016e+02 8.355211940065959197e+01
2.600977504370564475e+02 8.316185131755214854e+01
2.610461014803502167e+02 8.277721276026269948e+01
2.619965465629372261e+02 8.239762966157701385e+01
2.629488456539041294e+02 8.202252253566140894e+01
2.639027093791779635e+02 8.165119277174521528e+01
2.648578001779803230e+02 8.128282542604799232e+01
2.658137784502218892e+02 8.091660063145688753e+01
2.667702294418424458e+02 8.055151708318801695e+01
2.677265028404387976e+02 8.018600478851691093e+01
2.686819023050550754e+02 7.981838263200155836e+01
2.696357267379861469e+02 7.944695801436051852e+01
2.705872172392222410e+02 7.906989878881154254e+01
2.715355763918955176e+02 7.868527982038952473e+01
2.724800080865059613e+02 7.829117913038933807e+01
2.734200241648180736e+02 7.788641820016778183e+01
2.743557732565241167e+02 7.747135585301340654e+01
2.752874828613868203e+02 7.704654132139391720e+01
2.762154261875861607e+02 7.661263418769377154e+01
2.771402142570707952e+02 7.617110958915064600e+01
2.780626095009210985e+02 7.572380819710129174e+01
2.789833747480535067e+02 7.527257164334685058e+01
2.799032582891558718e+02 7.481920646138641473e+01
2.808229881204748040e+02 7.436547018972510159e+01
2.817432907303518164e+02 7.391311672647135822e+01
2.826648490319431062e+02 7.346379476995711855e+01
2.835881405916477433e+02 7.301865726770968479e+01
2.845135825430632508e+02 7.257871126960316133e+01
2.854415760130058288e+02 7.214492518172548330e+01
2.863721837740167757e+02 7.171745055073060371e+01
2.873051459195992265e+02 7.129565990720638524e+01
2.882401896946358875e+02 7.087889476242844466e+01
2.891770639532927021e+02 7.046654879692434292e+01
2.901155834931454365e+02 7.005817489216919114e+01
2.910555756461566261e+02 6.965335619022499714e+01
2.919968802870207583e+02 6.925170611401541976e+01
2.929394847149001180e+02 6.885319400095320930e+01
2.938834721141425348e+02 6.845802067598864937e+01
2.948289271017821420e+02 6.806639042288432506e+01
2.957759064051140285e+02 6.767844019352924079e+01
2.967244105126986256e+02 6.729417116732010129e+01
2.976744331526335259e+02 6.691356820243059644e+01
2.986259716342729007e+02 6.653662480296537751e+01
2.995790489755457315e+02 6.616339653910767993e+01
3.005336994265437625e+02 6.579396609792038930e+01
3.014899613024563223e+02 6.542842598047357683e+01
3.024480473038826176e+02 6.506728969121869000e+01
3.034084077838893450e+02 6.471164447808909870e+01
3.043715101482886780e+02 6.436261875796439824e+01
3.053379062165668074e+02 6.402154474046668042e+01
3.063085348568894801e+02 6.369068905387907620e+01
3.072844458027188921e+02 6.337258597912766334e+01
3.082666600597074762e+02 6.306970044209131032e+01
3.092556152134818603e+02 6.278308886855067783e+01
3.102512055039213124e+02 6.251249593202296495e+01
3.112533043022212951e+02 6.225761592458179905e+01
3.122615735362136320e+02 6.201763266856605838e+01
3.132750468585350063e+02 6.179021319493249820e+01
3.142926417634104155e+02 6.157274410326147063e+01
3.153133415028869990e+02 6.136277074654713459e+01
3.163368771919806477e+02 6.115964397857703716e+01
3.173634546838699180e+02 6.096386077236532941e+01
3.183932874477373502e+02 6.077593648758934819e+01
3.194265946376777947e+02 6.059640020890511636e+01
3.204636065875527606e+02 6.042580801207419938e+01
3.215045549352967100e+02 6.026471912125673214e+01
3.225495731508356698e+02 6.011345576200498897e+01
3.235981100866027873e+02 5.997068734653463906e+01
3.246493230535535872e+02 5.983437944345914872e+01
3.257023777311057984e+02 5.970251782464058721e+01
3.267568275214563869e+02 5.957402430726210696e+01
3.278127416954108639e+02 5.944906612514019884e+01
3.288702252556320786e+02 5.932789677640027293e+01
3.299292625639528183e+02 5.921047850642987953e+01
3.309892997518415996e+02 5.909547415752874144e+01
3.320496329075995163e+02 5.898118433573321795e+01
3.331095724629581696e+02 5.886594427513138328e+01
3.341687087010896562e+02 5.874876482990293169e+01
3.352268864204797865e+02 5.862927130759415206e+01
3.362839597880935685e+02 5.850711163322765884e+01
3.373398877600241121e+02 5.838218671578957952e+01
3.383949324989915795e+02 5.825512947164215660e+01
3.394494106896497669e+02 5.812670444506731116e+01
3.405036184376405686e+02 5.799762649851238194e+01
3.415576253087459691e+02 5.786806358206868595e+01
3.426113605229352856e+02 5.773784482307569021e+01
3.436647528953247388e+02 5.760679837153899996e+01
3.447179264108887082e+02 5.747522356363843699e+01
3.457713794049605553e+02 5.734432350581325011e+01
3.468256525747751766e+02 5.721540357614783545e+01
3.478812052057505184e+02 5.708957260855238758e+01
3.489379449238743973e+02 5.696660762233913999e+01
3.499955504022716468e+02 5.684573289947923058e+01
3.510537147535683289e+02 5.672620758190152657e+01
3.521127212327966163e+02 5.660871553760429009e+01
3.531736197108467650e+02 5.649579140414203238e+01
3.542375112928372687e+02 5.639009350911385354e+01
3.553054164559545711e+02 5.629408551427611940e+01
3.563780056564381766e+02 5.620938600051894696e+01
3.574558543913355493e+02 5.613738428189317631e+01
3.585395029326464282e+02 5.607938462567392435e+01
3.596288312791159569e+02 5.603509714625329252e+01
3.607231330272604737e+02 5.600281615813010205e+01
3.618216813899832118e+02 5.598078676185990332e+01
3.629237497687739165e+02 5.596725444397352334e+01
3.640286120965507166e+02 5.596046577865794802e+01
3.651355423991636258e+02 5.595866753030214369e+01
3.662438356077747130e+02 5.596015693287995418e+01
3.673530094788222868e+02 5.596376916495643883e+01
3.684627164828885952e+02 5.596866463186651686e+01
3.695726118583090738e+02 5.597401042438821150e+01
3.706824459215086449e+02 5.597920354593452430e+01
3.717921468741801050e+02 5.598407115234464015e+01
3.729016624416508421e+02 5.598848761044170885e+01
3.740109526248198222e+02 5.599235725273473463e+01
3.751200582591569628e+02 5.599578173560207262e+01
3.762290528727836545e+02 5.599894252088787994e+01
3.773380099625863409e+02 5.600202105832730837e+01
3.784469984845978274e+02 5.600519007756087575e+01
3.795560816354437179e+02 5.600861124806663582e+01
3.806653222405396946e+02 5.601244552646502228e+01
3.817747601570558231e+02 5.601679877523396556e+01
3.828843382177175840e+02 5.602154412342632384e+01
3.839939736398743548e+02 5.602649325625668553e+01
3.851035751994136263e+02 5.603143707175293287e+01
3.862128994820100729e+02 5.603579169779959557e+01
3.873215710846244519e+02 5.603864823856104493e+01
3.884292101162934614e+02 5.603908673466836632e+01
3.895353588888200420e+02 5.603598738167823257e+01
3.906393461885810439e+02 5.602768187229142427e+01
3.917404644924623653e+02 5.601240862760352712e+01
3.928380156482035659e+02 5.598842346945512816e+01
3.939313982446296905e+02 5.595416185828133138e+01
3.950200679426156967e+02 5.590816523164917129e+01
3.961034866196878284e+02 5.584898939165042009e+01
3.971816510664984889e+02 5.577645881660228611e+01
3.982555343510334751e+02 5.569271346331997563e+01
3.993262134394277041e+02 5.560013970827996843e+01
4.003948701643475374e+02 5.550139209366733439e+01
4.014633575191492696e+02 5.540084146027463419e+01
4.025337929891792328e+02 5.530353501036822195e+01
4.036082697518140776e+02 5.521447033628277268e+01
4.046880077072148083e+02 5.513685119015636360e+01
4.057731452557089824e+02 5.507165976396356655e+01
4.068637536066810867e+02 5.501974022957118393e+01
4.079597199687383409e+02 5.498174267421287453e+01
4.090601751973496789e+02 5.495751938130984371e+01
4.101640558323124424e+02 5.494671766946434843e+01
4.112702878384944825e+02 5.494900671563344474e+01
4.123776137017558767e+02 5.496443495514797206e+01
4.134846205241418033e+02 5.499337200783823221e+01
4.145898904902711593e+02 5.503619702204949959e+01
4.156919998201731232e+02 5.509293596345654009e+01
4.167895087874320552e+02 5.516267055702513744e+01
4.178809750290968168e+02 5.524432640991886956e+01
4.189649503073519554e+02 5.533658998127229722e+01
4.200399276240515292e+02 5.543575577420594414e+01
4.211043661567293270e+02 5.553674140570080908e+01
4.221567148997889944e+02 5.563445994963600327e+01
4.231945419344519905e+02 5.572490294647720077e+01
4.242138468269495206e+02 5.580598220652192509e+01
4.252104673270706030e+02 5.587580764543110945e+01
4.261840427314818953e+02 5.593289169188147980e+01
4.271578629725779592e+02 5.597825093641294814e+01
4.281642986279293268e+02 5.601386344077515389e+01
4.292371942649419907e+02 5.604167860508244559e+01
4.304588161168938996e+02 5.606262609557029464e+01
4.319699850557628906e+02 5.607640244971304355e+01
4.339150267554661013e+02 5.608263039576728204e+01
