5.986628340051135666e+01 3.656281093645613964e+02
6.179990086132221450e+01 3.648659184859093330e+02
6.326160959477023482e+01 3.642871474976988111e+02
6.440879792336738774e+01 3.638301476257926197e+02
6.539394568565248278e+01 3.634351877279247560e+02
6.630173825935096943e+01 3.630690223994697021e+02
6.716741986067933112e+01 3.627177217612400000e+02
6.802503001127134041e+01 3.623678307386874167e+02
6.889775121532541391e+01 3.620106868258797022e+02
6.978715292117357194e+01 3.616471680793696919e+02
7.069224619299262713e+01 3.612792818927202916e+02
7.161203996691570239e+01 3.609091072857868880e+02
7.254553022419014496e+01 3.605391593175889398e+02
7.349170807105730319e+01 3.601721171314566163e+02
7.444956490630295320e+01 3.598106360376798989e+02
7.541809968153546606e+01 3.594567666163330273e+02
7.639631926327427891e+01 3.591119257260222639e+02
7.738323089615755634e+01 3.587774999954467603e+02
7.837784711639986313e+01 3.584545079050732284e+02
7.937919606592930677e+01 3.581428822067663305e+02
8.038630874943069671e+01 3.578423564832261263e+02
8.139823373921180405e+01 3.575526244778799310e+02
8.241418706134314220e+01 3.572730001880626105e+02
8.343347754523239246e+01 3.570025871547777570e+02
8.445541690830839343e+01 3.567404864002000977e+02
8.547942294946824404e+01 3.564857832699771620e+02
8.650507345674169812e+01 3.562375394668526383e+02
8.753195947481783890e+01 3.559948147345247094e+02
8.855968233283925883e+01 3.557566526528518125e+02
8.958788917902293747e+01 3.555220247889006373e+02
9.061623991685067381e+01 3.552898826625800552e+02
9.164439386041337343e+01 3.550591756084056669e+02
9.267200093572125752e+01 3.548288181955882123e+02
9.369870354364732634e+01 3.545976971267584759e+02
9.472414413334264793e+01 3.543646990530907601e+02
9.574801681421084254e+01 3.541288561642257946e+02
9.677012931318721201e+01 3.538895207357599020e+02
9.779030447890279731e+01 3.536460876444822929e+02
9.880837301400202932e+01 3.533979782378325467e+02
9.982421911608528831e+01 3.531447941591275708e+02
1.008377492875017367e+02 3.528862122261415948e+02
1.018488718182330359e+02 3.526219143471721509e+02
1.028575465035810907e+02 3.523517279367732726e+02
1.038637924187852661e+02 3.520756478796110969e+02
1.048676319335883704e+02 3.517936783612190084e+02
1.058691540207128554e+02 3.515059857689997216e+02
1.068686659680734437e+02 3.512132681652524866e+02
1.078665197259934132e+02 3.509163323810761312e+02
1.088630849311838489e+02 3.506160267068763119e+02
1.098589222403246737e+02 3.503136472099332650e+02
1.108547089594388950e+02 3.500107633995062315e+02
1.118511242683400866e+02 3.497089490561260732e+02
1.128488622882774735e+02 3.494098041695822872e+02
1.138486419477112861e+02 3.491149722448013222e+02
1.148511845140122887e+02 3.488261008894686483e+02
1.158571752986585324e+02 3.485447525511888784e+02
1.168671211088079644e+02 3.482720668972868907e+02
1.178814734610884756e+02 3.480090526416984176e+02
1.189006840461788954e+02 3.477567222400334686e+02
1.199252080794228732e+02 3.475161580366277576e+02
1.209555038799044837e+02 3.472885039182521041e+02
1.219920298418785762e+02 3.470749060497940377e+02
1.230352342899077485e+02 3.468765675346790545e+02
1.240855410437061153e+02 3.466948300376902239e+02
1.251433702665673877e+02 3.465310558986451497e+02
1.262090757110716481e+02 3.463864937607916659e+02
1.272825038211158954e+02 3.462615237440058422e+02
1.283632670457245410e+02 3.461561253639109736e+02
1.294509679317586119e+02 3.460702641573105325e+02
1.305448923113515605e+02 3.460034723393954437e+02
1.316439255385059823e+02 3.459547342006335384e+02
1.327469272754964607e+02 3.459229988830647358e+02
1.338527421719603012e+02 3.459072847441856879e+02
1.349601601165613829e+02 3.459068626158469897e+02
1.360679585154961160e+02 3.459210608800598834e+02
1.371749323595539067e+02 3.459492248913119852e+02
1.382800929094585740e+02 3.459909087457083956e+02
1.393825967955037584e+02 3.460458068486357206e+02
1.404816062122350218e+02 3.461136134764255416e+02
1.415765654211337790e+02 3.461937536963547473e+02
1.426674347969984353e+02 3.462851599891528167e+02
1.437542298154120317e+02 3.463867122465062494e+02
1.448370153849341762e+02 3.464972631087613877e+02
1.459161301457601212e+02 3.466155143138811923e+02
1.469920069554451061e+02 3.467401156598182297e+02
1.480650732886549861e+02 3.468697386758365155e+02
1.491356380767015253e+02 3.470035268986046049e+02
1.502038956068190032e+02 3.471410803463342063e+02
1.512700355141120667e+02 3.472820176651259771e+02
1.523342703329448398e+02 3.474259300034942726e+02
1.533968743567165518e+02 3.475723343492832100e+02
1.544581321860734988e+02 3.477207353133246102e+02
1.555183043508023104e+02 3.478706938221088762e+02
1.565774445418068410e+02 3.480222547178586865e+02
1.576355010698785009e+02 3.481757093878083538e+02
1.586924211424185671e+02 3.483313512744315972e+02
1.597481398983996712e+02 3.484894781220435789e+02
1.608025757025797873e+02 3.486503936541984672e+02
1.618556456811068074e+02 3.488144020359573574e+02
1.629072326619234161e+02 3.489818808694725476e+02
1.639570801531394864e+02 3.491535060594756033e+02
1.650048962929355980e+02 3.493300292424939926e+02
1.660504016616088450e+02 3.495121706172077438e+02
1.670934921226982510e+02 3.497002074891970551e+02
1.681341931127698786e+02 3.498940897682275590e+02
1.691725335511328012e+02 3.500937585787869466e+02
1.702086045870489102e+02 3.502989998577115784e+02
1.712426230160721445e+02 3.505092862079497422e+02
1.722748207609489555e+02 3.507240525085993568e+02
1.733054380109219323e+02 3.509427132572610617e+02
1.743347660864725412e+02 3.511645568846809056e+02
1.753631158350219152e+02 3.513888236768705724e+02
1.763907948215967565e+02 3.516147618715691010e+02
1.774180252586659776e+02 3.518418265194272294e+02
1.784449387092053598e+02 3.520696923187090306e+02
1.794716623568805005e+02 3.522980445794271418e+02
1.804983271439755299e+02 3.525265602044374305e+02
1.815250752651638777e+02 3.527548909276155200e+02
1.825520510118484481e+02 3.529826837929392127e+02
1.835793917619132287e+02 3.532096026736954286e+02
1.846071678256171538e+02 3.534354747032569435e+02
1.856354118226977903e+02 3.536602187635542691e+02
1.866641547880788607e+02 3.538837575762011625e+02
1.876933603332196867e+02 3.541061769383041451e+02
1.887228889839102806e+02 3.543278119777702955e+02
1.897525925623496335e+02 3.545490188736699793e+02
1.907823212808307005e+02 3.547701576122698270e+02
1.918119180677412032e+02 3.549916054052215486e+02
1.928412237924632961e+02 3.552137443334284512e+02
1.938700849371298887e+02 3.554369428886355990e+02
1.948984391909750968e+02 3.556613487391277886e+02
1.959262983418461204e+02 3.558869301514560561e+02
1.969536763558667189e+02 3.561136501179163929e+02
1.979805942910019212e+02 3.563414543794349356e+02
1.990070890280520075e+02 3.565702501868530589e+02
2.000331995887505343e+02 3.567999395830512981e+02
2.010589637481989769e+02 3.570304278563676235e+02
2.020844106515920942e+02 3.572616427620682771e+02
2.031095657932520169e+02 3.574935215600298761e+02
2.041344573584101454e+02 3.577259951377408242e+02
2.051591970407727672e+02 3.579587965300297583e+02
2.061839939459829338e+02 3.581914279782565700e+02
2.072090626847795818e+02 3.584233786815003100e+02
2.082346166150461784e+02 3.586541443055158993e+02
2.092608649250639701e+02 3.588832420376668324e+02
2.102880159367871045e+02 3.591101935369053990e+02
2.113162638450646398e+02 3.593345559427465901e+02
2.123456474586142804e+02 3.595562766506844241e+02
2.133761093816293339e+02 3.597755446761743769e+02
2.144075905689101376e+02 3.599925532840857159e+02
2.154400154318224168e+02 3.602075453922614656e+02
2.164732805327016933e+02 3.604208475037979724e+02
2.175072797603968127e+02 3.606327941459147723e+02
2.185419471864691729e+02 3.608436233945161007e+02
2.195774194935754906e+02 3.610530869943090693e+02
2.206138970800163293e+02 3.612607837521519514e+02
2.216515769957372868e+02 3.614663188629043020e+02
2.226905925768060968e+02 3.616694192913814163e+02
2.237310202972705611e+02 3.618699206770846786e+02
2.247729347392229613e+02 3.620676620759711568e+02
2.258164470939920818e+02 3.622623421775314227e+02
2.268617589513752364e+02 3.624533130670952232e+02
2.279090856090365094e+02 3.626398742715379626e+02
2.289586838679818186e+02 3.628211953216047618e+02
2.300111328830700188e+02 3.629954360762396277e+02
2.310671626352028056e+02 3.631602839793655448e+02
2.321274995484880321e+02 3.633134285343379588e+02
2.331927034898577631e+02 3.634527383703884880e+02
2.342631208612469607e+02 3.635763116901930516e+02
2.353390840831901016e+02 3.636822617354894192e+02
2.364207294509344024e+02 3.637690790417101425e+02
2.375074667999697340e+02 3.638366516626322209e+02
2.385985378023574128e+02 3.638851911544331870e+02
2.396931634675675014e+02 3.639149602735951134e+02
2.407903058000649708e+02 3.639268635709781847e+02
2.418887503199912032e+02 3.639222429119532194e+02
2.429872800105963790e+02 3.639024516508180227e+02
2.440847662109525515e+02 3.638691609760024335e+02
2.451802442061461420e+02 3.638246318235944159e+02
2.462727670915919305e+02 3.637711891971100044e+02
2.473614801740269513e+02 3.637113274345854279e+02
2.484460474578841058e+02 3.636484933972758427e+02
2.495263141696844968e+02 3.635864667380573110e+02
2.506021266524120961e+02 3.635289972200541797e+02
2.516733518154508715e+02 3.634791636237615648e+02
2.527398767259879548e+02 3.634393870776087851e+02
2.538015893763425197e+02 3.634120599386610593e+02
2.548584319784901311e+02 3.633987617165110464e+02
2.559104951569812556e+02 3.633988469566846220e+02
2.569578947010892307e+02 3.634112929415048256e+02
2.580008199490335983e+02 3.634349893725657807e+02
2.590401031326470616e+02 3.634680604056036941e+02
2.600769086729134756e+02 3.635082346316397661e+02
2.611124084895245119e+02 3.635532482665755083e+02
2.621479962442228384e+02 3.636013514616686280e+02
2.631853780137577132e+02 3.636515184577992841e+02
2.642262833985337807e+02 3.637027780170276401e+02
2.652722992754306688e+02 3.637540631365006334e+02
2.663244237871070936e+02 3.638039117833136515e+02
2.673835032941425993e+02 3.638507600815224805e+02
2.684503260801673719e+02 3.638930703323105149e+02
2.695248457697597928e+02 3.639296810467968726e+02
2.706063905885349641e+02 3.639597126252186285e+02
2.716942724582283404e+02 3.639822929250697143e+02
2.727876297267866335e+02 3.639966440699199097e+02
2.738852452814901426e+02 3.640021812302385911e+02
2.749858584855998629e+02 3.639983432139264892e+02
2.760882267059729429e+02 3.639845876431430156e+02
2.771912204591022828e+02 3.639604903845652188e+02
2.782937541138441588e+02 3.639256731318101288e+02
2.793947552857723622e+02 3.638797745579184948e+02
2.804934982256464764e+02 3.638228782462243771e+02
2.815896302923992494e+02 3.637555466687430226e+02
2.826828174036560881e+02 3.636783661369729543e+02
2.837728980099684577e+02 3.635921761240351202e+02
2.848602349098269997e+02 3.634985854911209913e+02
2.859452901453511231e+02 3.633993487219335634e+02
2.870285055353542134e+02 3.632961431369854495e+02
2.881101232180504326e+02 3.631898841639381885e+02
2.891902715440810425e+02 3.630810530674032748e+02
2.902690778708667949e+02 3.629701254123996250e+02
2.913466893082207321e+02 3.628575375362555633e+02
2.924232835821647427e+02 3.627436649733801914e+02
2.934990410523732294e+02 3.626288780278240438e+02
2.945741703992454745e+02 3.625136065685578046e+02
2.956490104314275413e+02 3.623985541538255575e+02
2.967239373089620358e+02 3.622845029003458990e+02
2.977993123049168958e+02 3.621721996582049883e+02
2.988752495902954252e+02 3.620618059169783010e+02
2.999516598674431407e+02 3.619530011689851108e+02
3.010284481499882645e+02 3.618454515000972833e+02
3.021056035802311612e+02 3.617390380469100819e+02
3.031833057235069191e+02 3.616341287076700723e+02
3.042617603376617694e+02 3.615311583342357835e+02
3.053411693139919976e+02 3.614305555498251579e+02
3.064217073380894476e+02 3.613327051518784856e+02
3.075035374182413079e+02 3.612379731268197816e+02
3.085868153059350902e+02 3.611467082800059529e+02
3.096714678090035022e+02 3.610587162959697025e+02
3.107571510658216312e+02 3.609731607526969128e+02
3.118435055938576852e+02 3.608891681715444406e+02
3.129302347432405327e+02 3.608060187078657464e+02
3.140172541851274559e+02 3.607235116694400858e+02
3.151045243931333744e+02 3.606415559118603937e+02
3.161920185360888809e+02 3.605600910465686866e+02
3.172798520038450079e+02 3.604794012343550094e+02
3.183682294587284218e+02 3.603999869104600293e+02
3.194573534111692652e+02 3.603223433204567527e+02
3.205471473368518218e+02 3.602462915745277314e+02
3.216370584435030651e+02 3.601705021409015330e+02
3.227264873899471240e+02 3.600935330277514481e+02
3.238147988879743480e+02 3.600138551798428921e+02
3.249011735546080217e+02 3.599294936659874793e+02
3.259847332317929158e+02 3.598383312022600649e+02
3.270646171974872232e+02 3.597382925540086944e+02
3.281403021525391068e+02 3.596281162320495355e+02
3.292115699954769639e+02 3.595072767767830442e+02
3.302782140199904006e+02 3.593752762101145208e+02
3.313401804795805674e+02 3.592319855846161545e+02
3.323977988905265306e+02 3.590782006122021244e+02
3.334514578286706978e+02 3.589148594918221420e+02
3.345015477454661550e+02 3.587429049157861414e+02
3.355484739050957614e+02 3.585633150629537340e+02
3.365926486020570110e+02 3.583770849545614965e+02
3.376344809894980017e+02 3.581852020256604305e+02
3.386742564498438242e+02 3.579883548436223464e+02
3.397120995829720869e+02 3.577868437361321412e+02
3.407481242428751784e+02 3.575809430829142457e+02
3.417823805830429365e+02 3.573707734786584069e+02
3.428146791551097863e+02 3.571558770739550823e+02
3.438447741861456848e+02 3.569356600412671696e+02
3.448724097598873186e+02 3.567095040712562195e+02
3.458972003565034470e+02 3.564764780453180606e+02
3.469186709345062809e+02 3.562354347766934666e+02
3.479363449481644466e+02 3.559852234493587844e+02
3.489497758399881491e+02 3.557247657731298887e+02
3.499585734813056206e+02 3.554531199295595343e+02
3.509623539807211046e+02 3.551693591849025893e+02
3.519607853623691653e+02 3.548726822318859604e+02
3.529538323128550701e+02 3.545630044914869927e+02
3.539415647238117231e+02 3.542404955570928564e+02
3.549240598116194292e+02 3.539053427337638027e+02
3.559015584296327575e+02 3.535581290163374888e+02
3.568744639772698974e+02 3.531998304515022369e+02
3.578431868378692116e+02 3.528314399742304772e+02
3.588081385237910013e+02 3.524539536271932434e+02
3.597697336840395792e+02 3.520683760868599848e+02
3.607283875079392601e+02 3.516757135169614799e+02
3.616844706171089001e+02 3.512768645663750249e+02
3.626379573206714895e+02 3.508717718221748214e+02
3.635886142490811608e+02 3.504598768687054076e+02
3.645362043736743090e+02 3.500406124517210742e+02
3.654804016685137640e+02 3.496131960686668663e+02
3.664207530035590139e+02 3.491765378037140408e+02
3.673567954908806428e+02 3.487295241406584410e+02
3.682881476080808625e+02 3.482712370880252593e+02
3.692147686704237231e+02 3.478015777013009711e+02
3.701367072263402065e+02 3.473206614669546184e+02
3.710540114053559364e+02 3.468286023344107889e+02
3.719667231899310877e+02 3.463254917041118119e+02
3.728748798939543008e+02 3.458114038510038313e+02
3.737785189198336866e+02 3.452864130703152341e+02
3.746777097045595610e+02 3.447506635968097157e+02
3.755725882272166132e+02 3.442044449433512909e+02
3.764632987526672423e+02 3.436480647127359589e+02
3.773499986885270800e+02 3.430818590560515986e+02
3.782329293743445078e+02 3.425063464387964132e+02
3.791123651596039394e+02 3.419221170296543733e+02
3.799885812568017514e+02 3.413297626282404167e+02
3.808618740812039505e+02 3.407299145002084515e+02
3.817325631777452486e+02 3.401232469639121518e+02
3.826009692460186216e+02 3.395104364795632250e+02
3.834673826885630774e+02 3.388920888332731920e+02
3.843320004336639499e+02 3.382685917632624069e+02
3.851950014395481503e+02 3.376402910888990618e+02
3.860565540642709834e+02 3.370075130024435452e+02
3.869167201276090964e+02 3.363703864315816077e+02
3.877754998900219334e+02 3.357289263217510893e+02
3.886328929925387001e+02 3.350831479856062742e+02
3.894889070185961373e+02 3.344331757373592495e+02
3.903435620322692330e+02 3.337793051754262024e+02
3.911968791913427594e+02 3.331218469082919000e+02
3.920488321933648308e+02 3.324610607953559906e+02
3.928991732703953517e+02 3.317969698836506609e+02
3.937475901077108915e+02 3.311295282005303307e+02
3.945937589347296353e+02 3.304586808069583981e+02
3.954371619248840375e+02 3.297842209145396737e+02
3.962771193004413135e+02 3.291058150076334528e+02
3.971129458520951516e+02 3.284231252090113458e+02
3.979438423646152501e+02 3.277356974224693431e+02
3.987687478244423573e+02 3.270428106715190779e+02
3.995865646131181848e+02 3.263437066642090940e+02
4.003961941781043379e+02 3.256376254972378774e+02
4.011965312863196687e+02 3.249237957429262451e+02
4.019864677954917056e+02 3.242014409550473033e+02
4.027649020422671811e+02 3.234697845456062737e+02
4.035309442373271622e+02 3.227280459745350640e+02
4.042839584667984809e+02 3.219754399662414812e+02
4.050233238010804939e+02 3.212111809853445834e+02
4.057484783109146633e+02 3.204346521340339109e+02
4.064590625022200356e+02 3.196458151243042494e+02
4.071547602629409539e+02 3.188447556647082024e+02
4.078352654216561177e+02 3.180315829203004796e+02
4.085003852423750459e+02 3.172066737250218011e+02
4.091499991769583175e+02 3.163705752514930509e+02
4.097839920699126424e+02 3.155238390185603521e+02
4.104025976590454547e+02 3.146671493137220068e+02
4.110066534980193182e+02 3.138014202019382992e+02
4.115970572179792271e+02 3.129275886101916058e+02
4.121746733732567236e+02 3.120465536921589091e+02
4.127401944636309850e+02 3.111590181173792757e+02
4.132942572222299873e+02 3.102656208705757308e+02
4.138374729745959257e+02 3.093669858016932608e+02
4.143699514685659437e+02 3.084634382922237705e+02
4.148913426600236676e+02 3.075550301202038099e+02
4.154012795590778069e+02 3.066418028918163827e+02
4.158994185852196779e+02 3.057237753227587973e+02
4.163854756792502485e+02 3.048009079267735615e+02
4.168591761023085382e+02 3.038731521038621395e+02
4.173202399951028383e+02 3.029404517335340188e+02
4.177683463767695571e+02 3.020026902991189672e+02
4.182031544697689469e+02 3.010597222081210020e+02
4.186243274457613097e+02 3.001114031186982061e+02
4.190316918350595188e+02 2.991576462718226139e+02
4.194252892607951253e+02 2.981984407272223052e+02
4.198051760153800274e+02 2.972337807154734719e+02
4.201715324730736256e+02 2.962637118512109282e+02
4.205250129548541054e+02 2.952884760171498328e+02
4.208663849233248015e+02 2.943083619495624816e+02
4.211964279896136532e+02 2.933236638103949190e+02
4.215160800088502242e+02 2.923347464352237353e+02
4.218263896373450734e+02 2.913420241447350350e+02
4.221284066105678789e+02 2.903459118083113708e+02
4.224230441306921193e+02 2.893467709019017775e+02
4.227109548538680883e+02 2.883448610109483070e+02
4.229927621362911623e+02 2.873404302626977369e+02
4.232690291002019762e+02 2.863337025954818387e+02
4.235399691997682226e+02 2.853247615269798416e+02
4.238056700276338802e+02 2.843136400310596628e+02
4.240662179031590995e+02 2.833003706292109314e+02
4.243216733812018333e+02 2.822849768686853622e+02
4.245720710792015211e+02 2.812674732622665488e+02
4.248174444821714815e+02 2.802478739292153591e+02
4.250578346291327989e+02 2.792261964008681048e+02
4.252933038602784563e+02 2.782024678301056042e+02
4.255239182434780787e+02 2.771767170535657669e+02
4.257497636307993503e+02 2.761489811004904595e+02
4.259711048625219973e+02 2.751193711188493580e+02
4.261883018995030170e+02 2.740880376458874821e+02
4.264017150433251118e+02 2.730551313562035034e+02
4.266116775491760222e+02 2.720207915365269287e+02
4.268184835162514332e+02 2.709851409869796157e+02
4.270224239792300409e+02 2.699483012173704992e+02
4.272237816460584554e+02 2.689103902121857459e+02
4.274228038031851611e+02 2.678715109593678108e+02
4.276197283199057324e+02 2.668317624598803945e+02
4.278147954777462587e+02 2.657912447020673881e+02
4.280082816534944072e+02 2.647500724488863284e+02
4.282004910101408086e+02 2.637083718368212999e+02
4.283917270567783362e+02 2.626662687277057557e+02
4.285820667066952865e+02 2.616237950743615670e+02
4.287711094403670700e+02 2.605807849652074992e+02
4.289583942850132416e+02 2.595370474347763547e+02
4.291434217858619036e+02 2.584923755727684238e+02
4.293254427620340152e+02 2.574464589960457488e+02
4.295036083671977849e+02 2.563989460255583595e+02
4.296770742839661352e+02 2.553494868582678521e+02
4.298451291076386269e+02 2.542977867480251746e+02
4.300072083801850908e+02 2.532436118189170600e+02
4.301627552760835442e+02 2.521867313566725670e+02
4.303112770648963306e+02 2.511269412013112969e+02
4.304524817742301366e+02 2.500641203659623670e+02
4.305861166324582427e+02 2.489981641044472553e+02
4.307120161864100965e+02 2.479290038404250822e+02
4.308309083870494760e+02 2.468569410714670198e+02
4.309440446108446849e+02 2.457824941131736978e+02
4.310526823167999737e+02 2.447061838008073096e+02
4.311580438348701136e+02 2.436285164245425676e+02
4.312612955305098694e+02 2.425499751026050319e+02
4.313635987735599997e+02 2.414710408848000327e+02
4.314659106583744688e+02 2.403921102082897789e+02
4.315682202078231740e+02 2.393131785267991347e+02
4.316702299611079638e+02 2.382341226300826520e+02
4.317716624178972324e+02 2.371548275758455588e+02
4.318725864845296769e+02 2.360753219090774735e+02
4.319733640727288275e+02 2.349957555423705458e+02
4.320743659099250635e+02 2.339162820399267844e+02
4.321758549459690357e+02 2.328370103228566563e+02
4.322778430312281444e+02 2.317579453030958234e+02
4.323803063291186390e+02 2.306790771105088140e+02
4.324831676112434025e+02 2.296003737592347136e+02
4.325859614836329570e+02 2.285216424791519785e+02
4.326880510612260764e+02 2.274426194658422276e+02
4.327888147899512319e+02 2.263630472651749983e+02
4.328881712733343079e+02 2.252828921631391381e+02
4.329866951081133948e+02 2.242023921664214186e+02
4.330850004111475755e+02 2.231218016514434339e+02
4.331835903351866364e+02 2.220413290316571704e+02
4.332825814459596359e+02 2.209610225904719414e+02
4.333820061735447098e+02 2.198808957610703487e+02
4.334818579748612137e+02 2.188009458334078090e+02
4.335816772438528233e+02 2.177209824324187366e+02
4.336807120757698613e+02 2.166406941088310418e+02
4.337782104075483858e+02 2.155597693477944858e+02
4.338738257322232243e+02 2.144780646212663839e+02
4.339679232346506979e+02 2.133957311935586745e+02
4.340609401786039712e+02 2.123129501850433769e+02
4.341532534714570488e+02 2.112298777156554479e+02
4.342449211310582200e+02 2.101465378169756093e+02
4.343358962469461062e+02 2.090629110578597079e+02
4.344261183540255047e+02 2.079789723926498368e+02
4.345152542238831757e+02 2.068945837934097653e+02
4.346027172180490652e+02 2.058095022663096643e+02
4.346879120591239598e+02 2.047234812391572234e+02
4.347706888888779986e+02 2.036364586384112272e+02
4.348520471375807119e+02 2.025488484413883725e+02
4.349331691024249267e+02 2.014611403713610684e+02
4.350152655982569740e+02 2.003738359640004205e+02
4.350997803435989226e+02 1.992875332268385478e+02
4.351882707853746410e+02 1.982028772752540533e+02
4.352822805151016041e+02 1.971205074855296004e+02
4.353827485329958336e+02 1.960408128040815541e+02
4.354898069501778082e+02 1.949638479529876065e+02
4.356035317332505201e+02 1.938896443985096880e+02
4.357239976530462400e+02 1.928182331116800015e+02
4.358512748422228924e+02 1.917496431426279742e+02
4.359854323090326602e+02 1.906839030758094395e+02
4.361265270879856075e+02 1.896210365360355183e+02
4.362744571916836094e+02 1.885610012796406068e+02
4.364290077641292100e+02 1.875037083116478414e+02
4.365899596539888421e+02 1.864490668579060468e+02
4.367568674621164746e+02 1.853968924298235947e+02
4.369288479265613319e+02 1.843468191710094857e+02
4.371049676925613880e+02 1.832984604760553395e+02
4.372843144339276478e+02 1.822514384500581741e+02
4.374660998435053898e+02 1.812054265695738593e+02
4.376495809220889441e+02 1.801601170787240278e+02
4.378340279553217442e+02 1.791152077244080942e+02
4.380190265114185877e+02 1.780705268481322605e+02
4.382044838319224027e+02 1.770260360331532752e+02
4.383903216794822697e+02 1.759817028775800338e+02
4.385764855378725429e+02 1.749375048044754521e+02
4.387629887859754945e+02 1.738934473580948747e+02
4.389498568727054248e+02 1.728495410819300560e+02
4.391371101466440905e+02 1.718057944061777675e+02
4.393247220072565256e+02 1.707621963079269278e+02
4.395126405516066370e+02 1.697187252803558124e+02
4.397008116774891846e+02 1.686753589054910663e+02
4.398890796541849113e+02 1.676320326615357033e+02
4.400771396029174980e+02 1.665886202359289996e+02
4.402646747463560928e+02 1.655449903866406203e+02
4.404513911780859416e+02 1.645010213402690056e+02
4.406370937932033485e+02 1.634566322275371135e+02
4.408216141606484371e+02 1.624117532222197156e+02
4.410047935963997929e+02 1.613663185342614952e+02
4.411866222583593071e+02 1.603203240078404974e+02
4.413672064391157619e+02 1.592738135775663011e+02
4.415466555511936804e+02 1.582268324699834352e+02
4.417250862588990685e+02 1.571794289135331155e+02
4.419026307254501376e+02 1.561316575524777761e+02
4.420794231095638338e+02 1.550835738571228148e+02
4.422555803369255614e+02 1.540352261664717446e+02
4.424311056875580448e+02 1.529866157911481253e+02
4.426059564176851495e+02 1.519377249963972076e+02
4.427800912815500283e+02 1.508885366716317549e+02
4.429535154311228666e+02 1.498390530278520600e+02
4.431262860070134479e+02 1.487892979258926118e+02
4.432984628843907444e+02 1.477392963654213816e+02
4.434700605256351764e+02 1.466890546274422036e+02
4.436409489837760702e+02 1.456385194689752609e+02
4.438109696719526482e+02 1.445876258419854707e+02
4.439799994633788742e+02 1.435363234233798266e+02
4.441482846098707000e+02 1.424847152760543452e+02
4.443162907888649897e+02 1.414329955802996039e+02
4.444844948958952386e+02 1.403813631694850699e+02
4.446539333219092782e+02 1.393302488547063263e+02
4.448265461349755583e+02 1.382804581292424189e+02
4.450043555619868130e+02 1.372328305510250743e+02
4.451895503764225168e+02 1.361882746688583552e+02
4.453851209349409146e+02 1.351480310823167770e+02
4.455942984487949730e+02 1.341134401634695621e+02
4.458203355660190255e+02 1.330858511123012136e+02
4.460668634078908212e+02 1.320667689864397971e+02
4.463378375500047923e+02 1.310578324558256611e+02
4.466372221999233716e+02 1.300606837358857604e+02
4.469684573486634918e+02 1.290767465890686481e+02
4.473337438480133414e+02 1.281069284002730910e+02
4.477351035500560101e+02 1.271520619611425928e+02
4.481742221089583040e+02 1.262128400769338299e+02
4.486503004661732916e+02 1.252889209660153966e+02
4.491614259075593054e+02 1.243794991418506015e+02
4.497056597184857765e+02 1.234837582049428022e+02
4.502803464108011440e+02 1.226005803044319862e+02
4.508819482283552134e+02 1.217284765365623400e+02
4.515068731294584268e+02 1.208659351666853325e+02
4.521516786191064057e+02 1.200115044005526670e+02
4.528134512362566966e+02 1.191639444881194265e+02
4.534893944482199117e+02 1.183220625458581878e+02
4.541767601287856451e+02 1.174846857206709956e+02
4.548733734799644708e+02 1.166508784006504555e+02
4.555774346906607661e+02 1.158198601421397171e+02
4.562871524496212032e+02 1.149908541170916720e+02
4.570009168018524974e+02 1.141631673901029984e+02
4.577174405030328330e+02 1.133362563068114923e+02
4.584354695747640562e+02 1.125095926011641012e+02
4.591537924072781607e+02 1.116826744018504769e+02
4.598714247678992137e+02 1.108551414885818076e+02
4.605874583743809012e+02 1.100266809565476365e+02
4.613010194003139190e+02 1.091969976612741959e+02
4.620119457054883014e+02 1.083661631799200649e+02
4.627207452498278144e+02 1.075345943825770831e+02
4.634279524719550523e+02 1.067027218521159284e+02
4.641343036998462708e+02 1.058711146261987892e+02
4.648410639081977820e+02 1.050407042859832529e+02
4.655495835391473634e+02 1.042124810258058716e+02
4.662612298623799347e+02 1.033874594967167013e+02
4.669775099170040562e+02 1.025668574869614531e+02
4.676999999669696422e+02 1.017519933943448223e+02
4.684302677431303437e+02 1.009441835417489415e+02
4.691694958675277576e+02 1.001446250473884731e+02
4.699183459963634277e+02 9.935435377230065512e+01
4.706774428061266917e+02 9.857439413099623948e+01
4.714472473356215119e+02 9.780564544168534269e+01
4.722275760655371641e+02 9.704851427644886996e+01
4.730180867971690759e+02 9.630328590153739299e+01
4.738184123176575895e+02 9.557019736111136865e+01
4.746278466530744709e+02 9.484883263840839618e+01
4.754454401034003581e+02 9.413830586342645290e+01
4.762702375686663459e+02 9.343771997664033790e+01
4.771012787859050377e+02 9.274606994067232790e+01
4.779375933582744551e+02 9.206213878044820831e+01
4.787782097096041980e+02 9.138468485666015795e+01
4.796222030805691929e+02 9.071253051379294163e+01
4.804689292293509197e+02 9.004488147486922855e+01
4.813178479255211073e+02 8.938108561352288461e+01
4.821684269322423120e+02 8.872050295332971359e+01
4.830203252575637407e+02 8.806278484130807271e+01
4.838733996590466404e+02 8.740788385641906189e+01
4.847275160630641153e+02 8.675576653646851355e+01
4.855825884426088237e+02 8.610646392183826947e+01
4.864386703615040233e+02 8.546019445357296718e+01
4.872958405921691565e+02 8.481721041525258897e+01
4.881541893764767792e+02 8.417778501407858016e+01
4.890139143873886383e+02 8.354238744284164397e+01
4.898752720112481711e+02 8.291159400463723728e+01
4.907385186532457624e+02 8.228598050014744558e+01
4.916038796168620593e+02 8.166603708241393633e+01
4.924715339347871463e+02 8.105212648434732614e+01
4.933416568775015776e+02 8.044460107851324437e+01
4.942143507665490461e+02 7.984363888541489018e+01
4.950893978942099807e+02 7.924865303761100677e+01
4.959664928172334157e+02 7.865884697480203158e+01
4.968453395550409368e+02 7.807344778018163822e+01
4.977257896682110641e+02 7.749205118022916849e+01
4.986078113989923395e+02 7.691454443983494116e+01
4.994913766851605033e+02 7.634082404626214213e+01
5.003765525299755268e+02 7.577102192533995151e+01
5.012636120418383143e+02 7.520578044155556086e+01
5.021528553099404917e+02 7.464580877984845131e+01
5.030445638176711896e+02 7.409177266914375082e+01
5.039388943547903068e+02 7.354404660187915965e+01
5.048359524711351014e+02 7.300288539369327623e+01
5.057358401501101071e+02 7.246853542144741311e+01
5.066385596258515989e+02 7.194100689798396786e+01
5.075439998553850955e+02 7.142004184392649790e+01
5.084520436690675638e+02 7.090536777497021603e+01
5.093625798419845410e+02 7.039672770155661397e+01
5.102755163416518940e+02 6.989391465859267782e+01
5.111907650014920250e+02 6.939673175734819210e+01
5.121082243545258734e+02 6.890494993146882052e+01
5.130276518655979316e+02 6.841799882874364869e+01
5.139487200338901403e+02 6.793510253976619140e+01
5.148711008712321018e+02 6.745548390790898452e+01
5.157945139530382903e+02 6.697847608089338678e+01
5.167187567428143211e+02 6.650359283611848582e+01
5.176436339156618942e+02 6.603036467534249709e+01
5.185689579189614733e+02 6.555833632052868154e+01
5.194945791919190015e+02 6.508712200370248979e+01
5.204203597641793522e+02 6.461635716282218311e+01
5.213461727379765307e+02 6.414570225868123998e+01
5.222720913891496366e+02 6.367527014444198841e+01
5.231983629141928986e+02 6.320556673396828273e+01
5.241252407196814147e+02 6.273711196758680586e+01
5.250531059046529663e+02 6.227071186134451608e+01
5.259826458214320155e+02 6.180785854563257686e+01
5.269145927857873630e+02 6.135014488466221394e+01
5.278496924821029097e+02 6.089918978373783887e+01
5.287887910404477907e+02 6.045680780907368046e+01
5.297327802620948205e+02 6.002490249107690801e+01
5.306825522361272078e+02 5.960537798364592987e+01
5.316390011160317499e+02 5.920014469731628992e+01
5.326030236307672112e+02 5.881112084817039687e+01
5.335755166634619400e+02 5.844022512607954667e+01
5.345571928888907678e+02 5.808897520382131319e+01
5.355481032741796525e+02 5.775744823275945095e+01
5.365481502609447944e+02 5.744539802784041171e+01
5.375571875717478179e+02 5.715249486499195797e+01
5.385744809590833029e+02 5.687740082232090799e+01
5.395989063194145956e+02 5.661810948812243538e+01
5.406293331896007430e+02 5.637260849290106535e+01
5.416646901125960767e+02 5.613945188419596377e+01
5.427040121015863861e+02 5.591821574891194757e+01
5.437463453395798751e+02 5.570858339640045642e+01
5.447906696665946811e+02 5.551028484943350350e+01
5.458356032678626661e+02 5.532330477912177003e+01
5.468796416989169984e+02 5.514771420258870194e+01
5.479212638638447288e+02 5.498358117840309944e+01
5.489585982254211558e+02 5.483090965147477647e+01
5.499894388369682474e+02 5.468964238610238482e+01
5.510115665308420603e+02 5.455971976731352413e+01
5.520228299490280506e+02 5.444111639589248597e+01
5.530212579314492132e+02 5.433389779789234098e+01
5.540049089183738715e+02 5.423814443527178497e+01
5.549747800905502118e+02 5.415370521544626570e+01
5.559566949090267372e+02 5.407847288875044001e+01
5.569889479708045883e+02 5.400935755726865040e+01
5.581112180351203733e+02 5.394323177322674923e+01
5.594199915424001119e+02 5.387564112543677908e+01
5.610896504759490426e+02 5.380031165061262755e+01
5.633002166459738191e+02 5.371083764546749961e+01
