4.805159014789332872e+01 1.936110957114949542e+02
4.936405040736271133e+01 1.920383173676734714e+02
5.038640570696096432e+01 1.908287696481908426e+02
5.121578517019111132e+01 1.898600436349116478e+02
5.194662791530538470e+01 1.890131642709458504e+02
5.263333025235259299e+01 1.882202721792731381e+02
5.329956931182250912e+01 1.874527218097413197e+02
5.396820370577926695e+01 1.866829115694561665e+02
5.465503543958919153e+01 1.858920626619287191e+02
5.536023719737264059e+01 1.850809374561646052e+02
5.608188460724997526e+01 1.842529202468246012e+02
5.681796871361836310e+01 1.834113110956463970e+02
5.756586324610761096e+01 1.825587953098344940e+02
5.832266827953730370e+01 1.816977856767314847e+02
5.908549965388161240e+01 1.808306847763702763e+02
5.985211382994617679e+01 1.799595564452076246e+02
6.062108809164284651e+01 1.790860304898640152e+02
6.139105345146536763e+01 1.782117083068000056e+02
6.216121494527546076e+01 1.773382963831800225e+02
6.293302912178955921e+01 1.764679134072810314e+02
6.370850447834114050e+01 1.756027791166958991e+02
6.448962618352719289e+01 1.747450989604410836e+02
6.527804095563405440e+01 1.738968710907017226e+02
6.607514029856035620e+01 1.730599373438548980e+02
6.688230706071165343e+01 1.722361339555324378e+02
6.770047167926742304e+01 1.714269634186010194e+02
6.852958071539285356e+01 1.706332024227590978e+02
6.936945147176869853e+01 1.698555323040057488e+02
7.021982112683663502e+01 1.690944688049818296e+02
7.107985417768165348e+01 1.683493441035257092e+02
7.194846587569429630e+01 1.676189752595527978e+02
7.282457568272550930e+01 1.669021835484971348e+02
7.370729312197497052e+01 1.661980201809646189e+02
7.459596709442358531e+01 1.655058259654808808e+02
7.548996176494922850e+01 1.648249601769968535e+02
7.638881688163527883e+01 1.641551094301893841e+02
7.729274752139971838e+01 1.634972193551119517e+02
7.820213110000585743e+01 1.628525382300865942e+02
7.911732843099431989e+01 1.622222624863435101e+02
8.003846552391939895e+01 1.616068552855943210e+02
8.096549435523168370e+01 1.610062363014599498e+02
8.189836140365956396e+01 1.604203088480995518e+02
8.283676938117152133e+01 1.598483566695362015e+02
8.377990044527960833e+01 1.592883404418101065e+02
8.472686979725216361e+01 1.587380506615282343e+02
8.567686646882579282e+01 1.581954563104493445e+02
8.662959632682637334e+01 1.576597758191247181e+02
8.758498607015619086e+01 1.571307614796349981e+02
8.854296847023391592e+01 1.566081806454453726e+02
8.950365968708109676e+01 1.560922573419274499e+02
9.046740292536095751e+01 1.555837809780574048e+02
9.143455548814063150e+01 1.550835760705452060e+02
9.240540377065751443e+01 1.545923007040237565e+02
9.337996673270642134e+01 1.541099852491435627e+02
9.435820029548636967e+01 1.536365121148354831e+02
9.534004043771699344e+01 1.531717160724593896e+02
9.632514812456379616e+01 1.527147749551146205e+02
9.731298397221127061e+01 1.522643880125393707e+02
9.830300457875543430e+01 1.518192449147888397e+02
9.929475101011374250e+01 1.513782401115848870e+02
1.002879414610304281e+02 1.509406974751378243e+02
1.012823164299163068e+02 1.505059949495792750e+02
1.022776607419251036e+02 1.500736173784324308e+02
1.032740631608657225e+02 1.496437825906622834e+02
1.042717399383952710e+02 1.492170158678571283e+02
1.052708999601877906e+02 1.487938246840289196e+02
1.062714889845414916e+02 1.483740804786823446e+02
1.072731325407507796e+02 1.479568806301057577e+02
1.082754367963417792e+02 1.475412757150990331e+02
1.092779454489415514e+02 1.471261652860333413e+02
1.102799711519077874e+02 1.467098903330081328e+02
1.112807731563694915e+02 1.462906627432876405e+02
1.122796149862974602e+02 1.458667047025165004e+02
1.132758176334827169e+02 1.454363769049680286e+02
1.142687432382479074e+02 1.449981392208838429e+02
1.152577558866723137e+02 1.445504562143406133e+02
1.162423783975967808e+02 1.440921756578013913e+02
1.172224604726491179e+02 1.436229344754086128e+02
1.181978921032883108e+02 1.431424668579370234e+02
1.191685856220980639e+02 1.426505609418602489e+02
1.201346034213199374e+02 1.421473672031999627e+02
1.210960696801046623e+02 1.416331853109129781e+02
1.220531148899473237e+02 1.411083301745306926e+02
1.230060686732111463e+02 1.405735974853194818e+02
1.239554988815830541e+02 1.400303581156243808e+02
1.249019873854132356e+02 1.394800167844631744e+02
1.258460989945135964e+02 1.389239370307456625e+02
1.267883366421704352e+02 1.383633330380706070e+02
1.277291892380003162e+02 1.377993851402120811e+02
1.286691394072744856e+02 1.372332584996724449e+02
1.296085873243891342e+02 1.366659192312318396e+02
1.305478751393106620e+02 1.360981933707379028e+02
1.314873434013147744e+02 1.355309030897153661e+02
1.324272775799359749e+02 1.349647375845824513e+02
1.333678517496788345e+02 1.344001171186489216e+02
1.343092265469365145e+02 1.338374295125473168e+02
1.352515424919907900e+02 1.332770140218084975e+02
1.361948077394523295e+02 1.327188903395918089e+02
1.371389769463204686e+02 1.321629490030343845e+02
1.380840094431023886e+02 1.316090918320605851e+02
1.390300160304567783e+02 1.310575863261573772e+02
1.399772856449351650e+02 1.305091300408638517e+02
1.409261174280109685e+02 1.299644451684629871e+02
1.418768921862589139e+02 1.294244510579839584e+02
1.428302811883548600e+02 1.288907682951119398e+02
1.437870202521199872e+02 1.283651733007570499e+02
1.447478262654904597e+02 1.278493967950437451e+02
1.457131737892303533e+02 1.273445844685417541e+02
1.466833697769316984e+02 1.268514773723061779e+02
1.476587150768778258e+02 1.263708018178740105e+02
1.486391479646958089e+02 1.259024087890270636e+02
1.496238865411307302e+02 1.254444106137175794e+02
1.506120638851097056e+02 1.249947143590879932e+02
1.516027815455111067e+02 1.245511509720120387e+02
1.525949378071517515e+02 1.241110606765284103e+02
1.535873503199817094e+02 1.236715890268941109e+02
1.545788489593790587e+02 1.232299110921597958e+02
1.555686405329621493e+02 1.227841119362895199e+02
1.565563676216350473e+02 1.223333286730083103e+02
1.575416970930550065e+02 1.218767570494496226e+02
1.585244437800263313e+02 1.214139500322439886e+02
1.595049386283565411e+02 1.209457065951486072e+02
1.604836250452687523e+02 1.204730972178198840e+02
1.614609574008521236e+02 1.199972188466183809e+02
1.624375270227786530e+02 1.195194990728034554e+02
1.634140183366001793e+02 1.190415902458307755e+02
1.643911173209576191e+02 1.185651484646443237e+02
1.653694821589577941e+02 1.180917627238606400e+02
1.663497168077647643e+02 1.176228911051425143e+02
1.673324189602966499e+02 1.171599765669307658e+02
1.683181205429841611e+02 1.167043032933387678e+02
1.693069380731359956e+02 1.162561525822559361e+02
1.702988263277637202e+02 1.158154152559962142e+02
1.712937262971823884e+02 1.153819488528422710e+02
1.722911856236176789e+02 1.149546612847270950e+02
1.732903049035593313e+02 1.145313811996381617e+02
1.742901605120340776e+02 1.141098787697758183e+02
1.752897938519676870e+02 1.136878397371907141e+02
1.762881266925634236e+02 1.132626610224805574e+02
1.772840552429989316e+02 1.128316778388618076e+02
1.782765048130461594e+02 1.123922956545865190e+02
1.792647555731816169e+02 1.119427766472723533e+02
1.802483247562843189e+02 1.114819553136959627e+02
1.812267366617212474e+02 1.110086832106433548e+02
1.821998308802879194e+02 1.105225730757600644e+02
1.831680511645052150e+02 1.100246962221545175e+02
1.841319095529077288e+02 1.095162888199589304e+02
1.850919338956989009e+02 1.089986252120976218e+02
1.860487499050519489e+02 1.084732160014760325e+02
1.870030206880732919e+02 1.079416620704642895e+02
1.879553978359900839e+02 1.074055364996388704e+02
1.889062045607576295e+02 1.068656195918312761e+02
1.898553971873092507e+02 1.063218059061885441e+02
1.908029127324636818e+02 1.057739433879428503e+02
1.917487692393294196e+02 1.052220755970131165e+02
1.926932565950520484e+02 1.046669023826070770e+02
1.936367216331879035e+02 1.041092610746731566e+02
1.945795374576522647e+02 1.035500524254340320e+02
1.955223899242133712e+02 1.029909322370792495e+02
1.964661702142058743e+02 1.024340520116988671e+02
1.974117708475934876e+02 1.018815664831228816e+02
1.983598409768289059e+02 1.013350428441668214e+02
1.993105716842408413e+02 1.007949424087868380e+02
2.002641034028916067e+02 1.002616042128203446e+02
2.012204788205593786e+02 9.973513131408509480e+01
2.021791478021253283e+02 9.921419556913940596e+01
2.031393379034533098e+02 9.869693213303044388e+01
2.041002763143767993e+02 9.818147527712353906e+01
2.050611909796293162e+02 9.766596109512983048e+01
2.060213106730914774e+02 9.714852768233885172e+01
2.069798642482177229e+02 9.662731332614102087e+01
2.079362412347231555e+02 9.610084422069837728e+01
2.088903598804425314e+02 9.556892299851418215e+01
2.098422470253345296e+02 9.503161445664564155e+01
2.107919490979143120e+02 9.448903068312645814e+01
2.117397402436682512e+02 9.394183352359215178e+01
2.126860415222578808e+02 9.339103950600215853e+01
2.136312764229170966e+02 9.283767102382523717e+01
2.145758664983447090e+02 9.228274579536221722e+01
2.155202297207532638e+02 9.172727289493201397e+01
2.164647836751066450e+02 9.117226046196095979e+01
2.174099107092241923e+02 9.061863156587691037e+01
2.183557837358111442e+02 9.006680365497862795e+01
2.193024985964503060e+02 8.951700811140268854e+01
2.202501576261837499e+02 8.896949199387944418e+01
2.211990385282459783e+02 8.842492573732069161e+01
2.221496083627029634e+02 8.788443692437476784e+01
2.231023435950472731e+02 8.734917584439372717e+01
2.240576851122601454e+02 8.682020689261936752e+01
2.250159589709951717e+02 8.629831723940644395e+01
2.259774681048214404e+02 8.578423823105421775e+01
2.269425047699956792e+02 8.527867543651430537e+01
2.279112399975992957e+02 8.478204176086669008e+01
2.288837679636358189e+02 8.429456456436058431e+01
2.298601812876950703e+02 8.381646744972422880e+01
2.308405404012292763e+02 8.334789631044971259e+01
2.318248472730696790e+02 8.288885589841746082e+01
2.328130976879703269e+02 8.243933603578707903e+01
2.338052128404518157e+02 8.199914646797563478e+01
2.348006794390578875e+02 8.156704799852374776e+01
2.357988272988371818e+02 8.114142265659020836e+01
2.367989788186307010e+02 8.072063456705930662e+01
2.378002714621999587e+02 8.030260138292865690e+01
2.388016463843152337e+02 7.988476682631100800e+01
2.398020352698490854e+02 7.946455175700990026e+01
2.408003983583698755e+02 7.903944597337915923e+01
2.417957862879822528e+02 7.860715751963022058e+01
2.427872675432396932e+02 7.816543752599788775e+01
2.437739589335003529e+02 7.771215378974646626e+01
2.447555132071904040e+02 7.724646798649051505e+01
2.457319169942533676e+02 7.676834785748454237e+01
2.467031646293301606e+02 7.627777974487383972e+01
2.476694908483166842e+02 7.577533037453545717e+01
2.486315593335120298e+02 7.526260204727873315e+01
2.495900781371399830e+02 7.474130418308240564e+01
2.505456912683874293e+02 7.421299158706752053e+01
2.514986771123673464e+02 7.367833636240597173e+01
2.524491845069877343e+02 7.313769785504489107e+01
2.533973524878154535e+02 7.259141174462536128e+01
2.543430801228971063e+02 7.203923434417131944e+01
2.552860160620051033e+02 7.148031736826732185e+01
2.562257971937222578e+02 7.091378413580514462e+01
2.571620202734612803e+02 7.033866104020306409e+01
2.580941574268383079e+02 6.975367348191058170e+01
2.590216566582939777e+02 6.915748860641431861e+01
2.599439930512276078e+02 6.854883892067134354e+01
2.608609350929453967e+02 6.792716513136460321e+01
2.617724308786159213e+02 6.729234147123159460e+01
2.626784360226733952e+02 6.664426032445395265e+01
2.635793290920938716e+02 6.598383513561275038e+01
2.644762300655336844e+02 6.531376920992777002e+01
2.653703339063209228e+02 6.463694687500596103e+01
2.662628738971059761e+02 6.395634502956696110e+01
2.671552977440913992e+02 6.327545857279395847e+01
2.680491276965367433e+02 6.259796248361255522e+01
2.689458794012870158e+02 6.192751583695988415e+01
2.698469076202651422e+02 6.126739015334548100e+01
2.707534020625816424e+02 6.062045935885296899e+01
2.716665446986232269e+02 5.998957873708953770e+01
2.725871318986065717e+02 5.937667347210724245e+01
2.735147853774008126e+02 5.878083538194978530e+01
2.744489039771662533e+02 5.820061869722395897e+01
2.753888874168082452e+02 5.763458002895680465e+01
2.763341446977944997e+02 5.708130119094001742e+01
2.772840904049396045e+02 5.653937915611691523e+01
2.782381446618849168e+02 5.600742429036606751e+01
2.791961710517119286e+02 5.548511740550367222e+01
2.801587968883487179e+02 5.497398284740669538e+01
2.811267249979340477e+02 5.447572723733445343e+01
2.821006922561514330e+02 5.399213727555426345e+01
2.830816222966884652e+02 5.352543888687213780e+01
2.840705024522974895e+02 5.307800780596529933e+01
2.850683138204140050e+02 5.265220362228686213e+01
2.860758905944241519e+02 5.225000584472469711e+01
2.870939188059284675e+02 5.187301064749667745e+01
2.881230779179359729e+02 5.152279720122118789e+01
2.891640088923444978e+02 5.120083263179935074e+01
2.902172376316171380e+02 5.090824922280029341e+01
2.912832686378641256e+02 5.064611697916306809e+01
2.923624839848641841e+02 5.041520662464541402e+01
2.934539989496578301e+02 5.021319214535791531e+01
2.945561801483386262e+02 5.003591739439080044e+01
2.956673862500252881e+02 4.987920738176892854e+01
2.967861129630443884e+02 4.973926703471055077e+01
2.979110878774865228e+02 4.961294413199858155e+01
2.990410609934286299e+02 4.949714858017662067e+01
3.001749940688940228e+02 4.938937938221411628e+01
3.013129873828477230e+02 4.929030283009393543e+01
3.024555221853708531e+02 4.920164505193044846e+01
3.036030547463819289e+02 4.912510260790136130e+01
3.047554693537580874e+02 4.906168518286867908e+01
3.059120831688551903e+02 4.901172141722142328e+01
3.070721889247942613e+02 4.897551076992890984e+01
3.082349064132622516e+02 4.895332550752574008e+01
3.093988483824452373e+02 4.894535817159623292e+01
3.105625351368311158e+02 4.895178676834611053e+01
3.117245061376091826e+02 4.897281031849117738e+01
3.128834945969365435e+02 4.900884038359933470e+01
3.140383462282475193e+02 4.906041193684048096e+01
3.151879151195838062e+02 4.912805143375132388e+01
3.163315659240425362e+02 4.921155202770913206e+01
3.174695121318729321e+02 4.930948772457738727e+01
3.186020474066349948e+02 4.942031738081570325e+01
3.197294165821732008e+02 4.954271236393395128e+01
3.208516071342779696e+02 4.967646408544742798e+01
3.219685220566747716e+02 4.982173162995993465e+01
3.230800499398376360e+02 4.997871432313048956e+01
3.241857639620767486e+02 5.014849100816040561e+01
3.252849298542827228e+02 5.033299783634098645e+01
3.263768007251921972e+02 5.053420620363721838e+01
3.274607670631486371e+02 5.075375240237017493e+01
3.285366145297622893e+02 5.099230879721051224e+01
3.296041994074856234e+02 5.125037549071475240e+01
3.306633852095363864e+02 5.152843041694304560e+01
3.317141069433961320e+02 5.182673231872902875e+01
3.327563404018229676e+02 5.214541489705863597e+01
3.337900660689313668e+02 5.248459992364983151e+01
3.348155571207346384e+02 5.284368217947964297e+01
3.358335648690365360e+02 5.322086884759916359e+01
3.368448847539522717e+02 5.361425750476644225e+01
3.378502957931016226e+02 5.402198240856505151e+01
3.388504921520060407e+02 5.444236733984023857e+01
3.398461406721946219e+02 5.487379710954024858e+01
3.408379039680229994e+02 5.531466663967372455e+01
3.418263547816081882e+02 5.576358586385985916e+01
3.428119797334832697e+02 5.621937075420779450e+01
3.437952620444768854e+02 5.668084541579977298e+01
3.447767393478754911e+02 5.714670332579025569e+01
3.457571028465036989e+02 5.761526928711169404e+01
3.467370706425631397e+02 5.808480352539231717e+01
3.477173436460554399e+02 5.855360800168004687e+01
3.486984565613323639e+02 5.902038815433461849e+01
3.496808509434695793e+02 5.948407554892357751e+01
3.506649636999884478e+02 5.994361299668459964e+01
3.516509925652699167e+02 6.039852150050943891e+01
3.526387513583736677e+02 6.084925016346697646e+01
3.536280192813032386e+02 6.129633177399793453e+01
3.546186137564936303e+02 6.174020694441220769e+01
3.556105458063051969e+02 6.218084938250724036e+01
3.566038876065989598e+02 6.261808531231800856e+01
3.575987148362956987e+02 6.305173250043657163e+01
3.585951752199071052e+02 6.348143477238080834e+01
3.595934843532991749e+02 6.390667209053572151e+01
3.605938602314639638e+02 6.432691862493494739e+01
3.615963403726144634e+02 6.474208420414623788e+01
3.626004624996772350e+02 6.515328512819448292e+01
3.636056785333909147e+02 6.556184481768472949e+01
3.646114583563175984e+02 6.596904331850042524e+01
3.656174416573223311e+02 6.637575062343502452e+01
3.666233616166080083e+02 6.678261095974069406e+01
3.676289565337416434e+02 6.719025619437174157e+01
3.686342256093981860e+02 6.759868829437539262e+01
3.696395795692075126e+02 6.800691567206125399e+01
3.706454653852340471e+02 6.841385922908814621e+01
3.716522898422985577e+02 6.881853688559372983e+01
3.726602601534791575e+02 6.922044836004917556e+01
3.736695216974438267e+02 6.961924264915090532e+01
3.746802094518375839e+02 7.001459386008716024e+01
3.756922496081126042e+02 7.040668015856219597e+01
3.767053749955009039e+02 7.079614653173116778e+01
3.777193110135175971e+02 7.118365590381922914e+01
3.787336943839767400e+02 7.157008528887408261e+01
3.797479208535536941e+02 7.195689347431118676e+01
3.807613456252168476e+02 7.234563713004472163e+01
3.817733440858527842e+02 7.273782419815270828e+01
3.827834782421168711e+02 7.313451208491893851e+01
3.837914110354834065e+02 7.353651452068200456e+01
3.847968078954928046e+02 7.394463922909446296e+01
3.857994241264178186e+02 7.435947695799372070e+01
3.867991543383648150e+02 7.478128214270330432e+01
3.877959051247380557e+02 7.521028028843811342e+01
3.887896283732956704e+02 7.564658755012476377e+01
3.897804965029427535e+02 7.608978767318407677e+01
3.907687489515100197e+02 7.653930260497284621e+01
3.917546323817586540e+02 7.699453685031417649e+01
3.927385343115815886e+02 7.745455485953195307e+01
3.937209705010226344e+02 7.791811147888888911e+01
3.947024612539220811e+02 7.838395058494860734e+01
3.956834500060087976e+02 7.885100162986230998e+01
3.966641752117786837e+02 7.931868893305701818e+01
3.976448415281989810e+02 7.978651840821413543e+01
3.986256315479029126e+02 8.025404923711242589e+01
3.996065283144876048e+02 8.072132235626551733e+01
4.005874088533896611e+02 8.118863465306566241e+01
4.015681540227602682e+02 8.165627376191582698e+01
4.025489202311530335e+02 8.212386207967054474e+01
4.035302836054277691e+02 8.259000871351373974e+01
4.045128555277128157e+02 8.305323765687781190e+01
4.054972794395939104e+02 8.351199550471807243e+01
4.064843518243019389e+02 8.396435937630153035e+01
4.074749147809170040e+02 8.440829626435117916e+01
4.084697909550118879e+02 8.484182012649073101e+01
4.094694334597816692e+02 8.526383705002879765e+01
4.104739646614456205e+02 8.567405161575723582e+01
4.114834948783662867e+02 8.607219749055573743e+01
4.124979479251957173e+02 8.645845860128673621e+01
4.135167595392229032e+02 8.683419719831886141e+01
4.145392865985249955e+02 8.720096591508021788e+01
4.155648917516687106e+02 8.756030345384407099e+01
4.165929887017227884e+02 8.791362526074064476e+01
4.176230177953615907e+02 8.826228245871685374e+01
4.186544222278766370e+02 8.860761929355163602e+01
4.196867884239931641e+02 8.895063422460398783e+01
4.207199172097803626e+02 8.929180810063098761e+01
4.217536269934364555e+02 8.963157932337939826e+01
4.227877833211049392e+02 8.997027249350880140e+01
4.238224723681271371e+02 9.030767956559017762e+01
4.248578448055939702e+02 9.064343678765456502e+01
4.258940542528779929e+02 9.097717328994487218e+01
4.269313086080894095e+02 9.130838716208918981e+01
4.279698635282954342e+02 9.163646119326384110e+01
4.290099761295961116e+02 9.196077465022334252e+01
4.300518277335776247e+02 9.228088978379584262e+01
4.310954049933799297e+02 9.259683881583475795e+01
4.321406637427423902e+02 9.290872837277858309e+01
4.331875620523999828e+02 9.321665968053190454e+01
4.342360773574586119e+02 9.352068721571092169e+01
4.352861970189559315e+02 9.382084149183664579e+01
4.363379092958882097e+02 9.411715085456467023e+01
4.373912452128436144e+02 9.440954040405119940e+01
4.384462987074666103e+02 9.469778335456737750e+01
4.395031687533214608e+02 9.498164076257134525e+01
4.405619272085353941e+02 9.526093914700643950e+01
4.416225214918498523e+02 9.553580545020761861e+01
4.426848633463074520e+02 9.580645274330527172e+01
4.437488651330826883e+02 9.607309260512869287e+01
4.448144503636995069e+02 9.633590969519721625e+01
4.458815521944363240e+02 9.659506538854680002e+01
4.469501040133637844e+02 9.685072050061752691e+01
4.480200049674355682e+02 9.710311851213444356e+01
4.490910678887296399e+02 9.735271128615374892e+01
4.501630922202762122e+02 9.759998300971977869e+01
4.512358623789499461e+02 9.784545414625753779e+01
4.523090355030061005e+02 9.808995243723973090e+01
4.533822046521695484e+02 9.833446032353330679e+01
4.544549668002105136e+02 9.857995079666775950e+01
4.555271393918910690e+02 9.882686458415786035e+01
4.565988586298845462e+02 9.907487286391096859e+01
4.576702856172932457e+02 9.932358669888597547e+01
4.587416177460078188e+02 9.957252954307142545e+01
4.598132157023774198e+02 9.982083062237643389e+01
4.608854860839334151e+02 1.000675083232027589e+02
4.619588257832204476e+02 1.003116044618579394e+02
4.630334621677001223e+02 1.005525701243028749e+02
4.641094784565132159e+02 1.007902044012459584e+02
4.651869531397287005e+02 1.010243178003828461e+02
4.662659151486531073e+02 1.012548404752409965e+02
4.673462707945608940e+02 1.014819986112721608e+02
4.684279077536967861e+02 1.017060633830188010e+02
4.695107212255718991e+02 1.019272878024143694e+02
4.705946687737077809e+02 1.021457743227060178e+02
4.716797387977729841e+02 1.023615509527652705e+02
4.727659211455141985e+02 1.025746422055144507e+02
4.738532646339435814e+02 1.027849302302226704e+02
4.749419018735309805e+02 1.029920948819212185e+02
4.760319718614217663e+02 1.031958005969223819e+02
4.771235948456958340e+02 1.033957570755894579e+02
4.782168083480789846e+02 1.035918737364965097e+02
4.793116270810636479e+02 1.037841150643376125e+02
4.804080566505590468e+02 1.039724675287166775e+02
4.815059479259501245e+02 1.041572911607061371e+02
4.826050224356233684e+02 1.043392582435323277e+02
4.837049976082019498e+02 1.045190509579606726e+02
4.848055508296664584e+02 1.046974481485426907e+02
4.859062622358627550e+02 1.048754634237121195e+02
4.870066974838794636e+02 1.050541453439297044e+02
4.881064129982575537e+02 1.052345647557087034e+02
4.892048902972744600e+02 1.054179733186060020e+02
4.903015745250736472e+02 1.056057104941515092e+02
4.913959086443091451e+02 1.057991210102120334e+02
4.924872463374626932e+02 1.059997651287355609e+02
4.935748165988024425e+02 1.062095041254188601e+02
4.946578391517915065e+02 1.064302216569045640e+02
4.957356646958655801e+02 1.066634851912221933e+02
4.968082105968494488e+02 1.069094942091721663e+02
4.978755474361934716e+02 1.071680783142818427e+02
4.989377670245158924e+02 1.074390158696313051e+02
4.999953122636526928e+02 1.077212378160128310e+02
5.010489145418327439e+02 1.080129787800178178e+02
5.020993135738246451e+02 1.083124532913663813e+02
5.031471825656405485e+02 1.086180366268739732e+02
5.041930361624401371e+02 1.089284872940451692e+02
5.052373658846962599e+02 1.092426196911637533e+02
5.062805894831261071e+02 1.095594263676532591e+02
5.073225388518421823e+02 1.098793146942334999e+02
5.083627665062025471e+02 1.102033667306345706e+02
5.094008238932530617e+02 1.105326671132583414e+02
5.104362912551782188e+02 1.108682307953940978e+02
5.114687883604601666e+02 1.112109770782328724e+02
5.124979378438119966e+02 1.115618183267985302e+02
5.135234537660421665e+02 1.119214455940449682e+02
5.145454380547556639e+02 1.122896110368303653e+02
5.155640954765544848e+02 1.126658178731148467e+02
5.165796418515425330e+02 1.130495423299217208e+02
5.175924709903570147e+02 1.134398260087349115e+02
5.186031204702316018e+02 1.138353594550972474e+02
5.196121319712482318e+02 1.142348231815122688e+02
5.206200452723388707e+02 1.146368984805048399e+02
5.216273957029858366e+02 1.150402684701610099e+02
5.226347179570623211e+02 1.154436165293500949e+02
5.236425359158276933e+02 1.158456515675061524e+02
5.246512893973654172e+02 1.162452809826346964e+02
5.256613788544100316e+02 1.166415051215488745e+02
5.266732018423232375e+02 1.170333315978090809e+02
5.276870426212848315e+02 1.174200535747285983e+02
5.287030325945747791e+02 1.178013494769227520e+02
5.297212923574619481e+02 1.181769249695750119e+02
5.307418740181925614e+02 1.185466694895850424e+02
5.317645447793236144e+02 1.189112369633297703e+02
5.327889977688995486e+02 1.192714800818562964e+02
5.338149309973299523e+02 1.196282474405335989e+02
5.348421190476618676e+02 1.199823233955162323e+02
5.358703973001408940e+02 1.203344412982593781e+02
5.368996033248615731e+02 1.206853321300389723e+02
5.379296999663599763e+02 1.210354921473031453e+02
5.389609379069922852e+02 1.213848782891289204e+02
5.399936081006995892e+02 1.217333720383321065e+02
5.410280390257914860e+02 1.220807555529763420e+02
5.420648447845809415e+02 1.224260549615179059e+02
5.431047708165654058e+02 1.227679487507622866e+02
5.441485623924338597e+02 1.231051035617429790e+02
5.451969296299089365e+02 1.234357782966451964e+02
5.462505360289179634e+02 1.237576911383744118e+02
5.473100418761123365e+02 1.240685229990843226e+02
5.483758552121847742e+02 1.243660453560509609e+02
5.494473551142656333e+02 1.246483991204642336e+02
5.505236583251477214e+02 1.249138193907173502e+02
5.516037793227372958e+02 1.251606150998019729e+02
5.526851702587833870e+02 1.253882231706631671e+02
5.537640639496210042e+02 1.255969608789750254e+02
5.548366583111876480e+02 1.257871716776881783e+02
5.558985809555169908e+02 1.259598291636766731e+02
5.569441729942507209e+02 1.261173284222558095e+02
5.579675992643009295e+02 1.262622593093686305e+02
5.589664772707271823e+02 1.263973288700101278e+02
5.599641571931742874e+02 1.265261175571052235e+02
5.609956074614303816e+02 1.266526001654795692e+02
5.620971317823134541e+02 1.267808329903098894e+02
5.633551267530892801e+02 1.269179899385537595e+02
5.649212856369279052e+02 1.270753087604219189e+02
5.669516882118836065e+02 1.272643002079494607e+02
