2.263905414511736680e+01 5.875815773667937236e+01
2.401349909330350840e+01 5.940014312784020234e+01
2.516519088621492273e+01 5.990708250649893785e+01
2.617379596053066848e+01 6.031689907061775813e+01
2.711755300375211419e+01 6.066675832232988341e+01
2.804577957158222290e+01 6.097847753504944990e+01
2.898089412546937638e+01 6.125959883369946368e+01
2.994429154350746458e+01 6.151712148011554859e+01
3.095114381681620941e+01 6.175710697489399337e+01
3.199554137499805506e+01 6.198243992158381843e+01
3.306711468504359175e+01 6.219533282731258339e+01
3.415577386641214730e+01 6.239767930642566540e+01
3.525590266274927131e+01 6.258627161846972342e+01
3.636548279538121875e+01 6.275379918378472155e+01
3.748259710143445034e+01 6.289283506949870883e+01
3.860453324676245757e+01 6.299581425610397645e+01
3.972629158226184387e+01 6.305477451705368708e+01
4.084246369608644045e+01 6.306168264150626612e+01
4.194768171497969433e+01 6.300873918732605716e+01
4.303709990285209130e+01 6.289115565407730202e+01
4.410623523187425121e+01 6.270623512471278360e+01
4.515061780819456771e+01 6.245133218787811558e+01
4.616774865300031649e+01 6.212695209321364587e+01
4.715996014558293581e+01 6.174132339209011633e+01
4.813031140381747264e+01 6.130383638403259994e+01
4.908184249962697265e+01 6.082369626920916517e+01
5.001739301231098977e+01 6.030815974683697078e+01
5.093968245670624384e+01 5.976331666163240897e+01
5.185142469055695358e+01 5.919523133347286148e+01
5.275467844009820340e+01 5.860838373492131126e+01
5.365012862230339863e+01 5.800393146588118043e+01
5.453828716715012348e+01 5.738261378050619754e+01
5.541960530475029145e+01 5.674505139467068204e+01
5.629400595157037657e+01 5.609083330218738439e+01
5.716113999875307883e+01 5.541901726976504250e+01
5.802066593413525197e+01 5.472868103110308624e+01
5.887316112329722273e+01 5.402117573260946415e+01
5.972085710077814724e+01 5.330194513122741284e+01
6.056615843397937482e+01 5.257686108775901346e+01
6.141120987018069854e+01 5.185116562618311775e+01
6.225626981080532829e+01 5.112552802963450205e+01
6.310076427197182625e+01 5.039859977403239100e+01
6.394411074310066567e+01 4.966901054183717434e+01
6.478543435392782612e+01 4.893461387880093838e+01
6.562340707667857487e+01 4.819206031877794771e+01
6.645666190228682524e+01 4.743789691072794312e+01
6.728411102321220483e+01 4.666931787252998731e+01
6.810636857941047140e+01 4.588746241311983454e+01
6.892468995307787338e+01 4.509495609451388987e+01
6.974032761427781679e+01 4.429442076331140754e+01
7.055436434200487383e+01 4.348821103806930921e+01
7.136765593425140253e+01 4.267832408960536839e+01
7.218104234260464125e+01 4.186673213395421556e+01
7.299512119526323772e+01 4.105511986779861644e+01
7.380924427598715454e+01 4.024369377976384499e+01
7.462236410843773626e+01 3.943218663199991880e+01
7.543340073512803201e+01 3.862030594114487769e+01
7.624029462781709299e+01 3.780700012620243200e+01
7.703985377151880698e+01 3.699034000952935486e+01
7.782882306709245768e+01 3.616834752775120165e+01
7.860433264819326382e+01 3.533923310964468811e+01
7.936518755531537295e+01 3.450202670609475319e+01
8.011064791130579010e+01 3.365598093711663807e+01
8.084017022728716029e+01 3.280048603563081855e+01
8.155772773806464215e+01 3.193809723026152270e+01
8.227181040212580854e+01 3.107453474533674509e+01
8.299110454339765397e+01 3.021565642611780333e+01
8.372359493265813057e+01 2.936794940339880000e+01
8.447468431095035157e+01 2.854021686052072226e+01
8.524918154596824138e+01 2.774179467874983374e+01
8.605175403063975637e+01 2.698192326442188360e+01
8.688452940289369053e+01 2.626812905791932806e+01
8.774743848049243411e+01 2.560645596490307696e+01
8.864033945465746456e+01 2.500289822289187924e+01
8.956267064323037630e+01 2.446172861335359983e+01
9.051256019828042554e+01 2.398184831549611218e+01
9.148788143764591041e+01 2.356111370323601051e+01
9.248654199678665577e+01 2.319733536673977170e+01
9.350694107048309434e+01 2.288766809813020586e+01
9.454784534341843028e+01 2.262877641470626244e+01
9.560803037113305436e+01 2.241731262985669915e+01
9.668628658254117170e+01 2.224970715776430907e+01
9.778144388259269704e+01 2.212180146077106357e+01
9.889233865221231667e+01 2.202934038469409472e+01
1.000177005829615240e+02 2.196793248671661303e+01
1.011550191025533394e+02 2.193160196865213152e+01
1.023009834684759767e+02 2.191335086755951522e+01
1.034522700425082462e+02 2.190617535689564477e+01
1.046056555229381502e+02 2.190561668740662427e+01
1.057581439899613258e+02 2.191298374649981184e+01
1.069067708427355967e+02 2.193037984008906349e+01
1.080486096953766548e+02 2.196017220708090889e+01
1.091810994914302171e+02 2.200725124734902494e+01
1.103018821120443818e+02 2.207790895668217246e+01
1.114086114085363022e+02 2.217842954668887856e+01
1.125001265361093346e+02 2.231233832609986578e+01
1.135775686864397755e+02 2.247780240384179251e+01
1.146423435405009030e+02 2.267237326588510626e+01
1.156958249730206632e+02 2.289362243867578073e+01
1.167391342633566182e+02 2.313928060392321129e+01
1.177732722351445318e+02 2.340715434006481388e+01
1.187992525428190334e+02 2.369501653169744770e+01
1.198190932668328799e+02 2.399811200207868467e+01
1.208364897533559343e+02 2.430746402848948406e+01
1.218552966817140515e+02 2.461369485918080358e+01
1.228792203577151696e+02 2.490778629405860656e+01
1.239109807000212271e+02 2.518311043243148362e+01
1.249528952383136300e+02 2.543401447769639390e+01
1.260072277196304213e+02 2.565497586638892002e+01
1.270736357846657256e+02 2.584678254049636692e+01
1.281480254501962577e+02 2.601930673867653354e+01
1.292260114579244146e+02 2.618312600194375150e+01
1.303034797541170065e+02 2.634816497030030291e+01
1.313778338652715547e+02 2.652069484351520146e+01
1.324470048955152492e+02 2.670571672485752046e+01
1.335089472865650464e+02 2.690817536901350593e+01
1.345624206900024831e+02 2.713107121986662662e+01
1.356071859326931701e+02 2.737498721996911044e+01
1.366430664263617700e+02 2.764035519050329270e+01
1.376703077483167306e+02 2.792658750184493499e+01
1.386911509880489461e+02 2.822827773624030812e+01
1.397084262733306446e+02 2.853859705882211628e+01
1.407249341840218904e+02 2.885078779644869584e+01
1.417426958509617521e+02 2.915996947692893926e+01
1.427628943638397629e+02 2.946327994049478960e+01
1.437866714407778090e+02 2.975795666538413542e+01
1.448146951211225542e+02 3.004237568383807755e+01
1.458457387291197165e+02 3.031946724411061922e+01
1.468781019102397636e+02 3.059330014845896173e+01
1.479100953894457007e+02 3.086791627550541151e+01
1.489402543229002731e+02 3.114681212657076514e+01
1.499673226067299652e+02 3.143297695604168140e+01
1.509900521421087092e+02 3.172938057182197369e+01
1.520076676301123086e+02 3.203788582052678180e+01
1.530209954978727183e+02 3.235660544490428947e+01
1.540312010296943583e+02 3.268285882507522899e+01
1.550394686938861639e+02 3.301393381504909996e+01
1.560472898469009806e+02 3.334661394296909975e+01
1.570564026644695161e+02 3.367727712552439812e+01
1.580685520506614239e+02 3.400229039452108992e+01
1.590852210448614130e+02 3.431862258937592713e+01
1.601071394311095162e+02 3.462497365272285066e+01
1.611349023802744114e+02 3.492035289014430077e+01
1.621690524288021038e+02 3.520375762487063298e+01
1.632094541816009041e+02 3.547403084739886481e+01
1.642555013110659843e+02 3.572990833931473986e+01
1.653065781781752435e+02 3.597011819397365429e+01
1.663621345035718377e+02 3.619151567471320874e+01
1.674217802258395125e+02 3.638636512526987588e+01
1.684851493837335852e+02 3.654624031783966842e+01
1.695518905730328925e+02 3.666309216978626040e+01
1.706218056281572046e+02 3.673284172419008087e+01
1.716947881500704511e+02 3.675378752313127251e+01
1.727707353625706617e+02 3.672429222117087022e+01
1.738499313980172190e+02 3.664791215852995521e+01
1.749334717351290180e+02 3.653909482226397643e+01
1.760225540155477120e+02 3.641365908832863596e+01
1.771180410588735015e+02 3.628608701597787700e+01
1.782178814928641088e+02 3.615922540798742091e+01
1.793185234464988582e+02 3.602993014783997694e+01
1.804164151144372852e+02 3.589501682979250319e+01
1.815091682642633941e+02 3.575216183972970896e+01
1.825964893341814559e+02 3.560059116553836844e+01
1.836783038735399032e+02 3.543969288983451804e+01
1.847547332470988408e+02 3.526921046006530958e+01
1.858273204785299413e+02 3.509146734316571070e+01
1.868982359250246361e+02 3.490992548780757687e+01
1.879696611910492265e+02 3.472807543004617514e+01
1.890442874840047978e+02 3.455082308390928603e+01
1.901255958958410872e+02 3.438526819928209477e+01
1.912171354655658320e+02 3.423869924311280499e+01
1.923218578447136622e+02 3.411752800615455783e+01
1.934390731498683351e+02 3.402282226518507002e+01
1.945667194775973599e+02 3.395363633446172003e+01
1.957026993557128662e+02 3.390905445183713596e+01
1.968435414483674322e+02 3.388955715214203224e+01
1.979839367216391679e+02 3.389749267538428512e+01
1.991184478449296762e+02 3.393533965315795342e+01
2.002419627580714518e+02 3.400583122509820555e+01
2.013510416965845025e+02 3.411300901958967557e+01
2.024427808224014598e+02 3.426133400095552872e+01
2.035143176103222800e+02 3.445521601580647797e+01
2.045640350653474400e+02 3.469750880716702568e+01
2.055917561562950766e+02 3.498926709876892005e+01
2.065973840638715160e+02 3.533144540159358371e+01
2.075808566422492163e+02 3.572489789024476181e+01
2.085422624981482329e+02 3.617004249898782575e+01
2.094817311986706443e+02 3.666717863294076096e+01
2.103994261503027587e+02 3.721651348466063070e+01
2.112962890467637180e+02 3.781613341162785957e+01
2.121740398690058385e+02 3.846200393624629754e+01
2.130344324480788600e+02 3.914999834230297893e+01
2.138798041956936231e+02 3.987455167931852174e+01
2.147146403617136912e+02 4.062480565068945992e+01
2.155439202041931424e+02 4.138868447685757701e+01
2.163725341662791379e+02 4.215432726818335851e+01
2.172037782859082995e+02 4.291373083884759154e+01
2.180395694831409230e+02 4.366222881368832986e+01
2.188817793192553438e+02 4.439526456797896259e+01
2.197325303446548901e+02 4.510768234261281862e+01
2.205947282919514123e+02 4.579245684972685382e+01
2.214714312268737899e+02 4.644219916814307680e+01
2.223655983204769768e+02 4.704975948342352865e+01
2.232787721946364456e+02 4.761141290224210820e+01
2.242114364586153101e+02 4.812599500337375247e+01
2.251640481057065699e+02 4.859240571313713986e+01
2.261364452114605683e+02 4.901103900059374041e+01
2.271268231563026632e+02 4.938625423531152592e+01
2.281331078393808127e+02 4.972306130391243073e+01
2.291534345725271464e+02 5.002596464635957574e+01
2.301883730900255500e+02 5.029359288520716831e+01
2.312400637212901131e+02 5.052078379306812650e+01
2.323106644989857443e+02 5.070233242480927061e+01
2.334004032400547146e+02 5.083769530248612512e+01
2.345051335198336346e+02 5.093689273306024745e+01
2.356201064175784836e+02 5.101140005034753955e+01
2.367406122018913663e+02 5.107259675677433108e+01
2.378623157858139052e+02 5.113094622064096484e+01
2.389810901944046009e+02 5.119640290500342417e+01
2.400928331267095075e+02 5.127886143060884905e+01
2.411961580396707063e+02 5.138163523929055998e+01
2.422949527960611249e+02 5.149525614441284205e+01
2.433937112542171519e+02 5.160878743181377359e+01
2.444966096110634339e+02 5.171205582848054405e+01
2.456053012947628247e+02 5.180095107507449370e+01
2.467202366950710939e+02 5.187425419520958769e+01
2.478418354803558827e+02 5.193082233868844355e+01
2.489687921156462949e+02 5.197382855300362792e+01
2.500969201923544460e+02 5.201365289453040930e+01
2.512217596310717340e+02 5.206136005503533681e+01
2.523392675893702517e+02 5.212712587840270828e+01
2.534481750162683795e+02 5.221521714779579781e+01
2.545483444074758381e+02 5.232749009092127324e+01
2.556396461261294633e+02 5.246578091707715430e+01
2.567221749729312705e+02 5.263128626477149652e+01
2.577963488379833734e+02 5.282428207751522109e+01
2.588626106959627009e+02 5.304497281630676042e+01
2.599207361653401449e+02 5.329422964534195728e+01
2.609667665373798968e+02 5.357665440198243800e+01
2.619954448869772250e+02 5.389814586965372456e+01
2.630014929057460904e+02 5.426445272504734163e+01
2.639789233862327364e+02 5.467597830544920612e+01
2.649208676958345450e+02 5.512647970356830740e+01
2.658204021028371358e+02 5.560929854612306400e+01
2.666747715696154160e+02 5.611938183651827217e+01
2.675009258382794997e+02 5.665926494835760963e+01
2.683216311374005727e+02 5.723372320175104022e+01
2.691605866334280108e+02 5.784830657541581900e+01
2.700660079287106896e+02 5.852893204030453944e+01
2.711124699917210137e+02 5.932341457111640182e+01
2.723758490734531392e+02 6.028065018104753392e+01
