4.590627603169632920e+01 1.150753096265046764e+02
4.800139192037106284e+01 1.150684163950298853e+02
4.960837794491253305e+01 1.150576471238445606e+02
5.089141612397335734e+01 1.150429484580750028e+02
5.200972167065515350e+01 1.150242091868040859e+02
5.305253798470152304e+01 1.150005030295030366e+02
5.405738384242272332e+01 1.149703011891911189e+02
5.506048307267563757e+01 1.149320641820558251e+02
5.608589633445845379e+01 1.148847603560399193e+02
5.713277540807422383e+01 1.148283980445287398e+02
5.819722213153441714e+01 1.147631129208664191e+02
5.927554313869289615e+01 1.146893764322473430e+02
6.036535292565726252e+01 1.146098043367055794e+02
6.146478036306631765e+01 1.145278557371151322e+02
6.257196924437558749e+01 1.144469617112510775e+02
6.368544337631071528e+01 1.143697194969571740e+02
6.480414670370460328e+01 1.142978044486632427e+02
6.592704487699249682e+01 1.142328438964720334e+02
6.705300324001279932e+01 1.141755973535135240e+02
6.818056816894809913e+01 1.141240647382896896e+02
6.930822278093029354e+01 1.140756986745109458e+02
7.043445689269570664e+01 1.140278919910698647e+02
7.155783137906392710e+01 1.139774033144838228e+02
7.267694991328869492e+01 1.139206092898344878e+02
7.379042234343017981e+01 1.138538934652335399e+02
7.489726503276466474e+01 1.137745236735362937e+02
7.599716928028887253e+01 1.136812359223104067e+02
7.708989002029967708e+01 1.135729046437699168e+02
7.817535276091767571e+01 1.134488362170938558e+02
7.925434308533633043e+01 1.133105150040457545e+02
8.032791704681683598e+01 1.131601102822943972e+02
8.139713325862899751e+01 1.129998030622976302e+02
8.246309789519828826e+01 1.128319962441070601e+02
8.352696014982882389e+01 1.126592934260411454e+02
8.458987074629678204e+01 1.124843054718860316e+02
8.565297226012236820e+01 1.123096575802368164e+02
8.671738654885558617e+01 1.121380113977523649e+02
8.778423222585601593e+01 1.119720342784294189e+02
8.885461252580344649e+01 1.118143606171794886e+02
8.992950508569968804e+01 1.116673556320651102e+02
9.100982621237172054e+01 1.115332531003169407e+02
9.209647898396869437e+01 1.114142550478786546e+02
9.318981990797543347e+01 1.113112470771735474e+02
9.428946610436715048e+01 1.112233339648834658e+02
9.539498220921423410e+01 1.111494940794301556e+02
9.650573095416581282e+01 1.110882169244287496e+02
9.762026745318614473e+01 1.110360365442669490e+02
9.873694491581818511e+01 1.109889981185256858e+02
9.985412506695027446e+01 1.109431670146802844e+02
1.009702895947239369e+02 1.108948930050541151e+02
1.020840088666190582e+02 1.108407360999644027e+02
1.031938580804179963e+02 1.107772678632217662e+02
1.042988188200912560e+02 1.107020383673553283e+02
1.053987049053160092e+02 1.106146015667155780e+02
1.064934320580231173e+02 1.105147567789222904e+02
1.075829155392415828e+02 1.104023008418756149e+02
1.086670676665987116e+02 1.102770147575485140e+02
1.097457996000993745e+02 1.101386732997370643e+02
1.108190152965039204e+02 1.099870334187510963e+02
1.118864188660770793e+02 1.098213577943060955e+02
1.129474934711980723e+02 1.096403626464845900e+02
1.140017108363798002e+02 1.094427359043173311e+02
1.150485323293349325e+02 1.092271334846362976e+02
1.160873863839071589e+02 1.089921095078177871e+02
1.171176949023521559e+02 1.087361979055229142e+02
1.181389115098800318e+02 1.084580083466383940e+02
1.191508262951879260e+02 1.081569537925445843e+02
1.201534319996451501e+02 1.078329310293946861e+02
1.211467270553039697e+02 1.074858508306024447e+02
1.221309213276608716e+02 1.071161579365724634e+02
1.231065757243829921e+02 1.067251836311431248e+02
1.240742842506210764e+02 1.063143427845683391e+02
1.250345844917201106e+02 1.058849457046223108e+02
1.259877295505208394e+02 1.054377754694009468e+02
1.269338830679034942e+02 1.049734493576979446e+02
1.278731845164392951e+02 1.044925390415455837e+02
1.288053069805178552e+02 1.039947360747517564e+02
1.297295016982484128e+02 1.034789359476431940e+02
1.306450045945798593e+02 1.029440055786540142e+02
1.315510039449615078e+02 1.023888579755849975e+02
1.324465668699678531e+02 1.018125233342763494e+02
1.333307415187451568e+02 1.012140502008366099e+02
1.342026195992929729e+02 1.005926109522037137e+02
1.350616485647645106e+02 9.994838929169918629e+01
1.359074495810192786e+02 9.928206275999201580e+01
1.367396503603946769e+02 9.859431301410066339e+01
1.375581076945342431e+02 9.788585468059339689e+01
1.383629882679986451e+02 9.715744698644384414e+01
1.391544807624612758e+02 9.640985232449399689e+01
1.399331639792483202e+02 9.564414723111573835e+01
1.407011771982976711e+02 9.486266481680098650e+01
1.414610498191999000e+02 9.406805233557160761e+01
1.422153307576145380e+02 9.326297731818027614e+01
1.429668438694444035e+02 9.245039295174481708e+01
1.437186162521530264e+02 9.163346358652437118e+01
1.444736754402857173e+02 9.081535615300313680e+01
1.452344097682697566e+02 8.999888750190655173e+01
1.460018985566502181e+02 8.918615755783454802e+01
1.467770608451000101e+02 8.837917846209754202e+01
1.475606973652540432e+02 8.757984465013717568e+01
1.483528533128159665e+02 8.678929886702334784e+01
1.491532767356521560e+02 8.600838822242454285e+01
1.499617042165235716e+02 8.523793248689898405e+01
1.507775738645474348e+02 8.447801227978530392e+01
1.515999937999654321e+02 8.372789102371078229e+01
1.524280550932379867e+02 8.298678987187292933e+01
1.532609233236616149e+02 8.225398648543101388e+01
1.540980010031927634e+02 8.152893821673767150e+01
1.549387376333019972e+02 8.081113805528350724e+01
1.557826216420854735e+02 8.010014518021280594e+01
1.566295543254990719e+02 7.939622079865706894e+01
1.574796856506861218e+02 7.870004895069364181e+01
1.583331671570711023e+02 7.801231365159415532e+01
1.591900161209204043e+02 7.733327427869021164e+01
1.600500269018714050e+02 7.666248518450052529e+01
1.609129728422022936e+02 7.599943424933891833e+01
1.617785897981690368e+02 7.534350479652650279e+01
1.626464246123059638e+02 7.469355294737175655e+01
1.635159646875054591e+02 7.404826903258131665e+01
1.643866953678342497e+02 7.340633831634981732e+01
1.652580626325938340e+02 7.276634932876784490e+01
1.661294768558095711e+02 7.212680310430850739e+01
1.670003474662969154e+02 7.148619835804957745e+01
1.678702249878575117e+02 7.084338192585802574e+01
1.687390186961277720e+02 7.019808578470411931e+01
1.696066940430607417e+02 6.955018051424156056e+01
1.704732558800098161e+02 6.889963391941132898e+01
1.713390308332296286e+02 6.824720784407668361e+01
1.722045026537828960e+02 6.759405186654690567e+01
1.730701570329458718e+02 6.694132045628103356e+01
1.739365170469903319e+02 6.629026474409175762e+01
1.748041563457008749e+02 6.564226662192136530e+01
1.756736521687190873e+02 6.499871726352252210e+01
1.765454819575825525e+02 6.436076788783476843e+01
1.774197239614121884e+02 6.372860989454544267e+01
1.782963566312249668e+02 6.310219472852874389e+01
1.791753270841684582e+02 6.248139819782829107e+01
1.800561410092640813e+02 6.186503054709086058e+01
1.809379777826587201e+02 6.125111433428210717e+01
1.818200097268078252e+02 6.063765508710466889e+01
1.827014972220699462e+02 6.002287040035510302e+01
1.835818809820261777e+02 5.940541215969152944e+01
1.844606238009757249e+02 5.878398542707439134e+01
1.853372896506107850e+02 5.815753937206581270e+01
1.862120886392436887e+02 5.752658207828805814e+01
1.870854849969185807e+02 5.689223474109321899e+01
1.879579548258817852e+02 5.625564721056687034e+01
1.888302868585648184e+02 5.561872391635330359e+01
1.897036154675778050e+02 5.498420354219404516e+01
1.905790929376549343e+02 5.435486800552629205e+01
1.914579405822474598e+02 5.373366614489071935e+01
1.923415992210875629e+02 5.312407759575320654e+01
1.932315532073462236e+02 5.252968726353112316e+01
1.941293149795739623e+02 5.195414804325205438e+01
1.950366948585601676e+02 5.140183394882793522e+01
1.959556825801988680e+02 5.087755332560419674e+01
1.968882697318238115e+02 5.038611902612673532e+01
1.978364032068306528e+02 4.993223754076372245e+01
1.988019556934340244e+02 4.952043876715027437e+01
1.997867928835245834e+02 4.915523595314104455e+01
2.007924004587177080e+02 4.884022512296545671e+01
2.018183479955774260e+02 4.857437743427478694e+01
2.028636025080785146e+02 4.835520965077743938e+01
2.039270738090228008e+02 4.818010014809270558e+01
2.050065706272772275e+02 4.804376340065038420e+01
2.060989057656086629e+02 4.793850439470422486e+01
2.072008566015886686e+02 4.785654238463290255e+01
2.083093919189278722e+02 4.779054878400501849e+01
2.094219671756374339e+02 4.773434467827520677e+01
2.105361140371983595e+02 4.768193117798989533e+01
2.116495471981183982e+02 4.762774563180688858e+01
2.127614761509664163e+02 4.756978814503960962e+01
2.138718403080699488e+02 4.750779854058968255e+01
2.149805977831850043e+02 4.744156091056702707e+01
2.160882936214736958e+02 4.737224527376292116e+01
2.171962668546384236e+02 4.730289649689676423e+01
2.183059128738865411e+02 4.723669252891991022e+01
2.194184364400664435e+02 4.717635430719580825e+01
2.205342797925912066e+02 4.712277472273622436e+01
2.216536945405151187e+02 4.707638965496503403e+01
2.227769053728523545e+02 4.703758288683040689e+01
2.239037577320376329e+02 4.700600427182942553e+01
2.250338167135260505e+02 4.698076112750551658e+01
2.261666404585257055e+02 4.696094899625583707e+01
2.273017306895843035e+02 4.694580281139006672e+01
2.284384735898320571e+02 4.693484296398693800e+01
2.295762411952927380e+02 4.692762479771104722e+01
2.307143923109070158e+02 4.692382410866117226e+01
2.318522012455916865e+02 4.692388592335708353e+01
2.329889090764746413e+02 4.692855780211816352e+01
2.341237550540551808e+02 4.693860429261233236e+01
2.352559299386364273e+02 4.695524132623125269e+01
2.363845708803434036e+02 4.698018387879054814e+01
2.375088122853341304e+02 4.701517270623595124e+01
2.386278717681998955e+02 4.706182391062258574e+01
2.397412315402750664e+02 4.712135720373225212e+01
2.408484262888694047e+02 4.719491368350626459e+01
2.419490379398340849e+02 4.728352580197902455e+01
2.430431494456344979e+02 4.738707367901435674e+01
2.441311455281288829e+02 4.750474338236565330e+01
2.452134110652389438e+02 4.763572096196273264e+01
2.462900405215617923e+02 4.777988522290422679e+01
2.473606461895180360e+02 4.793826514915181036e+01
2.484247949006492888e+02 4.811199816755269865e+01
2.494821264232698184e+02 4.830203929271893060e+01
2.505326482907983063e+02 4.850842377201416866e+01
2.515764836887124432e+02 4.873089761117921626e+01
2.526137790762593056e+02 4.896914979228235154e+01
2.536451298304342004e+02 4.922176943374248026e+01
2.546715373725742495e+02 4.948635083162207593e+01
2.556940173727236925e+02 4.976045334991496816e+01
2.567134262568322356e+02 5.004201720630058503e+01
2.577302155526131173e+02 5.032995098708744308e+01
2.587447733854796752e+02 5.062331491371892866e+01
2.597574147910827378e+02 5.092134542835738387e+01
2.607678578809874921e+02 5.122471816777795794e+01
2.617755292847879218e+02 5.153481153698346162e+01
2.627798549401643982e+02 5.185300562027128279e+01
2.637803154488861423e+02 5.218054917841142526e+01
2.647764653609724519e+02 5.251851332089800195e+01
2.657678644755076789e+02 5.286795654701394653e+01
2.667542174275328080e+02 5.322958807350740074e+01
2.677358081959166611e+02 5.360271998698738116e+01
2.687130655954848066e+02 5.398631509152805563e+01
2.696864441823967127e+02 5.437927410889943047e+01
2.706567611539048812e+02 5.477962315215992817e+01
2.716251017791197455e+02 5.518474180537177176e+01
2.725925581338241273e+02 5.559199323684980243e+01
2.735602994198126794e+02 5.599855466558324935e+01
2.745296527847518746e+02 5.640122250611212706e+01
2.755019647158300700e+02 5.679674654576339776e+01
2.764784783693312988e+02 5.718212606521393582e+01
2.774597770122198312e+02 5.755595365353580206e+01
2.784461843808722961e+02 5.791744853862056175e+01
2.794380035001219653e+02 5.826587994768051715e+01
2.804349797912225313e+02 5.860186320015047556e+01
2.814362421956067237e+02 5.892750183885977577e+01
2.824408877417025678e+02 5.924497644668358021e+01
2.834479858363862945e+02 5.955653408071621868e+01
2.844565180520152126e+02 5.986463318121660393e+01
2.854654485412233953e+02 6.017177411087088501e+01
2.864737524619643523e+02 6.048043052999307889e+01
2.874805216980213913e+02 6.079279288525984271e+01
2.884849184373932758e+02 6.111088104317342129e+01
2.894861098860662310e+02 6.143670272562810908e+01
2.904835580828672050e+02 6.177155252470839741e+01
2.914772145765030018e+02 6.211554102569377989e+01
2.924670770683846968e+02 6.246866718156169895e+01
2.934532078083378792e+02 6.283077370390417116e+01
2.944359945151347802e+02 6.320091549691147037e+01
2.954159272586222755e+02 6.357789972091057962e+01
2.963934993495990398e+02 6.396052579297488450e+01
2.973692660039445741e+02 6.434744524971671353e+01
2.983438384304412807e+02 6.473717587045149457e+01
2.993178298680778653e+02 6.512823059624786026e+01
3.002918588965147251e+02 6.551911444187778955e+01
3.012665576747449450e+02 6.590831226850245628e+01
3.022425604881254344e+02 6.629430578146471476e+01
3.032204948380664291e+02 6.667559665125955348e+01
3.042009328214869015e+02 6.705084960378007963e+01
3.051844194809269766e+02 6.741880898594645544e+01
3.061715012636573192e+02 6.777821654885724456e+01
3.071627923502825297e+02 6.812768032214020764e+01
3.081589985494155712e+02 6.846562744026769565e+01
3.091608321736952689e+02 6.879047219724076001e+01
3.101690461584448713e+02 6.910053992847369386e+01
3.111845559297255477e+02 6.939380013503389932e+01
3.122083175362824932e+02 6.966813335940200602e+01
3.132412764049025782e+02 6.992144234041941786e+01
3.142842283213797145e+02 7.015194251682927984e+01
3.153378584537661027e+02 7.035808048166254025e+01
3.164028467556306055e+02 7.053831361586144055e+01
3.174794860149674491e+02 7.069189230353953235e+01
3.185672761458357058e+02 7.081969091499388469e+01
3.196656199796531155e+02 7.092278266785632468e+01
3.207738090295162010e+02 7.100239826208131433e+01
3.218904239101515259e+02 7.106077410742182110e+01
3.230137656441389709e+02 7.110054215337862615e+01
3.241421347212169621e+02 7.112430980690977833e+01
3.252738354124070383e+02 7.113397703463357402e+01
3.264071761692722475e+02 7.113066166562518333e+01
3.275404656925177278e+02 7.111544092334017364e+01
3.286721025517974795e+02 7.108903614991002939e+01
3.298007710934605825e+02 7.105103701083224621e+01
3.309252123403314272e+02 7.100080873257948610e+01
3.320442253122021157e+02 7.093775313275318695e+01
3.331572241626778919e+02 7.086166012581034579e+01
3.342639935417651031e+02 7.077255337776729505e+01
3.353643273823740856e+02 7.067046617447206813e+01
3.364583245973307157e+02 7.055589804328177195e+01
3.375465904564953235e+02 7.043012261061900858e+01
3.386297779708405642e+02 7.029448648767349539e+01
3.397084319272285029e+02 7.015006118795236034e+01
3.407825514200031876e+02 6.999653111494659186e+01
3.418519639381496518e+02 6.983314446401631415e+01
3.429164919108602021e+02 6.965914027868616643e+01
3.439758612040927233e+02 6.947358383225521550e+01
3.450297103427375305e+02 6.927538322353497335e+01
3.460776747368836936e+02 6.906344104817857499e+01
3.471194032101957987e+02 6.883672669593050841e+01
3.481545786920502223e+02 6.859437938895406717e+01
3.491828894523765712e+02 6.833556494317144825e+01
3.502041189872152813e+02 6.805968405708171076e+01
3.512188285042569760e+02 6.776805571518966076e+01
3.522279589729236022e+02 6.746293561371683722e+01
3.532324549837855443e+02 6.714658817629400289e+01
3.542333059180661508e+02 6.682137958583567183e+01
3.552315617486961514e+02 6.648981368274206716e+01
3.562282767495840972e+02 6.615440407874739037e+01
3.572243241013806028e+02 6.581721316150176904e+01
3.582198526117058464e+02 6.547849842231858020e+01
3.592148299949221268e+02 6.513806612842702748e+01
3.602092188893782918e+02 6.479570606001237820e+01
3.612029104231023098e+02 6.445097572958800924e+01
3.621957428622019961e+02 6.410326095256118606e+01
3.631875550399479948e+02 6.375194785943037346e+01
3.641784526051787907e+02 6.339706365146091116e+01
3.651690876166472890e+02 6.303994837469054602e+01
3.661601790377122256e+02 6.268210282509858189e+01
3.671524563562885533e+02 6.232508603778805423e+01
3.681467162719587805e+02 6.197082897314440686e+01
3.691437819182587532e+02 6.162140886757902081e+01
3.701444694591286861e+02 6.127890231187569015e+01
3.711493998642551446e+02 6.094535826223403063e+01
3.721589782989029231e+02 6.062279512238904999e+01
3.731735987145285094e+02 6.031322974013478699e+01
3.741935293066001691e+02 6.001874788438242803e+01
3.752186383757225485e+02 5.974165448816454926e+01
3.762487149136137532e+02 5.948429795009415955e+01
3.772835244185935153e+02 5.924907442135217650e+01
3.783225832107153224e+02 5.903888653165827094e+01
3.793652575294341887e+02 5.885694196383019516e+01
3.804109117226852277e+02 5.870645069487324719e+01
3.814589225813452913e+02 5.859048458667766113e+01
3.825086875552636911e+02 5.851188618911535855e+01
3.835596060420895128e+02 5.847347643171931253e+01
3.846110009183993270e+02 5.847756865837509821e+01
3.856618092227448642e+02 5.852391684158825313e+01
3.867108466581806283e+02 5.861147010162260784e+01
3.877569077421132420e+02 5.873919732964994012e+01
3.887983784643573699e+02 5.890645513840973990e+01
3.898332753031235143e+02 5.911295083327873101e+01
3.908596025195869288e+02 5.935840285098676361e+01
3.918758225654936496e+02 5.964190109779404736e+01
3.928815629000232548e+02 5.996093736180545619e+01
3.938766334088138592e+02 6.031275318462427038e+01
3.948609481277096620e+02 6.069448068682067543e+01
3.958352716872905148e+02 6.110235834738872995e+01
3.968007840691593628e+02 6.153218827424296222e+01
3.977586666831416551e+02 6.197978359908334767e+01
3.987100419102828823e+02 6.244155370571878905e+01
3.996559522789282823e+02 6.291471457331849138e+01
4.005974346492440645e+02 6.339653943556769633e+01
4.015354342500214671e+02 6.388459489849410033e+01
4.024705297845553105e+02 6.437762105749519037e+01
4.034032083247658420e+02 6.487465138031079448e+01
4.043339463078438030e+02 6.537474670895002760e+01
4.052630703500762479e+02 6.587735353113366443e+01
4.061907963170132803e+02 6.638220341193367346e+01
4.071173381483146727e+02 6.688903279020622961e+01
4.080430088158582294e+02 6.739731085164532942e+01
4.089683240989749606e+02 6.790595947588283821e+01
4.098938246095477780e+02 6.841383352821698338e+01
4.108200835938635009e+02 6.891969963428266510e+01
4.117478827072469016e+02 6.942176090571078362e+01
4.126780855710715628e+02 6.991799882738915528e+01
4.136115453806253868e+02 7.040641908354837142e+01
4.145488205149907799e+02 7.088571372232944157e+01
4.154901434079936280e+02 7.135533362756964948e+01
4.164357295707724234e+02 7.181476908402198944e+01
4.173856438939248505e+02 7.226386946488005947e+01
4.183394723057214151e+02 7.270362601836723115e+01
4.192967057445434875e+02 7.313525645432176248e+01
4.202568404604961643e+02 7.355996554862811365e+01
4.212194290414637408e+02 7.397882089564498642e+01
4.221840580076956257e+02 7.439280746500735120e+01
4.231503144987066207e+02 7.480290874544490975e+01
4.241177967829340787e+02 7.521008309142538906e+01
4.250861216061219352e+02 7.561524712709311302e+01
4.260549074561194516e+02 7.601931354211157554e+01
4.270237728640527166e+02 7.642319558585283801e+01
4.279923365792573122e+02 7.682780932987586198e+01
4.289602174196904798e+02 7.723407173324036989e+01
4.299270429228064359e+02 7.764287877989249864e+01
4.308926091177938815e+02 7.805472113249945210e+01
4.318568644339538309e+02 7.846972284222151472e+01
4.328197632779717310e+02 7.888799357755101482e+01
4.337814633127829893e+02 7.930915256956303949e+01
4.347426390060270478e+02 7.973157205021608718e+01
4.357040457508797431e+02 8.015342898607751465e+01
4.366664527752159302e+02 8.057286694673408078e+01
4.376307422948951285e+02 8.098775674863114205e+01
4.385978516985554734e+02 8.139583602105489035e+01
4.395687156482873661e+02 8.179484897320671166e+01
4.405441365689694067e+02 8.218285895084747494e+01
4.415247379981944960e+02 8.255836101991891951e+01
4.425111307756089332e+02 8.291988089113377214e+01
4.435038304583677586e+02 8.326617426513472253e+01
4.445029714736617734e+02 8.359691680228473842e+01
4.455085929661903492e+02 8.391201415287675047e+01
4.465207123590746505e+02 8.421142440214421754e+01
4.475390410642091297e+02 8.449584433302570119e+01
4.485630642836092647e+02 8.476651678920627830e+01
4.495922616489767734e+02 8.502469806083561821e+01
4.506260733264729765e+02 8.527173970184821883e+01
4.516638586610278594e+02 8.550918835628178272e+01
4.527049671014977434e+02 8.573861455578290247e+01
4.537487379168448456e+02 8.596161340868913214e+01
4.547944453654347967e+02 8.617993697440614653e+01
4.558413381373478614e+02 8.639539904027151351e+01
4.568886679848707217e+02 8.660980600106377381e+01
4.579357733488927806e+02 8.682475497394474928e+01
4.589820885121814058e+02 8.704161170125684066e+01
4.600270527499696982e+02 8.726172987287638705e+01
4.610701947544216068e+02 8.748624730993503817e+01
4.621113275570127144e+02 8.771561538671301150e+01
4.631503205806260439e+02 8.795014933836966975e+01
4.641870574938179743e+02 8.819013000830611304e+01
4.652215730591710212e+02 8.843547347027178773e+01
4.662539930435208930e+02 8.868587609648140813e+01
4.672844445994342664e+02 8.894103091373598602e+01
4.683130647088502201e+02 8.920060721925401026e+01
4.693400066733771041e+02 8.946423491211535861e+01
4.703654253332989583e+02 8.973154017680553807e+01
4.713894937073306437e+02 9.000210531117926394e+01
4.724124764742939533e+02 9.027529132592950134e+01
4.734346671376043787e+02 9.055038964299407667e+01
4.744563613056166673e+02 9.082668660250379844e+01
4.754778950584192216e+02 9.110337083647264933e+01
4.764996410826244073e+02 9.137954260030618059e+01
4.775219730589933533e+02 9.165429974930147239e+01
4.785451289482875268e+02 9.192706779572409914e+01
4.795690016260178936e+02 9.219810536109270060e+01
4.805934299314058080e+02 9.246780152203376701e+01
4.816182276081225950e+02 9.273660594125058765e+01
4.826430034444894659e+02 9.300546308793663286e+01
4.836672661477775819e+02 9.327555904856023972e+01
4.846905237708288041e+02 9.354808148953588898e+01
4.857122853540137157e+02 9.382421569375307513e+01
4.867320612736065186e+02 9.410514371972644199e+01
4.877493620007080608e+02 9.439204739709508374e+01
4.887637701438465001e+02 9.468593440046817022e+01
4.897751568612600295e+02 9.498711578433551495e+01
4.907834654486142654e+02 9.529572844815697863e+01
4.917886486264670793e+02 9.561188653758523515e+01
4.927907918922310841e+02 9.593538364512527039e+01
4.937900788947382011e+02 9.626577640371145606e+01
4.947866958013641465e+02 9.660261536593336018e+01
4.957808609116449929e+02 9.694537350803138054e+01
4.967728583283646913e+02 9.729336493813030984e+01
4.977629802115185953e+02 9.764588431191032214e+01
4.987515556931535912e+02 9.800213702501100954e+01
4.997391500153317452e+02 9.836075844275924851e+01
5.007264212807962735e+02 9.872015974091320345e+01
5.017140285290903421e+02 9.907874983324782647e+01
5.027026506326257049e+02 9.943488974336437991e+01
5.036929883907952217e+02 9.978688754806343297e+01
5.046857436945259678e+02 1.001330486884119466e+02
5.056815000920794319e+02 1.004719643090075607e+02
5.066804648106770514e+02 1.008031340708210166e+02
5.076827704439173203e+02 1.011262378157356352e+02
5.086885187236867409e+02 1.014410298955163654e+02
5.096974840529751987e+02 1.017480549368286802e+02
5.107092436838859726e+02 1.020483335505872020e+02
5.117233725975707443e+02 1.023428918314124445e+02
5.127394776789316211e+02 1.026326789149737664e+02
5.137572187825494439e+02 1.029185161622762621e+02
5.147762607571709168e+02 1.032012128872827219e+02
5.157963654371692428e+02 1.034813443034324791e+02
5.168177836822407016e+02 1.037583052318832983e+02
5.178409201371600830e+02 1.040311192927314323e+02
5.188661864776685206e+02 1.042987931411904157e+02
5.198941291586509124e+02 1.045600082274786473e+02
5.209254165421975813e+02 1.048131518551716965e+02
5.219607211016275414e+02 1.050566014083237008e+02
5.230005978490313510e+02 1.052890178365353933e+02
5.240453031364828576e+02 1.055097830906478009e+02
5.250950465494103128e+02 1.057183920218136990e+02
5.261499944481830653e+02 1.059144437267672600e+02
5.272099601741060724e+02 1.060983886759039905e+02
5.282745846869445359e+02 1.062710930709970967e+02
5.293435053504799725e+02 1.064334317553071543e+02
5.304162559209709116e+02 1.065865281224868113e+02
5.314922299969390451e+02 1.067318417991178734e+02
5.325708112280965452e+02 1.068708562785865723e+02
5.336512975846250129e+02 1.070052607242110980e+02
5.347326443185805829e+02 1.071375669790371745e+02
5.358137210024891601e+02 1.072704925560424840e+02
5.368934122573059540e+02 1.074067183944773660e+02
5.379708147046153499e+02 1.075484101869212878e+02
5.390451816812870902e+02 1.076973527448709120e+02
5.401157696188950013e+02 1.078553233597360190e+02
5.411817493946673494e+02 1.080243074441805220e+02
5.422421166796292482e+02 1.082067166210697735e+02
5.432958456918599950e+02 1.084050147001432265e+02
5.443420151644660336e+02 1.086214166791626496e+02
5.453803712818868235e+02 1.088565485988566479e+02
5.464109227332450018e+02 1.091104115724994301e+02
5.474336936121720782e+02 1.093829709082413899e+02
5.484491181235682689e+02 1.096732396630218460e+02
5.494580838864263796e+02 1.099791780962778631e+02
5.504615019617405096e+02 1.102986920483125033e+02
5.514602224526900045e+02 1.106298607892341295e+02
5.524549016210548871e+02 1.109713150832729980e+02
5.534461572851464553e+02 1.113217950693686049e+02
5.544345655552288008e+02 1.116801471206161125e+02
5.554202601730770539e+02 1.120463443624980755e+02
5.564031084409884897e+02 1.124210385658501252e+02
5.573829705196716304e+02 1.128048985603801100e+02
5.583594533471778050e+02 1.131991558299488503e+02
5.593317434369088232e+02 1.136059760310409672e+02
5.602989876631615971e+02 1.140276128972032268e+02
5.612602626990515091e+02 1.144663946431418111e+02
5.622142912461149535e+02 1.149250250358444134e+02
5.631596846915152810e+02 1.154063259432110726e+02
5.640950533128935831e+02 1.159130806548550083e+02
5.650189867329330582e+02 1.164473261555217505e+02
5.659300558919869673e+02 1.170104244001308587e+02
5.668268309227050850e+02 1.176037119657096213e+02
5.677078257203435214e+02 1.182280839230000424e+02
5.685714111894782263e+02 1.188833127572151653e+02
5.694159358440255119e+02 1.195689951698806794e+02
5.702397458482566890e+02 1.202846149702442631e+02
5.710411681768798644e+02 1.210287339763157490e+02
5.718185204342125871e+02 1.217994637916986704e+02
5.725701283894903781e+02 1.225949122031715319e+02
5.732946688007705234e+02 1.234131542064076967e+02
5.739912932352578991e+02 1.242522204380708075e+02
5.746591869635099101e+02 1.251101383860912364e+02
5.752978002270973548e+02 1.259849948120362484e+02
5.759076431516406274e+02 1.268751135720204104e+02
5.764894908337735160e+02 1.277788777957951254e+02
5.770441525145382684e+02 1.286946895734321004e+02
5.775729184576634907e+02 1.296212181059169950e+02
5.780774345088796053e+02 1.305573300481938190e+02
5.785593549394448019e+02 1.315018976229443410e+02
5.790203472387952388e+02 1.324539317102721725e+02
5.794621059657883961e+02 1.334127271459377084e+02
5.798863289937706895e+02 1.343776135343629790e+02
5.802947898223900438e+02 1.353479084449269862e+02
5.806897449141529250e+02 1.363228525891049685e+02
5.810736406780172274e+02 1.373016564506114605e+02
5.814489256975798526e+02 1.382835307072391799e+02
5.818180962967550158e+02 1.392676934310368608e+02
5.821837015805783722e+02 1.402533708690525600e+02
5.825482932454525553e+02 1.412397897476037656e+02
5.829140392103229260e+02 1.422263308120295449e+02
5.832818870098353727e+02 1.432128645769163313e+02
5.836525421467210890e+02 1.441993586900146056e+02
5.840265873650475896e+02 1.451858206552962827e+02
5.844033033924306437e+02 1.461726807041720235e+02
5.847811867492164311e+02 1.471606236776856917e+02
5.851587267416607574e+02 1.481503335192148825e+02
5.855346719455293396e+02 1.491421742432697499e+02
5.859082014008008628e+02 1.501359786876357134e+02
5.862785347331262074e+02 1.511315296088993421e+02
5.866450235328167082e+02 1.521283977032385906e+02
5.870076847883782420e+02 1.531250844062187753e+02
5.873667447378364841e+02 1.541197549002110634e+02
5.877224173691326996e+02 1.551105399290703986e+02
5.880746784785885666e+02 1.560949071314102525e+02
5.884232884191409312e+02 1.570697243697547663e+02
5.887679990004005504e+02 1.580318379418956170e+02
5.891082357151383349e+02 1.589781130397207392e+02
5.894425943543209314e+02 1.599054628957464956e+02
5.897695407873732165e+02 1.608108082650866777e+02
5.900884513199313233e+02 1.616937883484433200e+02
5.904061377901610967e+02 1.625762438916363806e+02
5.907330428558349240e+02 1.634908568014913328e+02
5.910799697346304811e+02 1.644714575044876597e+02
5.914720531272058679e+02 1.655977368150680888e+02
5.919538150160534542e+02 1.670114243658254054e+02
5.925711535500729497e+02 1.688586534875214511e+02
