4.884132966189022795e+01 4.941414528960739005e+01
5.046917122401106326e+01 5.070357676946132841e+01
5.175701756301972978e+01 5.171373208349480421e+01
5.279971139840190375e+01 5.252139039316615765e+01
5.369208613007394604e+01 5.320332310428237577e+01
5.451313085620497390e+01 5.382311615496947610e+01
5.529354930239058774e+01 5.440417288460686507e+01
5.605488008974039360e+01 5.496226952530720666e+01
5.681863821969078288e+01 5.551316511299290823e+01
5.760002942566971740e+01 5.606802525114717639e+01
5.839948216638581613e+01 5.662725701897308284e+01
5.921531217049420093e+01 5.718972933264903702e+01
6.004583447719962663e+01 5.775431339265799124e+01
6.088929764576672454e+01 5.832010066250948910e+01
6.174382935846659137e+01 5.888658309843977179e+01
6.260754449403684418e+01 5.945329507767750243e+01
6.347856369130365550e+01 6.001977322827247718e+01
6.435528494084327633e+01 6.058566255667522427e+01
6.523650089590658752e+01 6.115076228833613214e+01
6.612103435102588378e+01 6.171488342675951344e+01
6.700772008269308344e+01 6.227783720207852980e+01
6.789573348875548220e+01 6.283944128699654641e+01
6.878463119212106847e+01 6.339952056477254416e+01
6.967398995069885359e+01 6.395790029950231315e+01
7.056340522725021458e+01 6.451438946031386479e+01
7.145281895647306669e+01 6.506849518294380630e+01
7.234247856314506464e+01 6.561945847159802270e+01
7.323264193978661751e+01 6.616651121137653035e+01
7.412357583558110719e+01 6.670888080826708233e+01
7.501566077210836170e+01 6.724573712973263184e+01
7.590935615653279456e+01 6.777621014814450007e+01
7.680512298066956589e+01 6.829942903446291780e+01
7.770342113718027122e+01 6.881452769602638853e+01
7.860470031933539303e+01 6.932068399051748031e+01
7.950940468798495431e+01 6.981709961545156773e+01
8.041797834917676369e+01 7.030297650449324465e+01
8.133082587378441985e+01 7.077760297330486594e+01
8.224807972230858866e+01 7.124086188248507767e+01
8.316975783122946098e+01 7.169288632078712453e+01
8.409587773833050051e+01 7.213381024809298481e+01
8.502641423552879019e+01 7.256385788624376687e+01
8.596112036225540010e+01 7.298372170852903196e+01
8.689967746998655684e+01 7.339424556416798850e+01
8.784176687419045493e+01 7.379627337841220935e+01
8.878708551362558410e+01 7.419060081961089281e+01
8.973539187577830489e+01 7.457783344564991523e+01
9.068645960276607809e+01 7.495853000509781339e+01
9.164006236525169413e+01 7.533324917396620890e+01
9.259601566033319386e+01 7.570244331327235443e+01
9.355426056673876190e+01 7.606624557896047634e+01
9.451476163430301369e+01 7.642472946780146970e+01
9.547748339033643106e+01 7.677796852797433758e+01
9.644238475466471527e+01 7.712604910592108354e+01
9.740941170026306395e+01 7.746908709737388676e+01
9.837850837871690146e+01 7.780720255512058259e+01
9.934961904730488413e+01 7.814051529538464536e+01
1.003226977067880057e+02 7.846912332637992904e+01
1.012977158311133508e+02 7.879308554757020033e+01
1.022746467131934480e+02 7.911245678718350405e+01
1.032534637173711332e+02 7.942729174759975308e+01
1.042341435364140523e+02 7.973763926709010263e+01
1.052166675360975034e+02 8.004353995089384455e+01
1.062010174322867471e+02 8.034503378745260704e+01
1.071871741211768949e+02 8.064216279993304681e+01
1.081750957944607592e+02 8.093502537249815987e+01
1.091647155675948966e+02 8.122378213783099454e+01
1.101559652605504880e+02 8.150859694448949710e+01
1.111487803460371566e+02 8.178962486126201270e+01
1.121431625029268133e+02 8.206686182293766763e+01
1.131391710155508292e+02 8.234016530306897153e+01
1.141368670903897282e+02 8.260938815510550626e+01
1.151363073284046266e+02 8.287439435849179858e+01
1.161374902806278442e+02 8.313518812945181935e+01
1.171403747870442942e+02 8.339186961799504161e+01
1.181449189164484608e+02 8.364454083716935884e+01
1.191510743109624713e+02 8.389331929757770467e+01
1.201587339935958596e+02 8.413846386647624342e+01
1.211677596283014253e+02 8.438030903170192687e+01
1.221780125826224577e+02 8.461918999586639245e+01
1.231893521277337555e+02 8.485544699482531428e+01
1.242016233356895896e+02 8.508945435559854786e+01
1.252146653878574796e+02 8.532160054836103313e+01
1.262283174465793110e+02 8.555227408896739405e+01
1.272424564892139500e+02 8.578177217628623907e+01
1.282571526654344893e+02 8.600992553012935105e+01
1.292725376469136620e+02 8.623641630489657928e+01
1.302887431314499622e+02 8.646092659189910989e+01
1.313059053425873799e+02 8.668312754420824717e+01
1.323241780638718126e+02 8.690264787426410464e+01
1.333437193371517537e+02 8.711910600264836546e+01
1.343646871362182935e+02 8.733212051424615652e+01
1.353871527781897726e+02 8.754151919981715935e+01
1.364109312363205220e+02 8.774774871350970784e+01
1.374357903096378664e+02 8.795136959712895930e+01
1.384614977459690692e+02 8.815294251610542631e+01
1.394878093885268129e+02 8.835305688021939829e+01
1.405144539844904727e+02 8.855236752412011469e+01
1.415411565303513726e+02 8.875153833870027142e+01
1.425676425859150243e+02 8.895123185495040730e+01
1.435936874032470030e+02 8.915199064127210704e+01
1.446191541290214957e+02 8.935414507880156521e+01
1.456439149016547958e+02 8.955800384161919681e+01
1.466678429585560934e+02 8.976387295068366257e+01
1.476908611180186313e+02 8.997193873179747925e+01
1.487129608800512699e+02 9.018222170354013656e+01
1.497341387914507891e+02 9.039473020084295740e+01
1.507543936622175806e+02 9.060946709484061046e+01
1.517737854037393106e+02 9.082628774650005710e+01
1.527924405227928730e+02 9.104488674307256701e+01
1.538104888907135717e+02 9.126495054913694105e+01
1.548280550128536959e+02 9.148617858391017421e+01
1.558451682080626028e+02 9.170850006732196391e+01
1.568617760665841274e+02 9.193204152975249599e+01
1.578778235238793002e+02 9.215693591079927671e+01
1.588932534325273309e+02 9.238332117854992021e+01
1.599079828820955811e+02 9.261139749811108857e+01
1.609219115742185977e+02 9.284140701250879602e+01
1.619349388842570647e+02 9.307359265245827373e+01
1.629469578639852045e+02 9.330821261510774889e+01
1.639578048645459489e+02 9.354566198454548953e+01
1.649672863224858759e+02 9.378640806482378878e+01
1.659752084048162430e+02 9.403091881070790237e+01
1.669813940801401770e+02 9.427962161430197341e+01
1.679857783117183772e+02 9.453267348848476104e+01
1.689883418602124436e+02 9.479012088134498981e+01
1.699890656231705179e+02 9.505200991049778736e+01
1.709879576248093827e+02 9.531832120394778940e+01
1.719851623453527623e+02 9.558870595555760019e+01
1.729808670778713804e+02 9.586271199977133506e+01
1.739752591306578609e+02 9.613988713428494748e+01
1.749685362266461084e+02 9.641975401362677189e+01
1.759609358874736529e+02 9.670173920976058923e+01
1.769527051400685878e+02 9.698524634685023216e+01
1.779440910052287848e+02 9.726967906385920060e+01
1.789353336704239723e+02 9.755445749686241186e+01
1.799266534066738643e+02 9.783904986449461205e+01
1.809182668762510957e+02 9.812293309767545679e+01
1.819103907912818272e+02 9.840558400696789931e+01
1.829032527113023150e+02 9.868645321498523515e+01
1.838971045360624714e+02 9.896493258190184861e+01
1.848922014802293177e+02 9.924040596497862055e+01
1.858887980791917300e+02 9.951225886139903309e+01
1.868870914785546518e+02 9.978001531952094183e+01
1.878871787008552872e+02 1.000434411061352478e+02
1.888891467037817620e+02 1.003023262867242664e+02
1.898930806584015158e+02 1.005564652400545498e+02
1.908989876595650799e+02 1.008058408375618455e+02
1.919067680882277500e+02 1.010506935808255520e+02
1.929163146353139950e+02 1.012912825368018730e+02
1.939275165967346197e+02 1.015278749687362136e+02
1.949401739078562059e+02 1.017609538753314524e+02
1.959539903907895564e+02 1.019912342932376532e+02
1.969686651198418872e+02 1.022194427213169519e+02
1.979838998728802437e+02 1.024462991314634763e+02
1.989994433724655210e+02 1.026724101610913351e+02
2.000150841166695841e+02 1.028982864210674961e+02
2.010306118609324244e+02 1.031244354867052522e+02
2.020458152860955181e+02 1.033513675276246033e+02
2.030604700281692203e+02 1.035796242064124755e+02
2.040743430370805243e+02 1.038097681556896532e+02
2.050872011053564279e+02 1.040423623880726893e+02
2.060988210501913045e+02 1.042779457145022945e+02
2.071090680576137970e+02 1.045168436047799503e+02
2.081178532921044848e+02 1.047592705269566551e+02
2.091250883126268150e+02 1.050054399967183230e+02
2.101307186616252807e+02 1.052554834863651365e+02
2.111349128214133088e+02 1.055089942437163870e+02
2.121379291322155893e+02 1.057653485803917022e+02
2.131400261821509048e+02 1.060239222095417801e+02
2.141414552798797502e+02 1.062841084184543234e+02
2.151424316745632268e+02 1.065453875496018696e+02
2.161431594702253562e+02 1.068072668521531057e+02
2.171438427671989189e+02 1.070692535841872228e+02
2.181446309092199556e+02 1.073309871979075751e+02
2.191454671510728645e+02 1.075926046882784135e+02
2.201462462707472412e+02 1.078543600836033249e+02
2.211468630101622637e+02 1.081165074992681951e+02
2.221471766745582670e+02 1.083793866023868588e+02
2.231469448026968792e+02 1.086435827461367012e+02
2.241459067782049601e+02 1.089097251140767497e+02
2.251438020908949511e+02 1.091784426334115210e+02
2.261403918925269920e+02 1.094503119348150904e+02
2.271354852549096677e+02 1.097257939598122221e+02
2.281288976705837968e+02 1.100053341489200420e+02
2.291204466443518584e+02 1.102893730846275275e+02
2.301101126417682394e+02 1.105779579274423696e+02
2.310981565548058256e+02 1.108704588287414055e+02
2.320848669732108362e+02 1.111661790715750158e+02
2.330705392366681679e+02 1.114644056431970824e+02
2.340557545429261381e+02 1.117637354083672818e+02
2.350414795982577800e+02 1.120618345318262783e+02
2.360287083494428941e+02 1.123563034139059766e+02
2.370184282500167114e+02 1.126447581310095387e+02
2.380114600817454118e+02 1.129252171405792069e+02
2.390084477192665986e+02 1.131961259914278628e+02
2.400100264946214565e+02 1.134559508560094372e+02
2.410168096788859771e+02 1.137032111666582637e+02
2.420290355045104036e+02 1.139373317790185354e+02
2.430466286353278633e+02 1.141584945703206984e+02
2.440695040918373593e+02 1.143669046988629390e+02
2.450975361194966240e+02 1.145628657626069185e+02
2.461301131193493745e+02 1.147478542917632467e+02
2.471663043318463622e+02 1.149241173384242245e+02
2.482051734154520091e+02 1.150939154307899059e+02
2.492457946722998940e+02 1.152594834010027398e+02
2.502873346526948808e+02 1.154228333746958555e+02
2.513290072396362973e+02 1.155858632064129097e+02
2.523700267023964159e+02 1.157504698181528653e+02
2.534096460507867903e+02 1.159184566039764093e+02
2.544473684315558444e+02 1.160910230739368387e+02
2.554827963619404159e+02 1.162691288364971456e+02
2.565155326114831382e+02 1.164537328910013798e+02
2.575452460137412345e+02 1.166456347441462924e+02
2.585719276710679537e+02 1.168448558768978955e+02
2.595956668057105503e+02 1.170511808878338798e+02
2.606165526632623255e+02 1.172643943191693126e+02
2.616346775872984267e+02 1.174842732338836413e+02
2.626501454054480860e+02 1.177105669698258339e+02
2.636630626057889799e+02 1.179430184419158820e+02
2.646735355893065389e+02 1.181813707753319136e+02
2.656815948865581731e+02 1.184255502626494092e+02
2.666870563390887696e+02 1.186760015015167227e+02
2.676896980797234278e+02 1.189332601264743232e+02
2.686892978174251425e+02 1.191978627953577217e+02
2.696855520470982697e+02 1.194705422341215808e+02
2.706779801362446847e+02 1.197524587921838588e+02
2.716660781044958526e+02 1.200448291857175604e+02
2.726493427850910507e+02 1.203488681666749329e+02
2.736273342196614067e+02 1.206656378885524532e+02
2.745997197392948692e+02 1.209959414853582302e+02
2.755661770861677269e+02 1.213405569565259441e+02
2.765263881212785009e+02 1.217002523577733655e+02
2.774802038194649185e+02 1.220753874678839281e+02
2.784277001904012536e+02 1.224657787834747040e+02
2.793689688337062762e+02 1.228712051637055964e+02
2.803041078061463622e+02 1.232914298788038820e+02
2.812333768432965826e+02 1.237258258717965305e+02
2.821572050300115961e+02 1.241733572403583992e+02
2.830760294434194293e+02 1.246329687871065914e+02
2.839902851558185262e+02 1.251036101547372397e+02
2.849003738657919484e+02 1.255843115570837512e+02
2.858066697369258691e+02 1.260741696832267849e+02
2.867095461092752657e+02 1.265722832104236062e+02
2.876093666644283644e+02 1.270777741335307098e+02
2.885063821120327816e+02 1.275900371857636628e+02
2.894007699465475412e+02 1.281086438574184001e+02
2.902927064272635107e+02 1.286331686207503537e+02
2.911823455526491102e+02 1.291632396904030315e+02
2.920696516171441885e+02 1.296989432671299198e+02
2.929544929273233720e+02 1.302405972869268282e+02
2.938367370455331979e+02 1.307885214825159039e+02
2.947162945251065480e+02 1.313429317972699835e+02
2.955933491318459687e+02 1.319033845817811539e+02
2.964681916052673500e+02 1.324691779294357161e+02
2.973411129341116634e+02 1.330396093319380384e+02
2.982125125358122659e+02 1.336137145109073288e+02
2.990833107079666320e+02 1.341892716716998848e+02
2.999545839690076718e+02 1.347636818691185567e+02
3.008274088653994909e+02 1.353343460902931952e+02
3.017028015004947861e+02 1.358988112447961782e+02
3.025815572957380368e+02 1.364551570149548922e+02
3.034644213220885831e+02 1.370015846398061967e+02
3.043521384364468076e+02 1.375362958751713052e+02
3.052452872133701476e+02 1.380578939180144857e+02
3.061439825855914023e+02 1.385661012958331924e+02
3.070482593109867366e+02 1.390608340953790218e+02
3.079581519333415258e+02 1.395420089202646636e+02
3.088736564031112835e+02 1.400096355467075853e+02
3.097946856828443174e+02 1.404639241015988773e+02
3.107211419742774297e+02 1.409051106907439816e+02
3.116529260806615866e+02 1.413334347961926198e+02
3.125898344976499175e+02 1.417493877207996320e+02
3.135314890765741893e+02 1.421538823960921718e+02
3.144774950206104336e+02 1.425478719457977377e+02
3.154274595066337952e+02 1.429323047287174973e+02
3.163810683125511787e+02 1.433079393441365141e+02
3.173381104190507926e+02 1.436752852379966612e+02
3.182983818155287850e+02 1.440348349357365976e+02
3.192616832640027837e+02 1.443870694406628559e+02
3.202279321254795263e+02 1.447321882611147714e+02
3.211971662847860784e+02 1.450700999350785310e+02
3.221694291846073384e+02 1.454006995826795503e+02
3.231447639583316800e+02 1.457238830707493094e+02
3.241232086967912096e+02 1.460395584398896176e+02
3.251047973854571751e+02 1.463476436418906133e+02
3.260895638904306111e+02 1.466480569167261763e+02
3.270775458062713597e+02 1.469407075030829617e+02
3.280688235428618214e+02 1.472254012744061242e+02
3.290635048842046899e+02 1.475018780172270283e+02
3.300616980594946881e+02 1.477698764432888083e+02
3.310635154312534496e+02 1.480291252855812729e+02
3.320691039985722455e+02 1.482792696568465090e+02
3.330786280427363408e+02 1.485199129468343244e+02
3.340922519721819413e+02 1.487506582383244051e+02
3.351101115508354269e+02 1.489711777680606417e+02
3.361321633610145341e+02 1.491815763554637613e+02
3.371582948412964242e+02 1.493821257477119389e+02
3.381883932829226183e+02 1.495730980476826915e+02
3.392223102376548240e+02 1.497548516409935075e+02
3.402597281784433676e+02 1.499281531056312247e+02
3.413002796274453772e+02 1.500938896114676027e+02
3.423435970977807301e+02 1.502529483501934635e+02
3.433892723845959836e+02 1.504063148153552731e+02
3.444367508578259844e+02 1.505553280021356954e+02
3.454854449850766969e+02 1.507014063389446505e+02
3.465347671515460206e+02 1.508459684531429730e+02
3.475840723676902826e+02 1.509905714870906195e+02
3.486325580026101534e+02 1.511371531633752454e+02
3.496793945883335368e+02 1.512877159950668329e+02
3.507237541326239239e+02 1.514442589324944208e+02
3.517650593286696221e+02 1.516081757179087504e+02
3.528032643568076878e+02 1.517795769702364623e+02
3.538383911873389707e+02 1.519584096489745093e+02
3.548704634225308041e+02 1.521446167737011876e+02
3.558996216123019849e+02 1.523378590271976805e+02
3.569261994570813386e+02 1.525373307853484164e+02
3.579505487431283655e+02 1.527421827609504135e+02
3.589730199733018026e+02 1.529515687652045131e+02
3.599939140562228204e+02 1.531647623403936223e+02
3.610134676476972686e+02 1.533811921488181440e+02
3.620319131266513182e+02 1.536002971780811492e+02
3.630494833539871138e+02 1.538215152521951268e+02
3.640664226826960430e+02 1.540442564508804253e+02
3.650829871884143927e+02 1.542679025529570822e+02
3.660994334748712049e+02 1.544918340623189295e+02
3.671160240764259015e+02 1.547154171650483647e+02
3.681331162374753490e+02 1.549377893969149227e+02
3.691511432898321914e+02 1.551579046023722697e+02
3.701705407153609144e+02 1.553747114351889422e+02
3.711917316459620793e+02 1.555871883645621949e+02
3.722149999652277188e+02 1.557946500346021423e+02
3.732405417287907312e+02 1.559966231247167343e+02
3.742685516161819237e+02 1.561926376365160536e+02
3.752991593895639539e+02 1.563823802959870761e+02
3.763319598453797994e+02 1.565668293504976418e+02
3.773662845703748872e+02 1.567475984917809342e+02
3.784014633160097674e+02 1.569263058423400707e+02
3.794368038260582807e+02 1.571046226560436878e+02
3.804714783338653206e+02 1.572845473385599746e+02
3.815046075379310651e+02 1.574682027119370105e+02
3.825353120366666531e+02 1.576577118398606672e+02
3.835627952144287178e+02 1.578549979231102611e+02
3.845866461571341119e+02 1.580610529967449054e+02
3.856065661905120692e+02 1.582765981250089169e+02
3.866222566607274302e+02 1.585023543228113283e+02
3.876335497156792371e+02 1.587387268218234624e+02
3.886407408009021651e+02 1.589850023545749593e+02
3.896442278894821811e+02 1.592402201302560627e+02
3.906444090403152813e+02 1.595034191508931087e+02
3.916417361107375541e+02 1.597735085373976744e+02
3.926368066199667055e+02 1.600490457512746900e+02
3.936302424993391469e+02 1.603285293178753363e+02
3.946226641661294252e+02 1.606104614178172483e+02
3.956144493017397963e+02 1.608939302477444357e+02
3.966054681627537093e+02 1.611792490357447605e+02
3.975955273467584448e+02 1.614668846962619568e+02
3.985844328221389787e+02 1.617573056627597339e+02
3.995719472055709502e+02 1.620510850283210971e+02
4.005577624842875366e+02 1.623489663995038939e+02
4.015415641499594130e+02 1.626517090644402401e+02
4.025230410751586874e+02 1.629600641489919042e+02
4.035020089554269020e+02 1.632744765992974294e+02
4.044784456156494343e+02 1.635949999440910574e+02
4.054523394566781462e+02 1.639216621792975843e+02
4.064236769075620259e+02 1.642544960610701423e+02
4.073923985007636475e+02 1.645936451467654820e+02
4.083583985672667609e+02 1.649393645310004786e+02
4.093215694052724984e+02 1.652919142158334580e+02
4.102818103814913115e+02 1.656515371383559341e+02
4.112391314517093406e+02 1.660182092488432772e+02
4.121936302396979954e+02 1.663916948474043522e+02
4.131454067758561450e+02 1.667717524240088949e+02
4.140945822236876097e+02 1.671580894494366589e+02
4.150415117314764757e+02 1.675498485122958812e+02
4.159866960348826979e+02 1.679458207265694796e+02
4.169306380657596378e+02 1.683447919042269518e+02
4.178738604226633129e+02 1.687455003807975800e+02
4.188170450922092982e+02 1.691462997207703154e+02
4.197609513880186682e+02 1.695453568172337100e+02
4.207063391340275302e+02 1.699408373313493996e+02
4.216539312494008982e+02 1.703309960295830479e+02
4.226042269646972045e+02 1.707146277668685457e+02
4.235576416751842999e+02 1.710907298155739511e+02
4.245145906282783699e+02 1.714582998050509559e+02
4.254754133450108498e+02 1.718165182013249819e+02
4.264401018888989938e+02 1.721654043851183928e+02
4.274085487300860677e+02 1.725052181991973441e+02
4.283806463235029014e+02 1.728362195230590999e+02
4.293562043474300367e+02 1.731588680890184833e+02
4.303347436921685585e+02 1.734743208681861120e+02
4.313157223083264284e+02 1.737838867908918985e+02
4.322985981297389912e+02 1.740888748278692333e+02
4.332828195799195328e+02 1.743906168595664212e+02
4.342678097070227636e+02 1.746905058939373703e+02
4.352529873727048084e+02 1.749899450239223029e+02
4.362377720254130509e+02 1.752903359242251327e+02
4.372216720287938188e+02 1.755928653670150652e+02
4.382043790203846356e+02 1.758982771628108992e+02
4.391856072516692393e+02 1.762072604656205783e+02
4.401650735600957773e+02 1.765204981773610768e+02
4.411426662086767010e+02 1.768382587439029976e+02
4.421185489717668133e+02 1.771601445066125677e+02
4.430929105074324639e+02 1.774856976454379947e+02
4.440659440881106548e+02 1.778144491741675211e+02
4.450380110772605349e+02 1.781455233487501175e+02
4.460096848773281408e+02 1.784775313190866655e+02
4.469815524436319834e+02 1.788090514389356258e+02
4.479541993479961661e+02 1.791386653768306019e+02
4.489281797179231148e+02 1.794650301401422041e+02
4.499040164441014440e+02 1.797868775779024588e+02
4.508822310752265139e+02 1.801029427544817167e+02
4.518633267260358934e+02 1.804120053710831826e+02
4.528475239190889852e+02 1.807135294105725620e+02
4.538348221239364193e+02 1.810075141237103367e+02
4.548252149172027430e+02 1.812939730306580941e+02
4.558186873495126861e+02 1.815729410492305647e+02
4.568151317640933939e+02 1.818446857644507020e+02
4.578143836012152974e+02 1.821096175703574715e+02
4.588162774752647124e+02 1.823681489337063510e+02
4.598206552691248703e+02 1.826206772616511671e+02
4.608274168027487008e+02 1.828674799215053497e+02
4.618364896113390046e+02 1.831087768573462995e+02
4.628478014029709016e+02 1.833447876550745264e+02
4.638612847525829466e+02 1.835757249222550627e+02
4.648769012746384419e+02 1.838017596282192017e+02
4.658946233089954490e+02 1.840230473637241744e+02
4.669144232126197380e+02 1.842397436949981113e+02
4.679362989548131964e+02 1.844519458293287073e+02
4.689603642409393842e+02 1.846594872638225127e+02
4.699867654518525342e+02 1.848621270429096626e+02
4.710156489730341036e+02 1.850596241984628705e+02
4.720471849938412561e+02 1.852516656697963811e+02
4.730816255034094411e+02 1.854376906569273160e+02
4.741192400481595541e+02 1.856170851857763466e+02
4.751602981218908326e+02 1.857892352610484181e+02
4.762050421244510403e+02 1.859535159637548816e+02
4.772536432123740155e+02 1.861092736511486692e+02
4.783062609718634235e+02 1.862558500155765557e+02
4.793630549285542770e+02 1.863925855633444826e+02
4.804241759216451442e+02 1.865186507032673831e+02
4.814897571354149477e+02 1.866328701261735148e+02
4.825599296117417794e+02 1.867340265704800686e+02
4.836348195789144597e+02 1.868209094141049320e+02
4.847142460440417153e+02 1.868927317926024330e+02
4.857975409252690042e+02 1.869493786951663310e+02
4.868839929407118916e+02 1.869907946978408688e+02
4.879728872224242764e+02 1.870169281192900144e+02
4.890633819965926250e+02 1.870278597244184198e+02
4.901544775229473316e+02 1.870238351409837776e+02
4.912451641695463991e+02 1.870051103202601439e+02
4.923344440894933314e+02 1.869719511467320956e+02
4.934215810412017618e+02 1.869248440030190750e+02
4.945060952432667136e+02 1.868644914332242593e+02
4.955875176701771920e+02 1.867916050472238965e+02
4.966654113193977764e+02 1.867069369328538926e+02
4.977398202788704111e+02 1.866118472900972733e+02
4.988111599714807198e+02 1.865081656969463495e+02
4.998798554295300391e+02 1.863977338779691593e+02
5.009463216767493350e+02 1.862823344324266372e+02
5.020108668487563364e+02 1.861631185214426409e+02
5.030737343631731164e+02 1.860408549866375552e+02
5.041351667345030592e+02 1.859163073344869304e+02
5.051954228978622155e+02 1.857902567262311209e+02
5.062548905293212442e+02 1.856636227400672396e+02
5.073140180279251581e+02 1.855373902410268840e+02
5.083732541501838682e+02 1.854125444784726255e+02
5.094330213028890171e+02 1.852900029761009080e+02
5.104935871142095039e+02 1.851702854360675587e+02
5.115551628794856356e+02 1.850537667704257387e+02
5.126179598131458306e+02 1.849408216832645167e+02
5.136821946473585285e+02 1.848318455462466545e+02
5.147481086698862782e+02 1.847273257079230007e+02
5.158159499969195849e+02 1.846277750938089355e+02
5.168859667324234124e+02 1.845337066017467009e+02
5.179583225089642156e+02 1.844454391585483677e+02
5.190328950312430152e+02 1.843626351170413784e+02
5.201095015652023221e+02 1.842848180449936422e+02
5.211879589206097307e+02 1.842115104222363300e+02
5.222678698264020341e+02 1.841417241661153525e+02
5.233482822346480816e+02 1.840731481037356616e+02
5.244281554091220414e+02 1.840032595490282006e+02
5.255064492622658463e+02 1.839295373601426604e+02
5.265822118725848213e+02 1.838496702835738290e+02
5.276546680189509289e+02 1.837617677191392431e+02
5.287230635666287526e+02 1.836639892649743615e+02
5.297866539054961095e+02 1.835545172890147967e+02
5.308452800777749871e+02 1.834329342357877692e+02
5.318996991329987623e+02 1.833010123820725994e+02
5.329507478887613843e+02 1.831607147003660998e+02
5.339992673253464091e+02 1.830140137421330451e+02
5.350462415859335579e+02 1.828632114979329231e+02
5.360928306586288272e+02 1.827110146036293372e+02
5.371402053173878812e+02 1.825601545149275751e+02
5.381895027737273267e+02 1.824132819318472798e+02
5.392411324275456082e+02 1.822712963430054742e+02
5.402947995681514612e+02 1.821334030534342219e+02
5.413501806642482279e+02 1.819987380219627084e+02
5.424069535078449462e+02 1.818664464704573618e+02
5.434648153765482448e+02 1.817358100184237628e+02
5.445234783885339311e+02 1.816062141681794060e+02
5.455826550346288286e+02 1.814770470305750791e+02
5.466420821184199212e+02 1.813477792922205367e+02
5.477017514918941288e+02 1.812187478850978835e+02
5.487618073365596274e+02 1.810908071125676884e+02
5.498223958762556549e+02 1.809648182145582211e+02
5.508836688658335561e+02 1.808417161912509528e+02
5.519458207155772698e+02 1.807230048855467430e+02
5.530090656725799363e+02 1.806104526793028242e+02
5.540736180939750284e+02 1.805058294218664230e+02
5.551396750445524049e+02 1.804109388956422322e+02
5.562073335894933734e+02 1.803277811139369078e+02
5.572766549297239180e+02 1.802584264670864229e+02
5.583477002200002062e+02 1.802049454360246443e+02
5.594204328403516229e+02 1.801691073824749481e+02
5.604943876324641678e+02 1.801513618881836010e+02
5.615689820646005046e+02 1.801517970571074159e+02
5.626436336206564874e+02 1.801705009085224276e+02
5.637178583138395425e+02 1.802071636961946695e+02
5.647915006792452459e+02 1.802601494220968448e+02
5.658644736385217584e+02 1.803275460098279837e+02
5.669366903315936952e+02 1.804074411590653142e+02
5.680081575881391700e+02 1.804978264565216080e+02
5.690791215228705369e+02 1.805964480149551719e+02
5.701498659028807197e+02 1.807010133208953278e+02
5.712206735559445860e+02 1.808092331477529058e+02
5.722917061599033559e+02 1.809192421990660762e+02
5.733628859599352836e+02 1.810300130056618286e+02
5.744341071049889251e+02 1.811406164132248477e+02
5.755052666187032173e+02 1.812501153824234166e+02
5.765764319234000368e+02 1.813571054857978879e+02
5.776479333686736481e+02 1.814594611102313593e+02
5.787201237829243610e+02 1.815549949852809277e+02
5.797933510681874623e+02 1.816415266575289991e+02
5.808677984120719202e+02 1.817171036027193054e+02
5.819434493605303942e+02 1.817800495574970796e+02
5.830202754666165674e+02 1.818287048540851174e+02
5.840982357862890240e+02 1.818614520480705892e+02
5.851770245729939006e+02 1.818775683711010345e+02
5.862560832715734023e+02 1.818771852076225741e+02
5.873348432301702360e+02 1.818604680553340813e+02
5.884127567794000697e+02 1.818276470340570370e+02
5.894895791237750018e+02 1.817798850590086204e+02
5.905652930777557685e+02 1.817190460418088378e+02
5.916398869993165590e+02 1.816470109670704574e+02
5.927133625153350067e+02 1.815656541830800847e+02
5.937858579928026757e+02 1.814767816487506593e+02
5.948575923576312334e+02 1.813821590321547035e+02
5.959287855726735188e+02 1.812835514827482370e+02
5.969996166422141641e+02 1.811825645624015806e+02
5.980699538404943496e+02 1.810795931300479538e+02
5.991395229700244727e+02 1.809744769295055846e+02
6.002080490897423033e+02 1.808670528074032973e+02
6.012753049032463650e+02 1.807572223988006499e+02
6.023413343719503246e+02 1.806452562020989490e+02
6.034062773189361906e+02 1.805315550708549210e+02
6.044702736773241440e+02 1.804165200082603064e+02
6.055334302203318657e+02 1.803004485674959483e+02
6.065957105835771017e+02 1.801831917508049798e+02
6.076570397893394784e+02 1.800644800971688539e+02
6.087173428621324547e+02 1.799440441500789234e+02
6.097765566972529996e+02 1.798216411375232155e+02
6.108346571788600841e+02 1.796971159310904511e+02
6.118916281836986855e+02 1.795703313690113418e+02
6.129474535759576383e+02 1.794411502834485646e+02
6.140021122749948290e+02 1.793094331167035875e+02
6.150555707529571237e+02 1.791750342952813924e+02
6.161077935542017485e+02 1.790378073139766286e+02
6.171587455926934354e+02 1.788976066565214751e+02
6.182084370729551210e+02 1.787544079879548917e+02
6.192569664676977936e+02 1.786084231473639647e+02
6.203044424340882870e+02 1.784598912237889863e+02
6.213509749404556715e+02 1.783090546070350229e+02
6.223967489233390324e+02 1.781563444143632751e+02
6.234420634401506049e+02 1.780024790547066686e+02
6.244872271260267098e+02 1.778482010482759961e+02
6.255325477808943333e+02 1.776942509985199479e+02
6.265783060465277003e+02 1.775413071822645747e+02
6.276247500826342502e+02 1.773899733315962806e+02
6.286721261382232342e+02 1.772408487936425558e+02
6.297206733057886368e+02 1.770945156424105278e+02
6.307704824748026340e+02 1.769511982458802493e+02
6.318215049063361448e+02 1.768107839618915307e+02
6.328736864217777338e+02 1.766731470189500612e+02
6.339269599110976969e+02 1.765381303498753311e+02
6.349810752584096463e+02 1.764051339899279469e+02
6.360356466473285764e+02 1.762732295618172031e+02
6.370902850571867475e+02 1.761414809334781921e+02
6.381445866259963395e+02 1.760089160304727045e+02
6.391979972306695572e+02 1.758741988793963174e+02
6.402498754287336169e+02 1.757357820387183551e+02
6.412995786994849823e+02 1.755921154556709496e+02
6.423465013382232200e+02 1.754417378711523554e+02
6.433903124102720312e+02 1.752838507225724811e+02
6.444308051889622675e+02 1.751179550150063164e+02
6.454677735564863497e+02 1.749435532219920333e+02
6.465010490345341623e+02 1.747602386465367772e+02
6.475306741285913859e+02 1.745681137255852491e+02
6.485567648119985051e+02 1.743674581844779254e+02
6.495794371328779562e+02 1.741585519290152320e+02
6.505988527523342100e+02 1.739417849848474589e+02
6.516153672455225205e+02 1.737180155291309518e+02
6.526293877093967239e+02 1.734882261240662160e+02
6.536413212359213958e+02 1.732533993198153155e+02
6.546515564684939363e+02 1.730144731496751263e+02
6.556604223611531097e+02 1.727722416149923390e+02
6.566682358182363259e+02 1.725274696408761486e+02
6.576753135687444001e+02 1.722809217292026460e+02
6.586819087846911316e+02 1.720332089661677628e+02
6.596881169515137344e+02 1.717845618095837779e+02
6.606940095179495529e+02 1.715351526967858149e+02
6.616996571443817174e+02 1.712851521619934090e+02
6.627050386054709179e+02 1.710345089241086214e+02
6.637099560750211822e+02 1.707827453814377066e+02
6.647141916930205525e+02 1.705293355699643882e+02
6.657175258646774409e+02 1.702737493376586713e+02
6.667196432614814512e+02 1.700152254173862048e+02
6.677200847812459870e+02 1.697526554514695931e+02
6.687183794780927428e+02 1.694849024898388734e+02
6.697140560274038990e+02 1.692108286680551146e+02
6.707066311235187186e+02 1.689292671965801844e+02
6.716956073202586595e+02 1.686390171472845623e+02
6.726804863570877160e+02 1.683388756259866170e+02
6.736607772599155624e+02 1.680276573293966180e+02
6.746361365594872268e+02 1.677045330595263408e+02
6.756063579280117892e+02 1.673690047044919993e+02
6.765712402480183982e+02 1.670205867311370014e+02
6.775305999260941689e+02 1.666588359129243599e+02
6.784844965486630599e+02 1.662838961086495146e+02
6.794331676223878276e+02 1.658963407125644949e+02
6.803768547252861936e+02 1.654967529479959296e+02
6.813158105873569639e+02 1.650857429614121656e+02
6.822503988762359768e+02 1.646641887252110337e+02
6.831810468481728549e+02 1.642331217275840345e+02
6.841081825120654685e+02 1.637935752737696475e+02
6.850322142372600638e+02 1.633465352548798251e+02
6.859534061871219137e+02 1.628926394175965129e+02
6.868719582584710679e+02 1.624323703552603320e+02
6.877880700527656472e+02 1.619662099481453765e+02
6.887019341740726759e+02 1.614946231832444425e+02
6.896137046082915276e+02 1.610179818145842603e+02
6.905235220914402134e+02 1.605366256079888387e+02
6.914315273476499897e+02 1.600508943005860090e+02
6.923379405210322375e+02 1.595613193663157858e+02
6.932433142875931935e+02 1.590692350822087064e+02
6.941482883412601268e+02 1.585761858051644992e+02
6.950535023928597411e+02 1.580837159328786470e+02
6.959596429640133692e+02 1.575934828744677816e+02
6.968675457748813642e+02 1.571075042367054948e+02
6.977780762054344450e+02 1.566278692315861463e+02
6.986920992610683925e+02 1.561566661668002496e+02
6.996103546276101497e+02 1.556956808019610037e+02
7.005332755297795302e+02 1.552459590344265621e+02
7.014612492165809954e+02 1.548084357664077970e+02
7.023946613013911247e+02 1.543840419513533959e+02
7.033337158658130193e+02 1.539732702858767368e+02
7.042782729130626649e+02 1.535757827871798611e+02
7.052281540727191214e+02 1.531911488302334021e+02
7.061831782552021650e+02 1.528189312253689991e+02
7.071430194601510948e+02 1.524583429370170222e+02
7.081071369786451442e+02 1.521080785767998691e+02
7.090749727430562643e+02 1.517667908486735655e+02
7.100459654844389661e+02 1.514331247279162085e+02
7.110194553799319692e+02 1.511054872592073366e+02
7.119946678243120459e+02 1.507820083776207980e+02
7.129708217416875868e+02 1.504608023966309815e+02
7.139471489363181718e+02 1.501400147251925716e+02
7.149231361519246093e+02 1.498184062514529273e+02
7.158985040396330533e+02 1.494953025668035593e+02
7.168729819145312376e+02 1.491700501793211231e+02
7.178463249325866400e+02 1.488420579827952110e+02
7.188186399181882962e+02 1.485115838779476860e+02
7.197902875628736865e+02 1.481794986580846683e+02
7.207616341853120048e+02 1.478466867016790900e+02
7.217330525118029527e+02 1.475140478575113718e+02
7.227049779034628045e+02 1.471826331971854813e+02
7.236778811327459380e+02 1.468535792879234521e+02
7.246522333735313168e+02 1.465280236661301103e+02
7.256284810224869943e+02 1.462070440523287118e+02
7.266068914786908408e+02 1.458912860401649425e+02
7.275876534988108233e+02 1.455812053687793082e+02
7.285709555012846295e+02 1.452772569607753326e+02
7.295569703630566210e+02 1.449798582189471006e+02
7.305457865088797007e+02 1.446892226641493835e+02
7.315374638145668769e+02 1.444054948952418158e+02
7.325320621335091573e+02 1.441288194569552275e+02
7.335296357144181911e+02 1.438593273563922139e+02
7.345302156939357019e+02 1.435970937754151464e+02
7.355338272520211831e+02 1.433421795080264758e+02
7.365404955334994384e+02 1.430946452633932608e+02
7.375501629458702837e+02 1.428543519747613573e+02
7.385625121105274502e+02 1.426205333009509957e+02
7.395771747936684051e+02 1.423923001068240524e+02
7.405937826317612007e+02 1.421687629437964233e+02
7.416119270948317990e+02 1.419489353151692796e+02
7.426311028342852296e+02 1.417315967960183798e+02
7.436507902071562057e+02 1.415154924240879950e+02
7.446704709726689089e+02 1.412993706212217830e+02
7.456897752366314762e+02 1.410823378347162702e+02
7.467086104073594015e+02 1.408641697645946351e+02
7.477269142950686955e+02 1.406447154840159328e+02
7.487446255151510286e+02 1.404238260092631378e+02
7.497617241440572116e+02 1.402014524142435050e+02
7.507782508663492536e+02 1.399776920379058254e+02
7.517942511750666199e+02 1.397526538234587008e+02
7.528097671951544498e+02 1.395264385958224693e+02
7.538247401121117264e+02 1.392989038805147572e+02
7.548389951013666632e+02 1.390696275781712927e+02
7.558523509378198924e+02 1.388381721619134623e+02
7.568646269240965694e+02 1.386041014529286031e+02
7.578756525778017021e+02 1.383670053664243369e+02
7.588852666653772303e+02 1.381264974436317061e+02
7.598933082871635634e+02 1.378821920787199247e+02
7.608996207382979264e+02 1.376337140198733380e+02
7.619041033061741928e+02 1.373808262209257691e+02
7.629066951595684714e+02 1.371233900749014367e+02
7.639073363231395888e+02 1.368612690874001032e+02
7.649059743271282059e+02 1.365943453003572756e+02
7.659026288012393024e+02 1.363226788178338040e+02
7.668973595796287555e+02 1.360464290357513448e+02
7.678902269325732277e+02 1.357657564271086130e+02
7.688812850980356188e+02 1.354808070488897158e+02
7.698705454349299089e+02 1.351916244857885658e+02
7.708580007305779418e+02 1.348982079401363876e+02
7.718436436977029871e+02 1.346005564359893469e+02
7.728274855720408141e+02 1.342987117176693346e+02
7.738096366962845423e+02 1.339929441033246462e+02
7.747902404218641550e+02 1.336836000402984155e+02
7.757694401227356593e+02 1.333710260278894282e+02
7.767474072441214048e+02 1.330556276555132627e+02
7.777244272393413667e+02 1.327380505000509174e+02
7.787008145010890985e+02 1.324190010558704955e+02
7.796768834291802932e+02 1.320991858236009193e+02
7.806529625968563550e+02 1.317793237521307219e+02
7.816294244200375942e+02 1.314601722965724946e+02
7.826066497659285233e+02 1.311424963346479728e+02
7.835850194591039326e+02 1.308270605225542909e+02
7.845649020788160897e+02 1.305145658845588343e+02
7.855466371092909412e+02 1.302055622547407552e+02
7.865305598075113949e+02 1.299005775006136219e+02
7.875170047913806002e+02 1.296001378202938952e+02
7.885062421621649946e+02 1.293046008822670387e+02
7.894984230803499941e+02 1.290140136592449380e+02
7.904936858885787387e+02 1.287283896413186994e+02
7.914921688352480942e+02 1.284477444480486383e+02
7.924940054770283950e+02 1.281721997062324192e+02
7.934993226039694036e+02 1.279020299311508637e+02
7.945082464793698591e+02 1.276375215397572731e+02
7.955209026493755573e+02 1.273789747943295367e+02
7.965373957307504043e+02 1.271270940184110145e+02
7.975578066031777098e+02 1.268830418021083801e+02
7.985822148648550183e+02 1.266480054757961824e+02
7.996106838762814277e+02 1.264231858472246586e+02
8.006429695622659892e+02 1.262100388973852887e+02
8.016785531564406710e+02 1.260102486023938297e+02
8.027169062296884476e+02 1.258255069584986359e+02
8.037574329332950356e+02 1.256574480735507677e+02
8.047986546425937604e+02 1.255069480786816598e+02
8.058384723564021215e+02 1.253743504319749320e+02
8.068747741894512728e+02 1.252599875288692033e+02
8.079053738198206247e+02 1.251640593836709030e+02
8.089273821759375096e+02 1.250855162124725553e+02
8.099375236879111526e+02 1.250226208672297616e+02
8.109325187775517634e+02 1.249736290713799036e+02
8.119118425693372956e+02 1.249368086344973676e+02
8.128942376743797240e+02 1.249105119014064655e+02
8.139066731013745084e+02 1.248931273098891808e+02
8.149761486557461012e+02 1.248830434328467049e+02
8.161419048506811578e+02 1.248790244800443077e+02
8.175076710587911748e+02 1.248818136638823688e+02
8.191983379463381425e+02 1.248928035842099291e+02
8.213388086265920265e+02 1.249133872228439373e+02
