4.328574516827416119e+01 1.825830997161446305e+02
4.546312788869368404e+01 1.823261358956252138e+02
4.723193160919959865e+01 1.821120044143027314e+02
4.868310485129772758e+01 1.819306257207697968e+02
4.990759613649388626e+01 1.817719202636190516e+02
5.099579580940542201e+01 1.816258646138945494e+02
5.201030757897733281e+01 1.814852291776064135e+02
5.297365999799427527e+01 1.813468137572658918e+02
5.390526195079947058e+01 1.812077318255556975e+02
5.482452232173613282e+01 1.810650968551585720e+02
5.574956668596458798e+01 1.809161825167686857e+02
5.668619300610506428e+01 1.807598013612220029e+02
5.763332506206963757e+01 1.805956240571143212e+02
5.858981206545409748e+01 1.804233305815511130e+02
5.955450322924855300e+01 1.802426009420028095e+02
6.052625105050837107e+01 1.800531866633891127e+02
6.150391833789266371e+01 1.798550638275570464e+02
6.248636991863894252e+01 1.796482524751583014e+02
6.347247061998475459e+01 1.794327726468445974e+02
6.446109340963396050e+01 1.792086520948234067e+02
6.545136186297284553e+01 1.789761559747919080e+02
6.644269142955745622e+01 1.787358259381468883e+02
6.743451401287163094e+01 1.784882192232769000e+02
6.842626151639905174e+01 1.782338930685702962e+02
6.941740460931215750e+01 1.779734172798838472e+02
7.040769860292516569e+01 1.777074539413540606e+02
7.139702566159232333e+01 1.774367062616686326e+02
7.238526853266998273e+01 1.771618776385190017e+02
7.337231012925283835e+01 1.768836713970173662e+02
7.435809344215512340e+01 1.766027645533426380e+02
7.534271051661112040e+01 1.763197688505105702e+02
7.632627611872671025e+01 1.760352860817271790e+02
7.730890501460764597e+01 1.757499180401983381e+02
7.829071158692342181e+01 1.754642574244715831e+02
7.927180227782727684e+01 1.751787085934092545e+02
8.025227604837266426e+01 1.748934984630039366e+02
8.123223156816227686e+01 1.746088470363803822e+02
8.221176750679880740e+01 1.743249743166632015e+02
8.319097393179551148e+01 1.740420661172073267e+02
8.416989193594206142e+01 1.737601135969736958e+02
8.514854530451351877e+01 1.734790391246672812e+02
8.612695780291767278e+01 1.731987649900285078e+02
8.710515299670237255e+01 1.729192130112094503e+02
8.808312867420856662e+01 1.726402441826249969e+02
8.906083167942101397e+01 1.723615992907029124e+02
9.003820287825816138e+01 1.720830050160628559e+02
9.101518313663837034e+01 1.718041880393243730e+02
9.199171479131572937e+01 1.715248802597988629e+02
9.296776183700512775e+01 1.712448904217034737e+02
9.394330476350096149e+01 1.709640857956713376e+02
9.491832447479472989e+01 1.706823351219538836e+02
9.589280187487786122e+01 1.703995071408024558e+02
9.686672588238279502e+01 1.701154966151292172e+02
9.784012108349298842e+01 1.698303141164759609e+02
9.881302198283664495e+01 1.695440024204874589e+02
9.978546308544271426e+01 1.692566043041097998e+02
1.007574794124464859e+02 1.689681639585520543e+02
1.017291389248030100e+02 1.686788158385377869e+02
1.027005618084565413e+02 1.683888375085911662e+02
1.036718728811971317e+02 1.680985192256766538e+02
1.046431969608150183e+02 1.678081512467589675e+02
1.056146567046814795e+02 1.675180193646847329e+02
1.065863512788705805e+02 1.672283608317511323e+02
1.075583654307117456e+02 1.669393831065077052e+02
1.085307836982622405e+02 1.666512932150802158e+02
1.095036906180181404e+02 1.663642981798897722e+02
1.104771520129245488e+02 1.660785606117853774e+02
1.114511684188121592e+02 1.657940881802384752e+02
1.124257261425573944e+02 1.655108547861306647e+02
1.134008114910366771e+02 1.652288343303436875e+02
1.143764114676115184e+02 1.649480023852296426e+02
1.153525392019063247e+02 1.646683972226514072e+02
1.163292412231249671e+02 1.643901372689627465e+02
1.173065662391813788e+02 1.641133461791281434e+02
1.182845629579895927e+02 1.638381476081121662e+02
1.192632863555356408e+02 1.635646801672414767e+02
1.202428430612187071e+02 1.632932057190034243e+02
1.212233651185510013e+02 1.630240467669684392e+02
1.222049847482501121e+02 1.627575262375399916e+02
1.231878341789330875e+02 1.624939670754832548e+02
1.241720511391458359e+02 1.622337050096807332e+02
1.251577884688962286e+02 1.619771108943241984e+02
1.261452015807874147e+02 1.617245615633844977e+02
1.271344458874226007e+02 1.614764338508327626e+02
1.281256740316122205e+02 1.612330978790377571e+02
1.291189709879012355e+02 1.609947598005229850e+02
1.301143517847913529e+02 1.607614562785870191e+02
1.311118282252795666e+02 1.605332161606709747e+02
1.321114121123628138e+02 1.603100682942158812e+02
1.331130976432851867e+02 1.600919989636729497e+02
1.341167671287856251e+02 1.598787239609890491e+02
1.351222590715188119e+02 1.596698531693737948e+02
1.361294118720761332e+02 1.594649962252931630e+02
1.371380638315715714e+02 1.592637625248617894e+02
1.381480341907324032e+02 1.590657154117640459e+02
1.391591006196903209e+02 1.588703177895934573e+02
1.401710353089909518e+02 1.586770193225343633e+02
1.411836104491799517e+02 1.584852696747711605e+02
1.421966002233700692e+02 1.582945233233261604e+02
1.432098126885170757e+02 1.581043165639509311e+02
1.442230842233902024e+02 1.579142541007793170e+02
1.452362520777537895e+02 1.577239427417429170e+02
1.462491535013722341e+02 1.575329892947732446e+02
1.472616323147641992e+02 1.573410164474963437e+02
1.482735648873142509e+02 1.571477255491370215e+02
1.492848376484909068e+02 1.569528422613581142e+02
1.502953370307045020e+02 1.567560922529322056e+02
1.513049501085591828e+02 1.565572027434161839e+02
1.523136182133144985e+02 1.563560319725658303e+02
1.533213773331949881e+02 1.561526667599179632e+02
1.543282729717955419e+02 1.559472169029410793e+02
1.553343506327109935e+02 1.557397921991035332e+02
1.563396594623951330e+02 1.555305112427598146e+02
1.573442936655525273e+02 1.553196014362952440e+02
1.583483778575349845e+02 1.551073636186482645e+02
1.593520372243309566e+02 1.548941000067481468e+02
1.603553969519362283e+02 1.546801128175416409e+02
1.613585893806484250e+02 1.544657215416021643e+02
1.623617746096273322e+02 1.542513126915856105e+02
1.633651194695602555e+02 1.540372890330116036e+02
1.643687907911343302e+02 1.538240533313997105e+02
1.653729549460631176e+02 1.536120072440519948e+02
1.663777569193622128e+02 1.534015007889230162e+02
1.673833116697697392e+02 1.531928114838830197e+02
1.683897319065316367e+02 1.529862114152809340e+02
1.693971303388938168e+02 1.527819726694656879e+02
1.704056138122323887e+02 1.525803531741358086e+02
1.714152347592296906e+02 1.523814794744186827e+02
1.724260160976794793e+02 1.521854068500491906e+02
1.734379804530107947e+02 1.519921898748313538e+02
1.744511504353440614e+02 1.518018830856082104e+02
1.754655226282083618e+02 1.516144781810379527e+02
1.764810142993198099e+02 1.514297753609535846e+02
1.774975276613651545e+02 1.512475384765665751e+02
1.785149649270310306e+02 1.510675313790882512e+02
1.795332268855615325e+02 1.508895144836600366e+02
1.805521727845245152e+02 1.507131479273283503e+02
1.815716147569463601e+02 1.505379781166192856e+02
1.825913623922981230e+02 1.503635453181312585e+02
1.836112252800508031e+02 1.501893897984628268e+02
1.846310140844412899e+02 1.500150544309148017e+02
1.856505471093847177e+02 1.498401006178174839e+02
1.866696459676613529e+02 1.496640977867156721e+02
1.876881322853423626e+02 1.494866153973896985e+02
1.887058278622113505e+02 1.493072233292517694e+02
1.897226082823264051e+02 1.491256213866959683e+02
1.907384787732721918e+02 1.489418225499114783e+02
1.917534637032969727e+02 1.487558860365872420e+02
1.927675874406490664e+02 1.485678710644121736e+02
1.937808813265686467e+02 1.483778536970050652e+02
1.947935147201483801e+02 1.481862434329127893e+02
1.958057836121044204e+02 1.479937556978173347e+02
1.968179886836051082e+02 1.478011172489829619e+02
1.978304306158191253e+02 1.476090548436742438e+02
1.988434206002203553e+02 1.474183206712284573e+02
1.998573278340053321e+02 1.472298072790127037e+02
2.008725414161160074e+02 1.470444553711910771e+02
2.018894504633483962e+02 1.468632056951292668e+02
2.029084438369112036e+02 1.466869983814335683e+02
2.039298806083340310e+02 1.465167016750466757e+02
2.049540625945178647e+02 1.463530456594025964e+02
2.059812851173293495e+02 1.461967447447273400e+02
2.070118434986352440e+02 1.460485133412468599e+02
2.080460241498467724e+02 1.459090443047324186e+02
2.090839873813235101e+02 1.457787254516235862e+02
2.101257999983530169e+02 1.456577184089321406e+02
2.111715265982965946e+02 1.455461794626806977e+02
2.122212317785154312e+02 1.454442648988918734e+02
2.132749141542512064e+02 1.453519711430181758e+02
2.143322875232075262e+02 1.452686045685068166e+02
2.153929888496373621e+02 1.451932853977793059e+02
2.164566550966281397e+02 1.451251338504340538e+02
2.175229223038539317e+02 1.450632678706606669e+02
2.185913717752022762e+02 1.450066705267156522e+02
2.196615003565658810e+02 1.449541167716235464e+02
2.207327976731530157e+02 1.449043637657244972e+02
2.218047533501719499e+02 1.448561686693588513e+02
2.228768703458234199e+02 1.448083202475230280e+02
2.239487914855415625e+02 1.447599388078775462e+02
2.250202431314882006e+02 1.447103426743619821e+02
2.260909527658292291e+02 1.446588528257848907e+02
2.271606478826921887e+02 1.446047902695819971e+02
2.282291368005083996e+02 1.445476694474551778e+02
2.292965014204971510e+02 1.444876595581937977e+02
2.303628814731620764e+02 1.444250682015954794e+02
2.314284166890066103e+02 1.443602029774579023e+02
2.324932463602645214e+02 1.442933704891712523e+02
2.335574942693845912e+02 1.442248420786089014e+02
2.346212648929658826e+02 1.441548451957666828e+02
2.356846614986974089e+02 1.440836045421828828e+02
2.367477873542687234e+02 1.440113448193959869e+02
2.378107460515202547e+02 1.439382945881390015e+02
2.388736437660971319e+02 1.438647131707228368e+02
2.399365879096542926e+02 1.437908746048177022e+02
2.409996859015560347e+02 1.437170530198805238e+02
2.420630452426822217e+02 1.436435227827923882e+02
2.431268196548346054e+02 1.435706928851637940e+02
2.441912861860847670e+02 1.434993315231569682e+02
2.452567422312167196e+02 1.434302661555044835e+02
2.463234851850144196e+02 1.433643242409389700e+02
2.473918068549755560e+02 1.433023232073339841e+02
2.484618689964198097e+02 1.432448469997902407e+02
2.495337024485477855e+02 1.431922445296013109e+02
2.506073322904832708e+02 1.431448543669908133e+02
2.516827836013497972e+02 1.431030150821821678e+02
2.527600541339838287e+02 1.430670218044680269e+02
2.538389733819644789e+02 1.430369021793573836e+02
2.549193068495925729e+02 1.430125821278262208e+02
2.560008199168905207e+02 1.429939873732840567e+02
2.570832778714822098e+02 1.429810436178403279e+02
2.581664303050843614e+02 1.429736729453052533e+02
2.592499935319586370e+02 1.429717897682035641e+02
2.603336796219040252e+02 1.429753075206052415e+02
2.614172006447192871e+02 1.429841396365802098e+02
2.625002720778790604e+02 1.429981986237746980e+02
2.635826649552138292e+02 1.430173818860731103e+02
2.646641955413657570e+02 1.430415745307396378e+02
2.657446814161353927e+02 1.430706613074943903e+02
2.668239401593230582e+02 1.431045269660576196e+02
2.679018297894942293e+02 1.431429964683985361e+02
2.689784025888352517e+02 1.431856075623485367e+02
2.700537691025023719e+02 1.432318118553252759e+02
2.711280398866882138e+02 1.432810609384295901e+02
2.722013267738370246e+02 1.433328041756209643e+02
2.732738407471797473e+02 1.433863179063796451e+02
2.743459610877570753e+02 1.434405847797152092e+02
2.754180834077899362e+02 1.434945589456816890e+02
2.764906033194992006e+02 1.435471945543330605e+02
2.775639020922827171e+02 1.435974849526033381e+02
2.786381900973578922e+02 1.436448905276743631e+02
2.797135654396220161e+02 1.436891784745004657e+02
2.807901242604806384e+02 1.437301213539763580e+02
2.818679627008567650e+02 1.437674917282083698e+02
2.829471156506401712e+02 1.438012158731998511e+02
2.840273874674752506e+02 1.438317986022930768e+02
2.851085282825952731e+02 1.438598808139313974e+02
2.861902882272333386e+02 1.438861034065579929e+02
2.872724160511431819e+02 1.439111105976807607e+02
2.883546001327459294e+02 1.439356916495962082e+02
2.894364463354489203e+02 1.439608340705579792e+02
2.905175545764523690e+02 1.439875396548457616e+02
2.915975247729561488e+02 1.440168101967393000e+02
2.926759603411994135e+02 1.440496381443023211e+02
2.937524960716635860e+02 1.440869321424661393e+02
2.948267833075168483e+02 1.441295566226002336e+02
2.958984735410698477e+02 1.441783756177029261e+02
2.969672183234828822e+02 1.442342530165037431e+02
2.980327441387784688e+02 1.442978690116472364e+02
2.990949991339955432e+02 1.443693603942995196e+02
3.001539722481827539e+02 1.444487639550091274e+02
3.012096524203886361e+02 1.445361164843244239e+02
3.022620332060737951e+02 1.446314435016963102e+02
3.033112360332935964e+02 1.447344583220877325e+02
3.043575235603924511e+02 1.448445294427938848e+02
3.054011657419353014e+02 1.449610075471844937e+02
3.064424325324873166e+02 1.450832433186293713e+02
3.074815863692721223e+02 1.452106052674475336e+02
3.085188379495984350e+02 1.453425846022364283e+02
3.095543761948206907e+02 1.454787241720366069e+02
3.105883899504837018e+02 1.456185670056662218e+02
3.116210679025488730e+02 1.457616565163566520e+02
3.126525561091332861e+02 1.459076388014561587e+02
3.136829007873959654e+02 1.460564004602862838e+02
3.147121338800781132e+02 1.462078624771114050e+02
3.157402873299208750e+02 1.463619458361957868e+02
3.167673963972363254e+02 1.465185635216514584e+02
3.177935591553992936e+02 1.466774770470923102e+02
3.188189298007236516e+02 1.468383125885283107e+02
3.198436645037468793e+02 1.470006915612294733e+02
3.208679194350064563e+02 1.471642353804657546e+02
3.218918292222746231e+02 1.473286175496397448e+02
3.229154132292406416e+02 1.474937902685427957e+02
3.239386524295383083e+02 1.476597985600683955e+02
3.249615277706012080e+02 1.478266875104588109e+02
3.259840196169677142e+02 1.479945036148631630e+02
3.270060466649298405e+02 1.481634424256534999e+02
3.280274123350598643e+02 1.483339781260982591e+02
3.290479074097434591e+02 1.485066154470033268e+02
3.300673226713660711e+02 1.486818591191745611e+02
3.310854475733665936e+02 1.488602170944605518e+02
3.321020534835548688e+02 1.490422411598674444e+02
3.331168987138427724e+02 1.492285147467166553e+02
3.341297412867494359e+02 1.494196219877466945e+02
3.351403392247943884e+02 1.496161470156960434e+02
3.361484788483376178e+02 1.498186056663474517e+02
3.371540649609553384e+02 1.500272278157538040e+02
3.381570333712588763e+02 1.502421685091866266e+02
3.391573198879643769e+02 1.504635827916647770e+02
3.401548608273308787e+02 1.506916244830073026e+02
3.411496205142953499e+02 1.509263797904999649e+02
3.421416053374564967e+02 1.511678333803766918e+02
3.431308251505054727e+02 1.514159615541906021e+02
3.441172898071329200e+02 1.516707406134946439e+02
3.451010124503082466e+02 1.519321389175006516e+02
3.460820395253390416e+02 1.522000444130965491e+02
3.470604368301105183e+02 1.524742983181465945e+02
3.480362704014761448e+02 1.527547412734985812e+02
3.490096062861943551e+02 1.530412138960870436e+02
3.499805522429754205e+02 1.533334560967532241e+02
3.509493530308868117e+02 1.536308770233281678e+02
3.519162814936067889e+02 1.539328180183427150e+02
3.528816104748136695e+02 1.542386204243279053e+02
3.538456154984116893e+02 1.545476191131093344e+02
3.548086617024155771e+02 1.548589326066585841e+02
3.557712228413720936e+02 1.551714172007133641e+02
3.567337791946528682e+02 1.554839134385255477e+02
3.576968110416296440e+02 1.557952618633469228e+02
3.586607805002691975e+02 1.561043468650145201e+02
3.596260096268853204e+02 1.564103909803952774e+02
3.605927553424526764e+02 1.567127740008301089e+02
3.615612742066168721e+02 1.570108765900054948e+02
3.625318226365241117e+02 1.573040797556433574e+02
3.635045901748573556e+02 1.575919259594128903e+02
3.644795930633784451e+02 1.578743760606281512e+02
3.654568198394441652e+02 1.581514578049059310e+02
3.664362590404112439e+02 1.584231989378629635e+02
3.674178973287044982e+02 1.586896317314305804e+02
3.684016797468715367e+02 1.589508889330021191e+02
3.693875105361428837e+02 1.592072017893301563e+02
3.703752922265490497e+02 1.594588056782123715e+02
3.713649273481204318e+02 1.597059359774463019e+02
3.723563150619510225e+02 1.599488361886441226e+02
3.733493344274122592e+02 1.601877982864788237e+02
3.743438570795487976e+02 1.604231321485574426e+02
3.753397546415638999e+02 1.606551476810427914e+02
3.763368987650586632e+02 1.608841547210722354e+02
3.773351654047664852e+02 1.611104526465102538e+02
3.783344393851267569e+02 1.613343192763462639e+02
3.793346066250023796e+02 1.615560297694460417e+02
3.803355530432554588e+02 1.617758592846753061e+02
3.813371692664701413e+02 1.619940716010644621e+02
3.823394195750268523e+02 1.622107524565112158e+02
3.833423266373511069e+02 1.624258464492274356e+02
3.843459147247154988e+02 1.626392943029126741e+02
3.853502081083914845e+02 1.628510367412662845e+02
3.863552503626955854e+02 1.630609678091915953e+02
3.873611749952543732e+02 1.632687640740433608e+02
3.883681416844420369e+02 1.634740388168388847e+02
3.893763101115844734e+02 1.636764053114566480e+02
3.903858399414441465e+02 1.638754768699271267e+02
3.913968896518293832e+02 1.640708695382362521e+02
3.924096157601770187e+02 1.642622038777661544e+02
3.934241746003630738e+02 1.644491008727023313e+02
3.944407225062635689e+02 1.646311815072304228e+02
3.954594103986307800e+02 1.648080798582608395e+02
3.964803270372365205e+02 1.649795803515000898e+02
3.975035214390214833e+02 1.651455635386611505e+02
3.985290419745789450e+02 1.653059115347788861e+02
3.995569370132943163e+02 1.654605064578148585e+02
4.005872081674597212e+02 1.656093437736883800e+02
4.016196863360408429e+02 1.657528327894148390e+02
4.026541634682825475e+02 1.658914772334334202e+02
4.036904315134291892e+02 1.660257808341830810e+02
4.047282821458932176e+02 1.661562480419073893e+02
4.057674957557985636e+02 1.662834129432651764e+02
4.068078377175970672e+02 1.664078490612255621e+02
4.078490723654863359e+02 1.665301326508233615e+02
4.088909640336638063e+02 1.666508399670932761e+02
4.099332733527643313e+02 1.667705568888067660e+02
4.109757288548210568e+02 1.668899527032041021e+02
4.120180426020195910e+02 1.670097394945531448e+02
4.130599265221387668e+02 1.671306296963800833e+02
4.141010925918013754e+02 1.672533356268663169e+02
4.151413007733766563e+02 1.673784562865048997e+02
4.161804488339220711e+02 1.675062652518913069e+02
4.172184591248444576e+02 1.676369780440136878e+02
4.182552539975512218e+02 1.677708101838604478e+02
4.192907595526639284e+02 1.679079682042229535e+02
4.203250005743175279e+02 1.680484220585439914e+02
4.213581079873795829e+02 1.681918872433167564e+02
4.223902179598592284e+02 1.683380666853683465e+02
4.234214666597650307e+02 1.684866633115258594e+02
4.244520074428536418e+02 1.686373366479171239e+02
4.254821082335493543e+02 1.687894569238853819e+02
4.265120838062528605e+02 1.689422760681233910e+02
4.275422490753982174e+02 1.690950456557282848e+02
4.285729188425048619e+02 1.692470174524475226e+02
4.296043816551014061e+02 1.693974875524660320e+02
4.306368663041431546e+02 1.695458529457012560e+02
4.316705933089585869e+02 1.696915245882630074e+02
4.327057831888760688e+02 1.698339134362612697e+02
4.337426517011979854e+02 1.699724378821571520e+02
4.347813282911321267e+02 1.701066511028475361e+02
4.358218673044149227e+02 1.702362235501033183e+02
4.368643205809019605e+02 1.703608295888624866e+02
4.379087399604492248e+02 1.704801435840631427e+02
4.389551496754556865e+02 1.705938798300577730e+02
4.400034307392750179e+02 1.707019597627927112e+02
4.410534178655292976e+02 1.708043717827723924e+02
4.421049457445836879e+02 1.709011043241386858e+02
4.431578486466787012e+02 1.709921461174863850e+02
4.442119203317117808e+02 1.710775144787377826e+02
4.452668809017461626e+02 1.711572786990197130e+02
4.463224426568589820e+02 1.712315135747767556e+02
4.473783178971277721e+02 1.713002939024535181e+02
4.484342321465352939e+02 1.713636633833391443e+02
4.494900840796930197e+02 1.714212585662511970e+02
4.505458940539377295e+02 1.714724298709714390e+02
4.516016849537339226e+02 1.715165217749049589e+02
4.526574796635463258e+02 1.715528787554568453e+02
4.537133133964865692e+02 1.715809261568383590e+02
4.547692714369977125e+02 1.716004177541553588e+02
4.558254517794350704e+02 1.716111906901377893e+02
4.568819524181561178e+02 1.716130821075263952e+02
4.579388723016418794e+02 1.716059390028921428e+02
4.589963595092724518e+02 1.715901157779370862e+02
4.600546339403707066e+02 1.715667085632663884e+02
4.611139211922534855e+02 1.715368723361874856e+02
4.621744468622375734e+02 1.715017620740075870e+02
4.632364347410045866e+02 1.714625383772445275e+02
4.643000909593056917e+02 1.714204168135033512e+02
4.653656116636417437e+02 1.713766440266843176e+02
4.664331928873313586e+02 1.713324670129703406e+02
4.675030306422510193e+02 1.712891327010292173e+02
4.685752604905963494e+02 1.712476976842913245e+02
4.696498253252474342e+02 1.712086119068238759e+02
4.707266297375333011e+02 1.711722047142932297e+02
4.718055783187832617e+02 1.711388054523660003e+02
4.728865744626427272e+02 1.711087368408010434e+02
4.739694836752974538e+02 1.710821119957429062e+02
4.750541267465954434e+02 1.710587966505301836e+02
4.761403218911565318e+02 1.710386422916486424e+02
4.772278873236007257e+02 1.710215004055839358e+02
4.783166444977730407e+02 1.710072138981290095e+02
4.794064390429247737e+02 1.709955616345268936e+02
4.804971275166434452e+02 1.709862935309050727e+02
4.815885665300868936e+02 1.709791593614842782e+02
4.826806127400408286e+02 1.709739089453445615e+02
4.837731407738097005e+02 1.709703097694340386e+02
4.848660704943690121e+02 1.709681737945334703e+02
4.859593287706742331e+02 1.709673198694115968e+02
4.870528424716800373e+02 1.709675668428371296e+02
4.881465397727739628e+02 1.709687359538212377e+02
4.892403765314975317e+02 1.709706990885147206e+02
4.903343350337170250e+02 1.709733764862079113e+02
4.914283986207964290e+02 1.709766903173241985e+02
4.925225506340996162e+02 1.709805627522870282e+02
4.936167772037858867e+02 1.709849228974188691e+02
4.947110805872935089e+02 1.709897399685349342e+02
4.958054688260114062e+02 1.709949975664779913e+02
4.968999499687744219e+02 1.710006793106088594e+02
4.979945320297009062e+02 1.710067687662590004e+02
4.990892183042628858e+02 1.710132421551297170e+02
5.001840026309315590e+02 1.710200609809900243e+02
5.012788777196347496e+02 1.710271849912567177e+02
5.023738362803001110e+02 1.710345739333464223e+02
5.034688688100065406e+02 1.710421826588249132e+02
5.045639325615593407e+02 1.710498924674647299e+02
5.056589591278072930e+02 1.710575278872828449e+02
5.067538794375704470e+02 1.710649119771552762e+02
5.078486244196688517e+02 1.710718677959580418e+02
5.089431093265451977e+02 1.710781817132714480e+02
5.100371785728185614e+02 1.710834743084683112e+02
5.111306565736316543e+02 1.710873193537613304e+02
5.122233677429384215e+02 1.710892906185808044e+02
5.133151358425022863e+02 1.710889603170189730e+02
5.144057413998946231e+02 1.710857975585990687e+02
5.154948954576560709e+02 1.710791057454817405e+02
5.165823027825596228e+02 1.710681733134230456e+02
5.176676681413773622e+02 1.710522886981786712e+02
5.187506943540636257e+02 1.710307356767935119e+02
5.198310626854852217e+02 1.710027464452743118e+02
5.209084409887468610e+02 1.709675211054551198e+02
5.219824969146347939e+02 1.709242592750275378e+02
5.230528981161487536e+02 1.708721605770196561e+02
5.241193494639560413e+02 1.708105144051780542e+02
5.251816876531054277e+02 1.707389281196883530e+02
5.262397785513200006e+02 1.706570794465613687e+02
5.272934880263228479e+02 1.705646461118076616e+02
5.283426836750951452e+02 1.704613100090026307e+02
5.293872999180379111e+02 1.703469140781917019e+02
5.304273577499814110e+02 1.702215099064229946e+02
5.314628839284370088e+02 1.700851629689805407e+02
5.324939052109158411e+02 1.699379387411483435e+02
5.335204641101709058e+02 1.697799406944350551e+02
5.345427351651871959e+02 1.696115907022149258e+02
5.355609587904953059e+02 1.694334695070233465e+02
5.365753758852943065e+02 1.692461590202497916e+02
5.375862274320976439e+02 1.690502413543321154e+02
5.385938191322144348e+02 1.688464547974779180e+02
5.395986371411147502e+02 1.686359730997569102e+02
5.406011988191464752e+02 1.684200453131001325e+02
5.416020215266574951e+02 1.681999204894391369e+02
5.426016184336240258e+02 1.679768375621538894e+02
5.436003977884039386e+02 1.677517821088712537e+02
5.445986579399781249e+02 1.675254743315994119e+02
5.455966920507341911e+02 1.672986219082032733e+02
5.465947932830587206e+02 1.670719325165475766e+02
5.475932310998174444e+02 1.668460566173632742e+02
5.485921219426277275e+02 1.666212752361880121e+02
5.495915214632177594e+02 1.663977226351254899e+02
5.505914851589691352e+02 1.661755327036418066e+02
5.515920683689710131e+02 1.659548389490903162e+02
5.525932941406897498e+02 1.657356969275065524e+02
5.535951140868246512e+02 1.655179897528628317e+02
5.545974702486425940e+02 1.653015774338898041e+02
5.556003046674109100e+02 1.650863199793181764e+02
5.566035550877618334e+02 1.648720670258305177e+02
5.576070846474258360e+02 1.646584881095366484e+02
5.586106932708635213e+02 1.644451001701246753e+02
5.596141788842614915e+02 1.642314153234640912e+02
5.606173394138068033e+02 1.640169456854247017e+02
5.616199677715796952e+02 1.638011912697993182e+02
5.626218316470628906e+02 1.635835912129801670e+02
5.636226908161917208e+02 1.633635655511753271e+02
5.646223050520940205e+02 1.631405343138175965e+02
5.656204344352535145e+02 1.629139182724080683e+02
5.666168661592629405e+02 1.626832036593384601e+02
5.676114353748039321e+02 1.624479924928260743e+02
5.686039821386359563e+02 1.622078986361411808e+02
5.695943465075177983e+02 1.619625359525538784e+02
5.705823705702866846e+02 1.617115232113838204e+02
5.715679220289578097e+02 1.614545410198869035e+02
5.725508861071209594e+02 1.611913122876833313e+02
5.735311483686348311e+02 1.609215607459070725e+02
5.745085943773607369e+02 1.606450101256977803e+02
5.754831280174627182e+02 1.603614283872959732e+02
5.764547253468451800e+02 1.600707577336810630e+02
5.774233801941528554e+02 1.597729832701722046e+02
5.783890863880301367e+02 1.594680901020885244e+02
5.793518383438180308e+02 1.591560647511479090e+02
5.803116587266404167e+02 1.588369619395232917e+02
5.812686104001604690e+02 1.585109334364553888e+02
5.822227592980947293e+02 1.581781384228888214e+02
5.831741713541595118e+02 1.578387360797684948e+02
5.841229070486358523e+02 1.574928724221921073e+02
5.850689753764198713e+02 1.571405691676941387e+02
5.860123570164709008e+02 1.567817796726238839e+02
5.869530323540890322e+02 1.564164565843700530e+02
5.878909817710987227e+02 1.560445525419298463e+02
5.888261787294807164e+02 1.556660034780855426e+02
5.897585752860511548e+02 1.552806936482537310e+02
5.906881193714843903e+02 1.548884973463223105e+02
5.916147589164543206e+02 1.544892888661790948e+02
5.925384436374201869e+02 1.540829468129698512e+02
5.934591767695683302e+02 1.536694789972083299e+02
5.943770230573505842e+02 1.532490417256039166e+02
5.952920506388198874e+02 1.528217994977252090e+02
5.962043276520286099e+02 1.523879168131405493e+02
5.971139441358312752e+02 1.519476110446155701e+02
5.980211483466792970e+02 1.515014815358729834e+02
5.989262580537657641e+02 1.510502954491881269e+02
5.998295913252476339e+02 1.505948206686000219e+02
6.007314663714195149e+02 1.501358254212971985e+02
6.016322489566666718e+02 1.496741927402453598e+02
6.025324211359079527e+02 1.492110864087015614e+02
6.034324824101267950e+02 1.487477123284656102e+02
6.043329322803065224e+02 1.482852764013372848e+02
6.052342678727842440e+02 1.478249787962194546e+02
6.061369382421892169e+02 1.473679036267856475e+02
6.070413477488589251e+02 1.469150271052722019e+02
6.079478990550909430e+02 1.464673213444905002e+02
6.088569948231828448e+02 1.460257584572514986e+02
6.097689973482613368e+02 1.455912131014247564e+02
6.106840426520094525e+02 1.451640136626323851e+02
6.116021879641599526e+02 1.447442983059607116e+02
6.125234904342449909e+02 1.443322050028725982e+02
6.134480060991987784e+02 1.439278690387847348e+02
6.143756546618442371e+02 1.435310965594212291e+02
6.153060901191790890e+02 1.431410522398402065e+02
6.162389358108479200e+02 1.427568267416940557e+02
6.171738150764940656e+02 1.423775107266351085e+02
6.181103472775168939e+02 1.420021852519725485e+02
6.190480943508746350e+02 1.416297927400270282e+02
6.199865750790186212e+02 1.412591714288272158e+02
6.209253071933584351e+02 1.408891570189595654e+02
6.218638084253038869e+02 1.405185852110106453e+02
6.228016297853849892e+02 1.401463720484434816e+02
6.237384681436985829e+02 1.397717857107385839e+02
6.246740603201772046e+02 1.393941908247777235e+02
6.256081431357850988e+02 1.390129520199333797e+02
6.265404553051550920e+02 1.386274384972996643e+02
6.274708519814284955e+02 1.382373005654233964e+02
6.283993704369257784e+02 1.378426282074874791e+02
6.293260638033325449e+02 1.374435496945711463e+02
6.302509852123337168e+02 1.370401932977535182e+02
6.311741925011220928e+02 1.366326986482243626e+02
6.320957937601066305e+02 1.362213266992840488e+02
6.330159275067239832e+02 1.358064118616410951e+02
6.339347326830088605e+02 1.353882895710783032e+02
6.348523482285335149e+02 1.349672952574313740e+02
6.357688912429758830e+02 1.345437116243810181e+02
6.366844037752732675e+02 1.341176401871356347e+02
6.375989117656732788e+02 1.336891435710969915e+02
6.385124411544243230e+02 1.332582844016669696e+02
6.394250176916116288e+02 1.328251248451515494e+02
6.403366602001242427e+02 1.323897103440451701e+02
6.412473787645174070e+02 1.319520652445332303e+02
6.421571829108190741e+02 1.315122125443906782e+02
6.430660821650567414e+02 1.310701752413925760e+02
6.439740965867373461e+02 1.306260017633797474e+02
6.448813316035534626e+02 1.301799466352142929e+02
6.457879340595145550e+02 1.297323643695834221e+02
6.466940510719541635e+02 1.292836101390381600e+02
6.475998297918130220e+02 1.288340391972651560e+02
6.485054384402072856e+02 1.283840576658821533e+02
6.494111022867709835e+02 1.279342093938931413e+02
6.503170561621524257e+02 1.274850613126431256e+02
6.512235348969987854e+02 1.270371803534773676e+02
6.521307698689045083e+02 1.265911251113364671e+02
6.530389101219288932e+02 1.261472554105178858e+02
6.539480207148135378e+02 1.257057283169216504e+02
6.548581629228486918e+02 1.252666917623936342e+02
6.557693980213251734e+02 1.248302936787796398e+02
6.566817707305233398e+02 1.243966420305783629e+02
6.575952222132355018e+02 1.239655947722950771e+02
6.585096536708324493e+02 1.235369133829871942e+02
6.594249662195330757e+02 1.231103591361367933e+02
6.603410609801683222e+02 1.226856933163619203e+02
6.612578399051091083e+02 1.222626792157584958e+02
6.621752067348008950e+02 1.218410844431373334e+02
6.630930654415432173e+02 1.214206771670454543e+02
6.640113199976357237e+02 1.210012255560298655e+02
6.649298789534201433e+02 1.205825088310070328e+02
6.658487270683289125e+02 1.201644901979001787e+02
6.667679119781332702e+02 1.197472846595324683e+02
6.676874831991433439e+02 1.193310117587484740e+02
6.686074902476696025e+02 1.189157910383928396e+02
6.695279857925880833e+02 1.185017496523000915e+02
6.704490378813954976e+02 1.180890518816951271e+02
6.713707192438571383e+02 1.176778733118316325e+02
6.722931026108494734e+02 1.172683895306472834e+02
6.732162602291136864e+02 1.168607749572731507e+02
6.741402251382119175e+02 1.164551093563383546e+02
6.750649629091356019e+02 1.160513096089395901e+02
6.759904324489928058e+02 1.156492765081347329e+02
6.769165926648913683e+02 1.152489108469814312e+02
6.778433991023260887e+02 1.148501053028869023e+02
6.787707664992968830e+02 1.144526540352511716e+02
6.796985824215598768e+02 1.140562856038779103e+02
6.806267339424857710e+02 1.136607273798469322e+02
6.815551081353976315e+02 1.132657067341235830e+02
6.824835780119116180e+02 1.128709170897000291e+02
6.834119628479760422e+02 1.124759221401572091e+02
6.843400690856251458e+02 1.120802545952595750e+02
6.852677031668936252e+02 1.116834471647713229e+02
6.861946718447309195e+02 1.112850333090706982e+02
6.871207958989599547e+02 1.108845803523592792e+02
6.880459155400719737e+02 1.104817025285613141e+02
6.889698724063398458e+02 1.100760175185649246e+02
6.898925081360364402e+02 1.096671430032583316e+02
6.908136704864355124e+02 1.092547114361088632e+02
6.917332630275845986e+02 1.088384900145706240e+02
6.926512191873002848e+02 1.084183180191464828e+02
6.935674726756178643e+02 1.079940354116767764e+02
6.944819572027258801e+02 1.075654821543694482e+02
6.953946067017886890e+02 1.071324987477441510e+02
6.963053557754479925e+02 1.066949273085735967e+02
6.972141391514695670e+02 1.062526102557068555e+02
6.981208915576194158e+02 1.058053900079929832e+02
6.990255511439243037e+02 1.053531172463448087e+02
6.999281533479323798e+02 1.048958775243910253e+02
7.008288424918533792e+02 1.044340192664344755e+02
7.017277686488120025e+02 1.039679047807060641e+02
7.026250818919330641e+02 1.034978963754365253e+02
7.035209676901035891e+02 1.030244418117952421e+02
7.044158590842625927e+02 1.025485865428080672e+02
7.053102948180876410e+02 1.020716312105112706e+02
7.062048140309702831e+02 1.015948774122787199e+02
7.070999558512869498e+02 1.011196267188914959e+02
7.079962562433317999e+02 1.006471730625012668e+02
7.088942436535030538e+02 1.001787922257891807e+02
7.097944454359170550e+02 9.971575735448280398e+01
7.106973889446901467e+02 9.925934159430947545e+01
7.116035908658477638e+02 9.881079233595377787e+01
7.125133613870650606e+02 9.837085843911498273e+01
7.134268237284770748e+02 9.793983738403713346e+01
7.143440943603810638e+02 9.751801035542059992e+01
7.152652897530746259e+02 9.710565853796575198e+01
7.161904459160934948e+02 9.670286886691431505e+01
7.171191616367071902e+02 9.630867272959784486e+01
7.180508878998290356e+02 9.592174468690161859e+01
7.189850755742934325e+02 9.554075901947128102e+01
7.199211751163502413e+02 9.516438901188422506e+01
7.208585911912780375e+02 9.479119739924773569e+01
7.217966416713727540e+02 9.441953737933489776e+01
7.227346347492676841e+02 9.404773878108861140e+01
7.236718786175974856e+02 9.367413143345166304e+01
7.246077026817581554e+02 9.329709637749931517e+01
7.255417307148184136e+02 9.291572532067725376e+01
7.264738018611859616e+02 9.252962992279081789e+01
7.274037601936169040e+02 9.213843374173298173e+01
7.283314497848682549e+02 9.174176033539662001e+01
7.292567479439475164e+02 9.133931350111907932e+01
7.301796732768330003e+02 9.093113815745152806e+01
7.311002819312584506e+02 9.051736985680328473e+01
7.320186300552539933e+02 9.009814415229803330e+01
7.329347743427113073e+02 8.967359791488516407e+01
7.338488026981943904e+02 8.924394336469566724e+01
7.347608505369273644e+02 8.880950742267147291e+01
7.356710572615199908e+02 8.837062663614976543e+01
7.365795622745829405e+02 8.792763755246757285e+01
7.374865076448985519e+02 8.748088315566776885e+01
7.383920629169742824e+02 8.703077276201705104e+01
7.392964138223358077e+02 8.657775476667521275e+01
7.401997463008651721e+02 8.612227806781901052e+01
7.411022462937351065e+02 8.566479156674137130e+01
7.420041065567022542e+02 8.520576061660432288e+01
7.429055425670841259e+02 8.474570542530241823e+01
7.438067745320181530e+02 8.428515761953146068e+01
7.447080226586407434e+02 8.382464882598715405e+01
7.456095059190668053e+02 8.336470768976288070e+01
7.465114008105842913e+02 8.290576031292594905e+01
7.474138316592656111e+02 8.244810684541906198e+01
7.483169195911426641e+02 8.199203971162447147e+01
7.492207857322464406e+02 8.153785133592437262e+01
7.501255373920149623e+02 8.108580078656359547e+01
7.510311735549718151e+02 8.063588561286309186e+01
7.519376421122566398e+02 8.018798001406344156e+01
7.528448906542314489e+02 7.974195746326765288e+01
7.537528667882820628e+02 7.929769147467678181e+01
7.546615268867581108e+02 7.885507672344147068e+01
7.555708503694045248e+02 7.841406352724709450e+01
7.564808203989989579e+02 7.797461124045196357e+01
7.573914201383188356e+02 7.753667921741454450e+01
7.583026327927719876e+02 7.710022691546831197e+01
7.592144425366806217e+02 7.666521613238597865e+01
7.601268345068862118e+02 7.623161099093428561e+01
7.610397938815831367e+02 7.579937571376615324e+01
7.619533058389642974e+02 7.536847452353464405e+01
7.628673451670064196e+02 7.493884655891356772e+01
7.637818236761016806e+02 7.451027891860603347e+01
7.646966295735455788e+02 7.408250171890847469e+01
7.656116510250061538e+02 7.365524497562299189e+01
7.665267761304032774e+02 7.322823854581699266e+01
7.674418824487204347e+02 7.280118683802115243e+01
7.683568255037442896e+02 7.237374106212327263e+01
7.692714580548346248e+02 7.194554575397354768e+01
7.701856328613522464e+02 7.151624544942242778e+01
7.710992098666387164e+02 7.108550202767020210e+01
7.720121637396453025e+02 7.065325433499400276e+01
7.729245613166942803e+02 7.021966372533418621e+01
7.738364720385404780e+02 6.978489784017500597e+01
7.747479653459397468e+02 6.934912432100078661e+01
7.756591317301617892e+02 6.891256162657560935e+01
7.765701612697118890e+02 6.847566862557550849e+01
7.774812734640584040e+02 6.803897521074901533e+01
7.783926878170236705e+02 6.760301128535581938e+01
7.793046235611934662e+02 6.716830609764365079e+01
7.802172796987298398e+02 6.673534004108692841e+01
7.811308213595859797e+02 6.630451171062389903e+01
7.820454104448106136e+02 6.587621190366058954e+01
7.829612088554526963e+02 6.545083141760304102e+01
7.838783750492170839e+02 6.502875273430321101e+01
7.847970272081375924e+02 6.461026107128438412e+01
7.857172574122724882e+02 6.419557861071696436e+01
7.866391573013296465e+02 6.378492647134098803e+01
7.875628185147922977e+02 6.337852577135344490e+01
7.884883178647585282e+02 6.297656182578045048e+01
7.894156771989964909e+02 6.257908722918799072e+01
7.903449056319893771e+02 6.218612382951970119e+01
7.912760122782196959e+02 6.179769347471912511e+01
7.922090066137438953e+02 6.141381888601709704e+01
7.931439134271965941e+02 6.103455976811723360e+01
7.940807781577707374e+02 6.066002570167842123e+01
7.950196477038534795e+02 6.029032979165600636e+01
7.959605689638319745e+02 5.992558514300528572e+01
7.969035829961555919e+02 5.956589077731013049e+01
7.978486793794054392e+02 5.921122156927555125e+01
7.987958209071030069e+02 5.886148779977865786e+01
7.997449701429601419e+02 5.851659919549874189e+01
8.006960896579918199e+02 5.817646550085505197e+01
8.016491501634512815e+02 5.784101623480356835e+01
8.026041460961689609e+02 5.751023855125897910e+01
8.035610761919147080e+02 5.718413004726123461e+01
8.045199391864578047e+02 5.686268831985017158e+01
8.054807376278974971e+02 5.654592018490399141e+01
8.064435769886247272e+02 5.623408134610662756e+01
8.074086749198797861e+02 5.592769877398401945e+01
8.083762547404460292e+02 5.562731314411151828e+01
8.093465397691077214e+02 5.533346513206451078e+01
8.103197468880778160e+02 5.504667997506151522e+01
8.112960493834025328e+02 5.476737834325503229e+01
8.122756024546979461e+02 5.449593752581358075e+01
8.132585612431660138e+02 5.423273467179374308e+01
8.142450808074801216e+02 5.397814673167513888e+01
8.152352956606218868e+02 5.373250121931850742e+01
8.162292928786168886e+02 5.349601150676699035e+01
8.172271528639622602e+02 5.326887490835539296e+01
8.182289560191544524e+02 5.305128873841849924e+01
8.192347815655186878e+02 5.284344741980414994e+01
8.202446868454226205e+02 5.264549181604475336e+01
8.212587099101914418e+02 5.245751556653168279e+01
8.222768881501357328e+02 5.227961069250184778e+01
8.232992589555653922e+02 5.211186921519212234e+01
8.243258414548856763e+02 5.195433832730373069e+01
8.253565585656098165e+02 5.180682904719300552e+01
8.263913016347299845e+02 5.166907489526224850e+01
8.274299619906682892e+02 5.154080934632968791e+01
8.284724300606119414e+02 5.142176365646445646e+01
8.295185052899228140e+02 5.131144509366914974e+01
8.305678193928135897e+02 5.120894798879641030e+01
8.316199860076852701e+02 5.111332217187459293e+01
8.326746187729379471e+02 5.102361747293203109e+01
8.337313316855208996e+02 5.093888369878193600e+01
8.347897435282911829e+02 5.085817034636109213e+01
8.358494764929459961e+02 5.078052669189184343e+01
8.369101528443394500e+02 5.070500200685986414e+01
8.379713948473247456e+02 5.063064556275079298e+01
8.390328860245634814e+02 5.055665100146462976e+01
8.400945625081021717e+02 5.048280730650215986e+01
8.411564255350973554e+02 5.040905689897739705e+01
8.422184763427724192e+02 5.033534220016017002e+01
8.432807163588097410e+02 5.026160608035613109e+01
8.443431571609182811e+02 5.018781534010480527e+01
8.454058253657017303e+02 5.011397223642499910e+01
8.464687488056234770e+02 5.004008189291258191e+01
8.475319553131479324e+02 4.996614943316347990e+01
8.485954764099350314e+02 4.989219228222704317e+01
8.496593803170163710e+02 4.981835023750574010e+01
8.507237562912262092e+02 4.974483323930759582e+01
8.517886938383829829e+02 4.967185205816778648e+01
8.528542824703390579e+02 4.959961748889729449e+01
8.539206323317205261e+02 4.952842333643751260e+01
8.549879203233967928e+02 4.945883198059285490e+01
8.560563368225556360e+02 4.939146001932230234e+01
8.571260722063843787e+02 4.932692405058480745e+01
8.581973116993294752e+02 4.926583258208334826e+01
8.592700729761218099e+02 4.920853105375731928e+01
8.603441733163901972e+02 4.915505026764191854e+01
8.614194182118851586e+02 4.910540251776959053e+01
8.624956131543576703e+02 4.905960009817278689e+01
8.635725400653411725e+02 4.901763647893565690e+01
8.646498020521321450e+02 4.897936232323503702e+01
8.657269202345453323e+02 4.894456281635862638e+01
8.668034153044958430e+02 4.891302280185982454e+01
8.678788079513821003e+02 4.888452733529742744e+01
8.689526177839879892e+02 4.885895247028213362e+01
8.700243616511939990e+02 4.883640667081573383e+01
8.710935559675992863e+02 4.881703497152951599e+01
8.721597171478034625e+02 4.880098240705469692e+01
8.732223701854753699e+02 4.878840902481415043e+01
8.742812261140035162e+02 4.877980042914550296e+01
8.753361759481508670e+02 4.877595717961121125e+01
8.763871180696664851e+02 4.877769272749870311e+01
8.774339508602984097e+02 4.878582052409541348e+01
8.784766399006268784e+02 4.880112950568310737e+01
8.795155454981361345e+02 4.882426460704619586e+01
8.805511716240985152e+02 4.885581835255512573e+01
8.815840224561320611e+02 4.889638319130254018e+01
8.826146026461141219e+02 4.894654772234656548e+01
8.836434848623625840e+02 4.900634838726556097e+01
8.846713800145471396e+02 4.907469938432340939e+01
8.856990157877391994e+02 4.915037872907204530e+01
8.867271198670094918e+02 4.923216443706338907e+01
8.877564008579236088e+02 4.931884827779789759e+01
8.887872748776419485e+02 4.940943286850330196e+01
8.898199292491561891e+02 4.950308575851835258e+01
8.908545451961663275e+02 4.959897889401284488e+01
8.918913039423725877e+02 4.969628422115653166e+01
8.929303173957990793e+02 4.979431051243176398e+01
8.939713794213929532e+02 4.989299434437170078e+01
8.950141927219259514e+02 4.999245224392134190e+01
8.960584599925653038e+02 5.009280075303720281e+01
8.971038851258568911e+02 5.019415428270512081e+01
8.981502545130964563e+02 5.029648042121561957e+01
8.991974889541357925e+02 5.039950755048659659e+01
9.002455216099497193e+02 5.050294205339731946e+01
9.012942856415118058e+02 5.060649031282700605e+01
9.023437266372199019e+02 5.070984059430803370e+01
9.033939303071447284e+02 5.081247688666840645e+01
9.044450707401748559e+02 5.091375433547580087e+01
9.054973234099319370e+02 5.101302606756163982e+01
9.065508637895284210e+02 5.110964521252715542e+01
9.076058547547963826e+02 5.120303344700977277e+01
9.086624138807017061e+02 5.129285894848177918e+01
9.097206485629242252e+02 5.137884528413589180e+01
9.107806661971437734e+02 5.146071602116479937e+01
9.118425696209239959e+02 5.153820716590557538e+01
9.129062801483370322e+02 5.161155010401228083e+01
9.139714807539734238e+02 5.168162665182923377e+01
9.150378382263121466e+02 5.174936279775347003e+01
9.161050193538314943e+02 5.181568453018201836e+01
9.171726743868001677e+02 5.188156096224133762e+01
9.182403126388657029e+02 5.194832871076986436e+01
9.193073721115090393e+02 5.201751034488697201e+01
9.203732902533025708e+02 5.209062987546646895e+01
9.214375045703482101e+02 5.216921114369644386e+01
9.224995026865985892e+02 5.225463016837721852e+01
9.235589140434693718e+02 5.234784467829337018e+01
9.246153929916843026e+02 5.244973893232714346e+01
9.256685938819674675e+02 5.256119718936078300e+01
9.267181794015937157e+02 5.268307715844794359e+01
9.277640262244589167e+02 5.281555505469840028e+01
9.288062381520608142e+02 5.295808374854537703e+01
9.298449299535687942e+02 5.311008118112584953e+01
9.308802163981526974e+02 5.327096529357680055e+01
9.319122104385924104e+02 5.344009325071846206e+01
9.329410131117156197e+02 5.361642351001313500e+01
9.339667206515182443e+02 5.379875382635011505e+01
9.349894292787465702e+02 5.398588151128324597e+01
9.360092345114691170e+02 5.417660435520752316e+01
9.370260789750373078e+02 5.436982433762558031e+01
9.380395622229249284e+02 5.456467722519018082e+01
9.390492370853156672e+02 5.476033062425222653e+01
9.400546563923918484e+02 5.495595214116261928e+01
9.410553546987786149e+02 5.515072957941455201e+01
9.420505423712452284e+02 5.534420901708821816e+01
9.430391514238483524e+02 5.553624415237266021e+01
9.440201048289382015e+02 5.572669867585261017e+01
9.449923255588656730e+02 5.591543627811286399e+01
9.459547382928817569e+02 5.610235613428611856e+01
9.469062764296791102e+02 5.628753868696890805e+01
9.478458761449398935e+02 5.647112210927117815e+01
9.487724736155246319e+02 5.665324459881391306e+01
9.496850775603845705e+02 5.683405869213981276e+01
9.505893840906619516e+02 5.701503877898329620e+01
9.515030819547836245e+02 5.720002975546125157e+01
9.524451083393067847e+02 5.739312328831200460e+01
9.534344004307893101e+02 5.759841104427393077e+01
9.544928685224427909e+02 5.782066625850972486e+01
9.556806153358286338e+02 5.807341757129900373e+01
9.570842248141359505e+02 5.837626429800944550e+01
9.587908128543340354e+02 5.874892770150070476e+01
9.608874953533921826e+02 5.921112904463237214e+01
