2.250029075758106600e+01 2.198100763229670562e+01
2.363046087554600305e+01 2.382613555304623176e+01
2.450664344803860573e+01 2.526302853156265726e+01
2.521035462541602712e+01 2.642340494885411672e+01
2.582188580400628197e+01 2.743700131322663083e+01
2.639183304087535475e+01 2.838550172338973354e+01
2.694022369194299671e+01 2.930112461156066672e+01
2.748568564071416276e+01 3.021382381142482032e+01
2.804343787890380923e+01 3.114836406118487488e+01
2.861412352854075181e+01 3.210732236642991211e+01
2.919449068141688741e+01 3.308734662585660402e+01
2.978127927539571473e+01 3.408510498939936895e+01
3.037100981792441701e+01 3.509781492343928022e+01
3.095996344426577451e+01 3.612329313251220952e+01
3.154440917795627186e+01 3.715938664133739877e+01
3.212111390933633714e+01 3.820402904125659660e+01
3.268912038750985971e+01 3.925554963870042258e+01
3.324812129295087004e+01 4.031239074695822211e+01
3.379785563574095875e+01 4.137299546893924429e+01
3.433946599679000400e+01 4.243583059107309907e+01
3.487571763240138978e+01 4.349939028042822287e+01
3.540946618855059569e+01 4.456217022928687754e+01
3.594355358256003541e+01 4.562274307562088893e+01
3.648075462445487460e+01 4.668005757713030590e+01
3.702382365135640185e+01 4.773317723705518034e+01
3.757546255302808902e+01 4.878118789328716076e+01
3.813657869522526056e+01 4.982393869321924029e+01
3.870588046596755305e+01 5.086221413010284920e+01
3.928194187117438929e+01 5.189685585726829942e+01
3.986327617731819117e+01 5.292871729443724149e+01
4.044807905832330164e+01 5.395871338507560466e+01
4.103444273073677095e+01 5.498777911431996301e+01
4.162048663321721165e+01 5.601683713678883692e+01
4.220539065666449119e+01 5.704633033345463389e+01
4.278971225694775882e+01 5.807607834235398059e+01
4.337410095492172957e+01 5.910585914914911143e+01
4.395938827626081036e+01 6.013536958729920912e+01
4.454742419157773270e+01 6.116385238662745394e+01
4.514041272773602032e+01 6.219039241056208311e+01
4.574053442637657696e+01 6.321408412541680377e+01
4.634890868745706882e+01 6.423445647355104882e+01
4.696519327168227420e+01 6.525163685392323032e+01
4.758893941603133726e+01 6.626579628078636119e+01
4.821955883587161651e+01 6.727716396353149264e+01
4.885562725999881195e+01 6.828631780558559683e+01
4.949541044680030666e+01 6.929396500052979491e+01
5.013717590938230018e+01 7.030081206369078473e+01
5.077930750145051064e+01 7.130751974246159364e+01
5.142035904247249078e+01 7.231468192037370102e+01
5.205889782518882214e+01 7.332288718062601163e+01
5.269340589422941434e+01 7.433275983093295736e+01
5.332181796910092686e+01 7.534515354391399455e+01
5.394185245487025071e+01 7.636101264203990979e+01
5.455123032738474365e+01 7.738128039458523233e+01
5.514785878202447122e+01 7.840682348040890304e+01
5.572993365444524017e+01 7.943838986322569440e+01
5.629567560957387684e+01 8.047671729469487900e+01
5.684356980719747554e+01 8.152243395451209551e+01
5.737392250692930418e+01 8.257541359756571353e+01
5.788780666563333455e+01 8.363521236000765668e+01
5.838630799434567820e+01 8.470138108983120162e+01
5.887122638438842159e+01 8.577317445338312041e+01
5.934553662369341254e+01 8.684935986915564854e+01
5.981232294369328883e+01 8.792865936772280122e+01
6.027461436537059569e+01 8.900981774285966708e+01
6.073503186997450598e+01 9.009174802262310777e+01
6.119601355413804811e+01 9.117343863817299621e+01
6.165998662775493244e+01 9.225388252682370194e+01
6.212852817512703041e+01 9.333242462131241268e+01
6.260173032571788809e+01 9.440902470153625359e+01
6.307953570106189289e+01 9.548370445131263295e+01
6.356178427533890840e+01 9.655652828094723361e+01
6.404750082916091003e+01 9.762789992131234840e+01
6.453532139995166972e+01 9.869838491584124540e+01
6.502388429455224639e+01 9.976854790081871727e+01
6.551230896439264484e+01 1.008387571058247261e+02
6.600060763441547351e+01 1.019090163238273306e+02
6.648888951630385691e+01 1.029792897571047661e+02
6.697735953457083724e+01 1.040495031394921597e+02
6.746704040758463350e+01 1.051192535210268062e+02
6.795936954761816651e+01 1.061879712799535866e+02
6.845578532877752309e+01 1.072550864701185418e+02
6.895743449099049371e+01 1.083201543126289010e+02
6.946488865929573819e+01 1.093829768637052240e+02
6.997865214852508586e+01 1.104433850686176015e+02
7.049920686217319599e+01 1.115012179616794299e+02
7.102682840493412186e+01 1.125563890377269018e+02
7.156168120039035330e+01 1.136088519207862788e+02
7.210392793206037254e+01 1.146585607107560207e+02
7.265362372073209940e+01 1.157054836207685184e+02
7.321059812839665426e+01 1.167496184593754265e+02
7.377465231518466737e+01 1.177909667617173284e+02
7.434566822908439576e+01 1.188294827058686849e+02
7.492433022582603996e+01 1.198646501061909220e+02
7.551178203359958729e+01 1.208956834973208174e+02
7.610917472092043567e+01 1.219217930197703481e+02
7.671806718755324539e+01 1.229419303924010762e+02
7.734092825864429699e+01 1.239544707612416090e+02
7.798034987820760477e+01 1.249577112582375378e+02
7.863889426943937622e+01 1.259499579696294091e+02
7.931880459695497620e+01 1.269296131077034175e+02
8.002213008034806307e+01 1.278951373165483005e+02
8.075091479430972186e+01 1.288449939058372991e+02
8.150651243992658124e+01 1.297781740868657323e+02
8.228863690641694006e+01 1.306949229707585118e+02
8.309676391823485631e+01 1.315956677838960900e+02
8.393021344322625055e+01 1.324809785513572820e+02
8.478649477866844109e+01 1.333530853330877903e+02
8.566194904727836956e+01 1.342152891792700871e+02
8.655289858495169142e+01 1.350709077265084090e+02
8.745594288222349633e+01 1.359227457457513992e+02
8.836838269440487181e+01 1.367723103402641698e+02
8.928762800164352598e+01 1.376209064963000799e+02
9.021118305038054075e+01 1.384697179090338750e+02
9.113774125930287084e+01 1.393183981828813387e+02
9.206681002875124875e+01 1.401655535838166884e+02
9.299791283247198237e+01 1.410097701423660226e+02
9.393072072972415754e+01 1.418497160907768944e+02
9.486530281617098126e+01 1.426842813583789678e+02
9.580179461758667969e+01 1.435123928745392163e+02
9.674032138702489192e+01 1.443330383284893799e+02
9.768086742291592373e+01 1.451460391110872195e+02
9.862331469144490370e+01 1.459518218757715715e+02
9.956754291238692645e+01 1.467508268193950300e+02
1.005134842861889979e+02 1.475434393208058452e+02
1.014612219742668202e+02 1.483298870745324791e+02
1.024108661160522473e+02 1.491103695955672208e+02
1.033624925618177457e+02 1.498851738072376349e+02
1.043156640944136626e+02 1.506558945205559610e+02
1.052695485363729091e+02 1.514251333610642405e+02
1.062233035790175961e+02 1.521955177925804890e+02
1.071761392636390724e+02 1.529695643243118752e+02
1.081274263350048983e+02 1.537494488579762617e+02
1.090765662723576526e+02 1.545372821542461281e+02
1.100230018967044145e+02 1.553350658450596598e+02
1.109668525300089215e+02 1.561430158211219350e+02
1.119087895676774451e+02 1.569598906798409530e+02
1.128495005095326462e+02 1.577844064353178624e+02
1.137895536669514769e+02 1.586152953494451197e+02
1.147291266683631079e+02 1.594513429420872228e+02
1.156683172171979379e+02 1.602913456284998972e+02
1.166071682122195767e+02 1.611341387107614764e+02
1.175447386988101357e+02 1.619792555871933075e+02
1.184792367154832959e+02 1.628268334907013468e+02
1.194088422290194274e+02 1.636770295260725163e+02
1.203315828413935407e+02 1.645295055532095319e+02
1.212449526201295953e+02 1.653821892375125913e+02
1.221463289167687662e+02 1.662326288720374237e+02
1.230330852052424575e+02 1.670783334718717015e+02
1.239025183236737746e+02 1.679160357752283517e+02
1.247518548588015790e+02 1.687417569140063733e+02
1.255783188540452784e+02 1.695514917620460835e+02
1.263844268970094049e+02 1.703465992870841887e+02
1.271925011813291349e+02 1.711485118141517887e+02
1.280294958827613243e+02 1.719833562699984668e+02
1.289243705471125168e+02 1.728793082073405003e+02
1.299498880542793415e+02 1.739092913527526889e+02
1.312213631368000790e+02 1.751896991307121709e+02
1.328558655350447282e+02 1.768387178291210660e+02
