4.134744358636923067e+01 4.547981009196004010e+01
4.336011509170814548e+01 4.640430153378119371e+01
4.496667660646312470e+01 4.713455348417853230e+01
4.626912304255358777e+01 4.771787043100753323e+01
4.736944931189889019e+01 4.820155686212356017e+01
4.836356274045760983e+01 4.863000009635808851e+01
4.929803404074182538e+01 4.902394536495324218e+01
5.019549830181962591e+01 4.939266795692292078e+01
5.107843265102806640e+01 4.974536746607579119e+01
5.196868737171708830e+01 5.009098984699277679e+01
5.287624442712309758e+01 5.043367878828446749e+01
5.380048153721415360e+01 5.077328719468462026e+01
5.474040339891617180e+01 5.110951703500307985e+01
5.569501252441877170e+01 5.144207251812562021e+01
5.666316089879340723e+01 5.177081219292850278e+01
5.764345526542174269e+01 5.209584606198301060e+01
5.863447981359809802e+01 5.241730725324595852e+01
5.963481876048050623e+01 5.273532891990114990e+01
6.064311179373311944e+01 5.305009443657542789e+01
6.165817018804123251e+01 5.336194252798016890e+01
6.267883829386751415e+01 5.367124186470941538e+01
6.370396046167469706e+01 5.397836111735727371e+01
6.473243251193638059e+01 5.428366024767994702e+01
6.576346718727776874e+01 5.458744559351561065e+01
6.679639775635160959e+01 5.489000309943632061e+01
6.783055772189263166e+01 5.519161867040681102e+01
6.886529960286208052e+01 5.549256693413066444e+01
6.990022974728793770e+01 5.579297198914558464e+01
7.093513529702133269e+01 5.609285071717698656e+01
7.196980727387901311e+01 5.639221769900045445e+01
7.300403912167951148e+01 5.669108656227733434e+01
7.403771787723636066e+01 5.698943410364497453e+01
7.507085183365545333e+01 5.728718940256459291e+01
7.610345735526337307e+01 5.758427836228407415e+01
7.713555083654617306e+01 5.788062696501099680e+01
7.816715800986648333e+01 5.817618564019090144e+01
7.919832711593672059e+01 5.847096374576087641e+01
8.022910971861816165e+01 5.876497933990277289e+01
8.125955738177216858e+01 5.905825048079855577e+01
8.228971854284966980e+01 5.935080524513999478e+01
8.331962684866262236e+01 5.964271910588011849e+01
8.434931157643839583e+01 5.993408153820438145e+01
8.537880200275780851e+01 6.022498201937059292e+01
8.640812798460785871e+01 6.051550577577906154e+01
8.743732505246765641e+01 6.080569648154251894e+01
8.846643194439268143e+01 6.109557431869487232e+01
8.949548743479944335e+01 6.138515920296246264e+01
9.052453273549346591e+01 6.167446412691159452e+01
9.155366860565332843e+01 6.196333294473023301e+01
9.258305735625147292e+01 6.225143467887069448e+01
9.361286413667114914e+01 6.253843028956235628e+01
9.464325390470935417e+01 6.282398108828930106e+01
9.567437035479976259e+01 6.310778737084017109e+01
9.670631687843778934e+01 6.338962332451335158e+01
9.773919237229915780e+01 6.366927137742099063e+01
9.877309573219544347e+01 6.394651395966288021e+01
9.980809238438408215e+01 6.422121047033550667e+01
1.008441255555063378e+02 6.449350132757376741e+01
1.018811105913046049e+02 6.476359106643538155e+01
1.029189628375213488e+02 6.503168422197808241e+01
1.039575874484533102e+02 6.529800927375647746e+01
1.049968147463741843e+02 6.556297051692712330e+01
1.060364417040699152e+02 6.582705060027136312e+01
1.070762651410558988e+02 6.609073253267489179e+01
1.081160803043506462e+02 6.635450311092726849e+01
1.091556562641530377e+02 6.661891218775727452e+01
1.101947404934672363e+02 6.688456164022029782e+01
1.112330798193569450e+02 6.715205490134253807e+01
1.122704223511468342e+02 6.742199232555282151e+01
1.133065869595901773e+02 6.769480437519708005e+01
1.143414987855292679e+02 6.797066636730997402e+01
1.153750917240527372e+02 6.824973260073629433e+01
1.164072996999382212e+02 6.853215730333060662e+01
1.174380825018066901e+02 6.881803285950157090e+01
1.184674731046712992e+02 6.910727665651194229e+01
1.194955173382561213e+02 6.939977534452172847e+01
1.205222610322850585e+02 6.969541557369092288e+01
1.215477467130029083e+02 6.999409218310009351e+01
1.225719983893896057e+02 7.029574591386355564e+01
1.235950336224238555e+02 7.060033349090130628e+01
1.246168699665211079e+02 7.090781165540320785e+01
1.256375272840898134e+02 7.121813162186890622e+01
1.266570529378304286e+02 7.153117875295755823e+01
1.276755123559172773e+02 7.184679515198050126e+01
1.286929712824821763e+02 7.216482216566105024e+01
1.297094970118814103e+02 7.248509740242302257e+01
1.307252072465225297e+02 7.280733691383375117e+01
1.317402799785403147e+02 7.313111136536666379e+01
1.327548967465030785e+02 7.345598287042265895e+01
1.337692389348233348e+02 7.378151391455070041e+01
1.347834564799894110e+02 7.410734290184332451e+01
1.357976297501351155e+02 7.443327618160157044e+01
1.368118297920394753e+02 7.475914260584147542e+01
1.378261276524814889e+02 7.508477102657900559e+01
1.388405531817815302e+02 7.541008973352013811e+01
1.398549584021749865e+02 7.573545624777733565e+01
1.408691473643239362e+02 7.606134388154252690e+01
1.418829241181631176e+02 7.638822594876381800e+01
1.428960786723661158e+02 7.671660965317738601e+01
1.439082772599386431e+02 7.704730094171495125e+01
1.449191217132000418e+02 7.738126119789124857e+01
1.459282133119290279e+02 7.771945313882490325e+01
1.469351552715904461e+02 7.806283480649126716e+01
1.479395918231391818e+02 7.841226518067860241e+01
1.489412063552734651e+02 7.876850866588920042e+01
1.499396838205780114e+02 7.913232588946659973e+01
1.509347099393299629e+02 7.950447562521195266e+01
1.519260352913786392e+02 7.988556004777285580e+01
1.529135236115448890e+02 8.027590812659197184e+01
1.538970500095278169e+02 8.067582136721982522e+01
1.548764896031997580e+02 8.108560125547435860e+01
1.558517606585180033e+02 8.150544510592925462e+01
1.568229253081744048e+02 8.193520289962580705e+01
1.577900756327895806e+02 8.237465231513833430e+01
1.587533037129839784e+02 8.282357103104104112e+01
1.597127243680258175e+02 8.328168183009897518e+01
1.606686039865766986e+02 8.374834157514096944e+01
1.616212709377929002e+02 8.422275749523309685e+01
1.625710537760878367e+02 8.470413637219236591e+01
1.635182789158734522e+02 8.519169015447597815e+01
1.644632412601766589e+02 8.568470686899341615e+01
1.654062117124055931e+02 8.618253248532533917e+01
1.663474605733298972e+02 8.668451442801280393e+01
1.672872560936027071e+02 8.719000507106872533e+01
1.682257740332083813e+02 8.769858008312630204e+01
1.691630620298122949e+02 8.821012445077315078e+01
1.700991583065489863e+02 8.872454588952936660e+01
1.710341010448716474e+02 8.924175221554418158e+01
1.719679088655190640e+02 8.976169846971274069e+01
1.729005496988813775e+02 9.028446207285853120e+01
1.738319833718373957e+02 9.081014000982735013e+01
1.747621697112659831e+02 9.133882926546507974e+01
1.756910537001537875e+02 9.187066266119326485e+01
1.766185044937013799e+02 9.240595608417801543e+01
1.775443670972871644e+02 9.294508372481979563e+01
1.784684865060362426e+02 9.348841979827332693e+01
1.793907104486374351e+02 9.403633192032692989e+01
1.803109158473103264e+02 9.458911722778400133e+01
1.812289973002044974e+02 9.514703018424071956e+01
1.821448496521313700e+02 9.571032465780250220e+01
1.830583717329717786e+02 9.627924489576449218e+01
1.839695727572936335e+02 9.685376865317689976e+01
1.848785838552417999e+02 9.743357935480962340e+01
1.857855424553478088e+02 9.801834521977988857e+01
1.866905860465245723e+02 9.860773432143101047e+01
1.875938607773321678e+02 9.920139382675186823e+01
1.884955303968012572e+02 9.979892841120059188e+01
1.893957607897557978e+02 1.003999375939454808e+02
1.902947178410195193e+02 1.010040208941550759e+02
1.911925661980511961e+02 1.016107808182158010e+02
1.920894656336481887e+02 1.022198316408065892e+02
1.929855747203604608e+02 1.028307905342150406e+02
1.938810520307382035e+02 1.034432746707289397e+02
1.947760505114710838e+02 1.040569148046456291e+02
1.956706782656069947e+02 1.046714499522413888e+02
1.965650219444239610e+02 1.052866709188749752e+02
1.974591680653949197e+02 1.059023688329389330e+02
1.983532013008828585e+02 1.065183392773130038e+02
1.992471721460888148e+02 1.071344603458110498e+02
2.001411009616407171e+02 1.077506828835125248e+02
2.010350070755928868e+02 1.083669602283486313e+02
2.019289099115698889e+02 1.089832454875235044e+02
2.028228352286262748e+02 1.095994764731538851e+02
2.037168189679775878e+02 1.102155664154335142e+02
2.046108979904747400e+02 1.108314263243589579e+02
2.055051091494742082e+02 1.114469672280208385e+02
2.063994765564148679e+02 1.120621309162025057e+02
2.072939854918537890e+02 1.126769529246807195e+02
2.081886138658115044e+02 1.132914865832716345e+02
2.090833395883087462e+02 1.139057852217913620e+02
2.099781241979810602e+02 1.145199416940781418e+02
2.108728300026014608e+02 1.151342884184810345e+02
2.117672821196345865e+02 1.157492475987016149e+02
2.126613056009562399e+02 1.163652415967870297e+02
2.135547225328241154e+02 1.169826999344225982e+02
2.144473161704074755e+02 1.176021458798698944e+02
2.153388424800763232e+02 1.182241685824038768e+02
2.162290568614627091e+02 1.188493585595278716e+02
2.171177155223552404e+02 1.194783043776826474e+02
2.180046049857920423e+02 1.201115214158604232e+02
2.188895505295533610e+02 1.207494314908774413e+02
2.197723799594556908e+02 1.213924503163331963e+02
2.206529212598742902e+02 1.220409931747489907e+02
2.215310537053917415e+02 1.226953515231399194e+02
2.224067784367063041e+02 1.233555226077129277e+02
2.232801143005595463e+02 1.240214609285074943e+02
2.241510801436932354e+02 1.246931209855632119e+02
2.250197203196557041e+02 1.253703957000344218e+02
2.258861980187729444e+02 1.260528910956814030e+02
2.267507110130764545e+02 1.267401297086330771e+02
2.276134570784982998e+02 1.274316340656013722e+02
2.284746334844147668e+02 1.281269279162284533e+02
2.293344326341707529e+02 1.288255467577613445e+02
2.301930442176912379e+02 1.295270326382032238e+02
2.310506578954669976e+02 1.302309276766171422e+02
2.319074624981148531e+02 1.309367759955584347e+02
2.327636270689921218e+02 1.316441694882321940e+02
2.336193004672228994e+02 1.323527487768719766e+02
2.344746306426526417e+02 1.330621566789034205e+02
2.353297652637245676e+02 1.337720366911166821e+02
2.361848222275645526e+02 1.344821041846336414e+02
2.370398637801274049e+02 1.351922088844100358e+02
2.378949460660842590e+02 1.359022152452068042e+02
2.387501252301640875e+02 1.366119877216448515e+02
2.396054588507144842e+02 1.373213873072931790e+02
2.404610096614939891e+02 1.380302625494899758e+02
2.413168415547029326e+02 1.387384591988557929e+02
2.421730184225412756e+02 1.394458230060112385e+02
2.430296139903443589e+02 1.401521759822919648e+02
2.438867730208017974e+02 1.408571686397136489e+02
2.447446714867926971e+02 1.415603761422398463e+02
2.456034854954268098e+02 1.422613733297727094e+02
2.464633969674380012e+02 1.429597210068849904e+02
2.473246826048144271e+02 1.436547511559728889e+02
2.481876962750282303e+02 1.443456094654862341e+02
2.490527940892609422e+02 1.450314362070803895e+02
2.499203332813029590e+02 1.457113689421941558e+02
2.507907309115336716e+02 1.463844007980851813e+02
2.516644926830198301e+02 1.470493108996096510e+02
2.525421314653908098e+02 1.477048610700073539e+02
2.534241601189456787e+02 1.483498131550443873e+02
2.543110842558359650e+02 1.489829464990216934e+02
2.552033892783449858e+02 1.496030892370642391e+02
2.561015570939823647e+02 1.502090779414077701e+02
2.570060696102577253e+02 1.507997491842879185e+02
2.579173599431076696e+02 1.513740573311949618e+02
2.588355919308100965e+02 1.519316068412729237e+02
2.597608370225607928e+02 1.524722252205980340e+02
2.606931665846727810e+02 1.529957401753434851e+02
2.616326264577833172e+02 1.535020410361232734e+02
2.625789639170143914e+02 1.539917379345577331e+02
2.635317327422685594e+02 1.544659081411094519e+02
2.644904834491099450e+02 1.549256368070519727e+02
2.654547650877007641e+02 1.553720126214539334e+02
2.664240803517602103e+02 1.558062361878155286e+02
2.673978772232260326e+02 1.562296401956509442e+02
2.683756005331674714e+02 1.566435649413492968e+02
2.693566952733862649e+02 1.570493503332562852e+02
2.703406372328351495e+02 1.574482619288322098e+02
2.713269693688768029e+02 1.578414031266738675e+02
2.723152434926109891e+02 1.582298559505713911e+02
2.733050114151367325e+02 1.586147024243148280e+02
2.742958426503438432e+02 1.589969818333739795e+02
2.752873819718309960e+02 1.593775517701898821e+02
2.762792941492497789e+02 1.597572215524567980e+02
2.772712439524092360e+02 1.601368004974885366e+02
2.782629049705279840e+02 1.605170766306654855e+02
2.792540272302258018e+02 1.608986534411935736e+02
2.802443999782831838e+02 1.612820397324528017e+02
2.812338127815489202e+02 1.616677435351103895e+02
2.822220606900405642e+02 1.620562596422937816e+02
2.832090523037530261e+02 1.624478087132407609e+02
2.841948032029699220e+02 1.628423531339321926e+02
2.851793331357422971e+02 1.632398452284680559e+02
2.861626627820360227e+02 1.636402350711063036e+02
2.871448882919210632e+02 1.640432905351474346e+02
2.881262356860681280e+02 1.644484659585083364e+02
2.891069438124930571e+02 1.648551847111535551e+02
2.900872515237574021e+02 1.652628701520739298e+02
2.910674168149868137e+02 1.656708994260126531e+02
2.920477605538898160e+02 1.660784978898412021e+02
2.930286164968418916e+02 1.664848597844297160e+02
2.940103184002186936e+02 1.668891793506484191e+02
2.949932033794458448e+02 1.672906427198966526e+02
2.959776305861295214e+02 1.676883828234797988e+02
2.969639680537561048e+02 1.680815111499288719e+02
2.979525838403145599e+02 1.684691391286199860e+02
2.989438396641667737e+02 1.688503934941408033e+02
2.999380057335968672e+02 1.692246219058989425e+02
3.009352834870018683e+02 1.695913380484614095e+02
3.019358726878652419e+02 1.699500596499912319e+02
3.029399697681515136e+02 1.703003124816506784e+02
3.039476255707551786e+02 1.706419737976711986e+02
3.049586919486944794e+02 1.709754012562918035e+02
3.059730064153533249e+02 1.713009871346874036e+02
3.069904063305236832e+02 1.716191240808374516e+02
3.080106631283491083e+02 1.719303639013720897e+02
3.090333798678786934e+02 1.722356648965055115e+02
3.100581331137211691e+02 1.725360493297116591e+02
3.110844994304850388e+02 1.728325394644643893e+02
3.121120856527899718e+02 1.731260844859886276e+02
3.131406508833009639e+02 1.734172659720362617e+02
3.141700019985312906e+02 1.737065501641209266e+02
3.151999458919401036e+02 1.739944032628446280e+02
3.162303060236118881e+02 1.742812514734337412e+02
3.172610796426740762e+02 1.745671014371978913e+02
3.182923677950306001e+02 1.748517092078315045e+02
3.193242729182221069e+02 1.751348274793186306e+02
3.203568972001700672e+02 1.754162095482755888e+02
3.213903360896271124e+02 1.756956249810272084e+02
3.224246776902168676e+02 1.759728610765163808e+02
3.234600097344697929e+02 1.762477060295803710e+02
3.244964194827583697e+02 1.765199491749459639e+02
3.255339300203748394e+02 1.767895347797038710e+02
3.265724358144118469e+02 1.770567176227734194e+02
3.276118159834157382e+02 1.773217895377473781e+02
3.286519496459344509e+02 1.775850423582132862e+02
3.296927180445648560e+02 1.778467627898669718e+02
3.307340106632626657e+02 1.781072176420614710e+02
3.317757189845143557e+02 1.783666688992841785e+02
3.328177344908064583e+02 1.786253785460227164e+02
3.338599539068706008e+02 1.788835959108643578e+02
3.349023150577112915e+02 1.791414710975579681e+02
3.359447751540121203e+02 1.793991074086815445e+02
3.369872915205762069e+02 1.796566078713036916e+02
3.380298228914138008e+02 1.799140721103670160e+02
3.390723535425140653e+02 1.801715380870160175e+02
3.401148899737409579e+02 1.804289901092114405e+02
3.411574394265131787e+02 1.806864106946423476e+02
3.422000093100124900e+02 1.809437819559819047e+02
3.432426177406790657e+02 1.812010601562910779e+02
3.442852998109549389e+02 1.814581605749299911e+02
3.453280921188874117e+02 1.817149948564051272e+02
3.463710312631300212e+02 1.819714746437604163e+02
3.474141547300595221e+02 1.822275094368822010e+02
3.484575026713945363e+02 1.824830023009415072e+02
3.495011157370040564e+02 1.827378550984661842e+02
3.505450345767568479e+02 1.829919696919839112e+02
3.515892960860174981e+02 1.832452570081958356e+02
3.526339147578248117e+02 1.834976820577827539e+02
3.536788968111920326e+02 1.837492298266842852e+02
3.547242484519351251e+02 1.839998853327010409e+02
3.557699717622879803e+02 1.842496435488398276e+02
3.568160158530864692e+02 1.844986273323528394e+02
3.578622931067521336e+02 1.847470482107126202e+02
3.589087151679075305e+02 1.849951194925957623e+02
3.599551919706864282e+02 1.852430586161648307e+02
3.610015711399959173e+02 1.854912334473658859e+02
3.620476217005589206e+02 1.857402016097805131e+02
3.630931076532201587e+02 1.859905328557081248e+02
3.641377930064037400e+02 1.862427969191462296e+02
3.651814437935056503e+02 1.864975586454136192e+02
3.662238307907139188e+02 1.867553714297911256e+02
3.672647254523016613e+02 1.870167870305301960e+02
3.683038992325410845e+02 1.872823572058820218e+02
3.693411443320782155e+02 1.875525836279297494e+02
3.703763481427301372e+02 1.878277381569710087e+02
3.714094253414052673e+02 1.881080267812762656e+02
3.724402906072875226e+02 1.883936554836207904e+02
3.734688720363757852e+02 1.886847978557251793e+02
3.744952243915914210e+02 1.889813216883098050e+02
3.755194721001423659e+02 1.892829265876331135e+02
3.765417403117104982e+02 1.895893104157454161e+02
3.775621562589941504e+02 1.899001660058495418e+02
3.785808956599077533e+02 1.902150691374357905e+02
3.795981830396708574e+02 1.905334777586900543e+02
3.806142450709378409e+02 1.908548446334301048e+02
3.816293083350330448e+02 1.911786227459632812e+02
3.826435901933140258e+02 1.915042873395495349e+02
3.836572910095056841e+02 1.918313546933334237e+02
3.846706093155557937e+02 1.921593455087563598e+02
3.856837436422620158e+02 1.924877804900376077e+02
3.866968731654387739e+02 1.928162270684499049e+02
3.877101085058628769e+02 1.931444181817375352e+02
3.887235451131131185e+02 1.934721233941499747e+02
3.897372784367682925e+02 1.937991122699366997e+02
3.907513916669790319e+02 1.941251839702276527e+02
3.917658808511121720e+02 1.944503480374636695e+02
3.927807042936224207e+02 1.947747051335450976e+02
3.937958201473587678e+02 1.950983562863807776e+02
3.948111880069387212e+02 1.954213990431470620e+02
3.958267904915065856e+02 1.957438753649711884e+02
3.968426287174721665e+02 1.960657825566912607e+02
3.978587043239348304e+02 1.963871166612634909e+02
3.988750198206697632e+02 1.967078716196459993e+02
3.998916225513311247e+02 1.970279331342167097e+02
4.009086253980988204e+02 1.973470286833261298e+02
4.019261464427962665e+02 1.976648731922717843e+02
4.029443037655302646e+02 1.979811815904969308e+02
4.039632142508709194e+02 1.982956716937025590e+02
4.049829914985660935e+02 1.986080692477977721e+02
4.060037485491505436e+02 1.989181013487408052e+02
4.070255984431592537e+02 1.992254950924897798e+02
4.080486413401636128e+02 1.995300086723989352e+02
4.090729074048223879e+02 1.998315692644903265e+02
4.100984031401148400e+02 2.001301611691322080e+02
4.111251350304375478e+02 2.004257687315565875e+02
4.121531065340960254e+02 2.007183836026238453e+02
4.131822863596341335e+02 2.010080813265347501e+02
4.142126209982192222e+02 2.012949910849785908e+02
4.152440565796918008e+02 2.015792429319648420e+02
4.162765376707014866e+02 2.018609706953782847e+02
4.173099607144235961e+02 2.021404243834544729e+02
4.183441661062723824e+02 2.024179893156968433e+02
4.193789910820618729e+02 2.026940584395597398e+02
4.204142728401236013e+02 2.029690247929879092e+02
4.214498418220006215e+02 2.032432977262763529e+02
4.224855139399966220e+02 2.035173216664512665e+02
4.235211032224491987e+02 2.037915455888411032e+02
4.245564236976958341e+02 2.040664184687740885e+02
4.255913027642712905e+02 2.043423570030778649e+02
4.266256238018012823e+02 2.046196427383203229e+02
4.276592848392077713e+02 2.048985218545526834e+02
4.286921839054618886e+02 2.051792405317066823e+02
4.297242319102842316e+02 2.054620138528350708e+02
4.307554495315806662e+02 2.057467918971602785e+02
4.317859129885856646e+02 2.060333906552818917e+02
4.328156989311653433e+02 2.063216250781622989e+02
4.338448849412022241e+02 2.066113078666729166e+02
4.348735674680717693e+02 2.069022061714436518e+02
4.359018605030523759e+02 2.071940447931255562e+02
4.369298787038798650e+02 2.074865469233960198e+02
4.379577362725218563e+02 2.077794368542546977e+02
4.389855120027261819e+02 2.080725243607076322e+02
4.400132245865925711e+02 2.083657643159826023e+02
4.410408868841132062e+02 2.086591256732595525e+02
4.420685117494949168e+02 2.089525773996857652e+02
4.430960922540124898e+02 2.092461362226271433e+02
4.441235574623139541e+02 2.095399733950972632e+02
4.451508235178044401e+02 2.098342913647470880e+02
4.461778065638892485e+02 2.101292925792275241e+02
4.472044191341319106e+02 2.104251882011304531e+02
4.482305504543519419e+02 2.107222456630082377e+02
4.492560804910319803e+02 2.110207547514627890e+02
4.502808891871454762e+02 2.113210053098538879e+02
4.513048626714813736e+02 2.116232722476634081e+02
4.523279746146915272e+02 2.119276191296563070e+02
4.533502636005124486e+02 2.122339528065755303e+02
4.543717697454669633e+02 2.125421764286909649e+02
4.553925340977959877e+02 2.128521908969053129e+02
4.564126371637366901e+02 2.131638018520436049e+02
4.574322126626264549e+02 2.134766864670761208e+02
4.584513980739059775e+02 2.137905128372765944e+02
4.594703308347862958e+02 2.141049491598715520e+02
4.604891317500946002e+02 2.144197037861841579e+02
4.615078797573666520e+02 2.147345861440539636e+02
4.625266473098432130e+02 2.150494213157804211e+02
4.635455068607659541e+02 2.153640343836631530e+02
4.645645027891533232e+02 2.156783182071581564e+02
4.655835404056537641e+02 2.159925013864090033e+02
4.666024820381752534e+02 2.163069162910553302e+02
4.676211900020557550e+02 2.166218953210837981e+02
4.686395165767172557e+02 2.169377951053339189e+02
4.696572106183915025e+02 2.172552219583951114e+02
4.706739600526866525e+02 2.175749292944442459e+02
4.716894520209226584e+02 2.178976724210986333e+02
4.727033734053571834e+02 2.182242072714080336e+02
4.737154042694407963e+02 2.185553062405021194e+02
4.747252173425407591e+02 2.188917594295813274e+02
4.757324849917351912e+02 2.192343578144907212e+02
4.767368799015603145e+02 2.195838916046643874e+02
4.777381157011448636e+02 2.199410521606216093e+02
4.787359869397854482e+02 2.203063354844659330e+02
4.797302976623579980e+02 2.206802146539644127e+02
4.807208519139728651e+02 2.210631627463167774e+02
4.817075233235196947e+02 2.214554848486229730e+02
4.826904514286289896e+02 2.218568440875130818e+02
4.836698392750249695e+02 2.222667502675187734e+02
4.846458899084321956e+02 2.226847131931718877e+02
4.856188189611835924e+02 2.231102122822206582e+02
4.865889391341594319e+02 2.235424926080387422e+02
4.875566082697373531e+02 2.239806902627043996e+02
4.885221844607103208e+02 2.244239407337385046e+02
4.894860225624118470e+02 2.248713873245764603e+02
4.904484200012783504e+02 2.253223119841873938e+02
4.914096248944065906e+02 2.257761157047430629e+02
4.923698837571819240e+02 2.262322033452843755e+02
4.933294415107023951e+02 2.266899836138023545e+02
4.942884450460144308e+02 2.271491018837278943e+02
4.952468879272889808e+02 2.276095736922509047e+02
4.962047503666339026e+02 2.280714468112875011e+02
4.971620125237185448e+02 2.285347691393509990e+02
4.981185877890968641e+02 2.289997497698838345e+02
4.990741920399363494e+02 2.294670746359024633e+02
5.000285048055810648e+02 2.299375174218441202e+02
5.009812056153750177e+02 2.304118518121460966e+02
5.019319774427721086e+02 2.308908431764687350e+02
5.028805234919785789e+02 2.313752080433538367e+02
5.038265543303322147e+02 2.318656451652550459e+02
5.047697805357465768e+02 2.323628532690939323e+02
5.057099242883710986e+02 2.328675030715187404e+02
5.066468540078731735e+02 2.333799122357574447e+02
5.075805381540841381e+02 2.339001569067198716e+02
5.085109471296207175e+02 2.344283085390196106e+02
5.094380532649245765e+02 2.349644339330864682e+02
5.103618971135734910e+02 2.355084351840990848e+02
5.112826041500962333e+02 2.360600093698834598e+02
5.122003051666715692e+02 2.366188407303220345e+02
5.131151310813227155e+02 2.371846132014776458e+02
5.140272441420210043e+02 2.377569350822165006e+02
5.149368789329337233e+02 2.383352400363402239e+02
5.158442802146348640e+02 2.389189371596260685e+02
5.167496927476985320e+02 2.395074355478514576e+02
5.176533650251626568e+02 2.401001352858189648e+02
5.185555624061817070e+02 2.406963957398770617e+02
5.194565550116822124e+02 2.412955647804288333e+02
5.203566129628725321e+02 2.418969902771939076e+02
5.212560063002904371e+02 2.425000202946504260e+02
5.221550043158977132e+02 2.431040047045021311e+02
5.230538758956092806e+02 2.437082943587396926e+02
5.239528899213173645e+02 2.443122401190644268e+02
5.248523154522426921e+02 2.449151924190693990e+02
5.257524255779534315e+02 2.455164919622270929e+02
5.266534973917687239e+02 2.461154697861003058e+02
5.275558081590156689e+02 2.467114565129861319e+02
5.284596350867748242e+02 2.473037829058016541e+02
5.293652497656981950e+02 2.478917932866986007e+02
5.302729135743793449e+02 2.484748566318741609e+02
5.311828868097295526e+02 2.490523445289314566e+02
5.320954297663870420e+02 2.496236285709637173e+02
5.330107754799111035e+02 2.501881461602665127e+02
5.339290618854403192e+02 2.507455642917418572e+02
5.348504061915194825e+02 2.512955999986908751e+02
5.357749256066927046e+02 2.518379703144147470e+02
5.367027142677225129e+02 2.523724479724276648e+02
5.376337049381464794e+02 2.528991952956996840e+02
5.385677614819958308e+02 2.534185409453335751e+02
5.395047475053673907e+02 2.539308142051440313e+02
5.404445240848541516e+02 2.544363504657139856e+02
5.413869127221774988e+02 2.549355806599645291e+02
5.423317035466174048e+02 2.554290114607047713e+02
5.432786858262292071e+02 2.559171516199266136e+02
5.442276505062638989e+02 2.564005058405140858e+02
5.451784720245490234e+02 2.568793772565079507e+02
5.461311452357215330e+02 2.573537782901486821e+02
5.470856743683189052e+02 2.578236987330864736e+02
5.480420636885210115e+02 2.582891282860956608e+02
5.490003410621530975e+02 2.587499996752979996e+02
5.499605982522251679e+02 2.592060913651847045e+02
5.509229377305581465e+02 2.596571559668587952e+02
5.518874619689731844e+02 2.601029460914232914e+02
5.528542560078450379e+02 2.605432564331903222e+02
5.538233116209822811e+02 2.609781068517409039e+02
5.547945895186697953e+02 2.614075922005906705e+02
5.557680503899928226e+02 2.618318073844365017e+02
5.567436391821586312e+02 2.622508853122272967e+02
5.577211233495607985e+02 2.626653873984473080e+02
5.587001583967111173e+02 2.630761453284873710e+02
5.596803980740738780e+02 2.634839950223857272e+02
5.606614930071626759e+02 2.638897799444798125e+02
5.616430001689393521e+02 2.642945696564693208e+02
5.626243688971491110e+02 2.646996935745681867e+02
5.636050425910678996e+02 2.651064954517300407e+02
5.645844649789130472e+02 2.655163182467742899e+02
5.655621356666981683e+02 2.659303700177041492e+02
5.665376727289531118e+02 2.663495728144703776e+02
5.675107093505957891e+02 2.667748122073545574e+02
5.684808787165432022e+02 2.672069737666379865e+02
5.694478606403656613e+02 2.676468304910524125e+02
5.704115272186384118e+02 2.680946911669977339e+02
5.713718001051072406e+02 2.685507449392566741e+02
5.723286009535679568e+02 2.690151809524898567e+02
5.732818633796815675e+02 2.694881594728601044e+02
5.742316212374923907e+02 2.699695987696529755e+02
5.751779583957888917e+02 2.704592963658738540e+02
5.761209590913354077e+02 2.709570488961569481e+02
5.770607125116098359e+02 2.714626410430552710e+02
5.779974058345950425e+02 2.719756209191384642e+02
5.789313161447341827e+02 2.724953195835993824e+02
5.798627238566180040e+02 2.730210600559441332e+02
5.807919099377149905e+02 2.735521640209130396e+02
5.817191965924851047e+02 2.740878536082936989e+02
5.826449750693184342e+02 2.746271842610012186e+02
5.835696431982906915e+02 2.751691955323477714e+02
5.844935988093913011e+02 2.757129269758536907e+02
5.854172394894383160e+02 2.762574187320664123e+02
5.863409620501978452e+02 2.768017128125454747e+02
5.872651631493603190e+02 2.773448516007969147e+02
5.881902394446157132e+02 2.778858774803268261e+02
5.891165632147808537e+02 2.784238916904273538e+02
5.900443518082377068e+02 2.789583695054143391e+02
5.909737619118479870e+02 2.794889326494173361e+02
5.919049500711453220e+02 2.800152031877619834e+02
5.928380645272707170e+02 2.805368232343585078e+02
5.937731382820293220e+02 2.810537131156111172e+02
5.947101200234504859e+02 2.815659967094766216e+02
5.956489565102081087e+02 2.820738025517883329e+02
5.965895945602717347e+02 2.825772590352302132e+02
5.975319834262049881e+02 2.830764886749328184e+02
5.984760756002135622e+02 2.835716061649376911e+02
5.994218237989391582e+02 2.840627256574580315e+02
6.003691808281985232e+02 2.845499610894195257e+02
6.013181318184316524e+02 2.850333483592205539e+02
6.022687420983286302e+02 2.855127297495981225e+02
6.032210892214710611e+02 2.859879180297959920e+02
6.041752507414414595e+02 2.864587259690583210e+02
6.051313218721585372e+02 2.869249237007956026e+02
6.060894839769460987e+02 2.873860733753150498e+02
6.070499446486936677e+02 2.878416738191396576e+02
6.080129114865185329e+02 2.882912238437551196e+02
6.089785922031151131e+02 2.887342219864386266e+02
6.099471956610785810e+02 2.891701640082368385e+02
6.109189313912338548e+02 2.895985440568799163e+02
6.118940089326561065e+02 2.900188562601765625e+02
6.128726352219362070e+02 2.904306010288904076e+02
6.138549503938056660e+02 2.908334400477380086e+02
6.148410236788162138e+02 2.912272061792667159e+02
6.158309208836570861e+02 2.916117405519606791e+02
6.168247077146731954e+02 2.919868845365556922e+02
6.178224375823818946e+02 2.923525091885625216e+02
6.188241399335751112e+02 2.927085434170803069e+02
6.198298414500916351e+02 2.930549228064024305e+02
6.208395688134805823e+02 2.933915829415207668e+02
6.218533119809956133e+02 2.937185480676742486e+02
6.228709226896239670e+02 2.940361761231784499e+02
6.238922201638119986e+02 2.943449035385276034e+02
6.249170236280058361e+02 2.946451667442157714e+02
6.259451383700802580e+02 2.949374358166264756e+02
6.269762639488310469e+02 2.952224360849375557e+02
6.280100514455889424e+02 2.955010099133812105e+02
6.290461516886778099e+02 2.957740002770050864e+02
6.300842202034125421e+02 2.960422388113180432e+02
6.311239940738269070e+02 2.963063602517225377e+02
6.321652794873921266e+02 2.965668325032149824e+02
6.332078848160500684e+02 2.968241181970141156e+02
6.342516186433468874e+02 2.970786794534795945e+02
6.352963020957683966e+02 2.973309481115505264e+02
6.363417756537114656e+02 2.975813092855593140e+02
6.373878814522241782e+02 2.978301440951469772e+02
6.384344616241688755e+02 2.980778336652306280e+02
6.394813558663188360e+02 2.983247650020029482e+02
6.405283967752125136e+02 2.985713422532498953e+02
6.415754156608659287e+02 2.988179726727163938e+02
6.426222438332948741e+02 2.990650635141474254e+02
6.436687366870594360e+02 2.993129638860725095e+02
6.447148888948210015e+02 2.995616866500402011e+02
6.457607450804919154e+02 2.998111240746480348e+02
6.468063499322881853e+02 3.000611682732511554e+02
6.478517525087647755e+02 3.003117008082532493e+02
6.488970559248824657e+02 3.005624727381207322e+02
6.499423997792694081e+02 3.008131470417985156e+02
6.509879243551476975e+02 3.010633850454742060e+02
6.520337659751718320e+02 3.013128576369880989e+02
6.530799247504967298e+02 3.015615645477532780e+02
6.541262334856503458e+02 3.018099094230166202e+02
6.551725147230281436e+02 3.020583206829996357e+02
6.562185907647485692e+02 3.023072273280034779e+02
6.572642280458198911e+02 3.025571932335568022e+02
6.583090658424046069e+02 3.028090892640101401e+02
6.593527258290789632e+02 3.030638287777320556e+02
6.603948296804189795e+02 3.033223251330904304e+02
6.614350385050074692e+02 3.035853964864040790e+02
6.624731889045567641e+02 3.038534373163741407e+02
6.635091662819695557e+02 3.041267242852860591e+02
6.645428560421203201e+02 3.044055340506641869e+02
6.655741638937481639e+02 3.046900942521509705e+02
6.666031807416638912e+02 3.049801854263591849e+02
6.676300965637260560e+02 3.052753489263197935e+02
6.686551022742442001e+02 3.055751238442716158e+02
6.696783893058824333e+02 3.058790480210283818e+02
6.707001605977927738e+02 3.061866315181711116e+02
6.717206303693094469e+02 3.064973571643967603e+02
6.727400133128558082e+02 3.068107066462603711e+02
6.737585237119366184e+02 3.071261626375326728e+02
6.747763381533654865e+02 3.074432988198571479e+02
6.757935656217052838e+02 3.077618520811566896e+02
6.768103080640993312e+02 3.080815762991904307e+02
6.778266674286054467e+02 3.084022253495092514e+02
6.788427537721743192e+02 3.087235335311011113e+02
6.798587050172044428e+02 3.090451678699358808e+02
6.808746650670589133e+02 3.093667809526837118e+02
6.818907778251013951e+02 3.096880253660147559e+02
6.829071936114512482e+02 3.100085382051674969e+02
6.839241069111058096e+02 3.103278499418669298e+02
6.849417307968839168e+02 3.106454461728360457e+02
6.859602784063149556e+02 3.109608123385725094e+02
6.869799606381470767e+02 3.112734392844649847e+02
6.880009540706596454e+02 3.115829007127526893e+02
6.890234084355171262e+02 3.118888351390621096e+02
6.900474727486962365e+02 3.121908828068426942e+02
6.910732945859416532e+02 3.124886874365722065e+02
6.921009521749385840e+02 3.127820601697463871e+02
6.931304250633004358e+02 3.130710503826174431e+02
6.941616852622209990e+02 3.133557256459652081e+02
6.951947047483452025e+02 3.136361536139773989e+02
6.962294359084271491e+02 3.139124492350498485e+02
6.972657788596427508e+02 3.141848536475798710e+02
6.983036250955867672e+02 3.144536288091436518e+02
6.993428661098537304e+02 3.147190366773176038e+02
7.003833931171999438e+02 3.149813398828569575e+02
7.014250958633466553e+02 3.152408046030872129e+02
7.024678636119687098e+02 3.154976981791017465e+02
7.035115856264569629e+02 3.157522879526776478e+02
7.045561506026851930e+02 3.160048426357007543e+02
7.056014409529963132e+02 3.162556461098305931e+02
7.066473351800644878e+02 3.165049916954928335e+02
7.076937117275874698e+02 3.167531728554972119e+02
7.087404499972180929e+02 3.170004807399491824e+02
7.097874573475201032e+02 3.172471390051046001e+02
7.108346728444229257e+02 3.174932947589897481e+02
7.118820372656286963e+02 3.177390909770497274e+02
7.129294917150000401e+02 3.179846698473112951e+02
7.139770295866029528e+02 3.182300473181159077e+02
7.150247535840472892e+02 3.184749754412949301e+02
7.160727801243743897e+02 3.187191731615346839e+02
7.171212256246262768e+02 3.189623594235221162e+02
7.181702194296558446e+02 3.192042219614651231e+02
7.192199433890812088e+02 3.194443217519328755e+02
7.202705926801261285e+02 3.196821875958272585e+02
7.213223624800167499e+02 3.199173482940461213e+02
7.223754423403570399e+02 3.201493462289522540e+02
7.234299754535940110e+02 3.203778357039329308e+02
7.244860822029000929e+02 3.206025260888920911e+02
7.255438828124048314e+02 3.208231271376968721e+02
7.266034937209529971e+02 3.210393577427095693e+02
7.276649580969943827e+02 3.212511136868204176e+02
7.287282527685674722e+02 3.214584509129747403e+02
7.297933521687129996e+02 3.216614311461602256e+02
7.308602303153418234e+02 3.218601171135757113e+02
7.319288314779540769e+02 3.220546433614284751e+02
7.329990507936361155e+02 3.222452630520593857e+02
7.340707787989128974e+02 3.224322404545426934e+02
7.351439060297827837e+02 3.226158398392238951e+02
7.362183217820966092e+02 3.227963284701716020e+02
7.372939114577729924e+02 3.229739830114156121e+02
7.383705596964625784e+02 3.231490819671029158e+02
7.394481511378168079e+02 3.233219038413806743e+02
7.405265694989711847e+02 3.234927293652141316e+02
7.416056927263988428e+02 3.236618531991108512e+02
7.426853965397525599e+02 3.238295753787983813e+02
7.437655566539405072e+02 3.239961959514582759e+02
7.448460510188692751e+02 3.241620095682851002e+02
7.459267880005342022e+02 3.243272374465057624e+02
7.470076979221084912e+02 3.244920477918433903e+02
7.480887115934592657e+02 3.246566076349862442e+02
7.491697605686420047e+02 3.248210822099194388e+02
7.502508060384190003e+02 3.249855651983048119e+02
7.513318481064077332e+02 3.251500563339438941e+02
7.524128895188757724e+02 3.253145489704506303e+02
7.534939330084068843e+02 3.254790364944690282e+02
7.545749767296747450e+02 3.256435233434236807e+02
7.556560076423611463e+02 3.258080409787252165e+02
7.567370110266597294e+02 3.259726249159600115e+02
7.578179721627639083e+02 3.261373106707141574e+02
7.588988830005800992e+02 3.263021176573203661e+02
7.599797675306210749e+02 3.264669879413644367e+02
7.610606593529238353e+02 3.266318403902246246e+02
7.621415920693447106e+02 3.267965938668849049e+02
7.632226007681886131e+02 3.269611636475989371e+02
7.643037353246411385e+02 3.271254293285541053e+02
7.653850540896156645e+02 3.272892500543945857e+02
7.664666155143470405e+02 3.274524847276953778e+02
7.675484767546670355e+02 3.276149953797772127e+02
7.686306625311805192e+02 3.277767223818075308e+02
7.697131635904503355e+02 3.279376881614484773e+02
7.707959690756681539e+02 3.280979190189390238e+02
7.718790681194634544e+02 3.282574412803467112e+02
7.729624486234690721e+02 3.284162842822304924e+02
7.740460961233853823e+02 3.285744831471971565e+02
7.751299958865195094e+02 3.287320736542299642e+02
7.762141331801431079e+02 3.288890915823994874e+02
7.772984909078954843e+02 3.290455784431804886e+02
7.783830432115620397e+02 3.292015969977699115e+02
7.794677622031169903e+02 3.293572149301706418e+02
7.805526199945338703e+02 3.295124999243861907e+02
7.816375888396107712e+02 3.296675193278891243e+02
7.827226420506227669e+02 3.298223379765148593e+02
7.838077534183235002e+02 3.299770195707282028e+02
7.848928967358120872e+02 3.301316278054295026e+02
7.859780465531940763e+02 3.302862245419157148e+02
7.870631902897659984e+02 3.304408404700537290e+02
7.881483261247134351e+02 3.305954802173754388e+02
7.892334525681275181e+02 3.307501476099047295e+02
7.903185680513616944e+02 3.309048466586243080e+02
7.914036665038712499e+02 3.310595919499024831e+02
7.924887350020620715e+02 3.312144141685599834e+02
7.935737600471916267e+02 3.313693453504990885e+02
7.946587281410560308e+02 3.315244175299351355e+02
7.957436263148442777e+02 3.316796610839712116e+02
7.968284431200505651e+02 3.318351016308448038e+02
7.979131673793909840e+02 3.319907639398114156e+02
7.989977879155811706e+02 3.321466727801264369e+02
8.000822962626122035e+02 3.323028460759070981e+02
8.011666993907173264e+02 3.324592627794866644e+02
8.022510097252493324e+02 3.326158880706917671e+02
8.033352396978229990e+02 3.327726871135395754e+02
8.044194017434266470e+02 3.329296249320199763e+02
8.055035083379962089e+02 3.330866648502982343e+02
8.065875719847340406e+02 3.332437690606874412e+02
8.076716051873368087e+02 3.334008997349903893e+02
8.087556208044536561e+02 3.335580181788227492e+02
8.098396435627014398e+02 3.337150567365903271e+02
8.109237125732315690e+02 3.338719126503451662e+02
8.120078678113061414e+02 3.340284810534666917e+02
8.130921491021678094e+02 3.341846574489418913e+02
8.141765636290915609e+02 3.343404177611764112e+02
8.152610453309150671e+02 3.344959183700455014e+02
8.163455181712450894e+02 3.346513402318291241e+02
8.174299061136887303e+02 3.348068643028073552e+02
8.185141145586427456e+02 3.349627192586631281e+02
8.195979675455329243e+02 3.351193429251790690e+02
8.206812668296264519e+02 3.352772304127736902e+02
8.217638141656159405e+02 3.354368768333447974e+02
8.228454180534447460e+02 3.355987635460271008e+02
8.239259474745570060e+02 3.357632485953853347e+02
8.250053033197368677e+02 3.359306249666451549e+02
8.260833867672761244e+02 3.361011850588375296e+02
8.271601037017849194e+02 3.362752111481263455e+02
8.282354620658009026e+02 3.364527659932462029e+02
8.293095685362956146e+02 3.366336999840399358e+02
8.303825338316319176e+02 3.368178548176821323e+02
8.314544695089954303e+02 3.370050703633678495e+02
8.325255611216348370e+02 3.371950252367024063e+02
8.335961251054543482e+02 3.373871128313843997e+02
8.346664912858389016e+02 3.375806973625102501e+02
8.357369894894500248e+02 3.377751430419868939e+02
8.368079581754225273e+02 3.379697925323650907e+02
8.378797650230152385e+02 3.381639155536184944e+02
8.389527838879674846e+02 3.383567664072906496e+02
8.400273886260179097e+02 3.385475993949252711e+02
8.411039293457105259e+02 3.387357117564607165e+02
8.421825953111031140e+02 3.389206915621348344e+02
8.432635090578628478e+02 3.391022475368528148e+02
8.443467929061375798e+02 3.392800887952107587e+02
8.454325442075654564e+02 3.394539685567527840e+02
8.465204852046224460e+02 3.396243026424812115e+02
8.476100486076755942e+02 3.397920183095774291e+02
8.487006596345731850e+02 3.399580560501815967e+02
8.497917406942790421e+02 3.401233558684414788e+02
8.508825833108780898e+02 3.402888350296721569e+02
8.519722952500392239e+02 3.404553788745538441e+02
8.530599705107185855e+02 3.406238703520547801e+02
8.541447030126594200e+02 3.407951920650193642e+02
8.552255458895516540e+02 3.409700484015569941e+02
8.563014450285107841e+02 3.411486751356649165e+02
8.573713288991820036e+02 3.413312319356682565e+02
8.584341259712101646e+02 3.415178784698920822e+02
8.594887295792944997e+02 3.417087432458332614e+02
8.605338507887784090e+02 3.419037931181390491e+02
8.615681417411237817e+02 3.421029426824613893e+02
8.625902545481933430e+02 3.423061065082015375e+02
8.635988539918600964e+02 3.425131972661963573e+02
8.645927426212500677e+02 3.427241069832576841e+02
8.655708075457744144e+02 3.429387150150816979e+02
8.665319371021454344e+02 3.431569005334579288e+02
8.674754149516354573e+02 3.433786409643050774e+02
8.684117629830216174e+02 3.436067068872432628e+02
8.693640809634033531e+02 3.438469949929614131e+02
8.703561329803001172e+02 3.441055670826193591e+02
8.714118507226294241e+02 3.443885369352015573e+02
8.725805621821864406e+02 3.447098944248648422e+02
8.739639427475651701e+02 3.450998637997708443e+02
8.756701268902914990e+02 3.455906724481498031e+02
8.778072490818909728e+02 3.462145477582321291e+02
