2.188483173151606209e+01 2.298549601320811675e+01
2.371863180210146282e+01 2.374510905725155041e+01
2.515271968470218411e+01 2.431396090032796309e+01
2.631946222836201699e+01 2.475193306331716414e+01
2.734865973248369286e+01 2.511765016756623581e+01
2.831964431438551699e+01 2.544502138241477951e+01
2.926562299615663676e+01 2.574536733665287258e+01
3.021810512408656635e+01 2.602917756655630654e+01
3.120134994534971540e+01 2.630450378108258747e+01
3.221601313836249858e+01 2.657146104945304188e+01
3.325795506916915656e+01 2.682855202934606709e+01
3.432303069165681109e+01 2.707439323470023140e+01
3.540701507349612598e+01 2.730928175627622423e+01
3.650562234140533491e+01 2.753479670765211296e+01
3.761456555797042967e+01 2.775255058561339894e+01
3.872982077772827125e+01 2.796475424458876802e+01
3.984806400105876634e+01 2.817521105141487325e+01
4.096608639465533486e+01 2.838798639860517881e+01
4.208081343105465777e+01 2.860698252880322201e+01
4.319069976844419045e+01 2.883424408535552885e+01
4.429517159579287977e+01 2.907063553123243338e+01
4.539367268579641745e+01 2.931699905509285387e+01
4.648604631802457021e+01 2.957351372415378421e+01
4.757301008263253550e+01 2.983890738130119047e+01
4.865539727280895477e+01 3.011171581975347777e+01
4.973406761043198543e+01 3.039041188802895377e+01
5.081011758196616057e+01 3.067290453699668973e+01
5.188476849838469462e+01 3.095680542540114288e+01
5.295923660522761622e+01 3.123973755087037318e+01
5.403415077683246182e+01 3.152065398202118018e+01
5.510907697587157372e+01 3.180091469465858722e+01
5.618346924968539469e+01 3.208213309093113708e+01
5.725677082827009201e+01 3.236592896092876970e+01
5.832834759776162059e+01 3.265396776843336113e+01
5.939753177157023600e+01 3.294793486190403087e+01
6.046366149623224828e+01 3.324950038492796978e+01
6.152641080437041410e+01 3.355948883255755533e+01
6.258595863548235627e+01 3.387745351364222302e+01
6.364252557556443435e+01 3.420284288511252413e+01
6.469633304328411327e+01 3.453510169655956474e+01
6.574760725572413378e+01 3.487365333337095308e+01
6.679657614521919129e+01 3.521791354404031438e+01
6.784346435685991139e+01 3.556730615542787888e+01
6.888837849625849685e+01 3.592154522926988847e+01
6.993127729083457211e+01 3.628070842945885488e+01
7.097211011568850836e+01 3.664489641532256314e+01
7.201082697657923859e+01 3.701421028120104495e+01
7.304738082605469174e+01 3.738875315405475419e+01
7.408172547664403851e+01 3.776862875403745079e+01
7.511382688486733628e+01 3.815391162342329778e+01
7.614395429909112067e+01 3.854394758943400490e+01
7.717269421349365643e+01 3.893732023724293612e+01
7.820064805902890726e+01 3.933257726364062989e+01
7.922848377986181845e+01 3.972810616099481962e+01
8.025712196607528881e+01 4.012168589604515034e+01
8.128754318477514573e+01 4.051095097424010305e+01
8.232072128208275785e+01 4.089355211906138976e+01
8.335750746420237078e+01 4.126743598954319481e+01
8.439864578883096158e+01 4.163080779881420312e+01
8.544487658083440351e+01 4.198188176755307666e+01
8.649668492845660239e+01 4.231948813961412270e+01
8.755376619269071625e+01 4.264436319523935026e+01
8.861566346316391218e+01 4.295761072733297681e+01
8.968189546418977898e+01 4.326039332914784552e+01
9.075164462277096789e+01 4.355468517385165939e+01
9.182384822545388658e+01 4.384305202742014274e+01
9.289743811778707538e+01 4.412807278623607488e+01
9.397139506803647180e+01 4.441220818034273066e+01
9.504482376580143921e+01 4.469761962422772683e+01
9.611684822506177284e+01 4.498642185689868001e+01
9.718663533366714091e+01 4.528062610958269829e+01
9.825381099247620398e+01 4.558113544626985458e+01
9.931827954669483915e+01 4.588818069966941948e+01
1.003799505447592679e+02 4.620198014076032678e+01
1.014389395365831916e+02 4.652225472159038588e+01
1.024957917654490700e+02 4.684768804899302097e+01
1.035511062433243552e+02 4.717683392400940079e+01
1.046054779564880590e+02 4.750825586935204115e+01
1.056594678426211118e+02 4.784059963200093080e+01
1.067136197188864628e+02 4.817255230342941275e+01
1.077684745279023844e+02 4.850280791504440003e+01
1.088243484924556128e+02 4.883060302635106353e+01
1.098811697576598476e+02 4.915611111034516512e+01
1.109388279628360294e+02 4.947959860233207507e+01
1.119971438950752258e+02 4.980149816204060897e+01
1.130554722491270780e+02 5.012336769860425534e+01
1.141129744513726081e+02 5.044723171349789226e+01
1.151688130958361711e+02 5.077511188924837882e+01
1.162222389238583133e+02 5.110881710135606681e+01
1.172726292474684868e+02 5.144985065581494155e+01
1.183193711703080027e+02 5.179969221951269276e+01
1.193618984211185534e+02 5.215970889609398853e+01
1.203998995829907983e+02 5.253065251477773501e+01
1.214331498785114434e+02 5.291306573799211321e+01
1.224614369012155350e+02 5.330746136203361374e+01
1.234849491333156948e+02 5.371338435166671132e+01
1.245043550832886723e+02 5.412922078496060152e+01
1.255203515476617326e+02 5.455328844654330567e+01
1.265336771377405398e+02 5.498380417109034113e+01
1.275452559664788623e+02 5.541853695202688357e+01
1.285560635695599103e+02 5.585513163714592366e+01
1.295670567995631473e+02 5.629127817924963040e+01
1.305787627538750257e+02 5.672570405212167088e+01
1.315912787746886750e+02 5.715817425052728140e+01
1.326046835163282935e+02 5.758849888574582820e+01
1.336189784061982948e+02 5.801667451162236944e+01
1.346338862843730055e+02 5.844337025235522987e+01
1.356490671932773751e+02 5.886940683931413787e+01
1.366641852906691952e+02 5.929559506865653873e+01
1.376789745683078365e+02 5.972257714369604287e+01
1.386932273390545447e+02 6.015085446927916735e+01
1.397067376990163154e+02 6.058092414515129320e+01
1.407192924209172702e+02 6.101330095164463074e+01
1.417306567353903972e+02 6.144855167740924173e+01
1.427405919319854206e+02 6.188725262591433562e+01
1.437488637154870332e+02 6.232996944120593241e+01
1.447552948639525425e+02 6.277712997892794533e+01
1.457597479028391945e+02 6.322906613508325080e+01
1.467620865120234157e+02 6.368610701862930057e+01
1.477622821445998795e+02 6.414832154696398447e+01
1.487605661630940972e+02 6.461515115098042372e+01
1.497572083244489818e+02 6.508594456782584814e+01
1.507524615236270336e+02 6.556009124107728780e+01
1.517464087134175372e+02 6.603739087093563853e+01
1.527390344400813547e+02 6.651788072035245136e+01
1.537303204029465462e+02 6.700160492513774102e+01
1.547200311315935153e+02 6.748913190162042497e+01
1.557074992571324685e+02 6.798207273416311125e+01
1.566920063457619108e+02 6.848216178552625877e+01
1.576727871649278825e+02 6.899124640025193855e+01
1.586487024890447515e+02 6.951207681872701016e+01
1.596184337946306755e+02 7.004783614321527807e+01
1.605806642397455732e+02 7.060170341709232389e+01
1.615342772409401277e+02 7.117637426846744120e+01
1.624784863390914893e+02 7.177374741971929950e+01
1.634125359101663264e+02 7.239564715866401912e+01
1.643358948558457087e+02 7.304335576139006037e+01
1.652494718924413348e+02 7.371467974879979579e+01
1.661547441585244087e+02 7.440605345361679213e+01
1.670531968679142096e+02 7.511389171955282507e+01
1.679466098927647408e+02 7.583389829135369098e+01
1.688371673339206609e+02 7.656080138865685569e+01
1.697270825792843141e+02 7.728925855264228062e+01
1.706183710480692639e+02 7.801440534137422844e+01
1.715120214315317071e+02 7.873385645899529095e+01
1.724086905866455197e+02 7.944602785953497914e+01
1.733090144559883754e+02 8.014938597873623394e+01
1.742130122975563609e+02 8.084388575830003276e+01
1.751199975252061733e+02 8.153118585239002414e+01
1.760292448707110680e+02 8.221303828301671501e+01
1.769400329969615768e+02 8.289118489101873877e+01
1.778516571262016726e+02 8.356732463028566826e+01
1.787634168401984027e+02 8.424314516400923480e+01
1.796746383717420770e+02 8.492026959256621410e+01
1.805852140130044177e+02 8.559894972243739630e+01
1.814955772175806317e+02 8.627812638217308461e+01
1.824061831107601108e+02 8.695668789977972324e+01
1.833175157463043661e+02 8.763345009965080123e+01
1.842301583035095973e+02 8.830698036722401412e+01
1.851447151760719407e+02 8.897579291815225133e+01
1.860617560376105075e+02 8.963848564150316633e+01
1.869813015704047530e+02 9.029497946431671096e+01
1.879029342403189560e+02 9.094625139032316952e+01
1.888262240995113928e+02 9.159330835084138300e+01
1.897505803049681390e+02 9.223755399677587263e+01
1.906749619095885748e+02 9.288150180168413783e+01
1.915982498595157040e+02 9.352785782712733464e+01
1.925193633954754375e+02 9.417924122845228396e+01
1.934376860276680077e+02 9.483721754194088760e+01
1.943529101186081505e+02 9.550265139049481888e+01
1.952647345244469363e+02 9.617639277888133620e+01
1.961730791884828022e+02 9.685881877321909883e+01
1.970783718754956055e+02 9.754922013312817342e+01
1.979811113743873250e+02 9.824673568695301640e+01
1.988818307670731542e+02 9.895043523288441634e+01
1.997813888320756917e+02 9.965873295781869956e+01
2.006808243297675176e+02 1.003696807540167129e+02
2.015811779948282094e+02 1.010813261427553016e+02
2.024834992847166575e+02 1.017916549370149681e+02
2.033888542020820296e+02 1.024985359027359664e+02
2.042983105964195545e+02 1.031998247405605014e+02
2.052128686457397748e+02 1.038934420211459013e+02
2.061330171681234447e+02 1.045777985057631412e+02
2.070590113211988808e+02 1.052515289430431977e+02
2.079910950897911732e+02 1.059132752606582670e+02
2.089288886487106822e+02 1.065620564591316963e+02
2.098710302982429425e+02 1.071974850501798215e+02
2.108160721022602502e+02 1.078192256726241993e+02
2.117623581395831138e+02 1.084269449470752136e+02
2.127069684191143892e+02 1.090203215388535085e+02
2.136465079984203044e+02 1.095990386388610318e+02
2.145775721775514171e+02 1.101627736511648408e+02
2.154964028919183079e+02 1.107109740425856756e+02
2.163987788586365753e+02 1.112427858600304091e+02
2.172804474125595391e+02 1.117573347297126531e+02
2.181415260358155024e+02 1.122563460372635262e+02
2.190036430243612813e+02 1.127543417486842259e+02
2.198950339602766917e+02 1.132697744422053461e+02
2.208455468370912627e+02 1.138221334905552453e+02
2.219288401869724794e+02 1.144590811462409192e+02
2.232665082315472773e+02 1.152591052680785282e+02
2.249825829526608914e+02 1.163022613451323508e+02
