5.426906592708893839e+01 5.525801734527753695e+01
5.634925942636483853e+01 5.691982053387846463e+01
5.790997770264590372e+01 5.815913733689943399e+01
5.912341391856804762e+01 5.911459220921793190e+01
6.015639506722109786e+01 5.992042948006670144e+01
6.110129054354926836e+01 6.065011760637514726e+01
6.199599769070632505e+01 6.133266233681777635e+01
6.287708400601339775e+01 6.199598654303375156e+01
6.376976320394588527e+01 6.265909973144235323e+01
6.467649763315637301e+01 6.332315029242890603e+01
6.559703514427873472e+01 6.398715558106150070e+01
6.653106982335751240e+01 6.465013178972805008e+01
6.747796479454500229e+01 6.531108795363681452e+01
6.843695734793678298e+01 6.596903038678568976e+01
6.940727692179537200e+01 6.662298518089978927e+01
7.038795778353792798e+01 6.727248593939989973e+01
7.137782710660437147e+01 6.791760478166939663e+01
7.237570201444478357e+01 6.855844005221847226e+01
7.338031951785070817e+01 6.919543219835415471e+01
7.439017619528272007e+01 6.983004837869677317e+01
7.540372370834002425e+01 7.046394755905696172e+01
7.641942766376368468e+01 7.109880435885204975e+01
7.743588990138954387e+01 7.173644632095556517e+01
7.845178924590847203e+01 7.237878740476193684e+01
7.946580993457261854e+01 7.302773563989285321e+01
8.047690499499236694e+01 7.368479017584637347e+01
8.148444197814232837e+01 7.435081959499242998e+01
8.248782384840747284e+01 7.502663860931733097e+01
8.348654910992684108e+01 7.571289120783141868e+01
8.448055433017698590e+01 7.640943859045808040e+01
8.546990155444757420e+01 7.711591773688998330e+01
8.645466450329283248e+01 7.783194462546313730e+01
8.743511087203468435e+01 7.855678631248497368e+01
8.841166828610707284e+01 7.928942217179876195e+01
8.938476912543740127e+01 8.002882315287737924e+01
9.035484069127636531e+01 8.077399899278977102e+01
9.132229873469448478e+01 8.152404764129205716e+01
9.228755740943591945e+01 8.227807924746957724e+01
9.325102726456005087e+01 8.303521434062187723e+01
9.421309325209051622e+01 8.379464716043601413e+01
9.517412924747959835e+01 8.455560384319690570e+01
9.613450911355842265e+01 8.531731030031049556e+01
9.709460774129348692e+01 8.607898100441508404e+01
9.805480125022187110e+01 8.683981675939459421e+01
9.901546582762773596e+01 8.759901757617029716e+01
9.997693931234155684e+01 8.835586959404103879e+01
1.009394279093309024e+02 8.910995459424034948e+01
1.019031096019301117e+02 8.986091774213448957e+01
1.028681526383715550e+02 9.060842609084815535e+01
1.038346136379798139e+02 9.135239767254554977e+01
1.048024779267712603e+02 9.209291081054125527e+01
1.057717291232085302e+02 9.283004766184788537e+01
1.067423044209323137e+02 9.356399430298849040e+01
1.077140601149577890e+02 9.429511789778379693e+01
1.086868443801504043e+02 9.502380378658025961e+01
1.096604967489242597e+02 9.575045630511223749e+01
1.106348112857565980e+02 9.647557972384973368e+01
1.116095671555383859e+02 9.719971106131146144e+01
1.125845456094593118e+02 9.792338211307034612e+01
1.135595702156582547e+02 9.864701878963876425e+01
1.145345038357991996e+02 9.937094868165127082e+01
1.155092108674389522e+02 1.000954955394612824e+02
1.164835774115822460e+02 1.008209301160325424e+02
1.174575457286501319e+02 1.015473860293228228e+02
1.184310670423779897e+02 1.022749750098799666e+02
1.194040982678801583e+02 1.030037950731227312e+02
1.203766431368291734e+02 1.037338314155660584e+02
1.213487283803466994e+02 1.044650138094741152e+02
1.223203816560110511e+02 1.051972698050540060e+02
1.232916629900189065e+02 1.059304493945270167e+02
1.242626759945510457e+02 1.066642981343580914e+02
1.252335273547405734e+02 1.073985542179550521e+02
1.262043398964748064e+02 1.081329171366449202e+02
1.271752999175217553e+02 1.088669341897455638e+02
1.281466093154299415e+02 1.096001152716338112e+02
1.291184744096257475e+02 1.103319596491280947e+02
1.300911615509495789e+02 1.110618223093147208e+02
1.310649803538950380e+02 1.117889542592490386e+02
1.320402415734853889e+02 1.125126037643030656e+02
1.330172797163713483e+02 1.132319619372263162e+02
1.339964761446950092e+02 1.139461071442118225e+02
1.349782177067636724e+02 1.146541045503052771e+02
1.359628625015746763e+02 1.153550887328852355e+02
1.369505947448867289e+02 1.160486140930105421e+02
1.379415336133795904e+02 1.167343920620897109e+02
1.389357913837518197e+02 1.174121507226477661e+02
1.399333109944469697e+02 1.180820268029668227e+02
1.409338583452075397e+02 1.187445842597423820e+02
1.419371909981344402e+02 1.194004071699232270e+02
1.429430543023050859e+02 1.200501089852407119e+02
1.439511575579207658e+02 1.206943898622377276e+02
1.449612034463859516e+02 1.213339658769976666e+02
1.459728777909150494e+02 1.219695937925216640e+02
1.469857049043263260e+02 1.226024201740507209e+02
1.479991192276111462e+02 1.232338084907551945e+02
1.490125523901493239e+02 1.238651290039747721e+02
1.500253312206996839e+02 1.244980052731785207e+02
1.510366233576254160e+02 1.251344456134678325e+02
1.520455831184870590e+02 1.257764905356930285e+02
1.530514193639130838e+02 1.264260492400508866e+02
1.540535868022980992e+02 1.270844390562796491e+02
1.550516093785967087e+02 1.277528106293628696e+02
1.560450289904525789e+02 1.284322714207653178e+02
1.570336791274420420e+02 1.291232274948873453e+02
1.580176301384991575e+02 1.298255151731441117e+02
1.589969596808505230e+02 1.305389532036282390e+02
1.599718431767673223e+02 1.312631264796322057e+02
1.609426748713748339e+02 1.319970964683642194e+02
1.619098787261523853e+02 1.327398535552660235e+02
1.628738711471770273e+02 1.334904073181572244e+02
1.638350158496257336e+02 1.342479011812904730e+02
1.647936541104775188e+02 1.350115355668585551e+02
1.657501249758085748e+02 1.357805164574560024e+02
1.667046998894886656e+02 1.365542182057581044e+02
1.676575707070191186e+02 1.373322133872617314e+02
1.686089247193158940e+02 1.381140859463147308e+02
1.695589535721136940e+02 1.388994108661135556e+02
1.705078636089071153e+02 1.396877328854596385e+02
1.714558642707924605e+02 1.404785903690483622e+02
1.724031631216802509e+02 1.412715259623273880e+02
1.733499466364405350e+02 1.420661304024013987e+02
1.742963880243784160e+02 1.428620246773004396e+02
1.752426596599861170e+02 1.436588316282338269e+02
1.761888834518963165e+02 1.444562851215496266e+02
1.771350947093206400e+02 1.452543095427466255e+02
1.780813202188753621e+02 1.460528480270749583e+02
1.790275717745022348e+02 1.468518708269078559e+02
1.799737836444851951e+02 1.476514884146165514e+02
1.809198651132595899e+02 1.484518564506472558e+02
1.818657184949299790e+02 1.492531440251881065e+02
1.828111090423666951e+02 1.500557843326111822e+02
1.837556766138940816e+02 1.508604521908550851e+02
1.846990563640650294e+02 1.516678314037376651e+02
1.856408477908019563e+02 1.524786417074350879e+02
1.865805596171147158e+02 1.532936943149842364e+02
1.875176863323151508e+02 1.541138147831875074e+02
1.884517259528685429e+02 1.549398011215787676e+02
1.893822049730750336e+02 1.557722289261973572e+02
1.903086636591438037e+02 1.566115662336992216e+02
1.912306438067378735e+02 1.574582747225815638e+02
1.921477459032972206e+02 1.583125854450286170e+02
1.930596482926954991e+02 1.591744235203777862e+02
1.939660346876601693e+02 1.600436929713413292e+02
1.948666001113964228e+02 1.609202591884808555e+02
1.957610833129084540e+02 1.618038382122012706e+02
1.966492336062406991e+02 1.626941099968790070e+02
1.975308065304084835e+02 1.635907520783917448e+02
1.984056403249918787e+02 1.644934098621500311e+02
1.992736319413361912e+02 1.654017059431218968e+02
2.001346805816853305e+02 1.663152622601637631e+02
2.009888065575048017e+02 1.672336801253799479e+02
2.018362653923854566e+02 1.681565207906537012e+02
2.026773396342897513e+02 1.690833409052044658e+02
2.035123179035524288e+02 1.700137075713942636e+02
2.043415249080530316e+02 1.709472500136430426e+02
2.051652986342906502e+02 1.718836203145388595e+02
2.059839720462437356e+02 1.728224745670834750e+02
2.067977556835056703e+02 1.737635653565835696e+02
2.076067339776365657e+02 1.747067446640243702e+02
2.084109855535110398e+02 1.756518690516315075e+02
2.092105603830163147e+02 1.765988225489884371e+02
2.100054252555861183e+02 1.775475689261298555e+02
2.107955319508523928e+02 1.784980863418029458e+02
2.115808164470703616e+02 1.794503620735011964e+02
2.123610662451079634e+02 1.804044690828744422e+02
2.131359874934335608e+02 1.813605272788677780e+02
2.139052877479163044e+02 1.823186562472727417e+02
2.146687970136187857e+02 1.832789316352781555e+02
2.154265285002680912e+02 1.842413633505055941e+02
2.161785104311337875e+02 1.852059559132476920e+02
2.169247624445902716e+02 1.861727181055900928e+02
2.176652661389331342e+02 1.871416775938242267e+02
2.183999925797477886e+02 1.881128672729873017e+02
2.191289068369957818e+02 1.890863224352798397e+02
2.198518788078057753e+02 1.900621164242205907e+02
2.205687022247260529e+02 1.910403530349036600e+02
2.212791690562347071e+02 1.920211367548200485e+02
2.219831454069182541e+02 1.930045398478789309e+02
2.226806606965643311e+02 1.939905635923265947e+02
2.233717661219122874e+02 1.949791998009629026e+02
2.240565474258064000e+02 1.959704254768519718e+02
2.247353269758158660e+02 1.969641161832686009e+02
2.254085262984493738e+02 1.979601049745663772e+02
2.260765655904080802e+02 1.989582253902803188e+02
2.267398141402305214e+02 1.999583302018875486e+02
2.273985821865593095e+02 2.009602944885676834e+02
2.280531766541735692e+02 2.019639945815456485e+02
2.287038706753891120e+02 2.029693202815001030e+02
2.293508252389040081e+02 2.039762060888185999e+02
2.299941781006678525e+02 2.049845957643093755e+02
2.306340636658700021e+02 2.059944343809437441e+02
2.312705794535403356e+02 2.070056814563708087e+02
2.319038001310212849e+02 2.080183054569960177e+02
2.325337988687037694e+02 2.090322754586963754e+02
2.331605601817656748e+02 2.100475970382951232e+02
2.337839187685759725e+02 2.110643374548907900e+02
2.344036948730560539e+02 2.120825699187379598e+02
2.350197054333486335e+02 2.131023689865265851e+02
2.356317505859989865e+02 2.141238160581943646e+02
2.362396251428659468e+02 2.151469947024101828e+02
2.368431281291910580e+02 2.161719867434536582e+02
2.374421395642303594e+02 2.171988404734144922e+02
2.380366124755244925e+02 2.182275739583510585e+02
2.386265027277754029e+02 2.192582040897842148e+02
2.392118519908918017e+02 2.202907122622766565e+02
2.397929168605521681e+02 2.213249909572420790e+02
2.403699870397191489e+02 2.223609189598643070e+02
2.409433635144484924e+02 2.233983704144243916e+02
2.415134366933131673e+02 2.244371826844056557e+02
2.420806395532944464e+02 2.254771756242786296e+02
2.426454021318450316e+02 2.265181703162022302e+02
2.432080283866411037e+02 2.275600404343711602e+02
2.437686575107091187e+02 2.286027283817526836e+02
2.443274175859079662e+02 2.296461811961491719e+02
2.448843787267506400e+02 2.306903702135052185e+02
2.454393907333959532e+02 2.317353591188170583e+02
2.459922510735837307e+02 2.327812335332337170e+02
2.465427659474134998e+02 2.338280755781260609e+02
2.470908551011185637e+02 2.348759218675455713e+02
2.476365176868497144e+02 2.359247771910302731e+02
2.481797550026210217e+02 2.369746454819040480e+02
2.487206274606641614e+02 2.380255074176333210e+02
2.492593085060612736e+02 2.390772992079425308e+02
2.497959843262032393e+02 2.401299520496616537e+02
2.503308480308913317e+02 2.411833947572272905e+02
2.508641331543815909e+02 2.422375422327321246e+02
2.513960878628468549e+02 2.432923043425977880e+02
2.519269604023007503e+02 2.443475909848997958e+02
2.524570004282192315e+02 2.454033129696464641e+02
2.529864590265880224e+02 2.464593820323970590e+02
2.535155873422831405e+02 2.475157099517801669e+02
2.540446318547269868e+02 2.485722101427883217e+02
2.545738257214576095e+02 2.496288006929407288e+02
2.551033997376363800e+02 2.506854005183379854e+02
2.556335821529630152e+02 2.517419288813020444e+02
2.561645777558077270e+02 2.527983082352509996e+02
2.566965786773924947e+02 2.538544627551669635e+02
2.572297763394424805e+02 2.549103166804412979e+02
2.577643313396195595e+02 2.559657967560095528e+02
2.583003588492545077e+02 2.570208334193010273e+02
2.588379703944552830e+02 2.580753574040484750e+02
2.593772517481457953e+02 2.591293026036162246e+02
2.599181765015567294e+02 2.601826166748265905e+02
2.604606877078404636e+02 2.612352510211877075e+02
2.610047176371778619e+02 2.622871589736792544e+02
2.615500312692603870e+02 2.633383237672576342e+02
2.620962616879858160e+02 2.643887522138838904e+02
2.626430376222706968e+02 2.654384519464845198e+02
2.631898426294031310e+02 2.664874644845855300e+02
2.637358455041465959e+02 2.675359048209660955e+02
2.642801738324812391e+02 2.685838975675410438e+02
2.648218973240777245e+02 2.696315836690383207e+02
2.653596963106890598e+02 2.706792139534322814e+02
2.658920905612247338e+02 2.717270845598609981e+02
2.664175999149619543e+02 2.727754913467630331e+02
2.669347611744933033e+02 2.738247176565141672e+02
2.674421305284477057e+02 2.748750325278681998e+02
2.679382652593249645e+02 2.759267042116435391e+02
2.684218537620985785e+02 2.769799778079283783e+02
2.688920122757038484e+02 2.780350228717474010e+02
2.693479441663262719e+02 2.790919935739331095e+02
2.697888818048351709e+02 2.801510561441073150e+02
2.702143704683754777e+02 2.812125069036679292e+02
2.706241463507216736e+02 2.822767215482066376e+02
2.710179542934636174e+02 2.833440780394774947e+02
2.713959731702288991e+02 2.844150374014036515e+02
2.717591041739577804e+02 2.854901988905808707e+02
2.721083168105290611e+02 2.865701748368821313e+02
2.724446585853440865e+02 2.876555419164392902e+02
2.727695666681485136e+02 2.887466986890198655e+02
2.730845996650820666e+02 2.898439882055686780e+02
2.733913039283977469e+02 2.909477380688285280e+02
2.736909953649544036e+02 2.920579866383317267e+02
2.739847852183276586e+02 2.931745153907796180e+02
2.742737773811243187e+02 2.942970966452351149e+02
2.745589930813043793e+02 2.954254230337801914e+02
2.748412498137280977e+02 2.965589907940733383e+02
2.751213342444889918e+02 2.976972664454904702e+02
2.754000131286871920e+02 2.988397137113425970e+02
2.756778983104437657e+02 2.999857745610750044e+02
2.759555290466913107e+02 3.011348807708466779e+02
2.762334427792750944e+02 3.022864649161679154e+02
2.765121236297711107e+02 3.034399922549021085e+02
2.767919870732000049e+02 3.045949701214239553e+02
2.770734440584423623e+02 3.057509086245437402e+02
2.773569007288816692e+02 3.069073357053271138e+02
2.776427452720892575e+02 3.080638459353344842e+02
2.779313616826334510e+02 3.092200494455384501e+02
2.782231336541937026e+02 3.103755606546524177e+02
2.785184410505727897e+02 3.115300485580984287e+02
2.788176610972955132e+02 3.126832197474302575e+02
2.791211706955539853e+02 3.138347818891014072e+02
2.794293172397793796e+02 3.149844786242669556e+02
2.797423925750364333e+02 3.161321213199813087e+02
2.800606824027042308e+02 3.172775288336930544e+02
2.803844783145641486e+02 3.184205228428935470e+02
2.807141057040507803e+02 3.195609412076923945e+02
2.810499019994062451e+02 3.206986275498892951e+02
2.813922031396976990e+02 3.218334266222588553e+02
2.817413104760338456e+02 3.229652090286759858e+02
2.820974907715652762e+02 3.240938712241164126e+02
2.824610092259878229e+02 3.252193108145715996e+02
2.828320820498071839e+02 3.263414476328694604e+02
2.832107878596690398e+02 3.274602639394102539e+02
2.835971812945991246e+02 3.285757528734563948e+02
2.839913001364238880e+02 3.296879145382885667e+02
2.843930297492228192e+02 3.307968120037573954e+02
2.848021745356836618e+02 3.319025417863505822e+02
2.852185372491001658e+02 3.330052010556506161e+02
2.856418749759718025e+02 3.341049044151138219e+02
2.860718785102509401e+02 3.352017917762112234e+02
2.865082334377107713e+02 3.362960050387015372e+02
2.869506305605922876e+02 3.373876832508838106e+02
2.873987830197592075e+02 3.384769532501724143e+02
2.878524099345397076e+02 3.395639386059942240e+02
2.883112492120989145e+02 3.406487549792351501e+02
2.887753237111816134e+02 3.417313980835573375e+02
2.892448776227607823e+02 3.428117704652631801e+02
2.897201619449845111e+02 3.438897718078388834e+02
2.902016020053662828e+02 3.449652288648289300e+02
2.906899951741088444e+02 3.460378127473149448e+02
2.911861866407456318e+02 3.471071745613664916e+02
2.916909854747848954e+02 3.481729802416494408e+02
2.922049620451508076e+02 3.492349937181785435e+02
2.927285898680734135e+02 3.502930186825536225e+02
2.932623377284713797e+02 3.513468607769922301e+02
2.938065462789903108e+02 3.523963784837829962e+02
2.943614118987567281e+02 3.534414897817237602e+02
2.949271232746379496e+02 3.544821158217875450e+02
2.955038820702214934e+02 3.555181723673591705e+02
2.960919315887148286e+02 3.565495578941636268e+02
2.966915234683724520e+02 3.575761674174366931e+02
2.973028893629640947e+02 3.585979042385539515e+02
2.979260496166718326e+02 3.596147592739033030e+02
2.985608976005653972e+02 3.606267760865640071e+02
2.992073219270371851e+02 3.616340002125001547e+02
2.998649991437300173e+02 3.626365651018306835e+02
3.005332582309149529e+02 3.636347482931737431e+02
3.012113959512876136e+02 3.646288406813561096e+02
3.018986186230103499e+02 3.656191706486574162e+02
3.025936884305539252e+02 3.666062506619057331e+02
3.032952314539401755e+02 3.675906496005061399e+02
3.040018740974022080e+02 3.685729362131128823e+02
3.047122493442042241e+02 3.695536765878773622e+02
3.054249959344442118e+02 3.705334344849374020e+02
3.061387530276518874e+02 3.715127734926690550e+02
3.068522317789058320e+02 3.724922273982917318e+02
3.075643179383302481e+02 3.734722577188042010e+02
3.082739232074875986e+02 3.744533152291129454e+02
3.089799981498348416e+02 3.754358346100493691e+02
3.096817901652577234e+02 3.764201276120598436e+02
3.103786835575753571e+02 3.774064492888667246e+02
3.110700692551358770e+02 3.783950519504067529e+02
3.117555553820716341e+02 3.793860979458619340e+02
3.124350255435452368e+02 3.803796355223764749e+02
3.131083811016891332e+02 3.813757055723005465e+02
3.137755929980935434e+02 3.823743201666658820e+02
3.144368877746319413e+02 3.833753855013352450e+02
3.150925506504974010e+02 3.843787834667545553e+02
3.157428866115846517e+02 3.853843877653386585e+02
3.163884469740579561e+02 3.863919700612361794e+02
3.170299502016291626e+02 3.874012327804701954e+02
3.176681193956956122e+02 3.884118764279784273e+02
3.183038275499439465e+02 3.894235394182557570e+02
3.189382254988688032e+02 3.904357450747595522e+02
3.195724942216003797e+02 3.914480042340223918e+02
3.202077954384255918e+02 3.924598357089938077e+02
3.208451822653908607e+02 3.934708032931407047e+02
3.214856697842830613e+02 3.944804865325432388e+02
3.221302648661561534e+02 3.954884683741746016e+02
3.227797913887515051e+02 3.964944075610282539e+02
3.234348929288717613e+02 3.974980375169341187e+02
3.240962053415601076e+02 3.984990948640825081e+02
3.247642991439359434e+02 3.994973432879262987e+02
3.254395643402056066e+02 4.004926212431793147e+02
3.261223600229783983e+02 4.014847799882780919e+02
3.268130279238080789e+02 4.024736779727753060e+02
3.275117557700139059e+02 4.034592374362626970e+02
3.282186507473743973e+02 4.044414139794147900e+02
3.289338189816322142e+02 4.054201636419835495e+02
3.296573492336831919e+02 4.063954496564433043e+02
3.303893054336388673e+02 4.073672455404689003e+02
3.311297496019787445e+02 4.083355256027273867e+02
3.318787352269646362e+02 4.093002676861043483e+02
3.326362798770592804e+02 4.102614645122019965e+02
3.334023916697954633e+02 4.112191127173902032e+02
3.341770740259420336e+02 4.121732108835190047e+02
3.349602607181063263e+02 4.131237864418856702e+02
3.357518322233335084e+02 4.140708888997125996e+02
3.365516670576236038e+02 4.150145685765189683e+02
3.373595442320286679e+02 4.159549170082644309e+02
3.381750337297499982e+02 4.168921123133793003e+02
3.389976791594155543e+02 4.178263435350371537e+02
3.398269948687785131e+02 4.187578118366772628e+02
3.406623052499294317e+02 4.196867970640445833e+02
3.415028588586142746e+02 4.206136104753645668e+02
3.423479086856713707e+02 4.215385614917875614e+02
3.431968371777164748e+02 4.224619059121354212e+02
3.440491703971641755e+02 4.233838400476306560e+02
3.449044419288815106e+02 4.243045570935941555e+02
3.457623042605917476e+02 4.252242009941980996e+02
3.466227850679161975e+02 4.261427602857848456e+02
3.474859858461389877e+02 4.270601929276077726e+02
3.483519980900802580e+02 4.279764610212616844e+02
3.492208096422007770e+02 4.288915696026958813e+02
3.500923470079050617e+02 4.298055491145838118e+02
3.509665331658278546e+02 4.307184314604355677e+02
3.518431081200792505e+02 4.316303243342757128e+02
3.527215165255702232e+02 4.325414577677479997e+02
3.536011762075197566e+02 4.334520729057159087e+02
3.544814643552114148e+02 4.343624277249884358e+02
3.553615620097747296e+02 4.352728614495506463e+02
3.562405911066188651e+02 4.361837377857639240e+02
3.571176715313815180e+02 4.370954212890295594e+02
3.579918867836946674e+02 4.380082915862832920e+02
3.588622889940454570e+02 4.389227412979486189e+02
3.597279294766413500e+02 4.398391633825612530e+02
3.605879215675526552e+02 4.407579251083309941e+02
3.614415266067129551e+02 4.416793324381866341e+02
3.622880275419295231e+02 4.426036823847733217e+02
3.631267560396165663e+02 4.435312517808237089e+02
3.639574091290440379e+02 4.444621661207949614e+02
3.647798496940980613e+02 4.453964821998997650e+02
3.655939445952939764e+02 4.463342551661786501e+02
3.663996730400588149e+02 4.472754936321054515e+02
3.671971546209418875e+02 4.482201480607924395e+02
3.679865177763883253e+02 4.491681652512654637e+02
3.687679629777413766e+02 4.501194621655167225e+02
3.695419508513165283e+02 4.510738480057107154e+02
3.703090007352747079e+02 4.520311076547445737e+02
3.710696625218943154e+02 4.529910133395906655e+02
3.718248589439592706e+02 4.539531828516802534e+02
3.725757619310705877e+02 4.549171307617800721e+02
3.733235476847032146e+02 4.558823698711895531e+02
3.740693642757975681e+02 4.568484246333254077e+02
3.748143084338666426e+02 4.578148407680428704e+02
3.755594714245262367e+02 4.587811662584312558e+02
3.763058611759211090e+02 4.597469836070973770e+02
3.770540237703127673e+02 4.607120666195158947e+02
3.778043462027526971e+02 4.616762549972555689e+02
3.785572028647228535e+02 4.626393936624541539e+02
3.793126963895735457e+02 4.636014401031512193e+02
3.800706655906491278e+02 4.645624610852086107e+02
3.808309382656402704e+02 4.655225279373209446e+02
3.815932470380494124e+02 4.664817514106014187e+02
3.823570658747609059e+02 4.674403493951849100e+02
3.831218252190776070e+02 4.683985578092538162e+02
3.838869803418189690e+02 4.693566022870934376e+02
3.846522026051494549e+02 4.703146189549880205e+02
3.854172746352882086e+02 4.712726978521255319e+02
3.861819835896391737e+02 4.722309271408146287e+02
3.869462862631800704e+02 4.731893247172075689e+02
3.877103783999806410e+02 4.741478095015376084e+02
3.884744737300969177e+02 4.751062929640027050e+02
3.892388521866728297e+02 4.760646591526079874e+02
3.900040676992487647e+02 4.770226786224405942e+02
3.907707450715455479e+02 4.779800925715676954e+02
3.915394971429963107e+02 4.789366471538332917e+02
3.923107632509397149e+02 4.798921603901018216e+02
3.930848519388194404e+02 4.808465044779173923e+02
3.938620668371029296e+02 4.817995536498474962e+02
3.946424499827812724e+02 4.827512904940140288e+02
3.954255024845006687e+02 4.837019216583706793e+02
3.962106584536313676e+02 4.846516815420496869e+02
3.969972605293827428e+02 4.856008424331408264e+02
3.977840679904564922e+02 4.865499182552377420e+02
3.985696109699721887e+02 4.874995178470130668e+02
3.993524199202972795e+02 4.884502499148846937e+02
4.001310487360473189e+02 4.894027134547147853e+02
4.009040769351487370e+02 4.903574968483407019e+02
4.016700854260905658e+02 4.913151879015838404e+02
4.024278400327935401e+02 4.922762978255253756e+02
4.031766803775009294e+02 4.932411001553898018e+02
4.039160570492218767e+02 4.942098224623058513e+02
4.046454714533460901e+02 4.951826712684813288e+02
4.053649413484396291e+02 4.961596392147554297e+02
4.060747853981625326e+02 4.971405943024838621e+02
4.067753280815379640e+02 4.981254021242052090e+02
4.074670268445656234e+02 4.991138731952160015e+02
4.081505505185889433e+02 5.001057304713152689e+02
4.088265867508621909e+02 5.011006891144229485e+02
4.094957991607584518e+02 5.020984742390222664e+02
4.101587373581412521e+02 5.030988581833530020e+02
4.108159171728468664e+02 5.041016272776432174e+02
4.114678499252377719e+02 5.051065697200441491e+02
4.121149684114799356e+02 5.061135062351541478e+02
4.127576387294380993e+02 5.071222851754722569e+02
4.133962249093869445e+02 5.081327557499451473e+02
4.140311049673355797e+02 5.091447613759269188e+02
4.146626897615457210e+02 5.101581318705611920e+02
4.152913948595626152e+02 5.111726951008428159e+02
4.159176389924294881e+02 5.121882776244680144e+02
4.165418641862905815e+02 5.132046963578227405e+02
4.171645228750089132e+02 5.142217639097762003e+02
4.177860665392391866e+02 5.152392932843094968e+02
4.184069120456509836e+02 5.162571118321013728e+02
4.190274336484582136e+02 5.172750645657107498e+02
4.196480029768358690e+02 5.182929975857134650e+02
4.202689550801050018e+02 5.193107721502170762e+02
4.208904951184731544e+02 5.203283033392584684e+02
4.215127994353280201e+02 5.213455181736509303e+02
4.221360306455230216e+02 5.223623493624211278e+02
4.227601873009199949e+02 5.233787975916557116e+02
4.233851599449582181e+02 5.243949082991230171e+02
4.240108365135039890e+02 5.254107280030100355e+02
4.246370392462489463e+02 5.264263304425367096e+02
4.252634723190203090e+02 5.274418382763689124e+02
4.258898275843333181e+02 5.284573792693038286e+02
4.265158219410257061e+02 5.294730708109095758e+02
4.271413087012130063e+02 5.304889737826974851e+02
4.277661873925588907e+02 5.315051299217761880e+02
4.283903653804923692e+02 5.325215777169728426e+02
4.290139158632442218e+02 5.335382869292570831e+02
4.296370706588108419e+02 5.345551615811166357e+02
4.302600680329205716e+02 5.355721030227734900e+02
4.308831982625428623e+02 5.365889910122735955e+02
4.315068906777086681e+02 5.376056475805648915e+02
4.321315975990461880e+02 5.386218852141767002e+02
4.327577492730929407e+02 5.396375255155792274e+02
4.333855874190035138e+02 5.406524679434231757e+02
4.340152581890725401e+02 5.416666514226185427e+02
4.346468985887066765e+02 5.426800186609998491e+02
4.352802650937607609e+02 5.436926697643318676e+02
4.359145861681122938e+02 5.447049232392713520e+02
4.365490513825935182e+02 5.457171136797528561e+02
4.371828001940083936e+02 5.467295963259264227e+02
4.378147681568290750e+02 5.477428104225941752e+02
4.384438389736304202e+02 5.487572165767496699e+02
4.390689214744134574e+02 5.497732649624257419e+02
4.396892808907587096e+02 5.507912577749650609e+02
4.403044471316874251e+02 5.518113873150770132e+02
4.409139579036798295e+02 5.528338426469824753e+02
4.415175709828552613e+02 5.538587216105329389e+02
4.421154921083648333e+02 5.548859363537003446e+02
4.427079814771728934e+02 5.559153764503303137e+02
4.432953218416257073e+02 5.569469222245629680e+02
4.438779372742342844e+02 5.579803960467438628e+02
4.444563064623018818e+02 5.590155978903127334e+02
4.450309160320513229e+02 5.600523244944686212e+02
4.456024589820380584e+02 5.610902885326464684e+02
4.461718505623845772e+02 5.621291121441124687e+02
4.467400170598311320e+02 5.631684129729364940e+02
4.473079431053004669e+02 5.642077858820770189e+02
4.478767913742263431e+02 5.652467562151003904e+02
4.484477583843754473e+02 5.662848361014704324e+02
4.490220288385179401e+02 5.673215431912353779e+02
4.496006697301457962e+02 5.683564501343796564e+02
4.501846805036147998e+02 5.693891611433791695e+02
4.507750576073318598e+02 5.704192817969105818e+02
4.513726622173435317e+02 5.714464788039715586e+02
4.519781437043211554e+02 5.724705145895678697e+02
4.525921329674943649e+02 5.734911599260522053e+02
4.532152185990020143e+02 5.745082052246521016e+02
4.538477918584728741e+02 5.755215324979922116e+02
4.544901865173143278e+02 5.765310504446272262e+02
4.551427200685600951e+02 5.775366747826631126e+02
4.558054329855673927e+02 5.785384406827763542e+02
4.564781339163523057e+02 5.795364832801418515e+02
4.571606235351058558e+02 5.805309411254730776e+02
4.578524947560590022e+02 5.815220366503826881e+02
4.585528603774404814e+02 5.825101861282689697e+02
4.592607655854762356e+02 5.834958331301656926e+02
4.599752424398952257e+02 5.844794228937995513e+02
4.606952280834406110e+02 5.854614127086647386e+02
4.614196179233426847e+02 5.864422651634829435e+02
4.621473075371566779e+02 5.874224414401139711e+02
4.628772042386580665e+02 5.884023548480549834e+02
4.636082295761579530e+02 5.893823606337500678e+02
4.643393059573002688e+02 5.903628105478665020e+02
4.650693961583389182e+02 5.913440067994492892e+02
4.657976038888756989e+02 5.923260786397300990e+02
4.665230635954767422e+02 5.933091175985759946e+02
4.672449358029192013e+02 5.942931915476508493e+02
4.679626862883551439e+02 5.952780914330812720e+02
4.686759787644513153e+02 5.962634286335171510e+02
4.693844809320846707e+02 5.972488099962577053e+02
4.700879173983735200e+02 5.982337100627603377e+02
4.707861134722342058e+02 5.992173692448672000e+02
4.714789047706582323e+02 6.001990039883601185e+02
4.721661062488726088e+02 6.011778045639315451e+02
4.728474222631915609e+02 6.021528211314673626e+02
4.735225203180929725e+02 6.031230571655797803e+02
4.741910663108208723e+02 6.040875156806574751e+02
4.748526933606694911e+02 6.050451908183119940e+02
4.755070036961253663e+02 6.059950683582155762e+02
4.761535984624044318e+02 6.069361339516533462e+02
4.767921411371246450e+02 6.078674751378032397e+02
4.774224591411965548e+02 6.087884474358352236e+02
4.780444065280349832e+02 6.096984498981330489e+02
4.786597306594612746e+02 6.105996933973362957e+02
4.792860475226917742e+02 6.115179558711091659e+02
4.799488921427789592e+02 6.124907761043839400e+02
4.806747400889353230e+02 6.135570817171251292e+02
4.815286284489397985e+02 6.148127197202854859e+02
4.826283038737117863e+02 6.164313399797046031e+02
4.840953117997824506e+02 6.185921996238909060e+02
