2.016289968522067610e+01 1.177881445094623700e+02
2.210430439776652278e+01 1.179271778921564930e+02
2.362924325104258116e+01 1.180513177424673614e+02
2.487392071326682697e+01 1.181665472526506733e+02
2.597226726190858059e+01 1.182787427378317915e+02
2.700769975717784632e+01 1.183914063827842824e+02
2.801409534000694634e+01 1.185057120149490402e+02
2.902325194204999192e+01 1.186227357404747238e+02
3.006028007989214146e+01 1.187435998162676043e+02
3.112471163273593788e+01 1.188696030208761556e+02
3.220996386822683633e+01 1.190020863306115615e+02
3.330952171336625156e+01 1.191423605855706711e+02
3.441827410845529300e+01 1.192911112630243196e+02
3.553243434500874542e+01 1.194484339597791376e+02
3.664826744005062409e+01 1.196144012302152646e+02
3.776267950352409031e+01 1.197886637324019716e+02
3.887492156640882257e+01 1.199693289572553709e+02
3.998478064894069206e+01 1.201541516669634433e+02
4.109205770007638137e+01 1.203409304311889372e+02
4.219682417751121051e+01 1.205283146015790408e+02
4.329939694785919357e+01 1.207157253698621560e+02
4.440010176845564160e+01 1.209026119156725940e+02
4.549922492021352127e+01 1.210886235548003356e+02
4.659691458645036732e+01 1.212741097252920497e+02
4.769328877040583592e+01 1.214595728710749825e+02
4.878849390356842974e+01 1.216454387664917363e+02
4.988319401775358131e+01 1.218307372433413036e+02
5.097850475562474770e+01 1.220132801612471951e+02
5.207555689545105082e+01 1.221908385454395471e+02
5.317538204445889249e+01 1.223613703409588140e+02
5.427867995628976416e+01 1.225234589779420702e+02
5.538608105122840186e+01 1.226758185675956270e+02
5.649816282599307726e+01 1.228172911770885065e+02
5.761459795232924819e+01 1.229489065143328617e+02
5.873429987372244199e+01 1.230735299115052044e+02
5.985615863655241498e+01 1.231940832748746715e+02
6.097943963687646374e+01 1.233125981135395648e+02
6.210460997719189891e+01 1.234282552720613495e+02
6.323237675145934844e+01 1.235396662919417423e+02
6.436345439077301478e+01 1.236454110563107349e+02
6.549867529378862230e+01 1.237435604401323417e+02
6.663896704646928981e+01 1.238317746027802144e+02
6.778525970585107530e+01 1.239077023686103018e+02
6.893804457679411257e+01 1.239696766791198002e+02
7.009646870977299216e+01 1.240181264824316543e+02
7.125942258528175444e+01 1.240538807792068496e+02
7.242577145353546086e+01 1.240777200567175669e+02
7.359399854560432175e+01 1.240896902466122924e+02
7.476229069512518777e+01 1.240892673604071490e+02
7.592882701124231914e+01 1.240759121716434237e+02
7.709182781360664194e+01 1.240487112329506232e+02
7.824963428055832537e+01 1.240056536135083149e+02
7.940060963185231913e+01 1.239445282306658669e+02
8.054319683868584434e+01 1.238632599422000453e+02
8.167697753321945697e+01 1.237617145119538975e+02
8.280238275179358709e+01 1.236412055567997186e+02
8.391986439659864061e+01 1.235030824990365090e+02
8.503030724058416467e+01 1.233496281867130477e+02
8.613581154313283150e+01 1.231857464957762431e+02
8.723868932362270812e+01 1.230167979332305919e+02
8.834121074426386144e+01 1.228480425883295624e+02
8.944508174916012422e+01 1.226833869586720880e+02
9.055160366086400359e+01 1.225257668315073545e+02
9.166206776396309408e+01 1.223780939434903701e+02
9.277704134101574596e+01 1.222415616878512878e+02
9.389514464773188251e+01 1.221127423923425681e+02
9.501467399017241178e+01 1.219874395239582583e+02
9.613394182220781659e+01 1.218614992407408124e+02
9.725146633152989750e+01 1.217313116130489306e+02
9.836590752493705736e+01 1.215936416479353568e+02
9.947592884348507880e+01 1.214452632967202135e+02
1.005804772916332581e+02 1.212836390448995445e+02
1.016792304127433653e+02 1.211080052352261447e+02
1.027719817946588279e+02 1.209178799837371230e+02
1.038585712292666017e+02 1.207128910305452223e+02
1.049393954992196427e+02 1.204939876364147153e+02
1.060152204011806418e+02 1.202629945876385875e+02
1.070868182150994983e+02 1.200217519865827995e+02
1.081549202812897903e+02 1.197719794551898929e+02
1.092201568706543640e+02 1.195150991802878195e+02
1.102831429317898113e+02 1.192524882570006213e+02
1.113443908026526685e+02 1.189852725027511866e+02
1.124032412548570932e+02 1.187117087488860676e+02
1.134582891952394164e+02 1.184282273184398662e+02
1.145081172826982225e+02 1.181312286775341391e+02
1.155512356410600034e+02 1.178169740391436733e+02
1.165859827505783528e+02 1.174813950941659755e+02
1.176106722666717275e+02 1.171203758746722059e+02
1.186237240493682634e+02 1.167300899879641634e+02
1.196247075044456665e+02 1.163098453683455773e+02
1.206138951816795384e+02 1.158608671275959523e+02
1.215915687491928594e+02 1.153844070405729099e+02
1.225577839328283432e+02 1.148815133854727151e+02
1.235120838326747617e+02 1.143527727401431662e+02
1.244539408474559679e+02 1.137987080047012824e+02
1.253827253721095474e+02 1.132196640351651098e+02
1.262967602327195920e+02 1.126141571921663314e+02
1.271937527301196980e+02 1.119796294581923206e+02
1.280714057837228097e+02 1.113135153362302106e+02
1.289280820746549239e+02 1.106144328083340298e+02
1.297635798750268918e+02 1.098835750164156764e+02
1.305778861792355201e+02 1.091224736319963284e+02
1.313712195400383393e+02 1.083328571873717721e+02
1.321460566962543624e+02 1.075183740257061942e+02
1.329061487198323448e+02 1.066837558723677546e+02
1.336552595090241198e+02 1.058337438596157085e+02
1.343969083121865538e+02 1.049726324798738801e+02
1.351341037039743753e+02 1.041037839250709567e+02
1.358697903033276191e+02 1.032304436277560455e+02
1.366068192101508885e+02 1.023557330262277247e+02
1.373471748463121571e+02 1.014816244548281929e+02
1.380923720099208651e+02 1.006094675870081403e+02
1.388439111995379847e+02 9.974060032393478537e+01
1.396019825505316021e+02 9.887559773624639092e+01
1.403641516450973654e+02 9.801350700575142127e+01
1.411276711017127354e+02 9.715319312180972133e+01
1.418895257506249550e+02 9.629339816520473505e+01
1.426443404301146245e+02 9.543178103523595723e+01
1.433855123258145454e+02 9.456543716715880521e+01
1.441064378727064934e+02 9.369146132365762014e+01
1.448016536025397727e+02 9.280743328279743309e+01
1.454678877249922095e+02 9.191186519745164674e+01
1.461021171393823579e+02 9.100337501704017029e+01
1.467020169665933622e+02 9.008087401969150676e+01
1.472711177015265775e+02 8.914573337504383232e+01
1.478158732573142515e+02 8.820055240514061268e+01
1.483427610619218058e+02 8.724794028564838300e+01
1.488584566036573165e+02 8.629058685077993118e+01
1.493700008858728552e+02 8.533133078792965875e+01
1.498844743528813126e+02 8.437302684651903917e+01
1.504084679679009184e+02 8.341832398863245146e+01
1.509446642846657198e+02 8.246822800527229447e+01
1.514938734441215331e+02 8.152295748882225723e+01
1.520568830725289331e+02 8.058272183682313994e+01
1.526335255210938726e+02 7.964735285664265518e+01
1.532219403428335340e+02 7.871601324578591630e+01
1.538200935082689682e+02 7.778779709005874565e+01
1.544262174354817887e+02 7.686194015153668602e+01
1.550405713816945479e+02 7.593875590908217532e+01
1.556643460887084984e+02 7.501905313323953806e+01
1.562987422960657398e+02 7.410364912797203374e+01
1.569453591020946988e+02 7.319382497688621925e+01
1.576064735761038378e+02 7.229165107500813292e+01
1.582844288027346238e+02 7.139927467412888973e+01
1.589814891209717587e+02 7.051889610397279284e+01
1.596993479182790452e+02 6.965310053995362694e+01
1.604394469324763577e+02 6.880464278008385293e+01
1.612032122106271572e+02 6.797626990733704133e+01
1.619910544088014319e+02 6.717014062032664867e+01
1.628017241555302235e+02 6.638745168847060540e+01
1.636338187121760086e+02 6.562931101015698232e+01
1.644858064150280939e+02 6.489650511379387865e+01
1.653552641882046430e+02 6.418759851538598582e+01
1.662393922528395933e+02 6.350021672793735661e+01
1.671353946506153534e+02 6.283198077290361283e+01
1.680407963841249455e+02 6.218043990116395037e+01
1.689536266049854589e+02 6.154303063003755625e+01
1.698719586202769847e+02 6.091717960317082969e+01
1.707940396295119854e+02 6.030057125723918432e+01
1.717192638661593378e+02 5.969259049025450992e+01
1.726474901864916092e+02 5.909331099684978028e+01
1.735785859257524351e+02 5.850282144909169801e+01
1.745128188367610846e+02 5.792193874945765231e+01
1.754510610637318280e+02 5.735257899341833365e+01
1.763942348869458385e+02 5.679674945777838246e+01
1.773432020757581711e+02 5.625630686286307025e+01
1.782984434629637462e+02 5.573216012550282272e+01
1.792602920183662434e+02 5.522485026646678818e+01
1.802290708561481836e+02 5.473489547229456775e+01
1.812046217699021895e+02 5.426170159630019896e+01
1.821860883121551353e+02 5.380306085474629896e+01
1.831725592313005109e+02 5.335663881139063847e+01
1.841630766725302522e+02 5.291999979546059762e+01
1.851564026829250906e+02 5.249009968869985698e+01
1.861511951550692459e+02 5.206366812162539759e+01
1.871461148539871715e+02 5.163744205698404244e+01
1.881399621871301804e+02 5.120851187505557078e+01
1.891317322841177031e+02 5.077446077359432763e+01
1.901204347202567533e+02 5.033290851058498561e+01
1.911051364800893850e+02 4.988161371471976935e+01
1.920852340728455090e+02 4.941913212209900053e+01
1.930602413612673161e+02 4.894430334240589531e+01
1.940296858456844689e+02 4.845599983665702837e+01
1.949936586163017580e+02 4.795445162687143892e+01
1.959530062785494806e+02 4.744170860098792275e+01
1.969086283538976829e+02 4.691994810976049024e+01
1.978613883014228634e+02 4.639126013448964869e+01
1.988119518409152420e+02 4.585725558751568087e+01
1.997609172668421422e+02 4.531938202780607838e+01
2.007088828215284479e+02 4.477908698028103629e+01
2.016564469430018676e+02 4.423782196889854390e+01
2.026042083215261869e+02 4.369704367187489424e+01
2.035527656640240934e+02 4.315820910783699560e+01
2.045026126310432346e+02 4.262252404558640961e+01
2.054536925106745855e+02 4.208987787357847310e+01
2.064057689545392975e+02 4.155973032592094540e+01
2.073586064252563119e+02 4.103154322577409374e+01
2.083120013208743444e+02 4.050486001370612144e+01
2.092657896176684176e+02 3.997932528039502387e+01
2.102198097535285513e+02 3.945458990767087215e+01
2.111739171201606666e+02 3.893033938938684457e+01
2.121280520019132325e+02 3.840643253177371719e+01
2.130821811991165760e+02 3.788278227470319592e+01
2.140362587842219568e+02 3.735926832093325345e+01
2.149898277373278290e+02 3.683469702534583945e+01
2.159419411112646685e+02 3.630659555971816133e+01
2.168916233028253941e+02 3.577241627590736783e+01
2.178379885268461749e+02 3.522978162414973013e+01
2.187805808985882834e+02 3.467712820474618951e+01
2.197190730046490046e+02 3.411313591840032444e+01
2.206531717717641072e+02 3.353656424792227853e+01
2.215836068704953448e+02 3.294854314054505551e+01
2.225122801587892525e+02 3.235291938071979700e+01
2.234411578748348006e+02 3.175368897020006642e+01
2.243722169343483870e+02 3.115497637023944577e+01
2.253074831111317167e+02 3.056149384534905877e+01
2.262489961455034972e+02 2.997812168881380046e+01
2.271987551091125113e+02 2.940969156865471135e+01
2.281576368659088416e+02 2.885969306284599156e+01
2.291252812955035836e+02 2.833013639364919811e+01
2.301012645841513518e+02 2.782295561006510098e+01
2.310846151248390470e+02 2.733966511070303085e+01
2.320719647476697389e+02 2.687994334873234692e+01
2.330592900711333471e+02 2.644296683648793689e+01
2.340425234400410943e+02 2.602789309242928439e+01
2.350164637069302671e+02 2.563339349262369282e+01
2.359747080504845087e+02 2.525762402841480636e+01
2.369107957407626941e+02 2.489871585477298765e+01
2.378237373601363629e+02 2.455317584527259456e+01
2.387354310795573156e+02 2.421071618106198997e+01
2.396737589229277887e+02 2.385927260274498707e+01
2.406684429944409658e+02 2.348603705247245443e+01
2.417930475702598301e+02 2.306047951242726057e+01
2.431658409888026426e+02 2.253399961001524687e+01
2.449071040482860155e+02 2.185718349259827775e+01
