5.603166767574528961e+01 4.558759697086825895e+02
5.775883203624377416e+01 4.541614635556540520e+02
5.908410715339530128e+01 4.528510667891800381e+02
6.014168618669541644e+01 4.518110448868652611e+02
6.106217445073585992e+01 4.509112869509819461e+02
6.192075397938480563e+01 4.500776580728990552e+02
6.274903485153990346e+01 4.492800298200452858e+02
6.357741835220046767e+01 4.484894928083480181e+02
6.442730279655120285e+01 4.476857579875214128e+02
6.529907497914570058e+01 4.468686548153872309e+02
6.619012963297289787e+01 4.460408776454536905e+02
6.709781226089110362e+01 4.452049499728473734e+02
6.801907511956905239e+01 4.443620304901457416e+02
6.895068200967347138e+01 4.435126238334121354e+02
6.988940486049175149e+01 4.426572225161571623e+02
7.083245675089725069e+01 4.417959394713845995e+02
7.177767432924696323e+01 4.409283510911404278e+02
7.272294141592659855e+01 4.400539931790104333e+02
7.366638555556593815e+01 4.391725521593396024e+02
7.460723360831751449e+01 4.382843938297535260e+02
7.554502223774935032e+01 4.373900754453420063e+02
7.647930819756891196e+01 4.364901583476229803e+02
7.741001407954624369e+01 4.355852781580585997e+02
7.833738187176680867e+01 4.346761353484995993e+02
7.926166434636596136e+01 4.337634324344804782e+02
8.018314092993428233e+01 4.328478047642188358e+02
8.110216076146477349e+01 4.319297120156720098e+02
8.201908423614331411e+01 4.310095855019984583e+02
8.293426616472096669e+01 4.300878437407512820e+02
8.384801041408613287e+01 4.291647885219118166e+02
8.476059359502158941e+01 4.282406591836007124e+02
8.567229198745444307e+01 4.273156953269930227e+02
8.658337731018741579e+01 4.263901897912398340e+02
8.749411411077366552e+01 4.254645191191507365e+02
8.840476630786648116e+01 4.245390671941284495e+02
8.931561953608428439e+01 4.236142906027561139e+02
9.022706995354570836e+01 4.226910159547741159e+02
9.113954879196448644e+01 4.217701872832976164e+02
9.205349373674596336e+01 4.208527661778240940e+02
9.296948255659307847e+01 4.199400951103025363e+02
9.388822878604058531e+01 4.190338856960689213e+02
9.481045155505906052e+01 4.181358647641837933e+02
9.573689357664990496e+01 4.172478231411643605e+02
9.666836682270972858e+01 4.163717396019368380e+02
9.760569591456928151e+01 4.155096272482967947e+02
9.854966962565966071e+01 4.146634127639613894e+02
9.950070142424340247e+01 4.138341180892251714e+02
1.004589809679086301e+02 4.130222256268206138e+02
1.014246913415298508e+02 4.122282018939707768e+02
1.023977092509442173e+02 4.114517713416513516e+02
1.033773749452369799e+02 4.106913590941866232e+02
1.043629744958393530e+02 4.099452590547549562e+02
1.053537383610316880e+02 4.092116301150923618e+02
1.063485771973622889e+02 4.084878547877431174e+02
1.073462875729431545e+02 4.077710386139937100e+02
1.083456674365597934e+02 4.070582903605318847e+02
1.093455548057793436e+02 4.063468127390665359e+02
1.103448308039679659e+02 4.056339095269014479e+02
1.113423787175965032e+02 4.049168895747483248e+02
1.123372333069263789e+02 4.041934251706314285e+02
1.133289297816424011e+02 4.034623893515149007e+02
1.143171065606218946e+02 4.027229027884346237e+02
1.153014414024276419e+02 4.019741799970245779e+02
1.162820875562685643e+02 4.012165697731758200e+02
1.172595138921204949e+02 4.004511738243406853e+02
1.182341958871507472e+02 3.996791095516126120e+02
1.192067243596312949e+02 3.989017611356186990e+02
1.201779153717552333e+02 3.981210337375011932e+02
1.211486110379077275e+02 3.973388927761194509e+02
1.221196294540808367e+02 3.965572421579349225e+02
1.230916323490311015e+02 3.957775853245002509e+02
1.240652188626063861e+02 3.950012654238032042e+02
1.250409833319018986e+02 3.942296142900507903e+02
1.260193697552451795e+02 3.934636107116420476e+02
1.270006425691933032e+02 3.927038118057641896e+02
1.279850556700824740e+02 3.919507499379882347e+02
1.289727865929652353e+02 3.912048056907669888e+02
1.299637286331382029e+02 3.904657946639551938e+02
1.309577089640215775e+02 3.897334010271317197e+02
1.319545318711412563e+02 3.890072715410394721e+02
1.329536799654730714e+02 3.882865272094281863e+02
1.339543984552910842e+02 3.875699010161347360e+02
1.349559256949677319e+02 3.868561148596129442e+02
1.359572487664045752e+02 3.861435023793016512e+02
1.369568065411127407e+02 3.854295501356696150e+02
1.379529656003732043e+02 3.847116329883961043e+02
1.389440802927046263e+02 3.839871553719798385e+02
1.399284145588661659e+02 3.832537402973283633e+02
1.409041918185916700e+02 3.825091087419418727e+02
1.418696444847762450e+02 3.817510000095525129e+02
1.428233794827146426e+02 3.809778818576398862e+02
1.437645005993425116e+02 3.801891884755681303e+02
1.446921458903650262e+02 3.793844207079411603e+02
1.456056851626270259e+02 3.785631590592311682e+02
1.465054608159031773e+02 3.777253183434854691e+02
1.473920703502404308e+02 3.768709010604223977e+02
1.482661318536262911e+02 3.759999521248064411e+02
1.491286027560492187e+02 3.751132155882125403e+02
1.499807187088646003e+02 3.742120087138970916e+02
1.508237229867493738e+02 3.732976658152713298e+02
1.516586635641827741e+02 3.723715651192401310e+02
1.524861114825053505e+02 3.714351920917184771e+02
1.533065663425411174e+02 3.704900482621113724e+02
1.541206001612508203e+02 3.695376371349431679e+02
1.549293946490010967e+02 3.685794788438696514e+02
1.557344369224262834e+02 3.676171018523745602e+02
1.565372146773017334e+02 3.666520304051471726e+02
1.573391260106727145e+02 3.656855632955085298e+02
1.581414368795458927e+02 3.647186668215267105e+02
1.589454026266471374e+02 3.637522805732555753e+02
1.597520807423157692e+02 3.627872166918102721e+02
1.605615922443903969e+02 3.618236840785428967e+02
1.613737813559154688e+02 3.608617133341871295e+02
1.621884632016160310e+02 3.599013194823247090e+02
1.630048853324105380e+02 3.589422137960576720e+02
1.638217786197977546e+02 3.579838310353372890e+02
1.646378555201516747e+02 3.570255960437307863e+02
1.654521243473320169e+02 3.560670504310298838e+02
1.662644037307876488e+02 3.551080556146921481e+02
1.670746497834382751e+02 3.541485272728464224e+02
1.678828317142447304e+02 3.531883876769967969e+02
1.686890448848569690e+02 3.522276226118868294e+02
1.694934551581766300e+02 3.512662533570475603e+02
1.702962325996205664e+02 3.503043031290334284e+02
1.710977887696864457e+02 3.493419041487878758e+02
1.718989315638336848e+02 3.483793675322041850e+02
1.727005056807349774e+02 3.474170210071565066e+02
1.735032986233834436e+02 3.464551706899122223e+02
1.743077922869442205e+02 3.454940072216468820e+02
1.751143669134869754e+02 3.445336828335232440e+02
1.759233671983628255e+02 3.435743351853966487e+02
1.767343063044212386e+02 3.426157610239180258e+02
1.775458571396802085e+02 3.416574126065368091e+02
1.783566553008261906e+02 3.406987268935159818e+02
1.791651693231649745e+02 3.397390719400211765e+02
1.799693535565750722e+02 3.387776037234950195e+02
1.807670637470426414e+02 3.378134375518325783e+02
1.815561540184183116e+02 3.368456880079655775e+02
1.823344605213070793e+02 3.358734616422456156e+02
1.830998082171133490e+02 3.348958600043596903e+02
1.838500238551622203e+02 3.339119853746715876e+02
1.845831264990274292e+02 3.329210192626890716e+02
1.852974869036191592e+02 3.319222880668383482e+02
1.859915133445798574e+02 3.309151336432432231e+02
1.866637511580041462e+02 3.298989545237403718e+02
1.873135737240656340e+02 3.288734916437371112e+02
1.879406638190822605e+02 3.278386138766906583e+02
1.885447428722514474e+02 3.267942061000862282e+02
1.891266207013946996e+02 3.257406038413516853e+02
1.896883279715467552e+02 3.246786481226573073e+02
1.902319600985544810e+02 3.236092067764075182e+02
1.907599368905740107e+02 3.225332819891606277e+02
1.912758021038661695e+02 3.214523414551084102e+02
1.917833427512118476e+02 3.203679536184391736e+02
1.922862844492268835e+02 3.192816614947691960e+02
1.927875653217758440e+02 3.181946819422765884e+02
1.932895780621454946e+02 3.171080059170727168e+02
1.937947024499152917e+02 3.160226190268404025e+02
1.943050287300273737e+02 3.149393869719805821e+02
1.948220562269425216e+02 3.138589307302948441e+02
1.953472122024606961e+02 3.127818414357021197e+02
1.958819123007643555e+02 3.117087054142281772e+02
1.964274926250750184e+02 3.106400760742714624e+02
1.969852559593936974e+02 3.095764930352373767e+02
1.975564933044858833e+02 3.085184910360210893e+02
1.981420821040663895e+02 3.074664335225008358e+02
1.987423846961800109e+02 3.064204705866685572e+02
1.993577311314574843e+02 3.053807389472491991e+02
1.999880356744360768e+02 3.043472030991517272e+02
2.006315888825305933e+02 3.033191549774234090e+02
2.012862850129953642e+02 3.022957223646128568e+02
2.019499829844986607e+02 3.012760184054213823e+02
2.026200129457525065e+02 3.002589372189816572e+02
2.032932979973099918e+02 2.992432043181100312e+02
2.039667530578742003e+02 2.982275418265481903e+02
2.046378315885190204e+02 2.972108949385581695e+02
2.053052159076226246e+02 2.961927178554057605e+02
2.059677589206939672e+02 2.951725354375326447e+02
2.066244401238789692e+02 2.941499249807681622e+02
2.072752242012232955e+02 2.931248718577994055e+02
2.079205375866357031e+02 2.920975527037453503e+02
2.085608114995948768e+02 2.910681461359617970e+02
2.091965734016565079e+02 2.900368706362525018e+02
2.098284839445784939e+02 2.890039998551576446e+02
2.104572135533575192e+02 2.879698114913925338e+02
2.110833668407791492e+02 2.869345559833519701e+02
2.117072586295579981e+02 2.858983637344067574e+02
2.123291240039736181e+02 2.848613321191742216e+02
2.129491836983776238e+02 2.838235525683425067e+02
2.135674056761195914e+02 2.827850118115181317e+02
2.141835417879565000e+02 2.817456070616231045e+02
2.147973367532968894e+02 2.807052325776809880e+02
2.154084611229672817e+02 2.796637518971336362e+02
2.160163958659217087e+02 2.786209500301705475e+02
2.166205920932348761e+02 2.775765996194631953e+02
2.172204264929688975e+02 2.765304424806679435e+02
2.178146148662964379e+02 2.754819466811807729e+02
2.184015270805275009e+02 2.744304369979281546e+02
2.189795423282679963e+02 2.733752420704996666e+02
2.195477671925897312e+02 2.723159918334326903e+02
2.201064277128548952e+02 2.712527799151679915e+02
2.206558452968793347e+02 2.701857394470470126e+02
2.211965167351138462e+02 2.691150762062987383e+02
2.217298100521615254e+02 2.680413568472620796e+02
2.222573632953838114e+02 2.669652598713975067e+02
2.227807899270607379e+02 2.658874535966940016e+02
2.233011859976966491e+02 2.648083920222097731e+02
2.238191564522390138e+02 2.637283257244632750e+02
2.243352866513931758e+02 2.626474971679158443e+02
2.248499835962603015e+02 2.615660749380258494e+02
2.253631425621517792e+02 2.604840156563863616e+02
2.258745676233759809e+02 2.594012381678797396e+02
2.263841328065573464e+02 2.583176902925878835e+02
2.268924242861601215e+02 2.572336148319034237e+02
2.274004438532130621e+02 2.561494267412462591e+02
2.279091934439533418e+02 2.550655410361843280e+02
2.284192709851873531e+02 2.539822053861322786e+02
2.289305821443945490e+02 2.528993807173584116e+02
2.294429645903320250e+02 2.518169997901435977e+02
2.299561095122418806e+02 2.507349346909601309e+02
2.304688862076858697e+02 2.496527170675614968e+02
2.309798775077669859e+02 2.485697599093955432e+02
2.314876686553926390e+02 2.474854772049110920e+02
2.319909133830499286e+02 2.463993113118350777e+02
2.324883375814705460e+02 2.453107344767822156e+02
2.329786706664883127e+02 2.442192204065105443e+02
2.334609224030484711e+02 2.431243589321819911e+02
2.339350071084447507e+02 2.420261145628091128e+02
2.344010211896813303e+02 2.409245272314319095e+02
2.348590873034880246e+02 2.398196477440847048e+02
2.353096362317612318e+02 2.387116545364456215e+02
2.357532989672584449e+02 2.376008089742605591e+02
2.361907108025543494e+02 2.364873742043182858e+02
2.366226095566498486e+02 2.353716558412418465e+02
2.370499289194295613e+02 2.342540406320280226e+02
2.374736246379579825e+02 2.331349244600563395e+02
2.378947486762174321e+02 2.320147430630570966e+02
2.383149639251577696e+02 2.308941852329896278e+02
2.387361722837428886e+02 2.297740387621711591e+02
2.391602699279562501e+02 2.286550890723842713e+02
2.395889581091859668e+02 2.275380408450421328e+02
2.400237100898596054e+02 2.264235043254872153e+02
2.404659861779157950e+02 2.253120843931400259e+02
2.409167907763641949e+02 2.242041970854199917e+02
2.413754714119310449e+02 2.230995721391342670e+02
2.418409993296738207e+02 2.219977834301228370e+02
2.423123119571435780e+02 2.208983908265513492e+02
2.427878858551812584e+02 2.198007632992834885e+02
2.432658645663656785e+02 2.187041318784588100e+02
2.437443873729685038e+02 2.176077258295387082e+02
2.442221409383816706e+02 2.165110011506569663e+02
2.446989798164492527e+02 2.154138975959877769e+02
2.451749086278159098e+02 2.143164170794061079e+02
2.456500410120565618e+02 2.132186066719114024e+02
2.461252759476406027e+02 2.121208387425607214e+02
2.466018565850323228e+02 2.110236282211353682e+02
2.470810217542855582e+02 2.099274882478441668e+02
2.475637854648967391e+02 2.088328388391891508e+02
2.480508696765065508e+02 2.077399790406834654e+02
2.485429768305724281e+02 2.066491998131450032e+02
2.490405935800242219e+02 2.055607027348431188e+02
2.495433224566033061e+02 2.044743231690012522e+02
2.500505395932811155e+02 2.033898027013865999e+02
2.505616250080132090e+02 2.023068845269746703e+02
2.510760207010636691e+02 2.012253375145751875e+02
2.515932184357302503e+02 2.001449511454577532e+02
2.521127123845291464e+02 1.990655158988211610e+02
2.526342925044725121e+02 1.979869447717835271e+02
2.531584548610164234e+02 1.969094432410846025e+02
2.536857986526163415e+02 1.958332595025402156e+02
2.542169187270268651e+02 1.947586399498541141e+02
2.547523742558516915e+02 1.936858161992421401e+02
2.552927069303704286e+02 1.926150126263604534e+02
2.558384596736458434e+02 1.915464541170905193e+02
2.563902428795904598e+02 1.904803935048248889e+02
2.569487643565411190e+02 1.894171239735772190e+02
2.575147395076625116e+02 1.883569418532608779e+02
2.580889424119786213e+02 1.873001677783157675e+02
2.586724182558249368e+02 1.862472346803837695e+02
2.592662904721447603e+02 1.851986079021655200e+02
2.598716379451976763e+02 1.841547343337500706e+02
2.604886990674717708e+02 1.831157127232063999e+02
2.611169629307457285e+02 1.820813314490423807e+02
2.617558918058501263e+02 1.810513677801998256e+02
2.624046131873239460e+02 1.800254603171669316e+02
2.630613586001504132e+02 1.790028765388328225e+02
2.637242112656226141e+02 1.779828224948758759e+02
2.643913478081548760e+02 1.769645429237162375e+02
2.650618203432905489e+02 1.759476452031549343e+02
2.657351597285882576e+02 1.749319350119260719e+02
2.664109082813928921e+02 1.739172227755033475e+02
2.670890443857571768e+02 1.729034995405019686e+02
2.677702468809650895e+02 1.718910464858060152e+02
2.684552578243278731e+02 1.708801709755418017e+02
2.691448148339504201e+02 1.698711785318453735e+02
2.698396323790008751e+02 1.688643650715060858e+02
2.705404174074435559e+02 1.678600233904891752e+02
2.712478451018182000e+02 1.668584331262789817e+02
2.719618736717697516e+02 1.658595769182214212e+02
2.726817517966411515e+02 1.648631434905359754e+02
2.734066979588496906e+02 1.638688090586911130e+02
2.741360433425043084e+02 1.628762965137107415e+02
2.748694579558188593e+02 1.618854690710719808e+02
2.756066752192412537e+02 1.608962162085132945e+02
2.763474799598660070e+02 1.599084486988166134e+02
2.770922106045778150e+02 1.589223066417571886e+02
2.778415429000516497e+02 1.579380698707854833e+02
2.785961594840179032e+02 1.569560210746047630e+02
2.793569349251699805e+02 1.559765225086368332e+02
2.801250872273384402e+02 1.550000788024496501e+02
2.809018700467103145e+02 1.540272093656181482e+02
2.816884437546125355e+02 1.530583950202860422e+02
2.824854189095424886e+02 1.520938891576414846e+02
2.832932053256903373e+02 1.511338621306693426e+02
2.841121769757462516e+02 1.501784694582649706e+02
2.849417335006462508e+02 1.492274634007891336e+02
2.857802042351327714e+02 1.482801532379599792e+02
2.866258637244771421e+02 1.473358255731288580e+02
2.874770199872619401e+02 1.463937809861666324e+02
2.883320942914374996e+02 1.454533673433321610e+02
2.891895318316124417e+02 1.445139425012735046e+02
2.900478838823878505e+02 1.435749082279988329e+02
2.909070223367282324e+02 1.426362129558544325e+02
2.917677145446454006e+02 1.416981757878108397e+02
2.926307444782344191e+02 1.407611226990112527e+02
2.934968450396700064e+02 1.398253573903225515e+02
2.943666471784256373e+02 1.388911390956822345e+02
2.952407697345756787e+02 1.379587217674825013e+02
2.961196691887615771e+02 1.370282913071093844e+02
2.970027181185766381e+02 1.360995793110062380e+02
2.978888452522301122e+02 1.351721313414789165e+02
2.987769731360392598e+02 1.342454902284049751e+02
2.996658601518724367e+02 1.333191252044795192e+02
3.005540644529345400e+02 1.323924157371309889e+02
3.014401320457726570e+02 1.314647358482436914e+02
3.023227788463927936e+02 1.305355279750831130e+02
3.032013685660257352e+02 1.296044953947625231e+02
3.040754192736778236e+02 1.286714035377690948e+02
3.049445280310268913e+02 1.277360509281331531e+02
3.058094372116023578e+02 1.267987159119636971e+02
3.066717524745154151e+02 1.258600385040987817e+02
3.075330999585197560e+02 1.249206673888630377e+02
3.083949593081902094e+02 1.239812088841702291e+02
3.092584833202375876e+02 1.230421747828754491e+02
3.101247805667156285e+02 1.221040640879736543e+02
3.109947963150990518e+02 1.211673207255640392e+02
3.118682374183929937e+02 1.202319709480621697e+02
3.127442431017921081e+02 1.192978495669693331e+02
3.136219469886820548e+02 1.183647915790267859e+02
3.145003695036112390e+02 1.174326826307524243e+02
3.153783776896177073e+02 1.165014769978070603e+02
3.162548276762869364e+02 1.155711338389749159e+02
3.171288066918869504e+02 1.146417416916146692e+02
3.180003953943437409e+02 1.137139452559829778e+02
3.188699413274156313e+02 1.127885386460332029e+02
3.197378528324728109e+02 1.118663363076557857e+02
3.206055740288203992e+02 1.109484990583906097e+02
3.214754162447329122e+02 1.100364777167432919e+02
3.223497164030774798e+02 1.091317308221166229e+02
3.232303770385836970e+02 1.082352556146999802e+02
3.241182154446274808e+02 1.073468968608007970e+02
3.250138822188349650e+02 1.064663223038939748e+02
3.259178932560829480e+02 1.055930779973464979e+02
3.268295998285154838e+02 1.047256578774198488e+02
3.277477568375875876e+02 1.038620171206675593e+02
3.286711178528022970e+02 1.030001187140684493e+02
3.295986311487724834e+02 1.021386030445728181e+02
3.305295383282699504e+02 1.012771310192730141e+02
3.314631052625508119e+02 1.004154479779251830e+02
3.323986749442354380e+02 9.955342385550925144e+01
3.333359643185075356e+02 9.869153273482142197e+01
3.342748035168384604e+02 9.783043155941319924e+01
3.352150144994513994e+02 9.697074373292923610e+01
3.361562533709360423e+02 9.611241312567292994e+01
3.370980220656003326e+02 9.525475195110119842e+01
3.380398166519266852e+02 9.439704829867572755e+01
3.389811243753891290e+02 9.353848056698754476e+01
3.399214077496541222e+02 9.267791967972846123e+01
3.408601249875552526e+02 9.181418309106140896e+01
3.417967928253343644e+02 9.094622017150398108e+01
3.427315074868103011e+02 9.007428650204941789e+01
3.436646961504330307e+02 8.919938366139962227e+01
3.445967917143960904e+02 8.832252630075639388e+01
3.455283654302843388e+02 8.744505439813318048e+01
3.464602205526569492e+02 8.656885346778327062e+01
3.473931824962254495e+02 8.569586113176492859e+01
3.483280320344492225e+02 8.482790745107716646e+01
3.492653055184894697e+02 8.396623356234343305e+01
3.502054560723838676e+02 8.311188007023017121e+01
3.511489334007002299e+02 8.226587842062988898e+01
3.520961056445898976e+02 8.142904114119808412e+01
3.530472567880029828e+02 8.060195487957281557e+01
3.540026669827274191e+02 7.978519597705016508e+01
3.549627058268771975e+02 7.897952995014951227e+01
3.559280247807785145e+02 7.818631844212787030e+01
3.568993306858305345e+02 7.740704022488422709e+01
3.578773011668630488e+02 7.664309397847425487e+01
3.588622806966438930e+02 7.589496510792173467e+01
3.598544018534819315e+02 7.516255814861118267e+01
3.608537929976232022e+02 7.444576609114568555e+01
3.618604956959680976e+02 7.374424592934269640e+01
3.628743892916438654e+02 7.305721355997124533e+01
3.638953353449073802e+02 7.238383652701244841e+01
3.649231731925357849e+02 7.172327347728452196e+01
3.659576045357671319e+02 7.107462795526384980e+01
3.669982784510524993e+02 7.043698243711135376e+01
3.680448332272016501e+02 6.980941716537482478e+01
3.690965892038846050e+02 6.919094715901363202e+01
3.701525025403114455e+02 6.858051272957811761e+01
3.712115094062946241e+02 6.797705010356303035e+01
3.722724082632718137e+02 6.737974029463356374e+01
3.733335089242463027e+02 6.678863292642796523e+01
3.743930128661994559e+02 6.620397019815061412e+01
3.754490575617086279e+02 6.562600218814567654e+01
3.764989344058217284e+02 6.505508312951390337e+01
3.775393362287741184e+02 6.449164094053320184e+01
3.785669427597899812e+02 6.393610591993081016e+01
3.795783596844330532e+02 6.338903966061297979e+01
3.805700381833052575e+02 6.285127772360063148e+01
3.815384100946731678e+02 6.232368996773252690e+01
3.824833525818997373e+02 6.180535301418225913e+01
3.834289373370239673e+02 6.128275061148940495e+01
3.844096028701364389e+02 6.073697074202327428e+01
3.854611668515515248e+02 6.014830506573002111e+01
3.866691464727026641e+02 5.946826550593068816e+01
3.881822764352923514e+02 5.861175632344357211e+01
3.901533838480236795e+02 5.749131196962022727e+01
