4.520721235362580614e+01 4.698482130524031675e+01
4.731243844444324509e+01 4.787078557577985549e+01
4.893491278559105950e+01 4.854272082500783370e+01
5.022018679284048659e+01 4.906416609043679244e+01
5.131299516687081308e+01 4.949829886439967197e+01
5.231454783395117403e+01 4.988902899922007350e+01
5.326156578698707733e+01 5.025171824859329206e+01
5.418555623269124766e+01 5.059942031621758929e+01
5.511613507248795685e+01 5.094446493247013308e+01
5.606342772745276193e+01 5.129172106088438454e+01
5.702607701856844358e+01 5.164166223704543057e+01
5.800257795810001937e+01 5.199470541813977320e+01
5.899136630766688683e+01 5.235125680516867419e+01
5.999067421961734681e+01 5.271168563651451677e+01
6.099869014415320834e+01 5.307635321700263376e+01
6.201360820614950597e+01 5.344561721992111814e+01
6.303384181588815238e+01 5.381969498570067145e+01
6.405808848328281613e+01 5.419862204370831904e+01
6.508506462886006716e+01 5.458242182136409326e+01
6.611353740339083629e+01 5.497108578166987058e+01
6.714271363425918082e+01 5.536432835353598136e+01
6.817202574766920975e+01 5.576172181920789939e+01
6.920090810339542031e+01 5.616283725700277785e+01
7.022891284235706166e+01 5.656718985225863605e+01
7.125594052034712433e+01 5.697412945022173858e+01
7.228195581094982458e+01 5.738297546907486435e+01
7.330692870598244326e+01 5.779304400015323040e+01
7.433098440430896403e+01 5.820355404423922607e+01
7.535442413304973286e+01 5.861361448674971797e+01
7.637755862249741767e+01 5.902232826834391943e+01
7.740071715825698107e+01 5.942877753877083791e+01
7.842436527074099217e+01 5.983189178780038731e+01
7.944902920894695342e+01 6.023053247106550145e+01
8.047523553772138882e+01 6.062356068148397981e+01
8.150352661456288672e+01 6.100981603436866862e+01
8.253448513164026679e+01 6.138808329090663563e+01
8.356870012793115166e+01 6.175713858078666618e+01
8.460675703705973660e+01 6.211576599202953730e+01
8.564915934949411280e+01 6.246293049113718610e+01
8.669632915330517164e+01 6.279777672944014455e+01
8.774868503936387754e+01 6.311945707786714621e+01
8.880661024303978479e+01 6.342720281288814022e+01
8.987026683844915453e+01 6.372073879323758661e+01
9.093973155659590191e+01 6.399998034431645522e+01
9.201508009201317861e+01 6.426484518469074203e+01
9.309621379674292996e+01 6.451565644528703558e+01
9.418264834648647366e+01 6.475363410067834025e+01
9.527384774077735585e+01 6.498011829211101542e+01
9.636927329337380854e+01 6.519645462975921646e+01
9.746833763815149609e+01 6.540408784853229918e+01
9.857041105300437778e+01 6.560454893098946627e+01
9.967486240251393781e+01 6.579937173755689628e+01
1.007810819539386102e+02 6.599003647781762538e+01
1.018885744890814351e+02 6.617773630371824822e+01
1.029968829301578808e+02 6.636356875929168098e+01
1.041055508889538146e+02 6.654862970997669436e+01
1.052141993154319977e+02 6.673382697979388922e+01
1.063225978005869194e+02 6.691970698431616427e+01
1.074305327974308994e+02 6.710677514050652803e+01
1.085377918081049415e+02 6.729553439291380812e+01
1.096441777831016964e+02 6.748645127994265636e+01
1.107495054386474891e+02 6.767996461244607076e+01
1.118535897864100122e+02 6.787651250502848654e+01
1.129562422661877008e+02 6.807654217338516389e+01
1.140572579288701434e+02 6.828054259200403919e+01
1.151564271277170235e+02 6.848901470489110466e+01
1.162535407939233210e+02 6.870245807416787898e+01
1.173484329938258526e+02 6.892126911813586787e+01
1.184410100158026466e+02 6.914567155931061393e+01
1.195311850328743901e+02 6.937587265779875167e+01
1.206188784511227823e+02 6.961206229510332832e+01
1.217040984806496624e+02 6.985421938930751651e+01
1.227869117970947457e+02 7.010218238554355707e+01
1.238673861355472070e+02 7.035578718344441995e+01
1.249455985102198241e+02 7.061484742157497863e+01
1.260216624908938456e+02 7.087908903991669263e+01
1.270957006481238096e+02 7.114821638515861935e+01
1.281678357488976019e+02 7.142193333147270096e+01
1.292382006751765857e+02 7.169991942161834686e+01
1.303069430950718868e+02 7.198181863050048435e+01
1.313742118497863203e+02 7.226727211116954663e+01
1.324401594840740586e+02 7.255591207170125756e+01
1.335049760393351335e+02 7.284728015667218415e+01
1.345688733469338842e+02 7.314086538260772841e+01
1.356320635049609962e+02 7.343615612181723407e+01
1.366947428069759951e+02 7.373267887180402624e+01
1.377570540496629405e+02 7.403008918032463725e+01
1.388191287216624232e+02 7.432806987347348127e+01
1.398810975164722663e+02 7.462630569542065473e+01
1.409430613005169732e+02 7.492455334039567560e+01
1.420050828095588997e+02 7.522266148293694243e+01
1.430672222920337617e+02 7.552048479761165822e+01
1.441295280883214502e+02 7.581790670098132523e+01
1.451919470597952113e+02 7.611505554539564855e+01
1.462543747207201932e+02 7.641218361764907741e+01
1.473167061881432289e+02 7.670954416327646186e+01
1.483788375757129927e+02 7.700738801153673307e+01
1.494406679017781130e+02 7.730595894919953537e+01
1.505020967110025367e+02 7.760549948697584455e+01
1.515630249652927262e+02 7.790624871382891570e+01
1.526233939157188217e+02 7.820834844579519540e+01
1.536831899051766186e+02 7.851183163058269088e+01
1.547424016581577177e+02 7.881672546584765371e+01
1.558010230981953157e+02 7.912304459785288202e+01
1.568590857081734953e+02 7.943071299803902718e+01
1.579166374726388256e+02 7.973961479995556090e+01
1.589737265072206469e+02 8.004963382069762190e+01
1.600304246024745112e+02 8.036059672291600009e+01
1.610868631438471255e+02 8.067218629920640183e+01
1.621431827466825837e+02 8.098406305995564480e+01
1.631995217787141996e+02 8.129589294191735860e+01
1.642559687150476009e+02 8.160746233672944072e+01
1.653125631194250218e+02 8.191867572186581015e+01
1.663693425042548313e+02 8.222944252729854497e+01
1.674263428383869154e+02 8.253967590999806703e+01
1.684835905863404264e+02 8.284931197560386806e+01
1.695411085981220651e+02 8.315829555717310484e+01
1.705989196954367060e+02 8.346657155609503320e+01
1.716570426223354104e+02 8.377409471879569480e+01
1.727154872295288328e+02 8.408084126367086242e+01
1.737742621954610911e+02 8.438679023942239610e+01
1.748333782673867915e+02 8.469191570022618976e+01
1.758928828909321851e+02 8.499610310298504601e+01
1.769528550215140967e+02 8.529916183361133619e+01
1.780133746380789148e+02 8.560089880701025322e+01
1.790745235308661165e+02 8.590111656523322381e+01
1.801363930327200080e+02 8.619959461241887766e+01
1.811990776077831242e+02 8.649610489307403327e+01
1.822626717764332511e+02 8.679041921594058806e+01
1.833272760959399932e+02 8.708229481528398708e+01
1.843930025660002059e+02 8.737146130066071237e+01
1.854599644624369432e+02 8.765764520075781263e+01
1.865282699407037228e+02 8.794058540591410633e+01
1.875979532456917127e+02 8.822019924213711306e+01
1.886689930784523028e+02 8.849653812996652391e+01
1.897413667872486371e+02 8.876965675585729798e+01
1.908150065543757421e+02 8.903971884650472646e+01
1.918896404678532122e+02 8.930738085553335281e+01
1.929649389942428002e+02 8.957343834700546381e+01
1.940405718494879750e+02 8.983868869713717231e+01
1.951161552052461161e+02 9.010405854954393590e+01
1.961912167995382674e+02 9.037068804562258606e+01
1.972652760898180020e+02 9.063973731783653420e+01
1.983378793441745529e+02 9.091230177204768381e+01
1.994088922858614978e+02 9.118870558110339175e+01
2.004783904944092967e+02 9.146876627996616094e+01
2.015464532196708092e+02 9.175229254265569523e+01
2.026131828128313543e+02 9.203903727161934967e+01
2.036787712587965871e+02 9.232853697427290740e+01
2.047434322786611176e+02 9.262027568220942442e+01
2.058073793444681598e+02 9.291373802828431394e+01
2.068708135302282187e+02 9.320843857683311739e+01
2.079339180289422870e+02 9.350393506074030370e+01
2.089968746416561771e+02 9.379978857336524811e+01
2.100598586886196699e+02 9.409557585409633873e+01
2.111229810204460478e+02 9.439102928583133689e+01
2.121863155342409186e+02 9.468597046514815929e+01
2.132499356921975391e+02 9.498022203859636647e+01
2.143139280359519887e+02 9.527357507617085730e+01
2.153784227173422323e+02 9.556571536356860008e+01
2.164435589662970756e+02 9.585630677004685651e+01
2.175094760115061945e+02 9.614501316785222684e+01
2.185763130365370444e+02 9.643149853813123684e+01
2.196442091680370652e+02 9.671542699940248156e+01
2.207133035290155476e+02 9.699646267896491736e+01
2.217837268243862638e+02 9.727429002719888729e+01
2.228555392168607625e+02 9.754876379843167911e+01
2.239287656715541175e+02 9.781982372150901028e+01
2.250034308730410828e+02 9.808741020256032073e+01
2.260795383055906314e+02 9.835151482977890680e+01
2.271570305707773514e+02 9.861227617517769772e+01
2.282358394087062265e+02 9.886985903267566300e+01
2.293158940828364791e+02 9.912443417534311152e+01
2.303970552546213924e+02 9.937633799613006147e+01
2.314791078172768550e+02 9.962608980867761943e+01
2.325618327496899838e+02 9.987421837665183943e+01
2.336450047880380509e+02 1.001212675349617172e+02
2.347283542939055110e+02 1.003678882483143013e+02
2.358115924095420439e+02 1.006147778810195916e+02
2.368944302200744119e+02 1.008626339352946815e+02
2.379765860883521498e+02 1.011121363433697695e+02
2.390577964334488570e+02 1.013639214458707158e+02
2.401378004268097470e+02 1.016186189386070282e+02
2.412163355660917148e+02 1.018768625582699343e+02
2.422931030523469360e+02 1.021393736692895260e+02
2.433677689720144599e+02 1.024069584102566353e+02
2.444399979742241271e+02 1.026804263897319913e+02
2.455094469129133188e+02 1.029606060355405788e+02
2.465757253935012159e+02 1.032484398435498889e+02
2.476384253133376205e+02 1.035449130606983488e+02
2.486971387483432352e+02 1.038510105028169050e+02
2.497514955944199073e+02 1.041676256802702767e+02
2.508012070724324474e+02 1.044954557676910127e+02
2.518459949484278297e+02 1.048351724814033048e+02
2.528855923400422796e+02 1.051874201325713614e+02
2.539199294742732889e+02 1.055523671682921076e+02
2.549491035858224564e+02 1.059297788434187169e+02
2.559732171887738161e+02 1.063194076672491093e+02
2.569924089984982629e+02 1.067209187514387025e+02
2.580070055315755440e+02 1.071335238153930050e+02
2.590173940168004947e+02 1.075562880062570486e+02
2.600239625857406622e+02 1.079882742916893505e+02
2.610271916536194112e+02 1.084283228468916604e+02
2.620277341404012645e+02 1.088748573837730049e+02
2.630262618785081372e+02 1.093262559555298452e+02
2.640234500608027020e+02 1.097808885025312406e+02
2.650200214372083565e+02 1.102370101521551078e+02
2.660167340216401612e+02 1.106927908969062315e+02
2.670143466606979814e+02 1.111463987190077489e+02
2.680135903669329878e+02 1.115960687980026194e+02
2.690150722830456971e+02 1.120403353616192419e+02
2.700193651059666422e+02 1.124778157970074517e+02
2.710270403253267091e+02 1.129071304059962415e+02
2.720385863443902963e+02 1.133271000786693889e+02
2.730543562005070726e+02 1.137368725073714018e+02
2.740746904818604435e+02 1.141356254393968896e+02
2.750999185785428836e+02 1.145225636566198659e+02
2.761302389002297559e+02 1.148972081555808984e+02
2.771657649704210371e+02 1.152592848661545730e+02
2.782066088803854882e+02 1.156085231759271323e+02
2.792528326370643867e+02 1.159447733867471442e+02
2.803043068542245351e+02 1.162683478644565014e+02
2.813608564344025353e+02 1.165796693315694910e+02
2.824223042880260550e+02 1.168791653199773179e+02
2.834883774042712048e+02 1.171674949359835978e+02
2.845586662794401036e+02 1.174456468088783936e+02
2.856327509855652238e+02 1.177146347343679054e+02
2.867102101366866691e+02 1.179754760280727766e+02
2.877906080949172747e+02 1.182292224129067790e+02
2.888735011648731188e+02 1.184769450643551068e+02
2.899584455673825687e+02 1.187197153601856883e+02
2.910450293279647553e+02 1.189585278948427884e+02
2.921329449327039356e+02 1.191941250726358987e+02
2.932219062817466124e+02 1.194271975997484532e+02
2.943116265431712009e+02 1.196584379497319901e+02
2.954017929781398948e+02 1.198886011409001355e+02
2.964920606001041961e+02 1.201185200443456154e+02
2.975820824032019800e+02 1.203490324062098011e+02
2.986714929581685851e+02 1.205810204506683476e+02
2.997597750136746981e+02 1.208157329328302865e+02
3.008463366200719520e+02 1.210545989455208371e+02
3.019305854113181340e+02 1.212990485868311481e+02
3.030120200179366066e+02 1.215502922698087502e+02
3.040903965615924562e+02 1.218089187691853681e+02
3.051655163905831500e+02 1.220754076729927249e+02
3.062371906826058421e+02 1.223502148389892170e+02
3.073054959869478466e+02 1.226331554611539474e+02
3.083707980856802919e+02 1.229233464636591151e+02
3.094334773736063084e+02 1.232198694924168194e+02
3.104939277109475029e+02 1.235217736849238719e+02
3.115526371404185397e+02 1.238278808018841204e+02
3.126101339166548314e+02 1.241369155237783275e+02
3.136669463004710678e+02 1.244476025161682315e+02
3.147235542550245100e+02 1.247587830454302633e+02
3.157803196345945480e+02 1.250695835178845812e+02
3.168375865746054387e+02 1.253791731169357178e+02
3.178956919808823613e+02 1.256867384797858733e+02
3.189548195703823694e+02 1.259918360743071162e+02
3.200150068096980931e+02 1.262943754480119196e+02
3.210762853244582971e+02 1.265942802497481239e+02
3.221386752861167793e+02 1.268915017812017680e+02
3.232021285215196258e+02 1.271861563426223682e+02
3.242665716152650361e+02 1.274784211744673996e+02
3.253319310088162410e+02 1.277684738627527139e+02
3.263981156684462235e+02 1.280565341823068195e+02
3.274649975106502779e+02 1.283429113539706634e+02
3.285324437263103619e+02 1.286279260072186332e+02
3.296003196799374564e+02 1.289119031807792908e+02
3.306684596875629722e+02 1.291952428711458367e+02
3.317366721056818051e+02 1.294784077467631960e+02
3.328047644924419046e+02 1.297618624034585082e+02
3.338725688232712514e+02 1.300460124885249229e+02
3.349400418055913633e+02 1.303309625195561807e+02
3.360071798717794991e+02 1.306167211096092160e+02
3.370739796155717158e+02 1.309032964821868745e+02
3.381404522175453735e+02 1.311906616450328045e+02
3.392066357501057041e+02 1.314787246832568712e+02
3.402725711836988012e+02 1.317673866854790106e+02
3.413382975773562293e+02 1.320565533548758310e+02
3.424038274655774785e+02 1.323461944304359861e+02
3.434691539764384629e+02 1.326363265023471456e+02
3.445342697939368577e+02 1.329269672328943557e+02
3.455991461583486739e+02 1.332181860540959235e+02
3.466636603239346641e+02 1.335102793003229920e+02
3.477276638028942557e+02 1.338036054527909187e+02
3.487910082404904415e+02 1.340985226714723240e+02
3.498535541469279337e+02 1.343953677145065910e+02
3.509151762799481276e+02 1.346944429434848871e+02
3.519757506841058330e+02 1.349960476133610996e+02
3.530351520100870175e+02 1.353004843441777325e+02
3.540932389022480606e+02 1.356080943985836882e+02
3.551498597712446781e+02 1.359192437455077140e+02
3.562048628610065180e+02 1.362342987563904444e+02
3.572580592510566362e+02 1.365537155254903894e+02
3.583091201441908993e+02 1.368782878393730016e+02
3.593576838410268692e+02 1.372088889174915778e+02
3.604033889505025172e+02 1.375463912349497662e+02
3.614458884482902477e+02 1.378916325825729814e+02
3.624848554805230947e+02 1.382454020555073555e+02
3.635199647044538551e+02 1.386084851007430530e+02
3.645509064098869203e+02 1.389816294249608859e+02
3.655775210546812559e+02 1.393652201971812872e+02
3.665997328341296679e+02 1.397594404264273180e+02
3.676174668835254806e+02 1.401644708523607790e+02
3.686307565673417344e+02 1.405802309263360712e+02
3.696399854198067487e+02 1.410057947152818656e+02
3.706456076651521698e+02 1.414400656253919237e+02
3.716480834352722127e+02 1.418819328004964859e+02
3.726480760379112667e+02 1.423297948743754944e+02
3.736464983387895131e+02 1.427814479943658625e+02
3.746442785108343401e+02 1.432346513529259937e+02
3.756423253503630804e+02 1.436872109217482318e+02
3.766413906166804964e+02 1.441373117930846206e+02
3.776421498826949801e+02 1.445833229892610348e+02
3.786452780845848451e+02 1.450236150698044924e+02
3.796513461113385119e+02 1.454568097864083711e+02
3.806606347391873442e+02 1.458822292849994824e+02
3.816733745768683548e+02 1.462993168265655584e+02
3.826897906449376023e+02 1.467075291631565506e+02
3.837099608768213557e+02 1.471066781466125803e+02
3.847338050038757160e+02 1.474969575624030256e+02
3.857612349425902494e+02 1.478785800627575213e+02
3.867921527567015687e+02 1.482517820865705573e+02
3.878263926959997434e+02 1.486169637901959959e+02
3.888637604691879233e+02 1.489745942343129173e+02
3.899040616973119313e+02 1.493251426912234479e+02
3.909471056252314725e+02 1.496690696845728894e+02
3.919927102327751527e+02 1.500068146499343413e+02
3.930406947894085761e+02 1.503388139094224698e+02
3.940908772267874269e+02 1.506655070149081439e+02
3.951430477720974750e+02 1.509874004027178955e+02
3.961969705509590653e+02 1.513050635238830637e+02
3.972524086721202252e+02 1.516190682843792672e+02
3.983091160230650871e+02 1.519300088522940371e+02
3.993667923254396896e+02 1.522386101636816989e+02
4.004251175868317318e+02 1.525456447485689750e+02
4.014837718125202173e+02 1.528518851425545222e+02
4.025424391773349839e+02 1.531580938150423776e+02
4.036008125723007538e+02 1.534650121926584916e+02
4.046585859819332427e+02 1.537733790621064429e+02
4.057154545091783575e+02 1.540839305099644037e+02
4.067711318751070166e+02 1.543973576747455922e+02
4.078253471616820889e+02 1.547143146105454719e+02
4.088778299102878009e+02 1.550354542623191207e+02
4.099283271544593390e+02 1.553613873452293888e+02
4.109766739189661848e+02 1.556925121447845299e+02
4.120227328356826320e+02 1.560291602970389988e+02
4.130663667575784075e+02 1.563716629042757518e+02
4.141074589123916780e+02 1.567203018797314940e+02
4.151459295742357085e+02 1.570752696987761681e+02
4.161817029412496254e+02 1.574367493633415620e+02
4.172147077379678421e+02 1.578049129476782184e+02
4.182449342886146724e+02 1.581797838112634054e+02
4.192724173858308632e+02 1.585612779573463627e+02
4.202971928079281270e+02 1.589493090095549235e+02
4.213193089357972667e+02 1.593437601661887868e+02
4.223388685504514797e+02 1.597443832919804834e+02
4.233559891080859643e+02 1.601508948226254461e+02
4.243707883507728411e+02 1.605630105036501618e+02
4.253834022521378415e+02 1.609804020657307433e+02
4.263939956913279730e+02 1.614026714554619844e+02
4.274027361111269556e+02 1.618294144302726068e+02
4.284097986790150685e+02 1.622602080985325586e+02
4.294154456599663376e+02 1.626944192967490324e+02
4.304199942538776327e+02 1.631312822368478237e+02
4.314237625217833170e+02 1.635700290517852125e+02
4.324270954781816840e+02 1.640098268030604913e+02
4.334304380526332920e+02 1.644496013357237985e+02
4.344342583214745446e+02 1.648882226135311839e+02
4.354390226493794103e+02 1.653245647325554728e+02
4.364451201796341024e+02 1.657576882176688287e+02
4.374528330849171880e+02 1.661869118434714778e+02
4.384624356776202490e+02 1.666115733609615006e+02
4.394741819468713402e+02 1.670310595858402962e+02
4.404881340117142372e+02 1.674452205492053167e+02
4.415042484664662652e+02 1.678541610414004026e+02
4.425224807901894906e+02 1.682579885452340704e+02
4.435427276002791928e+02 1.686569526481511900e+02
4.445646979062377113e+02 1.690517558631204906e+02
4.455880634221988998e+02 1.694431907420973573e+02
4.466124943629513382e+02 1.698320534567803008e+02
4.476376108122518076e+02 1.702192612059993735e+02
4.486629720926810592e+02 1.706058778791803832e+02
4.496881338767673242e+02 1.709929761777641488e+02
4.507126629692714914e+02 1.713816019276123370e+02
4.517362149098024133e+02 1.717725867297831144e+02
4.527584876858932148e+02 1.721666597070112346e+02
4.537791795884562589e+02 1.725645492496104225e+02
4.547980157900889253e+02 1.729669188497542223e+02
4.558147953228099141e+02 1.733742536871649520e+02
4.568293297925645220e+02 1.737870085854172260e+02
4.578414333114852752e+02 1.742056323176145156e+02
4.588509843217566981e+02 1.746304183504215359e+02
4.598579295461408947e+02 1.750614953066527448e+02
4.608622190045734897e+02 1.754989838490450325e+02
4.618638303569044865e+02 1.759429379116906489e+02
4.628629284736348950e+02 1.763929594622825903e+02
4.638597558919960306e+02 1.768484629644750896e+02
4.648545556273465991e+02 1.773088617276229115e+02
4.658476359798765998e+02 1.777734114495053745e+02
4.668394603672785479e+02 1.782409933410093572e+02
4.678305147444132785e+02 1.787104342034658089e+02
4.688212864333791003e+02 1.791805575373994657e+02
4.698122904342528727e+02 1.796501200226968535e+02
4.708040674804946093e+02 1.801178162132815714e+02
4.717971592832352599e+02 1.805823383027682212e+02
4.727920919790530547e+02 1.810424160850406565e+02
4.737893016387097873e+02 1.814969967919439569e+02
4.747891920314056051e+02 1.819451056381360843e+02
4.757921660634208365e+02 1.823857699215474781e+02
4.767985021854386787e+02 1.828183174024218260e+02
4.778082223176322145e+02 1.832426951602802774e+02
4.788213167271803172e+02 1.836589266917117413e+02
4.798377615052606870e+02 1.840670697172089945e+02
4.808573016274536940e+02 1.844677399198065473e+02
4.818794939082212068e+02 1.848620072437715294e+02
4.829038896909401046e+02 1.852509548417425549e+02
4.839300260640285956e+02 1.856357002809135963e+02
4.849573695025910638e+02 1.860175316043006433e+02
4.859853646568295176e+02 1.863977895449597497e+02
4.870134567617074595e+02 1.867778134242063857e+02
4.880411455476843230e+02 1.871588109996479830e+02
4.890680284731072334e+02 1.875417540930014297e+02
4.900937131698336771e+02 1.879275899649668133e+02
4.911178141162513384e+02 1.883172493472546591e+02
4.921400371784010304e+02 1.887114423422047480e+02
4.931601533146461520e+02 1.891107219053497204e+02
4.941779348802775758e+02 1.895156376197386408e+02
4.951931716613424328e+02 1.899266969868556885e+02
4.962057275470991158e+02 1.903442286072137222e+02
4.972154861155843832e+02 1.907685135484118462e+02
4.982223321856023972e+02 1.911998298825742211e+02
4.992262268590832264e+02 1.916382715181433127e+02
5.002272505508947802e+02 1.920836443167709717e+02
5.012254940659540807e+02 1.925357290563202923e+02
5.022210620088145561e+02 1.929942731993801033e+02
5.032142117729737265e+02 1.934586553433238407e+02
5.042052958185469151e+02 1.939280245743634623e+02
5.051946680402185166e+02 1.944015265153511507e+02
5.061827011245196672e+02 1.948782614215792250e+02
5.071698363682864965e+02 1.953571639082947229e+02
5.081565307223888794e+02 1.958371307985362932e+02
5.091432395500053190e+02 1.963170627483665669e+02
5.101303488313769208e+02 1.967960279188958168e+02
5.111181497147482560e+02 1.972733234156791013e+02
5.121069265145690679e+02 1.977482628424959330e+02
5.130969389560699483e+02 1.982202191667607281e+02
5.140882185933883193e+02 1.986891162097348911e+02
5.150806732146066906e+02 1.991551765904222009e+02
5.160742093779643938e+02 1.996186258969306664e+02
5.170687245530093605e+02 2.000797116595035163e+02
5.180640876717986885e+02 2.005387503042757658e+02
5.190601620799486682e+02 2.009960717443011617e+02
5.200568142368009603e+02 2.014519983754344707e+02
5.210540118495306388e+02 2.019066081596440085e+02
5.220518437211303535e+02 2.023596867077381489e+02
5.230504057778339302e+02 2.028110024334997945e+02
5.240497965242008149e+02 2.032603175260543367e+02
5.250501346793913626e+02 2.037073453719440295e+02
5.260515484971430169e+02 2.041517763390989160e+02
5.270541661706267860e+02 2.045933009416714867e+02
5.280580427306996398e+02 2.050317863231655338e+02
5.290630351177131843e+02 2.054675778596040630e+02
5.300689670731557044e+02 2.059011010761110754e+02
5.310756528533336223e+02 2.063328043970695660e+02
5.320826692175472772e+02 2.067637096153939353e+02
5.330893441606091301e+02 2.071954390946468720e+02
5.340949939371331538e+02 2.076296435417367547e+02
5.350989243500551993e+02 2.080679988962139646e+02
5.361003715343761087e+02 2.085123492912830443e+02
5.370985431361466453e+02 2.089646076387169273e+02
5.380926469325576136e+02 2.094266865336857393e+02
5.390819484769829160e+02 2.099003590873434177e+02
5.400658486434886072e+02 2.103870717178541554e+02
5.410437676531519173e+02 2.108882241355749443e+02
5.420151329465888921e+02 2.114051986213600003e+02
5.429795148622324632e+02 2.119390324703555279e+02
5.439366148475141927e+02 2.124904464527121490e+02
5.448861392061603510e+02 2.130601496144514613e+02
5.458278524619411201e+02 2.136487104459943112e+02
5.467618506058303183e+02 2.142558972052488002e+02
5.476883467682777109e+02 2.148811953504472854e+02
5.486075549564131961e+02 2.155240882233273680e+02
5.495197956231775152e+02 2.161838021826306715e+02
5.504256055693882672e+02 2.168590412769611930e+02
5.513255478493858845e+02 2.175484461732924899e+02
5.522201881892725623e+02 2.182506510883750366e+02
5.531101349822150723e+02 2.189641872312099053e+02
5.539960308989165014e+02 2.196875030572311971e+02
5.548785195786831537e+02 2.204190446834516592e+02
5.557582011222327765e+02 2.211573633383170545e+02
5.566354632434303085e+02 2.219015229974188799e+02
5.575106289915629532e+02 2.226507437504248514e+02
5.583840207450772368e+02 2.234042473065563001e+02
5.592559030593134821e+02 2.241613949724114718e+02
5.601264382133368827e+02 2.249217949714478095e+02
5.609957780232053892e+02 2.256850807870647202e+02
5.618640702276885577e+02 2.264508957461235070e+02
5.627314091785217443e+02 2.272190120634006405e+02
5.635978517093560640e+02 2.279892925304900473e+02
5.644634538746607859e+02 2.287616018201000259e+02
5.653283027191262136e+02 2.295357297879423868e+02
5.661926150436696616e+02 2.303111530305507699e+02
5.670566416041992852e+02 2.310872661698780632e+02
5.679206329446071777e+02 2.318634643397238619e+02
5.687848270346692061e+02 2.326391730302577798e+02
5.696494424421437088e+02 2.334138645719035026e+02
5.705146960760254160e+02 2.341870152996633578e+02
5.713807925082134034e+02 2.349581313329348689e+02
5.722478021632933860e+02 2.357270426514988344e+02
5.731157131274500216e+02 2.364937780176923070e+02
5.739845122922912424e+02 2.372583690778192818e+02
5.748541982838344211e+02 2.380208191488689522e+02
5.757248119260106023e+02 2.387810296732631627e+02
5.765964035247901620e+02 2.395388792018023310e+02
5.774690246905220192e+02 2.402942431362420450e+02
5.783427822736073267e+02 2.410468635171576182e+02
5.792178576212490952e+02 2.417963025340778813e+02
5.800944373446859572e+02 2.425421096680354651e+02
5.809727280757128938e+02 2.432837860661531977e+02
5.818531190580814609e+02 2.440203920111933371e+02
5.827360972261858478e+02 2.447507519397923943e+02
5.836221504229451966e+02 2.454736880952129923e+02
5.845117369114097983e+02 2.461880941326586480e+02
5.854052234551660376e+02 2.468930846060273154e+02
5.863029591800099070e+02 2.475878166505023330e+02
5.872052877232594028e+02 2.482714606516252331e+02
5.881123790999920402e+02 2.489436061560795395e+02
5.890241984091777567e+02 2.496043374217668998e+02
5.899406989486039947e+02 2.502537671971621762e+02
5.908618026970224264e+02 2.508920838416035792e+02
5.917871900992311112e+02 2.515200588291409076e+02
5.927164292752370329e+02 2.521387348099373185e+02
5.936490876681173177e+02 2.527491560684093770e+02
5.945847022010178762e+02 2.533524405706567109e+02
5.955227283640662108e+02 2.539499028796149105e+02
5.964626082123430706e+02 2.545428899933150433e+02
5.974037809553533407e+02 2.551327557796132055e+02
5.983456162829045297e+02 2.557210219417362680e+02
5.992874120250077112e+02 2.563093836677783770e+02
6.002284626979177347e+02 2.568995441459466065e+02
6.011680598358771022e+02 2.574932137636931202e+02
6.021054754104012545e+02 2.580921501372610010e+02
6.030399735080737855e+02 2.586981299188806247e+02
6.039708184427387323e+02 2.593129292121279832e+02
6.048973365211007831e+02 2.599381744567367036e+02
6.058189971821827839e+02 2.605751465408370677e+02
6.067352900011587735e+02 2.612250777396404260e+02
6.076457212466817737e+02 2.618891600267511421e+02
6.085501203169851578e+02 2.625678052722397524e+02
6.094486091779823482e+02 2.632607190255699834e+02
6.103413203577631521e+02 2.639675813368652371e+02
6.112284620051144657e+02 2.646878896916771282e+02
6.121106661517715111e+02 2.654201182312625633e+02
6.129887124321387546e+02 2.661623847523973723e+02
6.138633809029651047e+02 2.669128060322240685e+02
6.147354886047412492e+02 2.676694095609291821e+02
6.156059266999088777e+02 2.684300438818648900e+02
6.164755951961924438e+02 2.691925361839105904e+02
6.173453831341430487e+02 2.699547401330293610e+02
6.182160079694199339e+02 2.707149236375561827e+02
6.190880511360926448e+02 2.714716829908314821e+02
6.199620903342179190e+02 2.722236235008942913e+02
6.208386730649774563e+02 2.729694233823718150e+02
6.217182017572943096e+02 2.737081110855542647e+02
6.226010353304498040e+02 2.744388201023754164e+02
6.234875315702115586e+02 2.751606866613101374e+02
6.243779531921867374e+02 2.758730765103707085e+02
6.252723970511706284e+02 2.765757558207554325e+02
6.261709433288374385e+02 2.772685310161146504e+02
6.270736620575396500e+02 2.779512330227514099e+02
6.279804928917823190e+02 2.786240075272330046e+02
6.288912850868784972e+02 2.792872184592874305e+02
6.298058860822060296e+02 2.799412341327038121e+02
6.307241532100966879e+02 2.805863989776187282e+02
6.316459845985509673e+02 2.812229589349353205e+02
6.325712888898511892e+02 2.818511345618889550e+02
6.334999745493976206e+02 2.824711468427465206e+02
6.344319399283749590e+02 2.830832411795342978e+02
6.353670679815360245e+02 2.836877001443831432e+02
6.363052403714705179e+02 2.842848094289668097e+02
6.372463351214173599e+02 2.848748635111692238e+02
6.381901913875899481e+02 2.854582507026045164e+02
6.391366247932209035e+02 2.860354161287908141e+02
6.400854506353646229e+02 2.866068057027131317e+02
6.410365215069814440e+02 2.871727752971336827e+02
6.419898221025307521e+02 2.877333618637957784e+02
6.429453663504706356e+02 2.882885317773692577e+02
6.439031672516043727e+02 2.888382536520827557e+02
6.448631997182761779e+02 2.893825880557204755e+02
6.458253879796352521e+02 2.899217179159714419e+02
6.467896527536048552e+02 2.904558346373645463e+02
6.477558971598728021e+02 2.909851721103353270e+02
6.487238665230124752e+02 2.915103451765072577e+02
6.496932229167241530e+02 2.920321696629382586e+02
6.506636276467449989e+02 2.925514632507107535e+02
6.516347116569686477e+02 2.930691169206924087e+02
6.526060133638324032e+02 2.935862450342125953e+02
6.535770536210255841e+02 2.941040043527140142e+02
6.545473510784843256e+02 2.946235569579411049e+02
6.555163565426655623e+02 2.951462287193616589e+02
6.564834418050536442e+02 2.956735362643855751e+02
6.574479742027931479e+02 2.962070069740889267e+02
6.584093478087263520e+02 2.967481036835384316e+02
6.593671595246750030e+02 2.972977995528473230e+02
6.603210992508579693e+02 2.978568432230007375e+02
6.612708575608788806e+02 2.984259817092799949e+02
6.622162218369621769e+02 2.990057283086219968e+02
6.631572340187660757e+02 2.995959817575889588e+02
6.640939773875650189e+02 3.001965409845442991e+02
6.650265393295975400e+02 3.008071950074525489e+02
6.659551051085902600e+02 3.014274965437958258e+02
6.668799598293851432e+02 3.020567572698938648e+02
6.678013930945620586e+02 3.026942780034129896e+02
6.687196919746600088e+02 3.033393656746347915e+02
6.696351271915320922e+02 3.039913666813029067e+02
6.705479629722814252e+02 3.046496431001761493e+02
6.714584632981204777e+02 3.053135576016567256e+02
6.723668388120598820e+02 3.059826016288691903e+02
6.732731787543009432e+02 3.066565597238812870e+02
6.741775555602192753e+02 3.073352570001117670e+02
6.750800394219900227e+02 3.080185239875418119e+02
6.759806580602355552e+02 3.087062937703541365e+02
6.768794012476068929e+02 3.093985910640408861e+02
6.777762574218679674e+02 3.100954438073877668e+02
6.786712295270557433e+02 3.107968449266011248e+02
6.795644005664260021e+02 3.115025941156380895e+02
6.804558810115285041e+02 3.122124247705308449e+02
6.813457815369943091e+02 3.129260697973260221e+02
6.822342358319708637e+02 3.136432065765932293e+02
6.831214230699617929e+02 3.143634027520435552e+02
6.840075277618348082e+02 3.150862130903149136e+02
6.848927386143272997e+02 3.158111822331934491e+02
6.857773086567840437e+02 3.165376996087164230e+02
6.866615412338345550e+02 3.172650332315594142e+02
6.875457410314345452e+02 3.179924478797088909e+02
6.884302411942512663e+02 3.187191396397163885e+02
6.893155095014017206e+02 3.194439796279326629e+02
6.902020535069289053e+02 3.201657429550690495e+02
6.910903801982458390e+02 3.208832060994371886e+02
6.919809501980423647e+02 3.215952574435221436e+02
6.928741443435839074e+02 3.223009779369547232e+02
6.937703355917129784e+02 3.229994675492600322e+02
6.946698834114858983e+02 3.236898587902238660e+02
6.955729772661559309e+02 3.243716943209342389e+02
6.964796903206679417e+02 3.250447973805641482e+02
6.973900934814473658e+02 3.257089966571252830e+02
6.983042111597262647e+02 3.263642328897761899e+02
6.992218789320430687e+02 3.270109019000499302e+02
7.001428844418705921e+02 3.276495150258236890e+02
7.010670140850954795e+02 3.282805866023403496e+02
7.019939854099616241e+02 3.289047963732866720e+02
7.029234125687669348e+02 3.295230724940976188e+02
7.038549011963270914e+02 3.301363635837048491e+02
7.047880481286347276e+02 3.307456393414693707e+02
7.057223578993036881e+02 3.313520906070119167e+02
7.066572799136765752e+02 3.319570402975888328e+02
7.075922628394644107e+02 3.325618130976206999e+02
7.085267732207062181e+02 3.331676900141168858e+02
7.094603399676826712e+02 3.337757996740190833e+02
7.103925055830411566e+02 3.343872374939026031e+02
7.113228175645350575e+02 3.350030868302659428e+02
7.122510223361476847e+02 3.356239507563741427e+02
7.131771275110585293e+02 3.362498017358881270e+02
7.141011584403288452e+02 3.368805694065059129e+02
7.150231580722772833e+02 3.375161413851679413e+02
7.159433244774971854e+02 3.381560348699967449e+02
7.168619364369592404e+02 3.387995743295854822e+02
7.177792734281016465e+02 3.394460825721973833e+02
7.186956207805498025e+02 3.400948724967659587e+02
7.196112813948069515e+02 3.407452272499941159e+02
7.205265614553591149e+02 3.413964244179163643e+02
7.214417682081524390e+02 3.420477395728693750e+02
7.223572407103226851e+02 3.426983879380678673e+02
7.232733545797215129e+02 3.433475153772633348e+02
7.241904874513352297e+02 3.439942639274947283e+02
7.251090145982833519e+02 3.446377859443584839e+02
7.260292936662926877e+02 3.452773107942612683e+02
7.269516743327426411e+02 3.459121026558481162e+02
7.278765061985989178e+02 3.465414260010712155e+02
7.288041213357971628e+02 3.471646028655319469e+02
7.297348063909034863e+02 3.477811044573709296e+02
7.306688407486474262e+02 3.483904258318981420e+02
7.316065012896569897e+02 3.489920686793416280e+02
7.325480066079618382e+02 3.495856891272546250e+02
7.334935166237937665e+02 3.501710987664487789e+02
7.344431886758412702e+02 3.507481160278424568e+02
7.353971549277500799e+02 3.513166121388206307e+02
7.363553875529828474e+02 3.518767938541440685e+02
7.373177960823866215e+02 3.524289993010884814e+02
7.382842893502751167e+02 3.529735678567413402e+02
7.392546563905042376e+02 3.535110442433827984e+02
7.402284174198856590e+02 3.540424339518738179e+02
7.412050560447794396e+02 3.545688052255948151e+02
7.421840404493800634e+02 3.550912449872201933e+02
7.431645531515277980e+02 3.556111861579463493e+02
7.441455247922762055e+02 3.561303667316317956e+02
7.451258773820181887e+02 3.566505351555748575e+02
7.461045288667221485e+02 3.571733177689526997e+02
7.470803751063518803e+02 3.576996773777077010e+02
7.480523044947278777e+02 3.582303524813297031e+02
7.490192058314960377e+02 3.587660771836428921e+02
7.499800183632457902e+02 3.593070685437846237e+02
7.509337796541996113e+02 3.598525359362916447e+02
7.518795386125469804e+02 3.604015724682342352e+02
7.528163418248997232e+02 3.609532471841698680e+02
7.537432010001180060e+02 3.615062676305318519e+02
7.546591009262888292e+02 3.620590623274746349e+02
7.555630256948434180e+02 3.626100525745034702e+02
7.564539857164377281e+02 3.631577238658949227e+02
7.573311140235859966e+02 3.637008607807912881e+02
7.581935793319721597e+02 3.642383349325412496e+02
7.590406843080195358e+02 3.647691044103509626e+02
7.598821378115607104e+02 3.652988447682166111e+02
7.607453120980438825e+02 3.658446337351146553e+02
7.616592934326778277e+02 3.664246554772900026e+02
7.626579937226138100e+02 3.670601830198956463e+02
7.638350128810288879e+02 3.678106952540160250e+02
7.653242353608154644e+02 3.687614569166027536e+02
7.672603015289862469e+02 3.699982165998312666e+02
