2.352454661267116265e+01 2.374153677513959337e+01
2.508102928911765162e+01 2.409803599413286790e+01
2.633615517882459045e+01 2.440068335819535150e+01
2.739190630472752730e+01 2.466838569399855885e+01
2.834818821012390089e+01 2.491976181136210045e+01
2.926522029398392277e+01 2.516792587746780185e+01
3.016756170957260963e+01 2.542104582669229629e+01
3.107850043570554988e+01 2.568711258542332132e+01
3.201497933434881560e+01 2.597165160476858503e+01
3.297406222570435830e+01 2.627246408311961190e+01
3.394893028338452012e+01 2.658584256750422981e+01
3.493306306384212689e+01 2.690783709855503858e+01
3.592402288192904791e+01 2.723117951328336162e+01
3.692233041025754403e+01 2.754619728565134196e+01
3.792857213615977230e+01 2.784317076134018265e+01
3.894321175195302231e+01 2.811473155920313971e+01
3.996640958942454347e+01 2.835932003126343304e+01
4.099827995500059785e+01 2.857625782099194822e+01
4.203864523306538814e+01 2.876567572798388994e+01
4.308436538692387785e+01 2.893591585764040275e+01
4.413057576450991348e+01 2.910010064328728419e+01
4.517239979030495789e+01 2.927138736104165417e+01
4.620615721668021081e+01 2.945984332845878129e+01
4.723051756431615189e+01 2.966946671869994034e+01
4.824442403741822005e+01 2.990354881615578719e+01
4.924714471898415979e+01 3.016454562364632963e+01
5.024045249774717092e+01 3.044847314815747552e+01
5.122728484621593026e+01 3.074835318656292671e+01
5.221058555175822136e+01 3.105719014266506761e+01
5.319328971632499758e+01 3.136793850589890198e+01
5.417831878138800050e+01 3.167347426006305255e+01
5.516859298986366866e+01 3.196666650095912487e+01
5.616670977324688607e+01 3.224116577807929218e+01
5.717334536270733736e+01 3.249527343386667866e+01
5.818846812090899334e+01 3.272900440086412033e+01
5.921202228725214667e+01 3.294243239768930920e+01
6.024310734623350072e+01 3.313769038676264245e+01
6.127975343000574071e+01 3.331951807143945388e+01
6.231992195400549406e+01 3.349282266457520052e+01
6.336164138500886622e+01 3.366235219642609877e+01
6.440325109883028176e+01 3.383211658658059662e+01
6.544318052143377429e+01 3.400591197191988613e+01
6.647988447090176578e+01 3.418747319130311979e+01
6.751242466995580571e+01 3.437906997230332706e+01
6.854048286324385231e+01 3.458147526513538139e+01
6.956376880972254639e+01 3.479539439144624424e+01
7.058223088366821685e+01 3.502095602209368508e+01
7.159668261132588896e+01 3.525619805452576827e+01
7.260813353348277133e+01 3.549868468676280031e+01
7.361757578844597560e+01 3.574602207979719992e+01
7.462571202005560167e+01 3.599651445881704603e+01
7.563300612879612572e+01 3.624904173596647894e+01
7.663991468162950582e+01 3.650250150739949362e+01
7.764671204830113993e+01 3.675623118912481146e+01
7.865315403603931088e+01 3.701081999504022946e+01
7.965890480988707623e+01 3.726707836115313199e+01
8.066361256166840121e+01 3.752585529586532687e+01
8.166673223196347919e+01 3.778846647388468227e+01
8.266759039557153699e+01 3.805653754973472047e+01
8.366551243778697255e+01 3.833169705122070070e+01
8.466007181804302206e+01 3.861497463963921462e+01
8.565140059610857293e+01 3.890605148008941683e+01
8.663970721304664835e+01 3.920442434844273549e+01
8.762519787427092410e+01 3.950959541963808164e+01
8.860805850755519941e+01 3.982111583888224970e+01
8.958846424211286319e+01 4.013856282978150603e+01
9.056658611710470552e+01 4.046152349024008288e+01
9.154222577382367376e+01 4.079047671974130651e+01
9.251452150545378572e+01 4.112750287501237523e+01
9.348254243220024762e+01 4.147484931041880429e+01
9.444538302975205113e+01 4.183470216587933521e+01
9.540231376742742953e+01 4.220882268889880606e+01
9.635267974567224769e+01 4.259879194886887888e+01
9.729584243396753607e+01 4.300615149680173488e+01
9.823196340855122344e+01 4.343051125396891621e+01
9.916235743234253164e+01 4.386869710104750197e+01
1.000884289545442130e+02 4.431731839674338147e+01
1.010116787947222576e+02 4.477275184113048567e+01
1.019341264178990230e+02 4.523012201342085348e+01
1.028579650013468694e+02 4.568413411436792160e+01
1.037853788204906778e+02 4.612951483568924971e+01
1.047182757238204118e+02 4.656165822285194622e+01
1.056582424548616785e+02 4.697673353739291713e+01
1.066068477316493670e+02 4.737095355823928600e+01
1.075652431704244663e+02 4.774153803712712119e+01
1.085328278627928000e+02 4.808993769453976341e+01
1.095085406903234286e+02 4.841871429627406798e+01
1.104912901554137648e+02 4.873050294996017584e+01
1.114793605984589249e+02 4.902944562411150287e+01
1.124704509861247459e+02 4.932109750491839861e+01
1.134622377670260818e+02 4.961106814197374604e+01
1.144527897507933147e+02 4.990401984162335225e+01
1.154414660227431142e+02 5.020149990927568240e+01
1.164278905031900138e+02 5.050441628212097811e+01
1.174117170274601420e+02 5.081360467610510767e+01
1.183930356267448900e+02 5.112884773693733109e+01
1.193722663694683916e+02 5.144913132976528658e+01
1.203498374531627633e+02 5.177342169432869667e+01
1.213261606688295586e+02 5.210072467922480399e+01
1.223016053315647724e+02 5.243014867892995312e+01
1.232765339731711265e+02 5.276081846423409871e+01
1.242513141803488992e+02 5.309184660233074737e+01
1.252263678751004932e+02 5.342221448344631085e+01
1.262021500404001699e+02 5.375082368159514346e+01
1.271791165312478427e+02 5.407657366553546296e+01
1.281577837066137135e+02 5.439821783449006887e+01
1.291387922644477442e+02 5.471420940676838995e+01
1.301227981904072237e+02 5.502296469288162228e+01
1.311104025659299168e+02 5.532303255383170892e+01
1.321017599218703538e+02 5.561403991892300525e+01
1.330968074953335361e+02 5.589613831089369000e+01
1.340954807539754370e+02 5.616948352431113278e+01
1.350976926749849270e+02 5.643428565071097580e+01
1.361033192727426240e+02 5.669084401803118567e+01
1.371122331229219640e+02 5.693946625601045497e+01
1.381243530298732196e+02 5.718034838845989043e+01
1.391398872745903645e+02 5.741298758056869644e+01
1.401591559498656352e+02 5.763661105989589828e+01
1.411824759144026302e+02 5.785045386178252613e+01
1.422100236014275083e+02 5.805409003871673690e+01
1.432417898499162447e+02 5.824754170741482540e+01
1.442777527704937484e+02 5.843086171355592029e+01
1.453177401640287201e+02 5.860446578257305106e+01
1.463608475224959307e+02 5.877053758948008522e+01
1.474059476494449825e+02 5.893179842656153511e+01
1.484519223526704934e+02 5.909094784796499766e+01
1.494978879094706201e+02 5.925011934924855694e+01
1.505432106031612705e+02 5.941084285897544959e+01
1.515872688858227946e+02 5.957461892775761214e+01
1.526297418773851291e+02 5.974222222957877193e+01
1.536714536702284022e+02 5.991166322953652923e+01
1.547135008607840803e+02 6.008029450954559536e+01
1.557570158862682774e+02 6.024538212418845973e+01
1.568037696493971680e+02 6.040265073555954700e+01
1.578560826833216311e+02 6.054649808014318069e+01
1.589162929401945235e+02 6.067127984122062401e+01
1.599860029825183290e+02 6.077312708922550399e+01
1.610646197504315467e+02 6.085347159434258657e+01
1.621511422118784083e+02 6.091473005847517896e+01
1.632444521986612642e+02 6.095960197539390890e+01
1.643419254054819874e+02 6.099442297812038305e+01
1.654398925353772540e+02 6.102805153455609855e+01
1.665346657011581897e+02 6.106939099342670119e+01
1.676232304423179471e+02 6.112571891122192369e+01
1.687041603596494213e+02 6.120047893377768844e+01
1.697762578466720242e+02 6.129656235364625161e+01
1.708385459862441849e+02 6.141632767280262328e+01
1.718921642057631232e+02 6.155702409145206389e+01
1.729394304588768705e+02 6.171305559903677107e+01
1.739826723163300812e+02 6.187880296721592543e+01
1.750238830253489084e+02 6.204945408589022549e+01
1.760644280372610808e+02 6.222171245931033212e+01
1.771056035876725048e+02 6.239244869116311065e+01
1.781485977825291798e+02 6.255879442069445417e+01
1.791938079416915741e+02 6.271979032198342452e+01
1.802412801973022169e+02 6.287532487055459285e+01
1.812910536282531666e+02 6.302530356831036329e+01
1.823428638023942483e+02 6.317036457481738410e+01
1.833959893598342319e+02 6.331224904612329851e+01
1.844496711732302003e+02 6.345278930666470529e+01
1.855030253728760385e+02 6.359411886700673477e+01
1.865544622273074538e+02 6.374007551655299153e+01
1.876021440001556471e+02 6.389509584398420827e+01
1.886442328772970427e+02 6.406361664972574488e+01
1.896788975359553149e+02 6.425005986451124329e+01
1.907043145246069571e+02 6.445882938844312093e+01
1.917186608648955541e+02 6.469432803774220986e+01
1.927206057422796732e+02 6.495977091755659671e+01
1.937109906121374365e+02 6.525313091701414692e+01
1.946912560579768581e+02 6.557093508324406628e+01
1.956628658544467498e+02 6.590965445148239610e+01
1.966277967656940859e+02 6.626452106950310394e+01
1.975885276924725247e+02 6.662955420984397392e+01
1.985475585264464939e+02 6.699872244676635091e+01
1.995072904639275464e+02 6.736622878941045656e+01
2.004697839435783635e+02 6.772708566170531697e+01
2.014370259155040799e+02 6.807648004778566531e+01
2.024109284584222621e+02 6.840977804346138669e+01
2.033922385212517838e+02 6.872513303562222120e+01
2.043807826368144163e+02 6.902290028392771148e+01
2.053763610659123913e+02 6.930349791763966039e+01
2.063780103651792786e+02 6.956918389351999110e+01
2.073826943493695296e+02 6.982720957764720993e+01
2.083870285589093214e+02 7.008566535821498178e+01
2.093876944091932160e+02 7.035249318856280354e+01
2.103821241226086158e+02 7.063394324245052758e+01
2.113682272892555432e+02 7.093519004975564712e+01
2.123439277726776027e+02 7.126137592719153702e+01
2.133083452424485529e+02 7.161493948723423841e+01
2.142631713272108414e+02 7.199250417128885715e+01
2.152104312443340461e+02 7.238993918033075659e+01
2.161522242247064582e+02 7.280297514165694395e+01
2.170912849580794273e+02 7.322615292867655512e+01
2.180306716627653145e+02 7.365340768028767116e+01
2.189734327066299215e+02 7.407869180321735314e+01
2.199216164072491324e+02 7.449773544534144776e+01
2.208755532672531956e+02 7.490932243128020218e+01
2.218354045128482994e+02 7.531253750018538540e+01
2.228009843464546975e+02 7.570654511755824956e+01
2.237698196811036837e+02 7.609103523804660085e+01
2.247385115752518345e+02 7.646591052507575625e+01
2.257036122136373706e+02 7.683108495837899454e+01
2.266596054134280394e+02 7.718695164159097999e+01
2.275981204874497905e+02 7.753456490572018822e+01
2.285105781309642623e+02 7.787502740667770240e+01
2.293923373272803019e+02 7.821089685789453938e+01
2.302589209841744378e+02 7.855218082653892964e+01
2.311322880569154279e+02 7.891126477067724920e+01
2.320354553342924362e+02 7.930121890448660338e+01
2.330211008464472968e+02 7.975433563529058745e+01
2.341749124999816161e+02 8.032429967201964871e+01
2.355843053618822580e+02 8.106591502303362518e+01
