6.226572381196378103e+01 5.338036270569935482e+01
6.087548929344116999e+01 5.529490892460314200e+01
5.984234049340916073e+01 5.673653173656049375e+01
5.905040699385941139e+01 5.786233694379220793e+01
5.838748178007524814e+01 5.882466736172497690e+01
5.779304981089926940e+01 5.970865830286560083e+01
5.724484932703528983e+01 6.054970993951674529e+01
5.672156777866588584e+01 6.138198418096698106e+01
5.620936641312566451e+01 6.222930812978425053e+01
5.570974691314367533e+01 6.309429605233249561e+01
5.522609438548902716e+01 6.397695780612809813e+01
5.476182791774336067e+01 6.487724153208418443e+01
5.432058444324616886e+01 6.579469971547165130e+01
5.390608687567161184e+01 6.672872868242869515e+01
5.352205071578256934e+01 6.767872177624006724e+01
5.317197810799741120e+01 6.864399953565663282e+01
5.285913429648140038e+01 6.962380166090272837e+01
5.258677200029288201e+01 7.061736361959410146e+01
5.235762047880611192e+01 7.162386457865933664e+01
5.217273428626440079e+01 7.264230358217864136e+01
5.203283376588334619e+01 7.367164372817734375e+01
5.193846700833501018e+01 7.471083224115295707e+01
5.188833914910071599e+01 7.575864651240354419e+01
5.188003791294953970e+01 7.681376096087211636e+01
5.191113282389442674e+01 7.787484859363327416e+01
5.197900397007899898e+01 7.894058471594335913e+01
5.208071447200879334e+01 8.000964847841946437e+01
5.221329726084928069e+01 8.108071939792712612e+01
5.237379061564176652e+01 8.215254911363403778e+01
5.255926005113080635e+01 8.322425656972157526e+01
5.276677973050910708e+01 8.429507734471415858e+01
5.299344475315488978e+01 8.536425751052982491e+01
5.323676133343560934e+01 8.643124828881886401e+01
5.349461115051977345e+01 8.749568826122921905e+01
5.376489024342379253e+01 8.855722300165697902e+01
5.404575296051567079e+01 8.961554915749809425e+01
5.433601821485935091e+01 9.067049477535917390e+01
5.463461032671779094e+01 9.172190874319288412e+01
5.494050317981194809e+01 9.276965041936027490e+01
5.525308151343729435e+01 9.381366595652401941e+01
5.557193321615624626e+01 9.485394442315411823e+01
5.589665035240727065e+01 9.589047603416199195e+01
5.622694514987190928e+01 9.692328801284220674e+01
5.656269452234487716e+01 9.795245830321425728e+01
5.690378729849176409e+01 9.897806851888981328e+01
5.725016186658049833e+01 1.000001927100217358e+02
5.760195805928448465e+01 1.010188741836494017e+02
5.795936688479739018e+01 1.020341484367426972e+02
5.832258342166840492e+01 1.030460493892689726e+02
5.869186139027955562e+01 1.040545882412097285e+02
5.906749852367528320e+01 1.050597591404351761e+02
5.944979333931235743e+01 1.060615558838603931e+02
5.983899939979578875e+01 1.070599822481456016e+02
6.023527661738969385e+01 1.080550627998436823e+02
6.063877320327963361e+01 1.090468247030866848e+02
6.104962480965813398e+01 1.100352968828669731e+02
6.146788521605882494e+01 1.110205197433077018e+02
6.189357539093983718e+01 1.120025382888788386e+02
6.232671169674883060e+01 1.129813989682432975e+02
6.276718051096926843e+01 1.139571894231794147e+02
6.321472185148531509e+01 1.149300436778138703e+02
6.366906793061613712e+01 1.159000982286862609e+02
6.412995899296518587e+01 1.168674825768939627e+02
6.459716139041731253e+01 1.178323034862930854e+02
6.507044676995727173e+01 1.187946631091541718e+02
6.554959765267416572e+01 1.197546585848944005e+02
6.603451513048376853e+01 1.207123323929637735e+02
6.652517322699414137e+01 1.216676933920306567e+02
6.702154749731876393e+01 1.226207497405615356e+02
6.752364975262631219e+01 1.235714933345727360e+02
6.803155334935294718e+01 1.245198884642962724e+02
6.854533761669360103e+01 1.254658967409167758e+02
6.906504971813313887e+01 1.264094930699217798e+02
6.959057032245036112e+01 1.273507211701736139e+02
7.012172639011143360e+01 1.282896469585393504e+02
7.065833356984639124e+01 1.292263410661598755e+02
7.119998056419399290e+01 1.301609687079955506e+02
7.174604589503528018e+01 1.310937826954949514e+02
7.229590020818652363e+01 1.320250391234579581e+02
7.284893885633775312e+01 1.329549842157567241e+02
7.340462173942462698e+01 1.338838384082493178e+02
7.396241916711262832e+01 1.348118179778826971e+02
7.452182473104596738e+01 1.357391296610264533e+02
7.508252845760750915e+01 1.366658996982789063e+02
7.564431894506581955e+01 1.375922139370777870e+02
7.620698385161168176e+01 1.385181586292974316e+02
7.677023436754535624e+01 1.394438522358586283e+02
7.733367539080099107e+01 1.403694579890982652e+02
7.789690396985039911e+01 1.412951424276259900e+02
7.845959706144488166e+01 1.422210392418081142e+02
7.902176167806959484e+01 1.431471464445679658e+02
7.958349003620281792e+01 1.440734270236534087e+02
8.014489322968778140e+01 1.449998362298022414e+02
8.070636008136419548e+01 1.459262154847282318e+02
8.126849081638333416e+01 1.468523195655409950e+02
8.183189111285817319e+01 1.477779010188556299e+02
8.239719208970400643e+01 1.487027027094494258e+02
8.296507865739863519e+01 1.496264470310007653e+02
8.353624256562760308e+01 1.505488537744360542e+02
8.411135452771897292e+01 1.514696517649990142e+02
8.469094579866796835e+01 1.523886297199945261e+02
8.527549088658867049e+01 1.533056007273594901e+02
8.586545218491801279e+01 1.542203829296936135e+02
8.646093862773024341e+01 1.551329418853797506e+02
8.706165556108150838e+01 1.560434114755274209e+02
8.766728630998294136e+01 1.569519347654277226e+02
8.827755795284657836e+01 1.578586363842229048e+02
8.889234205022451363e+01 1.587635800813473281e+02
8.951153994425442306e+01 1.596668170573195766e+02
9.013506252706297062e+01 1.605683940748284613e+02
9.076292682881141616e+01 1.614683085747757900e+02
9.139521610737547519e+01 1.623665272223927616e+02
9.203201485440746410e+01 1.632630160286158230e+02
9.267342596918612685e+01 1.641577258773968708e+02
9.331958405281190494e+01 1.650505816008239890e+02
9.397062684083321926e+01 1.659415054551645312e+02
9.462672271441502403e+01 1.668304021059415163e+02
9.528820128131077638e+01 1.677170836737725779e+02
9.595544498231672037e+01 1.686013319528321404e+02
9.662883816065196640e+01 1.694829265312942539e+02
9.730880370979514282e+01 1.703616019258541598e+02
9.799580072746478265e+01 1.712370503246039561e+02
9.869028943579452573e+01 1.721089623610482136e+02
9.939257854982649576e+01 1.729770748278729684e+02
1.001025748353149822e+02 1.738412469783694405e+02
1.008201191492938875e+02 1.747013581460282978e+02
1.015450341547942941e+02 1.755572916591588069e+02
1.022769862608178073e+02 1.764089651544375101e+02
1.030155623042072932e+02 1.772563137400321125e+02
1.037603511155779472e+02 1.780992716971980485e+02
1.045110651109174285e+02 1.789377278545130707e+02
1.052675909409141752e+02 1.797715069598830837e+02
1.060298283877548045e+02 1.806004289316635436e+02
1.067976181242046749e+02 1.814243620437260915e+02
1.075705527259215728e+02 1.822433775302042420e+02
1.083481596871156967e+02 1.830575998662699249e+02
1.091299515965178557e+02 1.838671732774256782e+02
1.099152170691334618e+02 1.846725387648763217e+02
1.107030718187063485e+02 1.854743664321170513e+02
1.114926272293610481e+02 1.862733330796734776e+02
1.122830208129666403e+02 1.870702525184438514e+02
1.130734461539245785e+02 1.878662325961341253e+02
1.138631040907907277e+02 1.886624192002582845e+02
1.146512683138675470e+02 1.894599046916163161e+02
1.154377036764652473e+02 1.902594205564495553e+02
1.162223779513017519e+02 1.910615491890472981e+02
1.170052605506949419e+02 1.918668644980340616e+02
1.177863512663726624e+02 1.926756965567638247e+02
1.185656850664829420e+02 1.934880931009183485e+02
1.193432988763859584e+02 1.943040860941658252e+02
1.201191876332147643e+02 1.951236786567768888e+02
1.208932054031675563e+02 1.959467771391261977e+02
1.216651767425286437e+02 1.967732676200446917e+02
1.224349388435311425e+02 1.976030280831136849e+02
1.232024720544417704e+02 1.984358447986721785e+02
1.239678473382646473e+02 1.992714459845193744e+02
1.247311371661482724e+02 2.001095590503944379e+02
1.254924203213919327e+02 2.009499207868710471e+02
1.262517866165776468e+02 2.017922843757467604e+02
1.270093269751920673e+02 2.026364046497954519e+02
1.277650581430874865e+02 2.034820750160099294e+02
1.285186002101471843e+02 2.043292951523731062e+02
1.292694412288825276e+02 2.051781333995927810e+02
1.300170683711167783e+02 2.060286598799712579e+02
1.307609521187972348e+02 2.068809813206439117e+02
1.315005470593973484e+02 2.077352393090751264e+02
1.322353073944434811e+02 2.085915767351319516e+02
1.329648363017368524e+02 2.094500859507164137e+02
1.336891383331939664e+02 2.103107231475883623e+02
1.344082849540733946e+02 2.111734218181605911e+02
1.351223660084243647e+02 2.120381099292340537e+02
1.358316320193035551e+02 2.129046671392134726e+02
1.365364165466170903e+02 2.137729481413447843e+02
1.372370517639422189e+02 2.146428083980654833e+02
1.379337683937565942e+02 2.155141510467452122e+02
1.386266520889947742e+02 2.163869473973075799e+02
1.393157773458976010e+02 2.172611740025430151e+02
1.400012120601025458e+02 2.181368108231677923e+02
1.406829959745360270e+02 2.190138523552867866e+02
1.413611613277494996e+02 2.198922969695524330e+02
1.420357569668369706e+02 2.207721361220129097e+02
1.427070866802554860e+02 2.216532551293370261e+02
1.433756538509059055e+02 2.225354562113194277e+02
1.440419678127275063e+02 2.234185391069385389e+02
1.447066560840277987e+02 2.243022537362517710e+02
1.453706036300305584e+02 2.251862414962709522e+02
1.460347293034995175e+02 2.260701294992026646e+02
1.466999501596038158e+02 2.269535453018931719e+02
1.473671709278029027e+02 2.278361195099834617e+02
1.480372911675061971e+02 2.287174840079398166e+02
1.487111991341358816e+02 2.295972753244607247e+02
1.493894297847209032e+02 2.304752752310860444e+02
1.500721032267209125e+02 2.313514360462117168e+02
1.507593158458504661e+02 2.322257198404093970e+02
1.514509684934964469e+02 2.330981693817475957e+02
1.521462954913134524e+02 2.339691025167508940e+02
1.528443892645447306e+02 2.348388956529409768e+02
1.535443457961524132e+02 2.357079236876014363e+02
1.542453021611801489e+02 2.365765440745867636e+02
1.549464218197394985e+02 2.374451030673924379e+02
1.556468708813191313e+02 2.383139458166319287e+02
1.563460122918537536e+02 2.391833358508360732e+02
1.570435579530120833e+02 2.400533919972147316e+02
1.577392555686512026e+02 2.409242182369002307e+02
1.584328797306523597e+02 2.417959074149361527e+02
1.591243511762516505e+02 2.426684918480203521e+02
1.598136400586794537e+02 2.435419833864567636e+02
1.605007171481304056e+02 2.444163936278753226e+02
1.611855657115116571e+02 2.452917290558355603e+02
1.618681810841034689e+02 2.461679912151177803e+02
1.625485591933288561e+02 2.470451814077331392e+02
1.632267633679913388e+02 2.479232730526006208e+02
1.639030413579457672e+02 2.488021632760006128e+02
1.645776721701124927e+02 2.496817362735635868e+02
1.652509659573512124e+02 2.505618633479968480e+02
1.659235100886725434e+02 2.514423010478323874e+02
1.665960373111697095e+02 2.523227457420566111e+02
1.672692835176627852e+02 2.532028924976201552e+02
1.679440786624373061e+02 2.540823974518070827e+02
1.686213891237534028e+02 2.549608602794618548e+02
1.693021919844340459e+02 2.558378762250807199e+02
1.699873665833102052e+02 2.567130810266824597e+02
1.706773686152958192e+02 2.575862859301005301e+02
1.713725390263033717e+02 2.584573497195506775e+02
1.720732000005084785e+02 2.593261389511451966e+02
1.727793795135489745e+02 2.601926420544812117e+02
1.734908719451493937e+02 2.610569442243559024e+02
1.742074644112715589e+02 2.619191336644987587e+02
1.749287752185407783e+02 2.627793685020309340e+02
1.756540494077901258e+02 2.636379614764363168e+02
1.763824820327584462e+02 2.644952460326119308e+02
1.771132948697309928e+02 2.653515445460958517e+02
1.778458960563444293e+02 2.662071021954117782e+02
1.785797730914327701e+02 2.670621312850597064e+02
1.793144228073546458e+02 2.679168402533641142e+02
1.800496333147343648e+02 2.687713168841077049e+02
1.807855395705919932e+02 2.696255052888603245e+02
1.815222967903433187e+02 2.704793411876711389e+02
1.822600413878365657e+02 2.713327680872919814e+02
1.829988446585175552e+02 2.721857564633756397e+02
1.837387638096784599e+02 2.730382826262086269e+02
1.844798118334444723e+02 2.738903412004002007e+02
1.852214810132728360e+02 2.747421424928056695e+02
1.859629244789626057e+02 2.755940372907978713e+02
1.867032872207611547e+02 2.764463797532272338e+02
1.874414963108105212e+02 2.772996143027962148e+02
1.881760868405068265e+02 2.781543477245402869e+02
1.889055529401101126e+02 2.790112037700060341e+02
1.896284272169577321e+02 2.798707902528811928e+02
1.903434548603480039e+02 2.807336269317974029e+02
1.910494540715431526e+02 2.816002033225911418e+02
1.917452694208936634e+02 2.824709980186604525e+02
1.924303282561574520e+02 2.833462482189950720e+02
1.931046286341529594e+02 2.842259547270519988e+02
1.937681928777128633e+02 2.851101082949717238e+02
1.944213287716582954e+02 2.859985814327283720e+02
1.950651373595293308e+02 2.868909180719452365e+02
1.957008563665276313e+02 2.877866055288764642e+02
1.963297382352610896e+02 2.886851250236732085e+02
1.969531687788659156e+02 2.895859025330225336e+02
1.975726047839540627e+02 2.904883346356579068e+02
1.981894948407821175e+02 2.913918213053580075e+02
1.988048241585453866e+02 2.922959544547431960e+02
1.994188962601355684e+02 2.932006083603237698e+02
2.000319601023827829e+02 2.941056799006270808e+02
2.006442173020548125e+02 2.950110855630823607e+02
2.012556609704165567e+02 2.959168282009520681e+02
2.018662268318244628e+02 2.968229344379419103e+02
2.024758519858195029e+02 2.977294303281412908e+02
2.030844955983814373e+02 2.986363327854878094e+02
2.036921346035124714e+02 2.995436513642160321e+02
2.042987463445439289e+02 3.004513954490128640e+02
2.049042874156502592e+02 3.013595830191775917e+02
2.055086678383417507e+02 3.022682513451068758e+02
2.061117912891440938e+02 3.031774403253855894e+02
2.067135105137146525e+02 3.040872109548598132e+02
2.073133169799310167e+02 3.049977738745678835e+02
2.079105459676243584e+02 3.059094044207705565e+02
2.085045305405913609e+02 3.068223788476386176e+02
2.090945508723171429e+02 3.077369953171663610e+02
2.096798232674363760e+02 3.086535784466188375e+02
2.102595602212477672e+02 3.095724544311358954e+02
2.108330482970737876e+02 3.104939187858611263e+02
2.113998347116254592e+02 3.114181590597154354e+02
2.119595239883911120e+02 3.123453390643625198e+02
2.125117584043944987e+02 3.132756069734375046e+02
2.130566336265800942e+02 3.142089231602906807e+02
2.135945448697269740e+02 3.151451239214758289e+02
2.141258947270352451e+02 3.160840424973053473e+02
2.146512869093150755e+02 3.170254288224754760e+02
2.151716921899047748e+02 3.179688807894541469e+02
2.156881204059575339e+02 3.189139801099521492e+02
2.162015893787126970e+02 3.198603051885719424e+02
2.167131617689910286e+02 3.208074158568010716e+02
2.172239158798729761e+02 3.217548654669075745e+02
2.177349220201154480e+02 3.227022106825181140e+02
2.182470685499874605e+02 3.236490835328224307e+02
2.187610631459702120e+02 3.245951908887180934e+02
2.192776055099289181e+02 3.255402429242977860e+02
2.197972101001621184e+02 3.264840265440653297e+02
2.203198685577653180e+02 3.274265452105379381e+02
2.208454809467084488e+02 3.283678403187275308e+02
2.213739027527154803e+02 3.293079717285538095e+02
2.219045781217786271e+02 3.302471696823831167e+02
2.224367290838108033e+02 3.311857564260465097e+02
2.229695731610116241e+02 3.321240560725311184e+02
2.235022008432254097e+02 3.330624453533331462e+02
2.240335130649156667e+02 3.340013795163363284e+02
2.245623952839231663e+02 3.349413202200497608e+02
2.250877416984024819e+02 3.358827255026164949e+02
2.256084856264008351e+02 3.368260371981475600e+02
2.261235713263624802e+02 3.377716926090814695e+02
2.266319466124457449e+02 3.387201275650315324e+02
2.271326175314162015e+02 3.396717537748718883e+02
2.276246376816629891e+02 3.406269632509470853e+02
2.281070626343542926e+02 3.415861471884497291e+02
2.285790838053815150e+02 3.425496405138285922e+02
2.290402021367306986e+02 3.435176499435887649e+02
2.294899614676796489e+02 3.444903644255896324e+02
2.299279435962702678e+02 3.454679571846579620e+02
2.303540042126153935e+02 3.464504879958230958e+02
2.307681192125010909e+02 3.474379668433005577e+02
2.311702737920849131e+02 3.484303998589649609e+02
2.315607533966917799e+02 3.494276688073916262e+02
2.319402111623918756e+02 3.504295031506352984e+02
2.323093226793257884e+02 3.514356230499689673e+02
2.326688896046653099e+02 3.524456964479991257e+02
2.330201643770946021e+02 3.534592045675461236e+02
2.333645001506017707e+02 3.544755869137918580e+02
2.337032627414453430e+02 3.554942777470392343e+02
2.340379730514939070e+02 3.565146470890873616e+02
2.343702559147243107e+02 3.575360219116869303e+02
2.347017365675864369e+02 3.585577290198795026e+02
2.350338852164052241e+02 3.595791594343135671e+02
2.353678849651474536e+02 3.605998230973764862e+02
2.357048878035486723e+02 3.616192428393972023e+02
2.360459731216767523e+02 3.626369715624725814e+02
2.363918058354070695e+02 3.636527338495337176e+02
2.367429040049316313e+02 3.646663151131293716e+02
2.370997707680244844e+02 3.656775069468756101e+02
2.374625657071567844e+02 3.666862432496600945e+02
2.378311024447748991e+02 3.676926012217095945e+02
2.382051792569799602e+02 3.686966644199165444e+02
2.385844830724353187e+02 3.696985625227771379e+02
2.389683816349404992e+02 3.706985574194483206e+02
2.393561858545925816e+02 3.716969345403696252e+02
2.397471872327231210e+02 3.726939873553537836e+02
2.401404948964995469e+02 3.736900848760537315e+02
2.405351180482722384e+02 3.746856375043311118e+02
2.409300636268076516e+02 3.756810565796543528e+02
2.413242687264375661e+02 3.766767823720030037e+02
2.417165647262823143e+02 3.776732989400296105e+02
2.421057742026133326e+02 3.786710939886460210e+02
2.424907066781986202e+02 3.796706606296957602e+02
2.428701123034245200e+02 3.806725165678404892e+02
2.432427243572482780e+02 3.816771864961074812e+02
2.436072821104355057e+02 3.826851926256344427e+02
2.439626251795629628e+02 3.836970156029220789e+02
2.443076762783861966e+02 3.847131016544605018e+02
2.446413612177036612e+02 3.857338957239010142e+02
2.449627545883550397e+02 3.867597811281900704e+02
2.452712751235399935e+02 3.877909986358531000e+02
2.455663900716735384e+02 3.888277689197572613e+02
2.458476030493462190e+02 3.898702975885738624e+02
2.461146846182844001e+02 3.909186796786444802e+02
2.463675242702047399e+02 3.919729609638816328e+02
2.466060213885571386e+02 3.930331831209080633e+02
2.468304044743112797e+02 3.940992515014337414e+02
2.470413107656143268e+02 3.951709021527200889e+02
2.472394030033920558e+02 3.962478605584344677e+02
2.474252858466982730e+02 3.973298762605663796e+02
2.475993529240546422e+02 3.984167862128998649e+02
2.477619499506259615e+02 3.995084472156005404e+02
2.479134132725255881e+02 4.006047199496207440e+02
2.480539621895966604e+02 4.017055135780471460e+02
2.481837364386567515e+02 4.028107702200388189e+02
2.483028733799383190e+02 4.039204329791674581e+02
2.484114181468158904e+02 4.050344831605947320e+02
2.485092425636250937e+02 4.061529738563856995e+02
2.485961993300902293e+02 4.072759660802742019e+02
2.486722536228940044e+02 4.084034742564959970e+02
2.487380234007156901e+02 4.095352424180392177e+02
2.487943615322862456e+02 4.106709172949288131e+02
2.488421392643456045e+02 4.118101380047714883e+02
2.488826594830412091e+02 4.129523648743236777e+02
2.489176658414757242e+02 4.140968756587385542e+02
2.489489219423812756e+02 4.152429398497641273e+02
2.489782533777300557e+02 4.163898012623819227e+02
2.490076662276416073e+02 4.175366289509838680e+02
2.490391992403716017e+02 4.186825784383858036e+02
2.490748741443273957e+02 4.198268122972614265e+02
2.491165497951667476e+02 4.209685605644386328e+02
2.491659945009340049e+02 4.221070907828248551e+02
2.492249689700841202e+02 4.232416736431812865e+02
2.492948463139794057e+02 4.243717403842918543e+02
2.493764045592453726e+02 4.254969687371852274e+02
2.494703712018122701e+02 4.266170573633966114e+02
2.495772860400970217e+02 4.277317826713006639e+02
2.496968212952306203e+02 4.288412804314788218e+02
2.498283986936668839e+02 4.299457901727846547e+02
2.499714370809519721e+02 4.310455526173777798e+02
2.501253063980599052e+02 4.321408287442706069e+02
2.502893355163757860e+02 4.332318965439866361e+02
2.504628526918955345e+02 4.343190342619485023e+02
2.506453645954592844e+02 4.354024462417196446e+02
2.508367968637571721e+02 4.364821632854964264e+02
2.510371352094244344e+02 4.375581913112003463e+02
2.512463248562474689e+02 4.386305530078163883e+02
2.514640086879261105e+02 4.396993962979435651e+02
2.516896928549522841e+02 4.407649257410426458e+02
2.519228610666876875e+02 4.418273551919951387e+02
2.521622067296781893e+02 4.428872258598007079e+02
2.524054278827321127e+02 4.439454912482429449e+02
2.526501590961811701e+02 4.450031311506064640e+02
2.528940046937689488e+02 4.460611378886576404e+02
2.531344573313105002e+02 4.471205500382885702e+02
2.533689839003680220e+02 4.481824168472387555e+02
2.535951049135878179e+02 4.492477653526602808e+02
2.538110242558810228e+02 4.503173395295582395e+02
2.540154169829850730e+02 4.513916881875318836e+02
2.542069730214484764e+02 4.524713539764867960e+02
2.543850100160943839e+02 4.535566195368874673e+02
2.545500425847733084e+02 4.546472717066987457e+02
2.547027198282989957e+02 4.557430416192146367e+02
2.548438330814749975e+02 4.568436014925140398e+02
2.549750128795058970e+02 4.579482759366838991e+02
2.550981964648036637e+02 4.590562625195972259e+02
2.552153114730646166e+02 4.601667627883625755e+02
2.553280389428014985e+02 4.612790804340764907e+02
2.554378045629283065e+02 4.623926249171961445e+02
2.555460221717058005e+02 4.635068106068835050e+02
2.556540563525165055e+02 4.646210722742904409e+02
2.557631260198807297e+02 4.657349050284404370e+02
2.558744232879603260e+02 4.668478150794022667e+02
2.559891523992058922e+02 4.679593036135534021e+02
2.561086358077229193e+02 4.690688228525017962e+02
2.562342626475985981e+02 4.701757973981595455e+02
2.563674137449835371e+02 4.712796552937006709e+02
2.565089193825441498e+02 4.723800526249847849e+02
2.566587524270127005e+02 4.734770006313448221e+02
2.568168115107466747e+02 4.745705413010139750e+02
2.569827576812305097e+02 4.756608150330595777e+02
2.571551359789941102e+02 4.767484244915699492e+02
2.573321640508160044e+02 4.778341079515078604e+02
2.575120781670765950e+02 4.789185959736800555e+02
2.576934413923984266e+02 4.800024837561484787e+02
2.578750950992273943e+02 4.810862512179832038e+02
2.580558903260707098e+02 4.821703742744371084e+02
2.582349047504396822e+02 4.832552349638144165e+02
2.584117563707861223e+02 4.843409915161566346e+02
2.585861419865534572e+02 4.854277695210663524e+02
2.587578374940472372e+02 4.865156618051624946e+02
2.589272196960715746e+02 4.876045122915082288e+02
2.590949412494049966e+02 4.886940506407391922e+02
2.592616546191419502e+02 4.897840065928911599e+02
2.594279509045832697e+02 4.908741353065857993e+02
2.595943428226925107e+02 4.919642244075255917e+02
2.597613379840998959e+02 4.930540636365291789e+02
2.599294466551390315e+02 4.941434416343892622e+02
2.600991890650321352e+02 4.952321429151451753e+02
2.602710877788717880e+02 4.963199510252892992e+02
2.604456401199076367e+02 4.974066599668301478e+02
2.606230151938415247e+02 4.984921996939649489e+02
2.608031525748661466e+02 4.995765952359759012e+02
2.609859864415946049e+02 5.006598738570678506e+02
2.611713690887469852e+02 5.017420967388432018e+02
2.613589943630436778e+02 5.028233906941740656e+02
2.615485379876014917e+02 5.039038900429698629e+02
2.617396860583645548e+02 5.049837248085723331e+02
2.619321868918169116e+02 5.060629992417186145e+02
2.621258118985682586e+02 5.071418080272405859e+02
2.623203288997572713e+02 5.082202473367794369e+02
2.625154144647370345e+02 5.092984511397400524e+02
2.627106493445921274e+02 5.103765930947920424e+02
2.629056097416049624e+02 5.114548487447829643e+02
2.630998612058771187e+02 5.125333980448328930e+02
2.632929372870927409e+02 5.136124342050559335e+02
2.634843655506186906e+02 5.146921529143490943e+02
2.636736876832353005e+02 5.157727440123263705e+02
2.638605855719526971e+02 5.168543392657517188e+02
2.640448213415437522e+02 5.179370372058100429e+02
2.642261583902083544e+02 5.190209358362160401e+02
2.644043808625235670e+02 5.201061245672575524e+02
2.645793056788504600e+02 5.211926792330538092e+02
2.647507526525694175e+02 5.222806744693973542e+02
2.649185739045033188e+02 5.233701715298948329e+02
2.650827757809216223e+02 5.244611677858586063e+02
2.652434105967888058e+02 5.255536415677374862e+02
2.654005234889124267e+02 5.266475741792651206e+02
2.655540309150262601e+02 5.277430002246786671e+02
2.657037382017622917e+02 5.288400003401291087e+02
2.658494471896701157e+02 5.299386566057459049e+02
2.659910124875862039e+02 5.310390292442292548e+02
2.661284164290963190e+02 5.321411255727387015e+02
2.662616602925580764e+02 5.332449450612202781e+02
2.663907568391539940e+02 5.343504824232262536e+02
2.665158075890118994e+02 5.354576956067503488e+02
2.666369554206736439e+02 5.365665254283831018e+02
2.667543528356259230e+02 5.376769087187552714e+02
2.668685151368865149e+02 5.387886320309720531e+02
2.669804275951856880e+02 5.399012872508654937e+02
2.670911067568954422e+02 5.410144533094550070e+02
2.672015104627455457e+02 5.421277334544181485e+02
2.673123727615777625e+02 5.432408236310106986e+02
2.674243743835590408e+02 5.443534418697936417e+02
2.675381777019713354e+02 5.454653138050083498e+02
2.676542015225868454e+02 5.465762659600018196e+02
2.677726918877655180e+02 5.476861964191673451e+02
2.678938917541925093e+02 5.487950045450345442e+02
2.680181177138337034e+02 5.499025592001264613e+02
2.681458309545721477e+02 5.510086693548005314e+02
2.682775095008394146e+02 5.521131370056541527e+02
2.684135599555251019e+02 5.532157937335576889e+02
2.685539533518747248e+02 5.543166515412995068e+02
2.686984965434927517e+02 5.554157904382574316e+02
2.688469951605201800e+02 5.565132909407298030e+02
2.689992310066735399e+02 5.576092434379336282e+02
2.691549605153035714e+02 5.587037488317678253e+02
2.693139389101851293e+02 5.597969085253447474e+02
2.694759597959952089e+02 5.608888080261957612e+02
2.696409339014961120e+02 5.619794843345094932e+02
2.698087942181545031e+02 5.630689652302997956e+02
2.699794919452339172e+02 5.641572709523313733e+02
2.701531624357430701e+02 5.652443454671451946e+02
2.703300479713514051e+02 5.663300884539032722e+02
2.705103912662544872e+02 5.674143994126783355e+02
2.706943768597296298e+02 5.684972019417724596e+02
2.708820960586131150e+02 5.695784582598539600e+02
2.710736317809599427e+02 5.706581340605397372e+02
2.712690325005560794e+02 5.717362093026160892e+02
2.714681795885450128e+02 5.728127331508025009e+02
2.716709038125222833e+02 5.738877757273905900e+02
2.718770309041420887e+02 5.749614092391708482e+02
2.720862945431379671e+02 5.760337439954325873e+02
2.722983477908604755e+02 5.771049236753455034e+02
2.725128412823989379e+02 5.781750929621966861e+02
2.727295285242778959e+02 5.792443538994011760e+02
2.729484158347809171e+02 5.803127037407310809e+02
2.731695476671558822e+02 5.813801239331414763e+02
2.733929508323283812e+02 5.824466032168703578e+02
2.736185133812793993e+02 5.835121876951055810e+02
2.738460577382607539e+02 5.845769506009301040e+02
2.740754036459688905e+02 5.856409662754693954e+02
2.743062794973121186e+02 5.867043468034540865e+02
2.745382936747554936e+02 5.877672538551366870e+02
2.747710464036408666e+02 5.888298524711033224e+02
2.750041351023794505e+02 5.898923088176190959e+02
2.752371463161427982e+02 5.909547934215066789e+02
2.754696639576324060e+02 5.920174778653038175e+02
2.757012632844802056e+02 5.930805373152395532e+02
2.759314023529426549e+02 5.941441954655962263e+02
2.761594549033251837e+02 5.952087109222670733e+02
2.763847932283633781e+02 5.962743428914683363e+02
2.766068436313505572e+02 5.973413283418884703e+02
2.768251400481938163e+02 5.984098599271147805e+02
2.770392291717098487e+02 5.994801250483894819e+02
2.772486845272255778e+02 6.005523001273337513e+02
2.774532460194687928e+02 6.016264935046218625e+02
2.776527172385313520e+02 6.027027874614531129e+02
2.778469069127451121e+02 6.037812621968616895e+02
2.780357566048957665e+02 6.048619440950186572e+02
2.782193513080625848e+02 6.059448014325681697e+02
2.783977831571882575e+02 6.070297995931239257e+02
2.785711636179950119e+02 6.081168968065184117e+02
2.787396640812404485e+02 6.092060291260098666e+02
2.789034675148147926e+02 6.102971283204842621e+02
2.790627613679532146e+02 6.113901245976857126e+02
2.792177792671396901e+02 6.124849320788455316e+02
2.793687820416795375e+02 6.135814554086983890e+02
2.795160310176805183e+02 6.146795990703027428e+02
2.796597975700542520e+02 6.157792648261761315e+02
2.798003694108488162e+02 6.168803500158413726e+02
2.799380357503872006e+02 6.179827515731888070e+02
2.800730934856351269e+02 6.190863631287137423e+02
2.802058774122450018e+02 6.201910620256492166e+02
2.803367339859511276e+02 6.212967205962166872e+02
2.804659891566775514e+02 6.224032193417624512e+02
2.805935844252578590e+02 6.235105919227453342e+02
2.807191198553979348e+02 6.246190080233744766e+02
2.808421836827367883e+02 6.257286420162353124e+02
2.809623793369859754e+02 6.268396533240423878e+02
2.810793481612475375e+02 6.279521640654711518e+02
2.811927373144118292e+02 6.290662906368810354e+02
2.813021436025442199e+02 6.301821654720646393e+02
2.814067608296127219e+02 6.313000493614467814e+02
2.815055893470110391e+02 6.324202647103206800e+02
2.815976308610805177e+02 6.335431323564520198e+02
2.816819932674436586e+02 6.346688925361272595e+02
2.817579259467802331e+02 6.357976780933913687e+02
2.818246881003129829e+02 6.369296144181491854e+02
2.818816776128234096e+02 6.380647509038096814e+02
2.819288382751633435e+02 6.392028377955040241e+02
2.819662481826719613e+02 6.403435517415319964e+02
2.819939930166046906e+02 6.414865633189467644e+02
2.820122633099608151e+02 6.426314591886540484e+02
2.820213261008278778e+02 6.437777647821326354e+02
2.820214501101318660e+02 6.449250043045389020e+02
2.820128960949727457e+02 6.460727252903612907e+02
2.819959087061534433e+02 6.472205224560754004e+02
2.819707306514980019e+02 6.483679962099437262e+02
2.819376281966324882e+02 6.495147746175182419e+02
2.818970161329326629e+02 6.506606601162882271e+02
2.818493669821812091e+02 6.518055229202936971e+02
2.817951678226619379e+02 6.529492413421866104e+02
2.817352987295188314e+02 6.540919101767192387e+02
2.816710700896049957e+02 6.552338612556079624e+02
2.816038142411488252e+02 6.563754384952505916e+02
2.815349642276586337e+02 6.575170236801005785e+02
2.814662702338284817e+02 6.586591178487348088e+02
2.813995447167191060e+02 6.598022454559146581e+02
2.813365310459963666e+02 6.609468913564279546e+02
2.812782472204414717e+02 6.620931246321401886e+02
2.812252777205588927e+02 6.632407658780189195e+02
2.811781964325207355e+02 6.643896285908419941e+02
2.811372367440000062e+02 6.655392578940102339e+02
2.811020704555381826e+02 6.666887562803838136e+02
2.810723168787110353e+02 6.678371848721819788e+02
2.810475457088957683e+02 6.689835294029692250e+02
2.810270780186069715e+02 6.701263978396932544e+02
2.810101571687418982e+02 6.712642800714468194e+02
2.809960255020763498e+02 6.723956596805129493e+02
2.809839063328652742e+02 6.735189000174760849e+02
2.809730058379586239e+02 6.746322561502338431e+02
2.809625296882122143e+02 6.757339795855170905e+02
2.809517270571229801e+02 6.768224477319922698e+02
2.809399573395047582e+02 6.778963569922311763e+02
2.809265971231158119e+02 6.789544535272767689e+02
2.809109544501274058e+02 6.799988119619099507e+02
2.808917790608503537e+02 6.810586171636604149e+02
2.808675486932202716e+02 6.821762619990365693e+02
2.808366627725264379e+02 6.833957207069546484e+02
2.807942663274598658e+02 6.848244810198197001e+02
2.807311066938937074e+02 6.866558569747728598e+02
2.806376195437960064e+02 6.890892451077575060e+02
