5.167740094043902843e+01 5.147938395130431388e+01
5.368178952398537973e+01 5.204246777499596988e+01
5.525596980713745410e+01 5.248486981009708785e+01
5.651922673982444678e+01 5.283972818982580577e+01
5.759083341687677660e+01 5.314017776075439770e+01
5.856990794987450499e+01 5.341376570685933700e+01
5.949414631321663194e+01 5.367101085867125931e+01
6.038958587176860959e+01 5.391919987452794771e+01
6.128223590797171738e+01 5.416561175099622716e+01
6.219060434984275787e+01 5.441547887860010491e+01
6.311562980119950339e+01 5.466924018217186898e+01
6.405573895213009905e+01 5.492664925726493408e+01
6.500935840330998872e+01 5.518745880187704955e+01
6.597490613384749736e+01 5.545133496760673353e+01
6.695078444670673434e+01 5.571778654326711688e+01
6.793539398440312027e+01 5.598630564948965116e+01
6.892713942222337664e+01 5.625638620538593671e+01
6.992461961582924346e+01 5.652760872797461644e+01
7.092670973334899998e+01 5.679967696032799296e+01
7.193230604551919782e+01 5.707230405657089278e+01
7.294031314355662232e+01 5.734520755846220652e+01
7.394987215204606912e+01 5.761822973876564902e+01
7.496038892485650251e+01 5.789135246978610638e+01
7.597128329795020818e+01 5.816456499699760485e+01
7.698198759796683532e+01 5.843785457830487928e+01
7.799216551766707539e+01 5.871117165565689788e+01
7.900168474917589378e+01 5.898443420976101237e+01
8.001041997474008838e+01 5.925755910902687162e+01
8.101824871271361417e+01 5.953047737552701335e+01
8.202508491398781132e+01 5.980330184881302102e+01
8.303086779043223942e+01 6.007627143397265002e+01
8.403553706135807033e+01 6.034962756849341758e+01
8.503903189819676811e+01 6.062362171631112062e+01
8.604128638843208421e+01 6.089859837992950986e+01
8.704223186187967087e+01 6.117495252844025799e+01
8.804179962103869173e+01 6.145307963083979530e+01
8.903992658773707092e+01 6.173335834414543655e+01
9.003658836018932732e+01 6.201605161287352530e+01
9.103177681447260738e+01 6.230137368122545638e+01
9.202548388333275398e+01 6.258953862386041322e+01
9.301769955175873861e+01 6.288075492125082633e+01
9.400840370037201410e+01 6.317520203293869230e+01
9.499757294326275314e+01 6.347305003660432732e+01
9.598518389288376795e+01 6.377446900520561712e+01
9.697123970233400314e+01 6.407955346016616716e+01
9.795584808290625745e+01 6.438810028388832052e+01
9.893914249038735420e+01 6.469983307359497360e+01
9.992125639440563134e+01 6.501447538725531672e+01
1.009023435462474509e+02 6.533169326575679747e+01
1.018826185917900204e+02 6.565098005803153569e+01
1.028623075580609907e+02 6.597179683702302100e+01
1.038416365038190321e+02 6.629360458161643521e+01
1.048208393873906346e+02 6.661584085444275161e+01
1.058001684060325971e+02 6.693788915347687407e+01
1.067798783228922730e+02 6.725912537076534647e+01
1.077602238107673713e+02 6.757892560817333560e+01
1.087414512134423603e+02 6.789668530998270057e+01
1.097237919381117877e+02 6.821183460762695461e+01
1.107074758370655445e+02 6.852380724348540753e+01
1.116927314896875600e+02 6.883204005976149631e+01
1.126797281620689262e+02 6.913611434042016413e+01
1.136685518462291498e+02 6.943581416129667616e+01
1.146592822955067135e+02 6.973093879087612379e+01
1.156519933178299482e+02 7.002130191584308250e+01
1.166465940358605025e+02 7.030711660072049085e+01
1.176428116838126527e+02 7.058903700726109776e+01
1.186403640992033530e+02 7.086774008512536227e+01
1.196389669253194370e+02 7.114390816353984803e+01
1.206382960348576319e+02 7.141832107678033026e+01
1.216379926964379905e+02 7.169184349749627927e+01
1.226376970240298192e+02 7.196534292918016718e+01
1.236370554166301332e+02 7.223967176656253741e+01
1.246357934924050994e+02 7.251549196710310241e+01
1.256336910621141101e+02 7.279333521310576316e+01
1.266305289889392611e+02 7.307373065692512171e+01
1.276260956023755568e+02 7.335718945602778263e+01
1.286202473338226184e+02 7.364405863249753281e+01
1.296128770466801257e+02 7.393459740205962305e+01
1.306038779487072361e+02 7.422906415048312567e+01
1.315931563256848165e+02 7.452768568623146450e+01
1.325807070434392472e+02 7.483047493838763842e+01
1.335665617163611216e+02 7.513735610543950827e+01
1.345507520775314845e+02 7.544825309929289858e+01
1.355333576378538964e+02 7.576297445996519286e+01
1.365147019740352903e+02 7.608073936757327260e+01
1.374951863934674918e+02 7.640057930142509690e+01
1.384752122365408127e+02 7.672152566114527872e+01
1.394551765805338732e+02 7.704262010819181228e+01
1.404354599617500412e+02 7.736294412018102662e+01
1.414164389053040622e+02 7.768158883015273375e+01
1.423984898560479166e+02 7.799764556489840572e+01
1.433818870611465854e+02 7.831045235306871177e+01
1.443666024511731223e+02 7.862007700563475510e+01
1.453525523222442359e+02 7.892672163331791069e+01
1.463396529245192994e+02 7.923058845772949610e+01
1.473278098225134158e+02 7.953190548371372870e+01
1.483169042592017774e+02 7.983095940120071532e+01
1.493068141109222324e+02 8.012804502342949320e+01
1.502974175437772715e+02 8.042345646404619686e+01
1.512886182851852084e+02 8.071742612270602990e+01
1.522803652748742138e+02 8.101007724067520144e+01
1.532726120778553138e+02 8.130152189216315151e+01
1.542653141614493109e+02 8.159186755885838238e+01
1.552585128153694143e+02 8.188101453161377208e+01
1.562523682144451413e+02 8.216857609102903837e+01
1.572470492692800974e+02 8.245414442795942023e+01
1.582427277604955975e+02 8.273730480460112346e+01
1.592396529527128450e+02 8.301745542500792396e+01
1.602381585616161885e+02 8.329379061554099906e+01
1.612385825695598101e+02 8.356549440217305857e+01
1.622412665809083308e+02 8.383174206679952079e+01
1.632466164504188555e+02 8.409155378121887736e+01
1.642550931992307142e+02 8.434381653729857931e+01
1.652671596404474883e+02 8.458741300083438830e+01
1.662832562521960824e+02 8.482127975921054031e+01
1.673035472529379604e+02 8.504502035192467702e+01
1.683280104083745528e+02 8.525868845679686103e+01
1.693566199855379750e+02 8.546234619821029810e+01
1.703892975142093746e+02 8.565618301965490389e+01
1.714254916539867963e+02 8.584152997529790241e+01
1.724644015836375104e+02 8.602032041987624211e+01
1.735052242340675832e+02 8.619449313494835963e+01
1.745471804150256219e+02 8.636592925347862604e+01
1.755896501058682304e+02 8.653612563920972889e+01
1.766320783743635161e+02 8.670642201864232845e+01
1.776739104828262441e+02 8.687815764860052070e+01
1.787146375961256979e+02 8.705256096726364490e+01
1.797539817839803504e+02 8.723030295881613938e+01
1.807917375621242684e+02 8.741187970717101052e+01
1.818276994720760342e+02 8.759778723399202249e+01
1.828616877299153600e+02 8.778845957698128188e+01
1.838936206649638052e+02 8.798409390718570933e+01
1.849234400393380611e+02 8.818483082380028293e+01
1.859510876951325145e+02 8.839081073293709778e+01
1.869765946250137745e+02 8.860195881213311964e+01
1.880002516603330491e+02 8.881757293269373577e+01
1.890223967137254704e+02 8.903683730162012466e+01
1.900433680592508665e+02 8.925893525335796141e+01
1.910635826117955389e+02 8.948286026651790337e+01
1.920836337462918095e+02 8.970717980728362306e+01
1.931041388699364632e+02 8.993040332279424831e+01
1.941257139932415328e+02 9.015104363208317295e+01
1.951488571258377647e+02 9.036789843343122186e+01
1.961738604112681514e+02 9.058026242967798680e+01
1.972009952984338383e+02 9.078748028493546940e+01
1.982305297026576909e+02 9.098890519412776712e+01
1.992625771201568909e+02 9.118426315293049811e+01
2.002970399884544577e+02 9.137378969784890614e+01
2.013338055357345979e+02 9.155775708398590496e+01
2.023727573857964330e+02 9.173644626820154713e+01
2.034136842910095595e+02 9.191036724729615059e+01
2.044562729631610978e+02 9.208027636588025189e+01
2.055002050734368595e+02 9.224694213765525319e+01
2.065451666917022067e+02 9.241112245697181038e+01
2.075909202666385056e+02 9.257339082343858649e+01
2.086372929615130261e+02 9.273416450185904125e+01
2.096841139853251548e+02 9.289385581820324944e+01
2.107312147443016102e+02 9.305287179386455421e+01
2.117784533173880845e+02 9.321155505659031348e+01
2.128257055439340206e+02 9.337020535671584298e+01
2.138728475851231963e+02 9.352912166759911372e+01
2.149197498605315104e+02 9.368861682406412683e+01
2.159662321766596165e+02 9.384912585168461874e+01
2.170120880059411093e+02 9.401114735208554407e+01
2.180571105948702666e+02 9.417518047235702738e+01
2.191011071099048877e+02 9.434169075383417180e+01
2.201439760358348963e+02 9.451092327595912934e+01
2.211856526641220455e+02 9.468303425903279447e+01
2.222260723877678572e+02 9.485817967821735408e+01
2.232651765100707166e+02 9.503650123994231080e+01
2.243029356115540338e+02 9.521806996909155885e+01
2.253393293216385871e+02 9.540293504455718221e+01
2.263743372721405080e+02 9.559114563944746124e+01
2.274079072932371446e+02 9.578282770280796399e+01
2.284398675223781936e+02 9.597839614744916048e+01
2.294700179425696263e+02 9.617833385701136706e+01
2.304981584857658277e+02 9.638312383838461983e+01
2.315240389294498300e+02 9.659337018207646963e+01
2.325472650183075984e+02 9.681002470456095921e+01
2.335674168015816008e+02 9.703410125660752783e+01
2.345840746698834778e+02 9.726661286484728919e+01
2.355968886534697333e+02 9.750840443101668598e+01
2.366056628377730249e+02 9.775994893493209759e+01
2.376102219498379782e+02 9.802166952317536186e+01
2.386103932117011652e+02 9.829398331888437212e+01
2.396062058995446193e+02 9.857681964333765734e+01
2.405980369887340657e+02 9.886926839772898745e+01
2.415862977969525502e+02 9.917033657356309106e+01
2.425714015450221268e+02 9.947902656775904973e+01
2.435538420511688003e+02 9.979414619778479789e+01
2.445342218273737558e+02 1.001142408710289402e+02
2.455131510660527567e+02 1.004378374526607587e+02
2.464912375722416300e+02 1.007634685714941156e+02
2.474690278705426181e+02 1.010898148003778090e+02
2.484470034418761770e+02 1.014157137414801753e+02
2.494256426262946889e+02 1.017400105796942569e+02
2.504054184728374253e+02 1.020615632735479892e+02
2.513867140827882736e+02 1.023794469346445908e+02
2.523698373523948248e+02 1.026929182355912360e+02
2.533550938650864452e+02 1.030012394326326870e+02
2.543427774062466256e+02 1.033037012650153912e+02
2.553330411847084349e+02 1.035999338537972676e+02
2.563259460618495496e+02 1.038897902665125912e+02
2.573215512839292387e+02 1.041731274699370289e+02
2.583199049852386224e+02 1.044498292575100464e+02
2.593209589931710184e+02 1.047200119280908837e+02
2.603246157198861397e+02 1.049839110794661821e+02
2.613307771742756245e+02 1.052417632829983347e+02
2.623393120047516049e+02 1.054938856493655521e+02
2.633498734603471121e+02 1.057411153093133152e+02
2.643620292195996058e+02 1.059844959790232792e+02
2.653753467437800282e+02 1.062250718992051191e+02
2.663893768968204085e+02 1.064639273801131907e+02
2.674035895786892070e+02 1.067023421964148895e+02
2.684174300385805054e+02 1.069416556350472547e+02
2.694303435204518564e+02 1.071832069955887334e+02
2.704418159644573052e+02 1.074282373283320169e+02
2.714514841693979861e+02 1.076776234786643300e+02
2.724590198826716687e+02 1.079321579186163973e+02
2.734640948959735738e+02 1.081926330132761649e+02
2.744664195906749455e+02 1.084597479639821387e+02
2.754658135445732228e+02 1.087339383484990663e+02
2.764621155151026528e+02 1.090155934408369944e+02
2.774551644687433054e+02 1.093051020103249868e+02
2.784448394261459043e+02 1.096027561269976900e+02
2.794311067658811112e+02 1.099086369602743503e+02
2.804139443815159325e+02 1.102227978799224388e+02
2.813933311211435466e+02 1.105452899512787184e+02
2.823693199891083054e+02 1.108759852106474710e+02
2.833420898620266826e+02 1.112144518117792131e+02
2.843118318308311245e+02 1.115602284204553314e+02
2.852787376202097107e+02 1.119128521724350236e+02
2.862430249760806191e+02 1.122717973826156879e+02
2.872049462700512663e+02 1.126364547720125557e+02
2.881647562725249827e+02 1.130062092704309009e+02
2.891227078023256922e+02 1.133804505192040324e+02
2.900790048131988783e+02 1.137586861303808092e+02
2.910338000755235157e+02 1.141405472835679120e+02
2.919872439441294318e+02 1.145256709900223200e+02
2.929394828455093602e+02 1.149137037448466572e+02
2.938905978124750504e+02 1.153044499174735051e+02
2.948406159247572873e+02 1.156978441316114186e+02
2.957895626484295803e+02 1.160938249066823857e+02
2.967374625841567877e+02 1.164923328513936838e+02
2.976843302102009829e+02 1.168933330121418521e+02
2.986301734446680598e+02 1.172968062729733134e+02
2.995750000949913101e+02 1.177027337851216089e+02
3.005188261467597499e+02 1.181110769560050500e+02
3.014617372788129046e+02 1.185216289386436443e+02
3.024038544339031205e+02 1.189340977514366955e+02
3.033452988281969169e+02 1.193481907527044825e+02
3.042861802395736390e+02 1.197636429152171473e+02
3.052265357543398068e+02 1.201803647046267969e+02
3.061663739971154428e+02 1.205983352991342770e+02
3.071057035262115278e+02 1.210175340370255839e+02
3.080445272701731483e+02 1.214379538480692275e+02
3.089828211127380087e+02 1.218596529541027991e+02
3.099205528264449185e+02 1.222827091591677231e+02
3.108576901824703782e+02 1.227072002705950524e+02
3.117942076867751098e+02 1.231331878364834154e+02
3.127301044344761181e+02 1.235606740413697366e+02
3.136653851309185939e+02 1.239896475254809616e+02
3.146000544234237282e+02 1.244200970691266974e+02
3.155340718858415130e+02 1.248521202695861376e+02
3.164672714145385157e+02 1.252861181363791019e+02
3.173994651732127750e+02 1.257225441463218374e+02
3.183304654025380387e+02 1.261618515903938800e+02
3.192600982194226731e+02 1.266044602594812858e+02
3.201882195790816468e+02 1.270507179086362299e+02
3.211146893057808711e+02 1.275009629522248673e+02
3.220393689128067081e+02 1.279555297269562573e+02
3.229622458908910403e+02 1.284144484331023932e+02
3.238835186573530791e+02 1.288772400491417898e+02
3.248034057363126976e+02 1.293433770114452557e+02
3.257221287719965517e+02 1.298123242237770398e+02
3.266400336644840081e+02 1.302832466096621715e+02
3.275576294611984167e+02 1.307549152199966329e+02
3.284754362892263089e+02 1.312260743569960937e+02
3.293939705511618286e+02 1.316954773145896525e+02
3.303136576572427430e+02 1.321620970615033741e+02
3.312348289624619611e+02 1.326251336357214825e+02
3.321578114845314644e+02 1.330837975463417706e+02
3.330829173571384558e+02 1.335373352356781140e+02
3.340102160552563646e+02 1.339855789760161144e+02
3.349395794949942911e+02 1.344288379889437408e+02
3.358708738481212777e+02 1.348674353641122821e+02
3.368039576806222044e+02 1.353017125531770830e+02
3.377386022183337104e+02 1.357322218657480164e+02
3.386745228458757424e+02 1.361596504241747425e+02
3.396114340397087972e+02 1.365846875433007881e+02
3.405490547388236564e+02 1.370080117644690745e+02
3.414871412774565442e+02 1.374302113489299586e+02
3.424254686485003845e+02 1.378518295119585559e+02
3.433638119821262649e+02 1.382734091374114769e+02
3.443019743501899939e+02 1.386954256519728688e+02
3.452399336097396372e+02 1.391179325136856733e+02
3.461777350650452831e+02 1.395408203486471734e+02
3.471154241640976466e+02 1.399639794359828215e+02
3.480530856840716751e+02 1.403872051057412591e+02
3.489909904633727251e+02 1.408098434962942065e+02
3.499294643082993730e+02 1.412311080417418054e+02
3.508688330331453358e+02 1.416502121568827874e+02
3.518094189871180788e+02 1.420663776219477938e+02
3.527515320586890084e+02 1.424788562999554529e+02
3.536954793363521503e+02 1.428869068136467035e+02
3.546415679152327129e+02 1.432897877697534739e+02
3.555901095072911176e+02 1.436867466289968149e+02
3.565414285095832838e+02 1.440770002276067885e+02
3.574958514786935098e+02 1.444597601882597644e+02
3.584537045940037387e+02 1.448342390442766998e+02
3.594152499590954903e+02 1.451998040215531205e+02
3.603806138281495350e+02 1.455561503152528076e+02
3.613499051280681442e+02 1.459030149522654938e+02
3.623232304742194287e+02 1.462401405400181318e+02
3.633005308361095445e+02 1.465676695904151075e+02
3.642814736028665834e+02 1.468864050968054755e+02
3.652657005466611508e+02 1.471972118973431520e+02
3.662528499500014050e+02 1.475009632549761136e+02
3.672424252449776532e+02 1.477988579904941844e+02
3.682337551555011714e+02 1.480925167077156743e+02
3.692261567763278549e+02 1.483835880857347149e+02
3.702189535322577285e+02 1.486737055215743908e+02
3.712116197796926826e+02 1.489641380312883712e+02
3.722037838346399212e+02 1.492557829397172782e+02
3.731950809488264440e+02 1.495495208274010110e+02
3.741851568063005402e+02 1.498462070890201687e+02
3.751738236915484777e+02 1.501462949101217532e+02
3.761610277312245216e+02 1.504499143525964939e+02
3.771467188340481584e+02 1.507571863476198075e+02
3.781308520407899323e+02 1.510682194364945587e+02
3.791134402571212831e+02 1.513829824622365834e+02
3.800945328857897039e+02 1.517013561560879680e+02
3.810741799013849800e+02 1.520232198687418759e+02
3.820524325623377990e+02 1.523484498514235668e+02
3.830293527068539561e+02 1.526768968135195337e+02
3.840050073785178597e+02 1.530083988975178499e+02
3.849794636572099762e+02 1.533427941582814356e+02
3.859527945903024602e+02 1.536799062438790884e+02
3.869251099694877212e+02 1.540194700937886978e+02
3.878965335603841709e+02 1.543611869114616297e+02
3.888671891557502818e+02 1.547047578348281718e+02
3.898372235011317457e+02 1.550498285888918986e+02
3.908068902796210295e+02 1.553957867285995462e+02
3.917764742933192110e+02 1.557419446809707040e+02
3.927462603475658511e+02 1.560876148652055520e+02
3.937165286853830821e+02 1.564321207148669259e+02
3.946875433901357155e+02 1.567748246762116935e+02
3.956595649690640926e+02 1.571150978289879845e+02
3.966328538496771898e+02 1.574523114454321160e+02
3.976076204720126839e+02 1.577859574782099514e+02
3.985839399326090415e+02 1.581158546280919666e+02
3.995618646451897575e+02 1.584418763570074589e+02
4.005414466704580718e+02 1.587638969791514114e+02
4.015226814725912163e+02 1.590819274448284375e+02
4.025054462041133547e+02 1.593962643339551732e+02
4.034896031747571215e+02 1.597072400601198296e+02
4.044750147252930788e+02 1.600151869619791682e+02
4.054615453350046437e+02 1.603204322154566057e+02
4.064490629672820319e+02 1.606232945852505622e+02
4.074374359059367521e+02 1.609240920625061051e+02
4.084265342394770073e+02 1.612231382814461824e+02
4.094162957534187512e+02 1.615205834412196850e+02
4.104067447765247607e+02 1.618163688070472119e+02
4.113979112829177325e+02 1.621104220150409674e+02
4.123898248214268278e+02 1.624026717280623586e+02
4.133825050415521218e+02 1.626930705080411315e+02
4.143759616277027362e+02 1.629815949747381296e+02
4.153702038258415996e+02 1.632682228064158494e+02
4.163652430020422912e+02 1.635529265629391773e+02
4.173611236921758518e+02 1.638355987252153056e+02
4.183579167270190737e+02 1.641160682926471281e+02
4.193556936591869544e+02 1.643941625219677007e+02
4.203545166575722760e+02 1.646697313242007681e+02
4.213543439949223171e+02 1.649428754376542656e+02
4.223550692988944206e+02 1.652138516675654216e+02
4.233565852219712156e+02 1.654829191734491189e+02
4.243587588186608741e+02 1.657503989138168379e+02
4.253612496856396774e+02 1.660171126948429787e+02
4.263636167715628176e+02 1.662841253085947244e+02
4.273654183608646804e+02 1.665525031507103222e+02
4.283662294622984632e+02 1.668232722407846040e+02
4.293657264546980059e+02 1.670972138695999547e+02
4.303636237089537531e+02 1.673750176070792293e+02
4.313596356629589081e+02 1.676573728613864205e+02
4.323535266425667487e+02 1.679448486004928043e+02
4.333452898759710479e+02 1.682374611732169569e+02
4.343349842027150771e+02 1.685350685285648069e+02
4.353226684704814602e+02 1.688375285958917686e+02
4.363084334880779238e+02 1.691446221435385553e+02
4.372924815690541891e+02 1.694558607434767623e+02
4.382750393287814745e+02 1.697706972978643591e+02
4.392563333935812580e+02 1.700885846824237433e+02
4.402365965986380729e+02 1.704089607833415414e+02
4.412160783455711339e+02 1.707312234918533989e+02
4.421950307691761850e+02 1.710547641007160564e+02
4.431737059582000597e+02 1.713789740138591071e+02
4.441523490236334624e+02 1.717032614809956499e+02
4.451311906937706340e+02 1.720270694747247830e+02
4.461104599222416027e+02 1.723498452520609590e+02
4.470903853114341473e+02 1.726710369179919553e+02
4.480711721796161555e+02 1.729901487903214274e+02
4.490529884233381495e+02 1.733067755308362052e+02
4.500359985592847920e+02 1.736205199610365639e+02
4.510203653722937815e+02 1.739309890834705072e+02
4.520061885599578204e+02 1.742379422067510575e+02
4.529934882382509613e+02 1.745413307664907165e+02
4.539822794365376240e+02 1.748411184784619650e+02
4.549725765020696713e+02 1.751372707052070155e+02
4.559643782789119655e+02 1.754297902373652107e+02
4.569576682102510290e+02 1.757187170466772841e+02
4.579524290776226962e+02 1.760040927022539847e+02
4.589486438381014750e+02 1.762859583494145284e+02
4.599462981397659860e+02 1.765643486367602577e+02
4.609453797356885616e+02 1.768392931309440428e+02
4.619458764350567321e+02 1.771108212631418155e+02
4.629477758861986558e+02 1.773789628528853370e+02
4.639510639883319527e+02 1.776437519424898142e+02
4.649557255670872564e+02 1.779052251661766491e+02
4.659617454325124299e+02 1.781634191957858775e+02
4.669691155600404500e+02 1.784183534043914392e+02
4.679778850402667558e+02 1.786699092768847095e+02
4.689881302858619847e+02 1.789179023368422463e+02
4.699999278799173794e+02 1.791621476964076294e+02
4.710133605682833036e+02 1.794024455894999335e+02
4.720285478686683405e+02 1.796385074748572777e+02
4.730456228800193799e+02 1.798700120231873996e+02
4.740647187229450310e+02 1.800966378528998177e+02
4.750859498623120771e+02 1.803181086213264166e+02
4.761093464621175713e+02 1.805343515059817605e+02
4.771349148858927833e+02 1.807453511437562383e+02
4.781626614908091710e+02 1.809510921868931064e+02
4.791925487963915202e+02 1.811516651210745579e+02
4.802243886782119375e+02 1.813475241186415019e+02
4.812579606780305994e+02 1.815392014126614413e+02
4.822930442577418262e+02 1.817272294290122829e+02
4.833293777579101516e+02 1.819122398693198477e+02
4.843665913909126175e+02 1.820951254799336425e+02
4.854042978084776792e+02 1.822768214023934377e+02
4.864421103156715844e+02 1.824582612009388924e+02
4.874797359169891706e+02 1.826401522294311235e+02
4.885170720581670025e+02 1.828227420760033510e+02
4.895540392947298756e+02 1.830062225368382371e+02
4.905905593220126093e+02 1.831907826563702315e+02
4.916266265823260255e+02 1.833764358522379609e+02
4.926623508558890308e+02 1.835629170916358532e+02
4.936978521522661367e+02 1.837499366459257999e+02
4.947332504340026844e+02 1.839372048999809977e+02
4.957686639997156135e+02 1.841244362556873568e+02
4.968042090768410617e+02 1.843113501151193532e+02
4.978400017631207106e+02 1.844976661934573485e+02
4.988761550157317401e+02 1.846831117878738269e+02
4.999127120773846400e+02 1.848675825011576137e+02
5.009496478474318337e+02 1.850511389315595920e+02
5.019869343589187451e+02 1.852338485972105104e+02
5.030245433063368523e+02 1.854157798335822918e+02
5.040624412979951217e+02 1.855970132553055976e+02
5.051005910163753470e+02 1.857776389548137388e+02
5.061389550423675701e+02 1.859577472698067311e+02
5.071774984773387587e+02 1.861374224530201218e+02
5.082162133404995643e+02 1.863166837718419799e+02
5.092551079491199744e+02 1.864955111467085089e+02
5.102941908479042468e+02 1.866738839489821089e+02
5.113334769908510680e+02 1.868517660766194126e+02
5.123730315821378554e+02 1.870290001129192206e+02
5.134129435273367790e+02 1.872053714209506836e+02
5.144533018715466142e+02 1.873806650269389706e+02
5.154942109220247630e+02 1.875546291109870083e+02
5.165358646361733008e+02 1.877267954185437873e+02
5.175784896002294317e+02 1.878966169220594509e+02
5.186223124472961672e+02 1.880635464808414667e+02
5.196675344154186860e+02 1.882270982632357743e+02
5.207142437270371147e+02 1.883870592811602478e+02
5.217624971771725768e+02 1.885432924189662742e+02
5.228123515486516908e+02 1.886956605904465789e+02
5.238637898032641260e+02 1.888442049291992078e+02
5.249165450254215557e+02 1.889895698263682107e+02
5.259702974810445539e+02 1.891325271882541870e+02
5.270247275927094961e+02 1.892738485429595414e+02
5.280795893002684807e+02 1.894141279322623745e+02
5.291348270589244294e+02 1.895534994534087616e+02
5.301904157802355257e+02 1.896920236755322549e+02
5.312463306818333422e+02 1.898297604288404159e+02
5.323025885824089301e+02 1.899666691096501552e+02
5.333592896765278510e+02 1.901025078270181439e+02
5.344165441083463293e+02 1.902370106695515517e+02
5.354744626797563569e+02 1.903699101379432079e+02
5.365331966356715157e+02 1.905008410947047253e+02
5.375929604771416734e+02 1.906292856883900981e+02
5.386539742137084659e+02 1.907547127688642092e+02
5.397164558399125553e+02 1.908765960506379713e+02
5.407805540505349882e+02 1.909945765527244816e+02
5.418463324204577702e+02 1.911085007918518670e+02
5.429138493035402462e+02 1.912182278894187561e+02
5.439831667880096120e+02 1.913236079512587651e+02
5.450544279429816470e+02 1.914242955779548652e+02
5.461278541813368292e+02 1.915197562314256743e+02
5.472036701227169715e+02 1.916094476317792896e+02
5.482820825489761773e+02 1.916928705633386869e+02
5.493630355816777637e+02 1.917701599282772804e+02
5.504462732957424578e+02 1.918419335839428186e+02
5.515315347428509085e+02 1.919088215148530310e+02
5.526185464939159147e+02 1.919714838367954997e+02
5.537069041927180706e+02 1.920308967519428336e+02
5.547961252858522130e+02 1.920882252473708718e+02
5.558857261714972537e+02 1.921446368412563288e+02
5.569752585668118172e+02 1.922012137842559127e+02
5.580645465706696768e+02 1.922583807396986799e+02
5.591535409524152556e+02 1.923162565614874211e+02
5.602421931840779052e+02 1.923749584070931746e+02
5.613305130733216401e+02 1.924344625992389410e+02
5.624188477759623765e+02 1.924939310297677366e+02
5.635076654356959125e+02 1.925522334998007352e+02
5.645974343519682179e+02 1.926082394344441866e+02
5.656885382005149268e+02 1.926610225584158798e+02
5.667809897585195813e+02 1.927105520243145520e+02
5.678747002168477138e+02 1.927570422356876350e+02
5.689695807420155234e+02 1.928007076548672103e+02
5.700654278042550231e+02 1.928420396455821617e+02
5.711616554470967912e+02 1.928824528315342661e+02
5.722575981064561574e+02 1.929235540262590121e+02
5.733525901679172421e+02 1.929669501648035634e+02
5.744459444134429305e+02 1.930143003380861160e+02
5.755369184490259613e+02 1.930673968439030546e+02
5.766247611985157846e+02 1.931280529406425615e+02
5.777087228596311661e+02 1.931980788113024232e+02
5.787882179291051443e+02 1.932788879861365103e+02
5.798629856133062503e+02 1.933711100773143698e+02
5.809328032216606061e+02 1.934752827081242685e+02
5.819974515952169440e+02 1.935919349757610348e+02
5.830569209136385780e+02 1.937210905891387540e+02
5.841115243686572285e+02 1.938619934368094846e+02
5.851616027677237071e+02 1.940138207370605414e+02
5.862074997625117021e+02 1.941757428416187281e+02
5.872496541020713039e+02 1.943467005168147352e+02
5.882886197979634062e+02 1.945253562606443438e+02
5.893249577858113071e+02 1.947103558549343063e+02
5.903592315765282592e+02 1.949003388642087486e+02
5.913920592491568868e+02 1.950938131137966423e+02
5.924241109792717452e+02 1.952891606567982876e+02
5.934560590230853450e+02 1.954847585232082565e+02
5.944885709211980611e+02 1.956789951274974442e+02
5.955222461461794410e+02 1.958704232146581319e+02
5.965576330174244504e+02 1.960577190241862695e+02
5.975952786084764057e+02 1.962395618033262110e+02
5.986356931510085815e+02 1.964147197434483871e+02
5.996790072099381632e+02 1.965828776323894829e+02
6.007251276737285934e+02 1.967442602606168975e+02
6.017739585517183514e+02 1.968990993694181952e+02
6.028253852468104697e+02 1.970476716200644773e+02
6.038791520051436237e+02 1.971905944569516009e+02
6.049349383515693717e+02 1.973286415757388284e+02
6.059924234731529396e+02 1.974625874875726481e+02
6.070512956791392298e+02 1.975931846806701060e+02
6.081112952145463169e+02 1.977210602589558448e+02
6.091721806783332340e+02 1.978467970159366018e+02
6.102337106905281416e+02 1.979709776942551969e+02
6.112956407300781621e+02 1.980941926198416354e+02
6.123577127171852226e+02 1.982170648525433307e+02
6.134196649143932518e+02 1.983402262826323010e+02
6.144812355812945270e+02 1.984643088075054038e+02
6.155421507826351899e+02 1.985899737654293347e+02
6.166020965299353520e+02 1.987179791914091709e+02
6.176607506239384975e+02 1.988491029429546018e+02
6.187177908673054390e+02 1.989841228729463865e+02
6.197728958179440042e+02 1.991238150111288974e+02
6.208257459348805014e+02 1.992689507980193468e+02
6.218760219715803714e+02 1.994203009633674810e+02
6.229234058867748445e+02 1.995786333271574335e+02
6.239677273285208230e+02 1.997443591557660056e+02
6.250091037812351260e+02 1.999171948170667292e+02
6.260476859401283036e+02 2.000967765009803827e+02
6.270836258552242271e+02 2.002827371266132843e+02
6.281171530406443253e+02 2.004745225981020269e+02
6.291486149307634150e+02 2.006712941347549020e+02
6.301783688565483317e+02 2.008721890633848375e+02
6.312067700569934914e+02 2.010763497612641402e+02
6.322341057472638113e+02 2.012830828295275296e+02
6.332605817837322775e+02 2.014918912865797438e+02
6.342863992369904054e+02 2.017022897047142749e+02
6.353117546373217692e+02 2.019138036175035893e+02
6.363367504906092336e+02 2.021261855537253496e+02
6.373614007183259673e+02 2.023394019040442231e+02
6.383857157908496447e+02 2.025534273908152443e+02
6.394097096937716742e+02 2.027682282499126245e+02
6.404334461600991517e+02 2.029836506162622811e+02
6.414570258109981751e+02 2.031994515688489287e+02
6.424805501386714468e+02 2.034153860837878938e+02
6.435041127808257215e+02 2.036312280996187951e+02
6.445277278522318056e+02 2.038469435401600549e+02
6.455513632554745982e+02 2.040626098952711516e+02
6.465749863225054241e+02 2.042783060324445046e+02
6.475985577217761602e+02 2.044941269062913136e+02
6.486219883898420449e+02 2.047102875349137889e+02
6.496451667822757372e+02 2.049270572103375514e+02
6.506679812444499476e+02 2.051447054906356868e+02
6.516903236674535265e+02 2.053634933737737356e+02
6.527121058174761856e+02 2.055836338750384300e+02
6.537332463815280335e+02 2.058053233013975216e+02
6.547536640536631012e+02 2.060287579428116373e+02
6.557732663792116909e+02 2.062541610045992115e+02
6.567919135070339962e+02 2.064818701170933366e+02
6.578094529930324370e+02 2.067122533126661494e+02
6.588257323763077693e+02 2.069456786642522275e+02
6.598405420834219512e+02 2.071826521266314955e+02
6.608534877563540704e+02 2.074241257639627065e+02
6.618641377339665723e+02 2.076711416980777187e+02
6.628720604106895280e+02 2.079247419166617306e+02
6.638768443227418175e+02 2.081859197810819637e+02
6.648781279786619507e+02 2.084555480095185658e+02
6.658755575044374382e+02 2.087344809301006592e+02
6.668687811252748361e+02 2.090235678029962969e+02
6.678576917382391684e+02 2.093230671983099853e+02
6.688426524903936752e+02 2.096321024023302755e+02
6.698240798745277971e+02 2.099496679133812052e+02
6.708023931567835234e+02 2.102747515343182556e+02
6.717781646504421360e+02 2.106059715792507063e+02
6.727521965162250126e+02 2.109413914610855159e+02
6.737253098490712091e+02 2.112790288814489088e+02
6.746983245860385523e+02 2.116169043373337786e+02
6.756720240357958573e+02 2.119531267542046749e+02
6.766471482766825147e+02 2.122859094244454923e+02
6.776244348973890510e+02 2.126134716509635325e+02
6.786046090880897736e+02 2.129340626693266927e+02
6.795881450467143168e+02 2.132465376638512282e+02
6.805752836131260892e+02 2.135503151949396567e+02
6.815662567613752572e+02 2.138448352269550696e+02
6.825612790341290292e+02 2.141295798073487333e+02
6.835603230802418011e+02 2.144046149669734689e+02
6.845631845692378192e+02 2.146704340026407181e+02
6.855696551208172878e+02 2.149275399883033231e+02
6.865794913192466993e+02 2.151765205809227837e+02
6.875921012234350655e+02 2.154188048520015286e+02
6.886066931201984289e+02 2.156563041654816288e+02
6.896224729318043956e+02 2.158909355938257590e+02
6.906386376224669448e+02 2.161246378362818632e+02
6.916543183807143578e+02 2.163595083895966127e+02
6.926686170816155936e+02 2.165977155198883679e+02
6.936806354655186624e+02 2.168414278185233854e+02
6.946895540144448660e+02 2.170926237777296137e+02
6.956949877808151541e+02 2.173522327444024143e+02
6.966967009180226569e+02 2.176208241039965117e+02
6.976944577132188670e+02 2.178989669190428344e+02
6.986880936785582890e+02 2.181870582996887720e+02
6.996777425456730271e+02 2.184847753905064565e+02
7.006636160851433033e+02 2.187916069333625160e+02
7.016459260810659089e+02 2.191070416374908518e+02
7.026249216816877379e+02 2.194304780071939831e+02
7.036009711248020722e+02 2.197610270395055636e+02
7.045744663225193563e+02 2.200977425766699298e+02
7.055457992385001944e+02 2.204396783364751116e+02
7.065153790835991003e+02 2.207858463981264663e+02
7.074836572455948271e+02 2.211351570162997859e+02
7.084510914397059196e+02 2.214865051698156719e+02
7.094181387752699948e+02 2.218387873002141930e+02
7.103851891174012962e+02 2.221910621902526373e+02
7.113525048753774627e+02 2.225426963269750331e+02
7.123203342438556547e+02 2.228930905144090104e+02
7.132889249116360588e+02 2.232416467777937612e+02
7.142584976091923181e+02 2.235878322237765872e+02
7.152292331239116265e+02 2.239312103875473667e+02
7.162013090138732423e+02 2.242713526003284699e+02
7.171748983255851044e+02 2.246078410851050648e+02
7.181500352149562332e+02 2.249405933723659814e+02
7.191265920767799571e+02 2.252699175137460657e+02
7.201044321868312181e+02 2.255961435758691493e+02
7.210834107815122707e+02 2.259196210338752167e+02
7.220632239722546046e+02 2.262410835196195364e+02
7.230434218730503062e+02 2.265616171294221886e+02
7.240235491901253226e+02 2.268823210149345471e+02
7.250031637635401012e+02 2.272042626197107040e+02
7.259820021716369638e+02 2.275280778719237844e+02
7.269599300227646381e+02 2.278540911915995082e+02
7.279368157853058392e+02 2.281826200939808018e+02
7.289125283491503069e+02 2.285139810775890226e+02
7.298869407244321792e+02 2.288484807024537417e+02
7.308599282507148018e+02 2.291864199097605876e+02
7.318313662939674487e+02 2.295280995769991534e+02
7.328011333961291029e+02 2.298738129195375564e+02
7.337691310432385308e+02 2.302237977994035418e+02
7.347352708018008798e+02 2.305782677591908225e+02
7.356994642816766827e+02 2.309374362368987477e+02
7.366616704882292197e+02 2.313014022624660697e+02
7.376221059730941079e+02 2.316696431745777147e+02
7.385810743510534166e+02 2.320414261500885971e+02
7.395388793052647998e+02 2.324160182007991580e+02
7.404958029368764301e+02 2.327927384721981809e+02
7.414520383491004623e+02 2.331711210939425882e+02
7.424077557076789162e+02 2.335507556036390895e+02
7.433631251728062352e+02 2.339312315523039842e+02
7.443183038949249521e+02 2.343121699414392367e+02
7.452734081752838620e+02 2.346932905236134275e+02
7.462285463185776280e+02 2.350743323827019253e+02
7.471838267619326643e+02 2.354550342828688372e+02
7.481393989455204974e+02 2.358350360003120159e+02
7.490955111447112813e+02 2.362137387071173578e+02
7.500524262269743758e+02 2.365905083476875177e+02
7.510104060249725535e+02 2.369647133629586335e+02
7.519696028924713573e+02 2.373359863180169498e+02
7.529299645356361452e+02 2.377044535020856415e+02
7.538914162242110706e+02 2.380702953335485006e+02
7.548538836583217062e+02 2.384336911795486742e+02
7.558173146997858112e+02 2.387947662754942826e+02
7.567816896065641004e+02 2.391535667265879113e+02
7.577469912068364692e+02 2.395101323600624141e+02
7.587132072414067352e+02 2.398644910992259156e+02
7.596804726789923734e+02 2.402163141151301033e+02
7.606490916978809764e+02 2.405648625621706742e+02
7.616193778120217530e+02 2.409093749732305412e+02
7.625916370067872094e+02 2.412491079529667104e+02
7.635660295396461379e+02 2.415836679147869575e+02
7.645425837232459116e+02 2.419129779956092250e+02
7.655213231068080404e+02 2.422369727665930270e+02
7.665022520396696564e+02 2.425556330217804657e+02
7.674851185906413775e+02 2.428695565394120308e+02
7.684694882886175265e+02 2.431797805546167126e+02
7.694549227450548869e+02 2.434873517335847453e+02
7.704409759150150876e+02 2.437933354129926613e+02
7.714271282053742880e+02 2.440989762803142469e+02
7.724128190107113596e+02 2.444056190334783878e+02
7.733974872807235670e+02 2.447146094552868476e+02
7.743805798716502977e+02 2.450272758452102835e+02
7.753615998412325325e+02 2.453448222272559178e+02
7.763400745889667860e+02 2.456683987997701308e+02
7.773155316121253691e+02 2.459991555448925453e+02
7.782875541507100934e+02 2.463381129694104743e+02
7.792560236949545924e+02 2.466855988251345480e+02
7.802209210708299452e+02 2.470417101337023098e+02
7.811822271721021025e+02 2.474065437592854266e+02
7.821399807706891352e+02 2.477800680542781606e+02
7.830944557037323648e+02 2.481617294358109120e+02
7.840459854764164902e+02 2.485508418349911608e+02
7.849949036251025518e+02 2.489467191159934600e+02
7.859416057363432628e+02 2.493485419275406798e+02
7.868866793366643151e+02 2.497550788427494126e+02
7.878307489516820397e+02 2.501650190014491955e+02
7.887744390316848921e+02 2.505770517518933218e+02
7.897183523890896595e+02 2.509899263111594507e+02
7.906630404244858710e+02 2.514025341453323961e+02
7.916090470687900051e+02 2.518137873879896915e+02
7.925569148687054621e+02 2.522226010470226925e+02
7.935070466313261477e+02 2.526281802991915413e+02
7.944595875443245632e+02 2.530302652671920214e+02
7.954146550326087208e+02 2.534286537230134400e+02
7.963723648068325929e+02 2.538231436932611871e+02
7.973327472402744434e+02 2.542135458795867180e+02
7.982957096287477725e+02 2.545996892641726959e+02
7.992611496870451901e+02 2.549814042522579030e+02
8.002289614170642835e+02 2.553585146678020124e+02
8.011989304637374971e+02 2.557306522670445759e+02
8.021707195788171703e+02 2.560972309723923104e+02
8.031439848794667569e+02 2.564576529461376140e+02
8.041183665275816566e+02 2.568113190843813527e+02
8.050932025967457548e+02 2.571576063098537475e+02
8.060675612472044804e+02 2.574958701252818400e+02
8.070405011445221817e+02 2.578254652799059841e+02
8.080110443534794058e+02 2.581457749097137366e+02
8.089777336970062152e+02 2.584565538399168645e+02
8.099387752077198002e+02 2.587578181027362234e+02
8.108923679237179840e+02 2.590495891551845489e+02
8.118367113945337223e+02 2.593319076413458220e+02
8.127700099981088897e+02 2.596049953486974573e+02
8.136904707679132116e+02 2.598691736899768330e+02
8.145963007649572774e+02 2.601247651111154937e+02
8.154882494463522562e+02 2.603727052138475528e+02
8.163848487992414675e+02 2.606182182555864983e+02
8.173122231950204650e+02 2.608683595673771265e+02
8.182965254282904652e+02 2.611301913351572352e+02
8.193757787695673187e+02 2.614135189404880180e+02
8.206505448218996435e+02 2.617425999976232447e+02
8.222419064385350111e+02 2.621464344583717434e+02
8.242709585432561425e+02 2.626540250639706642e+02
