2.337489247299572881e+01 1.010931949682295965e+02
2.485551615419374016e+01 1.003562402613830074e+02
2.605817467563117518e+01 9.978187708174621662e+01
2.707605837930798742e+01 9.931575990065839221e+01
2.800058631471658188e+01 9.890451492744082884e+01
2.888769793305777256e+01 9.851423261749657456e+01
2.976055049203142033e+01 9.812898786551549790e+01
3.064106938699957183e+01 9.773353133000631487e+01
3.154524411644276327e+01 9.731565233783729241e+01
3.246925430240642640e+01 9.687328116777254650e+01
3.340515202442038145e+01 9.640646104512752856e+01
3.434519456726754072e+01 9.591536836877300232e+01
3.528482302613750932e+01 9.540224575832667142e+01
3.622198868792574444e+01 9.487096489089353213e+01
3.715471170561885828e+01 9.432544120741432891e+01
3.808162304519093055e+01 9.376925524835276349e+01
3.900305983301984725e+01 9.320505208956259935e+01
3.991965479081560630e+01 9.263531473598595767e+01
4.083209925324364775e+01 9.206256691960135186e+01
4.174180480496138301e+01 9.148983283593517513e+01
4.265066685898456456e+01 9.092047286719815702e+01
4.356058846729065692e+01 9.035785079842369782e+01
4.447311258521756372e+01 8.980456463839067283e+01
4.538893656472409077e+01 8.926141414808220986e+01
4.630863650582899993e+01 8.872894123587654747e+01
4.723266017141233419e+01 8.820741634668804920e+01
4.816018508668594933e+01 8.769442307172025153e+01
4.908966356195206515e+01 8.718601100076890020e+01
5.001954098023480810e+01 8.667821616970735477e+01
5.094846533314537851e+01 8.616764670999344844e+01
5.187548639373052595e+01 8.565204524293376664e+01
5.279970127490761911e+01 8.512928806102506485e+01
5.372022030825047523e+01 8.459728450203704142e+01
5.463626055125209291e+01 8.405421070749262924e+01
5.554709067416445123e+01 8.349837184547084235e+01
5.645198254291028661e+01 8.292808062191633667e+01
5.735042392453215143e+01 8.234215542105194174e+01
5.824226557513810576e+01 8.174026481113723719e+01
5.912739304057655687e+01 8.112215884410370847e+01
6.000591899409287322e+01 8.048813340912256820e+01
6.087946605186748883e+01 7.984211312133564320e+01
6.175027279958138848e+01 7.918950290647912027e+01
6.262057585739103160e+01 7.853570288203229666e+01
6.349242750554871151e+01 7.788566602978282560e+01
6.436761642829119978e+01 7.724370595185038724e+01
6.524791103778503043e+01 7.661408707833086851e+01
6.613481494829386520e+01 7.600043481174105864e+01
6.702837277540064065e+01 7.540285360377151846e+01
6.792812933878401793e+01 7.482024176602115517e+01
6.883363061960787377e+01 7.425150044330061405e+01
6.974447686309414962e+01 7.369566275718329962e+01
7.066033445738781893e+01 7.315192269684408188e+01
7.158087379934896433e+01 7.261948400113875834e+01
7.250576000377846242e+01 7.209753777157418142e+01
7.343463396648539288e+01 7.158521716561801895e+01
7.436712964604882359e+01 7.108163874338623600e+01
7.530287709085523318e+01 7.058590962464897700e+01
7.624140969208842478e+01 7.009690357018365603e+01
7.718216028651565352e+01 6.961325157275138054e+01
7.812455702197073037e+01 6.913357330464486949e+01
7.906818243546547365e+01 6.865686113763653964e+01
8.001320918570260687e+01 6.818353201256491047e+01
8.095995090514790604e+01 6.771434318458869939e+01
8.190874110783042283e+01 6.725009990489971301e+01
8.286028599504321335e+01 6.679250712810534196e+01
8.381562275928750694e+01 6.634406885388150954e+01
8.477580007511093640e+01 6.590731680068064691e+01
8.574179945848713658e+01 6.548462054916944908e+01
8.671438812980235866e+01 6.507783231625974452e+01
8.769429065904805043e+01 6.468870135002163124e+01
8.868222137475463285e+01 6.431895217382859187e+01
8.967874498154883156e+01 6.396994809250985980e+01
9.068431282644701241e+01 6.364277874559133608e+01
9.169937269865414464e+01 6.333852518338903081e+01
9.272394408929960719e+01 6.305723445501669033e+01
9.375690142631384560e+01 6.279618918734956168e+01
9.479692981646341821e+01 6.255221494634605506e+01
9.584279408093249231e+01 6.232232974569012640e+01
9.689418572100980498e+01 6.210578880387522815e+01
9.795139409611607562e+01 6.190329069733634526e+01
9.901472025364881802e+01 6.171556221979258083e+01
1.000848451641398498e+02 6.154424738051979915e+01
1.011633046928409669e+02 6.139305408716185042e+01
1.022517515076880557e+02 6.126597223397793357e+01
1.033516365993174020e+02 6.116650482313518467e+01
1.044625159007721891e+02 6.109357978286582380e+01
1.055829070221240755e+02 6.104361830789702026e+01
1.067113130194381085e+02 6.101300645647282295e+01
1.078457965578679989e+02 6.099706708892043849e+01
1.089835825847519999e+02 6.098910063546404103e+01
1.101218022088739019e+02 6.098218097997281006e+01
1.112576623535357925e+02 6.096956503872875288e+01
1.123889525914526359e+02 6.094591636793029465e+01
1.135137326427937410e+02 6.090655071733253578e+01
1.146300858156181874e+02 6.084684078289087950e+01
1.157375789978743796e+02 6.076574093910164009e+01
1.168381738050437235e+02 6.066798694390971747e+01
1.179340493910413841e+02 6.055883973947491938e+01
1.190274924308314866e+02 6.044381984686860676e+01
1.201214712697019422e+02 6.033009348577046893e+01
1.212192205673756149e+02 6.022546981611970551e+01
1.223239388098315317e+02 6.013767066671120887e+01
1.234371974920615855e+02 6.007048996254263074e+01
1.245583330296859685e+02 6.002232566955535020e+01
1.256865195773621622e+02 5.999118402106469716e+01
1.268208676740296426e+02 5.997491766840747118e+01
1.279601531763361209e+02 5.997057126813153616e+01
1.291030422674315048e+02 5.997492470145372323e+01
1.302482058980933175e+02 5.998476935966304779e+01
1.313944655324610835e+02 5.999726000548716343e+01
1.325408189585109255e+02 6.000997708509673600e+01
1.336862739981263246e+02 6.002052526865989535e+01
1.348297913327474760e+02 6.002639541925254463e+01
1.359701251267235875e+02 6.002457982361047328e+01
1.371059730069463285e+02 6.001193427497818078e+01
1.382360497204635692e+02 5.998535589830151338e+01
1.393594638110092205e+02 5.994269252754055799e+01
1.404757176190029213e+02 5.988274270566957114e+01
1.415843306240942638e+02 5.980434635341138971e+01
1.426855153509203546e+02 5.970801655011734255e+01
1.437820158428738182e+02 5.960037800212600700e+01
1.448771539982622016e+02 5.948945048096526733e+01
1.459741707552467744e+02 5.938305830312665279e+01
1.470748843555907968e+02 5.928559109298736729e+01
1.481798986005029235e+02 5.919850655677059592e+01
1.492897778353025728e+02 5.912316714577939791e+01
1.504042687997576877e+02 5.905896143667648346e+01
1.515206232088063132e+02 5.899925448264272632e+01
1.526356185282267290e+02 5.893626639797245303e+01
1.537461380186892086e+02 5.886247270837881729e+01
1.548505222228661182e+02 5.877386712893839160e+01
1.559481724890160024e+02 5.866900438551665786e+01
1.570385153958291937e+02 5.854650011562014811e+01
1.581215194126454548e+02 5.840627819682033817e+01
1.591985400563172846e+02 5.825161113639828159e+01
1.602711516251206660e+02 5.808629962683896508e+01
1.613408809788955978e+02 5.791402983410248595e+01
1.624087327611260605e+02 5.773722718222932571e+01
1.634753880921925315e+02 5.755753604132722501e+01
1.645415208106163334e+02 5.737658320154015712e+01
1.656073554568158386e+02 5.719491075149209536e+01
1.666721475327402402e+02 5.701072131410771249e+01
1.677350264487590721e+02 5.682191310032479947e+01
1.687951392820598926e+02 5.662642697253447466e+01
1.698517908254774511e+02 5.642258455221440983e+01
1.709043687834624734e+02 5.620890762710129707e+01
1.719522650559839576e+02 5.598392811380934120e+01
1.729952091224183448e+02 5.574699291776354926e+01
1.740335465829792554e+02 5.549893639172145043e+01
1.750676886071736078e+02 5.524075118672251961e+01
1.760981336561384012e+02 5.497364069457998426e+01
1.771260190903187777e+02 5.470035074747664083e+01
1.781527662029315877e+02 5.442431265238620597e+01
1.791797881666272758e+02 5.414893811149543268e+01
1.802079336295386724e+02 5.387627594379857499e+01
1.812371762267963504e+02 5.360626249934170318e+01
1.822674143235952613e+02 5.333865241041181093e+01
1.832984646857069606e+02 5.307300331009446381e+01
1.843296505445567277e+02 5.280768132952564997e+01
1.853601105305708643e+02 5.254060693187096120e+01
1.863889859446882724e+02 5.226970702735654584e+01
1.874155386664192520e+02 5.199319962362359604e+01
1.884391897303275982e+02 5.170968695599292886e+01
1.894593710648264278e+02 5.141779755941180952e+01
1.904757041106292377e+02 5.111661749264371934e+01
1.914887625071291382e+02 5.080753162868759887e+01
1.924994183053957499e+02 5.049264527108368128e+01
1.935085446945248009e+02 5.017406647197855563e+01
1.945170445999546303e+02 4.985397510699871049e+01
1.955258544294514422e+02 4.953463192309146734e+01
1.965359123769464986e+02 4.921830198140653323e+01
1.975479165097089833e+02 4.890667065366178434e+01
1.985615597154003922e+02 4.859899670892183110e+01
1.995762719039680348e+02 4.829390406212723974e+01
2.005914667458454232e+02 4.798997742439107128e+01
2.016062097111454250e+02 4.768496091605869935e+01
2.026192315649512636e+02 4.737579064570404341e+01
2.036292495577248758e+02 4.705937009623126244e+01
2.046352684471528107e+02 4.673329672109794330e+01
2.056372967251383557e+02 4.639759073719284288e+01
2.066355617937554143e+02 4.605280075582184907e+01
2.076303345873325554e+02 4.569958041280296612e+01
2.086226043128784227e+02 4.534031622543588469e+01
2.096139494526953513e+02 4.497881637757158302e+01
2.106059656210024400e+02 4.461893038401714762e+01
2.115999280048581284e+02 4.426373362972864101e+01
2.125961764038941340e+02 4.391404166835616252e+01
2.135948808515647386e+02 4.357025991021075839e+01
2.145961102248994621e+02 4.323254977364891261e+01
2.155986180724896712e+02 4.289790007027158936e+01
2.166002380977702444e+02 4.256108092099128015e+01
2.175987854969488069e+02 4.221681782846616215e+01
2.185922000288296658e+02 4.186014408744699722e+01
2.195787267959261726e+02 4.148684749188492304e+01
2.205566568309126296e+02 4.109282932839061431e+01
2.215244188662480269e+02 4.067432572208083741e+01
2.224818783659005703e+02 4.023106643484995715e+01
2.234297553428351932e+02 3.976485919777784517e+01
2.243687829150281345e+02 3.927754354610669907e+01
2.252999685220709125e+02 3.877161644612648672e+01
2.262248868514055005e+02 3.825093431350303774e+01
2.271451828475815660e+02 3.771952194000277814e+01
2.280625079670714115e+02 3.718140098394201232e+01
2.289785689341302088e+02 3.664056650951963690e+01
2.298951003432088669e+02 3.610100017016915075e+01
2.308138326044680184e+02 3.556667040631467103e+01
2.317361199702673389e+02 3.504042425761052471e+01
2.326626578402571113e+02 3.452314459353223697e+01
2.335940750475911045e+02 3.401551583566880765e+01
2.345308854484668473e+02 3.351790786487894991e+01
2.354728010570453591e+02 3.302849697481636326e+01
2.364191924264316640e+02 3.254452532925689212e+01
2.373694228384286475e+02 3.206323257147531791e+01
2.383225314131636026e+02 3.158190857731744927e+01
2.392770747082180947e+02 3.109791800123228001e+01
2.402315700108964052e+02 3.060863158304892195e+01
2.411843208805540542e+02 3.011180569515305905e+01
2.421323972502897846e+02 2.960742256036531472e+01
2.430724274095342139e+02 2.909626126582858063e+01
2.440010131435542178e+02 2.857915536653140265e+01
2.449137998226163120e+02 2.805890909943495615e+01
2.458052197446855587e+02 2.754082622285483239e+01
2.466696270219125040e+02 2.703037159606637729e+01
2.475053008960643126e+02 2.653034203640623190e+01
2.483293590175731538e+02 2.603072926449052105e+01
2.491645638399378981e+02 2.551768803941069663e+01
2.500348653911203769e+02 2.497657806384874846e+01
2.509958176946206265e+02 2.437160111051887768e+01
2.521371792290511848e+02 2.364406009224324379e+01
2.535504161049589698e+02 2.273411471332653377e+01
