2.696259043374841724e+01 2.724500475922257081e+01
2.815422234791763856e+01 2.908704499021733980e+01
2.910547875326416900e+01 3.051339104319360374e+01
2.989714691172071070e+01 3.165468263019865702e+01
3.060907226353762667e+01 3.263990427718212572e+01
3.129452898976632014e+01 3.355134337023437041e+01
3.197716740614533393e+01 3.441922541266747260e+01
3.267908322117344255e+01 3.527104379370143050e+01
3.341905044702538419e+01 3.613026468695993287e+01
3.419876543400850721e+01 3.699964935522838516e+01
3.501445159476030256e+01 3.787532368653431547e+01
3.586232299814279401e+01 3.875342782235139794e+01
3.673828351782940160e+01 3.963088458578003070e+01
3.763780660947623602e+01 4.050570282667493416e+01
3.855633402440700763e+01 4.137597139096877896e+01
3.948946403063526134e+01 4.223996879423955875e+01
4.043383541912890422e+01 4.309723447586723211e+01
4.138651145411875376e+01 4.394782225930980246e+01
4.234456782268799202e+01 4.479178080523691108e+01
4.330600575319953549e+01 4.562860529602112081e+01
4.427043105170411508e+01 4.645683136858232842e+01
4.523760952933022850e+01 4.727489897600653990e+01
4.620736304429888719e+01 4.808127375981743512e+01
4.718000127211674055e+01 4.887464494608819621e+01
4.815608506229718699e+01 4.965381688314947439e+01
4.913617687319202787e+01 5.041759690374305336e+01
5.012074991769725330e+01 5.116518086892722295e+01
5.111008287984088838e+01 5.189661151731770872e+01
5.210442881953192540e+01 5.261204314162301898e+01
5.310401053590818066e+01 5.331169409542898308e+01
5.410869904664378538e+01 5.399652744001998173e+01
5.511813841362970123e+01 5.466798669326007598e+01
5.613196868289501396e+01 5.532752383811465791e+01
5.714966078293821283e+01 5.597692253893433900e+01
5.817021841134242521e+01 5.661888281567649983e+01
5.919256525560395232e+01 5.725626160790565677e+01
6.021561277371117882e+01 5.789193842158635306e+01
6.123807678718120684e+01 5.852915375929285347e+01
6.225851577403778947e+01 5.917143846040252697e+01
6.327548376096524407e+01 5.982233157427655357e+01
6.428762034984666229e+01 6.048515465927312817e+01
6.529386729352195573e+01 6.116246135132159623e+01
6.629323299827481719e+01 6.185663588535061308e+01
6.728474729158105561e+01 6.257001170369291998e+01
6.826793268833687023e+01 6.330375401897623533e+01
6.924280439085880801e+01 6.405785981412323338e+01
7.020939902265561727e+01 6.483227527946070268e+01
7.116784499852170143e+01 6.562673748579661037e+01
7.211868683815529835e+01 6.644003553097415704e+01
7.306258691049217191e+01 6.727069002791796493e+01
7.400021574453631956e+01 6.811720220937034753e+01
7.493253168599470371e+01 6.897738971690077392e+01
7.586085094376245763e+01 6.984822023405352809e+01
7.678651209726027105e+01 7.072660831231485190e+01
7.771081959077213241e+01 7.160952959834280307e+01
7.863487853132643579e+01 7.249431651322458947e+01
7.955972187442357324e+01 7.337843061507233244e+01
8.048637494372931656e+01 7.425934799717499857e+01
8.141541112399281133e+01 7.513540617622621198e+01
8.234670329464222505e+01 7.600627787519687217e+01
8.328006407658364196e+01 7.687175067351175528e+01
8.421516342620053308e+01 7.773185901072965009e+01
8.515058824340263754e+01 7.858851139756137627e+01
8.608442854622501272e+01 7.944447612628057698e+01
8.701477148737723155e+01 8.030252350752685686e+01
8.793967210929994849e+01 8.116512371507005241e+01
8.885712309151438149e+01 8.203416401223005039e+01
8.976510994844043978e+01 8.291146468963680149e+01
9.066167920942510250e+01 8.379873790402683653e+01
9.154548927933829816e+01 8.469661141384739267e+01
9.241555150080986891e+01 8.560508748250880728e+01
9.327088268564772022e+01 8.652416014196370497e+01
9.411090964397018865e+01 8.745359218753694108e+01
9.493606422600200290e+01 8.839257957786404063e+01
9.574692946128595850e+01 8.934023300733728945e+01
9.654406581580687430e+01 9.029568146428856323e+01
9.732772743268776594e+01 9.125830229557472251e+01
9.809794769320120622e+01 9.222765183595826954e+01
9.885475505341543112e+01 9.320329041763878308e+01
9.959806508280178150e+01 9.418487913257399669e+01
1.003274411014095620e+02 9.517239348176168789e+01
1.010423779148965622e+02 9.616587012043498817e+01
1.017424249119461308e+02 9.716532720487811048e+01
1.024281715897351717e+02 9.817043038409330791e+01
1.031011403754308731e+02 9.918052912409122257e+01
1.037628867640232784e+02 1.001949616837358974e+02
1.044151749063547214e+02 1.012129930255281494e+02
1.050606035766762005e+02 1.022335949265155080e+02
1.057019802050910044e+02 1.032556658673823620e+02
1.063420828721968832e+02 1.042781172163592345e+02
1.069828616320829724e+02 1.053002239331494252e+02
1.076253433855328012e+02 1.063216663396836310e+02
1.082705065879026876e+02 1.073421460305742130e+02
1.089192454096977656e+02 1.083614027864783793e+02
1.095720206921697013e+02 1.093793727119493582e+02
1.102291544060377930e+02 1.103960548281417005e+02
1.108909721678716664e+02 1.114114461418730571e+02
1.115579676061185381e+02 1.124254511184146850e+02
1.122308674777262212e+02 1.134378458150213760e+02
1.129104157117478877e+02 1.144483968304907080e+02
1.135973878730530231e+02 1.154568301539858339e+02
1.142927698414191298e+02 1.164626018018215206e+02
1.149976332929580138e+02 1.174650576569843992e+02
1.157130484728877349e+02 1.184635413200629728e+02
1.164399461015522235e+02 1.194572342027607164e+02
1.171790150100300281e+02 1.204450365357334505e+02
1.179309199087161062e+02 1.214258205108604329e+02
1.186962790702401946e+02 1.223984149177048693e+02
1.194753065866821657e+02 1.233612707849303831e+02
1.202680084401370948e+02 1.243126446345249150e+02
1.210743901079945886e+02 1.252507904168529222e+02
1.218946893092675765e+02 1.261737778254409506e+02
1.227296499814607245e+02 1.270792749280543177e+02
1.235800827431993554e+02 1.279648968887096316e+02
1.244467905009439477e+02 1.288283402292123299e+02
1.253304865072372820e+02 1.296682472556613561e+02
1.262318261733848601e+02 1.304838704575709016e+02
1.271514632058857188e+02 1.312744733482581978e+02
1.280895142414294980e+02 1.320399386485257196e+02
1.290446121224605633e+02 1.327818597999945496e+02
1.300151356018443494e+02 1.335021231934821913e+02
1.309994507791449792e+02 1.342026391148100117e+02
1.319957213379937002e+02 1.348857001001923663e+02
1.330019481660473275e+02 1.355539061163130441e+02
1.340161275529289355e+02 1.362098658174516572e+02
1.350364624205723771e+02 1.368558676929064291e+02
1.360618852732100663e+02 1.374930697858097517e+02
1.370914895583761961e+02 1.381223807668255859e+02
1.381243826959311889e+02 1.387446930899546658e+02
1.391599934692267482e+02 1.393605262259448807e+02
1.401980720251058870e+02 1.399700266622907918e+02
1.412383824827377339e+02 1.405733246698241601e+02
1.422807255634054115e+02 1.411705290079603969e+02
1.433250679117596746e+02 1.417616509213493146e+02
1.443714231652701301e+02 1.423466740365070677e+02
1.454198034043770065e+02 1.429255884496678561e+02
1.464701656339544229e+02 1.434986127264033655e+02
1.475223983794672904e+02 1.440662495046297238e+02
1.485763858856375350e+02 1.446290191800203218e+02
1.496320733023670186e+02 1.451873180097585987e+02
1.506897614445005331e+02 1.457408173256773978e+02
1.517498798623215919e+02 1.462889260677576715e+02
1.528128573371497225e+02 1.468310563464770553e+02
1.538790658584949256e+02 1.473668322173041929e+02
1.549487893885623748e+02 1.478962062504431856e+02
1.560223043173160704e+02 1.484191592754304168e+02
1.570998035681823239e+02 1.489358631158973481e+02
1.581808464173948323e+02 1.494479395522508867e+02
1.592647014381516613e+02 1.499576755723533381e+02
1.603506350309052664e+02 1.504673599727215674e+02
1.614378347486328380e+02 1.509790792298945803e+02
1.625253350107851702e+02 1.514945268849172351e+02
1.636121526427482991e+02 1.520153513330541557e+02
1.646972882823772579e+02 1.525430487774617063e+02
1.657795802342344302e+02 1.530775891943504234e+02
1.668577731669281832e+02 1.536180622123785326e+02
1.679306098464144554e+02 1.541635448418322483e+02
1.689965711532620105e+02 1.547124384274641216e+02
1.700534960012056160e+02 1.552614880365682097e+02
1.710991267385716128e+02 1.558071895972297796e+02
1.721311864504126845e+02 1.563459710243943448e+02
1.731471367035759386e+02 1.568733368866189153e+02
1.741442505930371283e+02 1.573841263118989104e+02
1.751198003357477546e+02 1.578731655682614985e+02
1.760782574227792168e+02 1.583392960215140022e+02
1.770465578380454588e+02 1.587938876804685435e+02
1.780560070291419947e+02 1.592507474418285085e+02
1.791408019971095769e+02 1.597247373689593530e+02
1.803902398271887648e+02 1.602508262854948100e+02
1.819430398729056719e+02 1.608820178641030907e+02
1.839396732664099261e+02 1.616719550249843280e+02
