5.528873175707948917e+01 5.233519674945034694e+01
5.600715298006436882e+01 5.476833733368317070e+01
5.655078986060793511e+01 5.659893860541473742e+01
5.697780745236134692e+01 5.802406340941435303e+01
5.734484544222453195e+01 5.923546635907914037e+01
5.768470889367256405e+01 6.034195828021601926e+01
5.801132391305920066e+01 6.138665178383394050e+01
5.833808700226116883e+01 6.241081903478831805e+01
5.867489870865651369e+01 6.344429556266804582e+01
5.902336793980579444e+01 6.448979169838237624e+01
5.938390130196408023e+01 6.554608457476346928e+01
5.975685418642477487e+01 6.661193598960736040e+01
6.014216124566888055e+01 6.768598176102152308e+01
6.053955066335698376e+01 6.876679588520170228e+01
6.094874822878980325e+01 6.985295389798714893e+01
6.136943024194102492e+01 7.094313173884037838e+01
6.180120090037134162e+01 7.203615162812798189e+01
6.224365870804436440e+01 7.313084733734912390e+01
6.269633586148549398e+01 7.422614098542607053e+01
6.315845235088598741e+01 7.532137067214064530e+01
6.362913636223895963e+01 7.641599681634703245e+01
6.410750861524999777e+01 7.750949321654641722e+01
6.459254351852067089e+01 7.860159597490758188e+01
6.508308190043035779e+01 7.969228067359242118e+01
6.557795974900928115e+01 8.078153174968153394e+01
6.607605792945889789e+01 8.186938439206959117e+01
6.657638164031251904e+01 8.295601439882953798e+01
6.707795743498115826e+01 8.404162171837067774e+01
6.757982104505178711e+01 8.512641316581276385e+01
6.808109871360431953e+01 8.621066327302115440e+01
6.858096821152565781e+01 8.729468512271577652e+01
6.907861097488741109e+01 8.837879133551435018e+01
6.957344141821789663e+01 8.946322552463021793e+01
7.006526640160026886e+01 9.054811506227540008e+01
7.055393049112822723e+01 9.163357615227343445e+01
7.103931976595684716e+01 9.271971026482941625e+01
7.152155076899830988e+01 9.380653707504652061e+01
7.200081956129561433e+01 9.489404803583082071e+01
7.247731878346057499e+01 9.598223583457338748e+01
7.295115286628771401e+01 9.707112498357355435e+01
7.342233345604699934e+01 9.816077347053133906e+01
7.389086778605373240e+01 9.925124087426365804e+01
7.435675606879527777e+01 1.003425856431273786e+02
7.481997571379854151e+01 1.014348625538558224e+02
7.528049950915426791e+01 1.025281256390607041e+02
7.573831678855975724e+01 1.036224211547855845e+02
7.619361474177355831e+01 1.047177023631336255e+02
7.664671087532137506e+01 1.058138612762789990e+02
7.709792431485826114e+01 1.069107890712909921e+02
7.754749081088036178e+01 1.080084069712415271e+02
7.799548332242304127e+01 1.091066948645499224e+02
7.844195598360276733e+01 1.102056394235932544e+02
7.888694228929237795e+01 1.113052350786685452e+02
7.933034018537108523e+01 1.124055272104978229e+02
7.977199292832300159e+01 1.135065817565615021e+02
8.021174836589688084e+01 1.146084626995807696e+02
8.064961296377343558e+01 1.157111667427923436e+02
8.108578545988170561e+01 1.168146090351117437e+02
8.152047614491308991e+01 1.179186998252336878e+02
8.195408838455128375e+01 1.190232692367228537e+02
8.238776275587983378e+01 1.201278414541998671e+02
8.282281576176177396e+01 1.212318676539905482e+02
8.326057393769465875e+01 1.223347948735137720e+02
8.370251120631715480e+01 1.234360093464524510e+02
8.415021356854050794e+01 1.245348510692286226e+02
8.460526917010014358e+01 1.256306591555246683e+02
8.506911461992936552e+01 1.267228357160757355e+02
8.554284249128028250e+01 1.278109258845246359e+02
8.602749787286469996e+01 1.288944945348417264e+02
8.652405491430640438e+01 1.299731359808402829e+02
8.703293378980801265e+01 1.310466744370822028e+02
8.755429426650609059e+01 1.321150421875079815e+02
8.808828724839841584e+01 1.331781751922769672e+02
8.863472442287446995e+01 1.342361500947982620e+02
8.919294315739642798e+01 1.352892402531085168e+02
8.976224549150498433e+01 1.363377336767875079e+02
9.034185925920198201e+01 1.373819491585612411e+02
9.093067883765235138e+01 1.384223438211320172e+02
9.152750497825047660e+01 1.394594136265641566e+02
9.213114733469103612e+01 1.404936508627976650e+02
9.274057902430466527e+01 1.415254803534823509e+02
9.335491647989249486e+01 1.425552677734764018e+02
9.397328121951045432e+01 1.435833766989905484e+02
9.459491889541480703e+01 1.446101195417360259e+02
9.521940401743775340e+01 1.456356731679171617e+02
9.584636493597014351e+01 1.466601922522291090e+02
9.647547928586845956e+01 1.476838111831272329e+02
9.710688558713549412e+01 1.487064746416911589e+02
9.774097391618701636e+01 1.497280237645331908e+02
9.837814058968737640e+01 1.507482971277238448e+02
9.901903061926981309e+01 1.517670314816572841e+02
9.966469082839171278e+01 1.527837990588803621e+02
1.003162045872236092e+02 1.537981571282523419e+02
1.009746399966038695e+02 1.548096698114483161e+02
1.016409843067986998e+02 1.558179375155591799e+02
1.023161981088432952e+02 1.568225726122331025e+02
1.030012342137523405e+02 1.578231907781452605e+02
1.036968635786442121e+02 1.588194849339885764e+02
1.044036734586401280e+02 1.598112260294710154e+02
1.051222428945253853e+02 1.607981885026898965e+02
1.058529839364661598e+02 1.617802162393695653e+02
1.065957905247264392e+02 1.627573685954409939e+02
1.073504564157841088e+02 1.637297465910094161e+02
1.081167270436253602e+02 1.646974709834186683e+02
1.088938016072801531e+02 1.656608856387434514e+02
1.096805341255942636e+02 1.666204754113127251e+02
1.104757733730240261e+02 1.675767272411813735e+02
1.112783885501160626e+02 1.685301137433471865e+02
1.120872870807373687e+02 1.694810807263440893e+02
1.129013805849184848e+02 1.704300710558869412e+02
1.137196371227498162e+02 1.713775001513506027e+02
1.145413778934999840e+02 1.723236117034118422e+02
1.153660603988003288e+02 1.732685831200216171e+02
1.161931446992352619e+02 1.742125898350911370e+02
1.170221605921788068e+02 1.751557509359880100e+02
1.178527190448952808e+02 1.760981199257186347e+02
1.186844355987188209e+02 1.770397466121807497e+02
1.195170292121455873e+02 1.779806225523342675e+02
1.203505958051730431e+02 1.789205269751211631e+02
1.211853171625646723e+02 1.798591907451397844e+02
1.220213799719154366e+02 1.807963390866816553e+02
1.228590387305130065e+02 1.817316192145320315e+02
1.236985974346696935e+02 1.826646213988956333e+02
1.245403613070064921e+02 1.835949345029511051e+02
1.253846544051069429e+02 1.845221264284900826e+02
1.262318417302876554e+02 1.854457195111173178e+02
1.270822936602803850e+02 1.863652301030371063e+02
1.279364102353046917e+02 1.872801691407420321e+02
1.287948118145277476e+02 1.881900073353755261e+02
1.296582179346833641e+02 1.890941972904587374e+02
1.305273437100011904e+02 1.899921961881925085e+02
1.314026990456961812e+02 1.908836566266626846e+02
1.322845184199906328e+02 1.917684934868254913e+02
1.331730169855109125e+02 1.926466400529640168e+02
1.340683463469853223e+02 1.935180352873372840e+02
1.349703855440012603e+02 1.943826425057769995e+02
1.358789405542474071e+02 1.952404315521626472e+02
1.367938218514566415e+02 1.960913524035157138e+02
1.377149172011355631e+02 1.969350135682813061e+02
1.386421794399417990e+02 1.977707360760161066e+02
1.395755634525590665e+02 1.985978319835993489e+02
1.405150314806886342e+02 1.994156116927619848e+02
1.414605644084920186e+02 2.002233814111389165e+02
1.424121460284638943e+02 2.010204466920613982e+02
1.433697429717382192e+02 2.018061684590940104e+02
1.443331695691813650e+02 2.025803990246545254e+02
1.453021604724174836e+02 2.033432477820719555e+02
1.462764482288006604e+02 2.040948311173746390e+02
1.472556809540230347e+02 2.048355500339096125e+02
1.482393758947001174e+02 2.055662466918669509e+02
1.492270390398927873e+02 2.062878012004128720e+02
1.502181780046302890e+02 2.070011124680131900e+02
1.512123086173052968e+02 2.077071743652899443e+02
1.522089492937387831e+02 2.084070106784754444e+02
1.532076254880981310e+02 2.091016306221769412e+02
1.542080160077340452e+02 2.097917256342951760e+02
1.552099484310843422e+02 2.104776788709921789e+02
1.562132564854279906e+02 2.111598607461361610e+02
1.572178104643964502e+02 2.118385649457131308e+02
1.582235890673858876e+02 2.125138576858024919e+02
1.592305909889836641e+02 2.131857632261883850e+02
1.602388168866169167e+02 2.138543020349483754e+02
1.612482884122696021e+02 2.145194540240229628e+02
1.622590399443947717e+02 2.151811745210553397e+02
1.632711059873529678e+02 2.158394186281167890e+02
1.642845162203206826e+02 2.164941523969642958e+02
1.652992916665972132e+02 2.171453615219498374e+02
1.663154524480375187e+02 2.177930337430541954e+02
1.673330061364875121e+02 2.184371860255841398e+02
1.683518854660948989e+02 2.190780096101118488e+02
1.693719955463162989e+02 2.197157600670919351e+02
1.703932393758540513e+02 2.203506978859468859e+02
1.714154613510680747e+02 2.209832201269683196e+02
1.724384403679013928e+02 2.216138764970580723e+02
1.734619518696042064e+02 2.222432247494363651e+02
1.744857615909755850e+02 2.228718444595623396e+02
1.755096014796617112e+02 2.235003911482056083e+02
1.765331961378905703e+02 2.241295368468503568e+02
1.775562713077224828e+02 2.247599506049003821e+02
1.785785675917754531e+02 2.253922625928929335e+02
1.795998360044904416e+02 2.260270757414813545e+02
1.806198279964401650e+02 2.266649918799194836e+02
1.816383299543890359e+02 2.273065276862052428e+02
1.826552010026425137e+02 2.279520225524691455e+02
1.836703093474941397e+02 2.286017937349810154e+02
1.846835394566540174e+02 2.292561191503404814e+02
1.856948907378869080e+02 2.299149986518088440e+02
1.867044121334135411e+02 2.305783122587369007e+02
1.877121538002341481e+02 2.312459370575561195e+02
1.887182048534902208e+02 2.319176561114696540e+02
1.897227046052084631e+02 2.325931313363912807e+02
1.907257956811200472e+02 2.332720166507992872e+02
1.917275981414343562e+02 2.339540205259584127e+02
1.927281396604792292e+02 2.346390747786045097e+02
1.937274242727311844e+02 2.353271683754814205e+02
1.947254536821633906e+02 2.360182959269057790e+02
1.957221920167081350e+02 2.367125430377591897e+02
1.967175730291430114e+02 2.374100688697406554e+02
1.977115298561056420e+02 2.381110340788224562e+02
1.987040766551356228e+02 2.388154038292281029e+02
1.996954240168905983e+02 2.395226693204032529e+02
2.006858117213251376e+02 2.402322513222306384e+02
2.016754995453096626e+02 2.409435223463928821e+02
2.026649157986328760e+02 2.416554481870844313e+02
2.036545732844218151e+02 2.423667907322317205e+02
2.046449838657779310e+02 2.430763141406854402e+02
2.056365747624394373e+02 2.437829869675416319e+02
2.066296473080445253e+02 2.444860817568351763e+02
2.076244926051278981e+02 2.451848957586024937e+02
2.086213626913566941e+02 2.458788205406190173e+02
2.096203213154397531e+02 2.465677022732154455e+02
2.106213755700858314e+02 2.472515239162762839e+02
2.116245276101720947e+02 2.479302803506723478e+02
2.126296795085243048e+02 2.486042080767954872e+02
2.136366400961099998e+02 2.492737687008682883e+02
2.146452145972178869e+02 2.499394325364034444e+02
2.156551639128751958e+02 2.506017768978466336e+02
2.166661233512026570e+02 2.512616822939000656e+02
2.176777061287427841e+02 2.519200825646174735e+02
2.186895225291572729e+02 2.525779186291560450e+02
2.197011531258608557e+02 2.532362031183783699e+02
2.207121612197717013e+02 2.538959903538202241e+02
2.217221114614610826e+02 2.545583313984680842e+02
2.227306949321601337e+02 2.552239720774742864e+02
2.237378201852017128e+02 2.558931331794737218e+02
2.247434172419257266e+02 2.565659836635212514e+02
2.257474597068525100e+02 2.572425872680682346e+02
2.267501689593942444e+02 2.579224095415434022e+02
2.277518538217297532e+02 2.586047049238559907e+02
2.287528220900872498e+02 2.592887303316852012e+02
2.297533520588640954e+02 2.599738139030613979e+02
2.307536903563817816e+02 2.606593602221410038e+02
2.317540820473115843e+02 2.613447776479417257e+02
2.327547476726625746e+02 2.620295337453435991e+02
2.337558262721940991e+02 2.627132928423259273e+02
2.347574399763600752e+02 2.633957600898912119e+02
2.357597154743340013e+02 2.640766296337378662e+02
2.367628355469416874e+02 2.647554602075053367e+02
2.377670206899439904e+02 2.654317194963998645e+02
2.387724919817778186e+02 2.661048737790222276e+02
2.397794547219625088e+02 2.667744274323620175e+02
2.407880827369191081e+02 2.674399608255836256e+02
2.417985461186952421e+02 2.681010633445416147e+02
2.428110022240907711e+02 2.687573551225405595e+02
2.438255227064212818e+02 2.694086632117923159e+02
2.448421438697008057e+02 2.700549000103844151e+02
2.458608990911416470e+02 2.706959849825543074e+02
2.468817234096911761e+02 2.713320750094375740e+02
2.479044302134701638e+02 2.719636206723067744e+02
2.489288253457201563e+02 2.725910907679467527e+02
2.499546936332477003e+02 2.732150048317731716e+02
2.509817377694408265e+02 2.738360806886500427e+02
2.520096403863593082e+02 2.744550845962201038e+02
2.530380926992081072e+02 2.750727620894134020e+02
2.540669159429767205e+02 2.756895447899660212e+02
2.550960322618857958e+02 2.763056206894667639e+02
2.561253666676573175e+02 2.769211708562826288e+02
2.571549013032825997e+02 2.775362384054410541e+02
2.581847508795006547e+02 2.781505463441968118e+02
2.592150488623868796e+02 2.787637723917986818e+02
2.602459227841256961e+02 2.793756085784865490e+02
2.612774526524321459e+02 2.799858615510685240e+02
2.623096956487904095e+02 2.805943930072426156e+02
2.633427070429021910e+02 2.812010692573192614e+02
2.643764563838476533e+02 2.818059634391910890e+02
2.654107908736142463e+02 2.824094438910520921e+02
2.664455483299425964e+02 2.830119015935012499e+02
2.674805708165823717e+02 2.836137172192481444e+02
2.685157199278996814e+02 2.842152240271929600e+02
2.695508628702175429e+02 2.848167416522812232e+02
2.705858694460724223e+02 2.854185834522820642e+02
2.716206587131197239e+02 2.860209436950609643e+02
2.726551937969077812e+02 2.866239101003481551e+02
2.736894394365199901e+02 2.872275664868267313e+02
2.747233976904411747e+02 2.878319065597112285e+02
2.757571717186699516e+02 2.884366798989677250e+02
2.767908816355599129e+02 2.890415951456484436e+02
2.778246573672883528e+02 2.896463372931851268e+02
2.788587230554085750e+02 2.902503642651422524e+02
2.798933553614573384e+02 2.908530074058971309e+02
2.809288309857080321e+02 2.914535979785912332e+02
2.819653887486005601e+02 2.920515594069225926e+02
2.830032049811054549e+02 2.926464671496898404e+02
2.840424501718778743e+02 2.932379108798790526e+02
2.850832848290909283e+02 2.938255048518470858e+02
2.861258153508188116e+02 2.944089965901100641e+02
2.871701298832561520e+02 2.949881785725461896e+02
2.882163116925821669e+02 2.955628551791714926e+02
2.892643257716508174e+02 2.961331192451384027e+02
2.903140151972139620e+02 2.966993609450514100e+02
2.913652174042250635e+02 2.972619842127005541e+02
2.924176436157993066e+02 2.978216994130557396e+02
2.934706044164452692e+02 2.983801896261859383e+02
2.945233310777584848e+02 2.989393304968979805e+02
2.955750558367832355e+02 2.995009957521821775e+02
2.966250221539081622e+02 3.000670368244078645e+02
2.976724807303894522e+02 3.006392907623187511e+02
2.987166842417104249e+02 3.012195899060657780e+02
2.997570972330615291e+02 3.018092557820459660e+02
3.007935892210164752e+02 3.024086335385024427e+02
3.018260753547671129e+02 3.030179583043201887e+02
3.028544872870044173e+02 3.036374240940044160e+02
3.038788624581026738e+02 3.042669613782439342e+02
3.048992800562431285e+02 3.049063966234057261e+02
3.059158163040800673e+02 3.055555628887768762e+02
3.069284490999655191e+02 3.062145127029276637e+02
3.079370395522513491e+02 3.068835592809235209e+02
3.089414419741108304e+02 3.075630310051941478e+02
3.099414905930141231e+02 3.082532904114342500e+02
3.109369447045896777e+02 3.089548274477033374e+02
3.119275461342899689e+02 3.096681617679433884e+02
3.129130318316911712e+02 3.103938198078688515e+02
3.138930692557335078e+02 3.111324246565249609e+02
3.148672740908206151e+02 3.118846714152689970e+02
3.158352611426679459e+02 3.126512558099082071e+02
3.167967195295410079e+02 3.134326459599584496e+02
3.177515034520271229e+02 3.142288043667783768e+02
3.186994893364562813e+02 3.150396254581787048e+02
3.196405762992329755e+02 3.158649362722005662e+02
3.205748362515126360e+02 3.167040506445704295e+02
3.215024205936039721e+02 3.175560463273545224e+02
3.224234814479146962e+02 3.184199985964387452e+02
3.233381841728930226e+02 3.192949288497303542e+02
3.242467122592992155e+02 3.201797846766268094e+02
3.251492505089116776e+02 3.210735083299638291e+02
3.260459854903928658e+02 3.219750686061593683e+02
3.269371115293430989e+02 3.228835508326536683e+02
3.278228250794325049e+02 3.237980723064848121e+02
3.287033287207908074e+02 3.247177554978803187e+02
3.295789338175112562e+02 3.256418147197942972e+02
3.304500451949977560e+02 3.265695431914944606e+02
3.313170708637388202e+02 3.275002367693883230e+02
3.321804869601769497e+02 3.284332244936504139e+02
3.330409461249839751e+02 3.293679213786673472e+02
3.338991292084158431e+02 3.303037561795549095e+02
3.347556777933298235e+02 3.312401859167385965e+02
3.356108757714943636e+02 3.321769250824894470e+02
3.364648158887912359e+02 3.331138257589868203e+02
3.373175856466754681e+02 3.340507433260747803e+02
3.381690538661279106e+02 3.349876602657864169e+02
3.390187433143155431e+02 3.359247601946976260e+02
3.398661461448711520e+02 3.368622445226839659e+02
3.407107617270101514e+02 3.378003174331982450e+02
3.415521267460120498e+02 3.387391974535087229e+02
3.423897899143977384e+02 3.396791077340010361e+02
3.432233128984042878e+02 3.406202662984631502e+02
3.440525498144777998e+02 3.415627753267960429e+02
3.448776442871320000e+02 3.425066223204408402e+02
3.456987523282904817e+02 3.434517898726347767e+02
3.465160752392949917e+02 3.443982404261140573e+02
3.473299516726121965e+02 3.453458753123426277e+02
3.481407462206606169e+02 3.462945843213901753e+02
3.489488302438532514e+02 3.472442537756251113e+02
3.497546495131298343e+02 3.481947318718723636e+02
3.505586958546293204e+02 3.491458432097644504e+02
3.513614612489519118e+02 3.500974122167093583e+02
3.521633852684515205e+02 3.510492809683774453e+02
3.529648114665335470e+02 3.520013238744273849e+02
3.537660731288771672e+02 3.529534188021326599e+02
3.545674966176786711e+02 3.539054455134872228e+02
3.553693660065717381e+02 3.548572953434182864e+02
3.561719494064842593e+02 3.558088639953003849e+02
3.569755105001377160e+02 3.567600489139696265e+02
3.577801831426085073e+02 3.577107987052633007e+02
3.585859531093618102e+02 3.586611203285453371e+02
3.593927981082067618e+02 3.596110239223348799e+02
3.602007195261062407e+02 3.605605092348402536e+02
3.610098030855174329e+02 3.615095390082160520e+02
3.618201532764265949e+02 3.624580677495058012e+02
3.626318679396603670e+02 3.634060526554268904e+02
3.634449556430635653e+02 3.643534870348104278e+02
3.642593611096447717e+02 3.653003900225762095e+02
3.650750278709948589e+02 3.662467812326394210e+02
3.658919325832332561e+02 3.671926663715078121e+02
3.667101223697477508e+02 3.681380215598480277e+02
3.675296533775824628e+02 3.690828191297247258e+02
3.683505643504168461e+02 3.700270386166051253e+02
3.691727679408188578e+02 3.709707117461557573e+02
3.699961212622231415e+02 3.719138932321701532e+02
3.708204808855994088e+02 3.728566380216091716e+02
3.716456913635625483e+02 3.737990063810809147e+02
3.724715814441383941e+02 3.747410655727301219e+02
3.732979787995366223e+02 3.756828833348880039e+02
3.741247288882134399e+02 3.766245204635553137e+02
3.749517517013335919e+02 3.775660086631206696e+02
3.757789867501095387e+02 3.785073720189055848e+02
3.766063644270318491e+02 3.794486385666305637e+02
3.774336633518132658e+02 3.803899020927405559e+02
3.782605369368919810e+02 3.813313106257455729e+02
3.790866350917710861e+02 3.822730137232925927e+02
3.799116945958194833e+02 3.832151274910798975e+02
3.807356675374776955e+02 3.841576851233390926e+02
3.815585387890251923e+02 3.851007071898629874e+02
3.823803140537930858e+02 3.860442067025385313e+02
3.832011791749200142e+02 3.869881313150652886e+02
3.840214122558214740e+02 3.879323952073409600e+02
3.848412927249249265e+02 3.888769121645589166e+02
3.856611327804336611e+02 3.898215889677613859e+02
3.864812943739246975e+02 3.907663217637974640e+02
3.873021436175740178e+02 3.917110058102366565e+02
3.881240679155827138e+02 3.926555296009099720e+02
3.889475597306615100e+02 3.935997482561921288e+02
3.897731438720995811e+02 3.945435066210699233e+02
3.906013402704564896e+02 3.954866515742760953e+02
3.914325660443378183e+02 3.964290728339749990e+02
3.922671405695016347e+02 3.973707008455803020e+02
3.931053793792733586e+02 3.983114676480514049e+02
3.939476305425845908e+02 3.992512837508699022e+02
3.947943364248257581e+02 4.001899972656187288e+02
3.956459563768545422e+02 4.011274450642483203e+02
3.965029197404105048e+02 4.020634709841443168e+02
3.973653435212177669e+02 4.029979913591916443e+02
3.982331593042154623e+02 4.039309655614058556e+02
3.991062933110781614e+02 4.048623540351241559e+02
3.999844196266279823e+02 4.057921608562807023e+02
4.008667694431147765e+02 4.067204667421649447e+02
4.017525290419619637e+02 4.076473601817627923e+02
4.026408344265907999e+02 4.085729192499502460e+02
4.035305288695719810e+02 4.094971613881036774e+02
4.044203499845004899e+02 4.104200821523986633e+02
4.053090317338895829e+02 4.113416725522587285e+02
4.061952124569405100e+02 4.122618004771674691e+02
4.070774257561499780e+02 4.131801989627054468e+02
4.079541999011498774e+02 4.140965941641750874e+02
4.088240844619700738e+02 4.150106374864249688e+02
4.096857014467125282e+02 4.159217261240865469e+02
4.105376882481234588e+02 4.168292032817658423e+02
4.113787099463152117e+02 4.177323961060438364e+02
4.122077822478971143e+02 4.186304283883555399e+02
4.130241615209012025e+02 4.195222843421519769e+02
4.138271102224397282e+02 4.204069459406983924e+02
4.146160901350544918e+02 4.212834666381913848e+02
4.153909692234140039e+02 4.221510455515119702e+02
4.161516648952178912e+02 4.230088995285142346e+02
4.169009031249451596e+02 4.238595248858021591e+02
4.176607790951399011e+02 4.247280347112836694e+02
4.184615545116824933e+02 4.256490778668664916e+02
4.193347983081971506e+02 4.266588468637345386e+02
4.203587378346819605e+02 4.278486449509028375e+02
4.216705065436655104e+02 4.293793525089211016e+02
4.234110077567718804e+02 4.314163027112869031e+02
