4.861730358805748864e+01 6.149332183585417511e+01
4.968582018017798418e+01 6.283130679567120325e+01
5.054869358946933744e+01 6.390230145458630773e+01
5.127837662992114076e+01 6.479538107393754842e+01
5.194569391578839657e+01 6.559768485602452870e+01
5.259255879799697198e+01 6.636197421061150692e+01
5.323604563018995606e+01 6.711147500328226556e+01
5.389241483144157741e+01 6.786844537606913264e+01
5.457257452110211915e+01 6.864887552633099688e+01
5.527226672147780562e+01 6.945099501355392135e+01
5.598456576430281473e+01 7.026990933135058981e+01
5.670298138619093464e+01 7.110068093895608854e+01
5.742594511809146951e+01 7.193788583721587315e+01
5.815499870178237529e+01 7.277579262117021131e+01
5.889173364947291844e+01 7.360866976200725276e+01
5.963785493269588756e+01 7.443146925110080758e+01
6.039529872855264614e+01 7.524053594616907503e+01
6.116602935793351037e+01 7.603238425333972828e+01
6.195173484542193876e+01 7.680388041217875639e+01
6.275199909943860632e+01 7.755457002642071984e+01
6.356543809152556435e+01 7.828523126263856113e+01
6.439066521178253311e+01 7.899664749836387045e+01
6.522643070381005259e+01 7.968953136300004303e+01
6.607168834699444915e+01 8.036449026558126718e+01
6.692540846262480159e+01 8.102212306359820104e+01
6.778666834888578308e+01 8.166293108510674870e+01
6.865511174282802642e+01 8.228689924326651806e+01
6.953056915599512422e+01 8.289384217137785527e+01
7.041287030257316815e+01 8.348358759655545214e+01
7.130182001823651206e+01 8.405632299730142165e+01
7.219719588909767083e+01 8.461262988966167597e+01
7.309877411495165234e+01 8.515310985939773047e+01
7.400649280933976115e+01 8.567799185891382763e+01
7.492089412216087396e+01 8.618611469245988133e+01
7.584266103291746219e+01 8.667599305463360793e+01
7.677246184500768322e+01 8.714617425221732105e+01
7.771072822948924852e+01 8.759573141937673313e+01
7.865770057212839106e+01 8.802416275070703477e+01
7.961361329859366265e+01 8.843097974188103194e+01
8.057844008440555683e+01 8.881630411454617047e+01
8.155146382316216602e+01 8.918187420715676694e+01
8.253185431365277225e+01 8.952969303065334827e+01
8.351876890017676658e+01 8.986179146426108844e+01
8.451123530024179331e+01 9.018049044134531300e+01
8.550820427736904605e+01 9.048828308824202793e+01
8.650862742964082486e+01 9.078766037191182647e+01
8.751166758943165291e+01 9.108060722771361384e+01
8.851689134595721953e+01 9.136814135354168798e+01
8.952391078419553594e+01 9.165117145791528230e+01
9.053249831908028966e+01 9.193023006350568949e+01
9.154355962067589303e+01 9.220319071051008564e+01
9.255848874559362116e+01 9.246678102658228227e+01
9.357867921529943089e+01 9.271773248775755860e+01
9.460541151618568279e+01 9.295316142021090400e+01
9.563980807991947586e+01 9.317072227851625144e+01
9.668297956606086530e+01 9.336810959770087948e+01
9.773600278977320954e+01 9.354311809654983279e+01
9.879978757214951202e+01 9.369403681772803338e+01
9.987519231829834609e+01 9.381930700181280258e+01
1.009630197615883844e+02 9.391748245977379383e+01
1.020627198122980417e+02 9.398985213717008946e+01
1.031723478911449945e+02 9.404052435532364029e+01
1.042898954190243330e+02 9.407373677004285639e+01
1.054132779495933647e+02 9.409319487448088637e+01
1.065401470048963120e+02 9.410075214017601297e+01
1.076680967057951079e+02 9.409785940419018857e+01
1.087947305756555352e+02 9.408579478236023874e+01
1.099177902678777485e+02 9.406329898247167876e+01
1.110351224747107892e+02 9.402718317958947125e+01
1.121445779308215123e+02 9.397421200335136859e+01
1.132445170736641558e+02 9.390177548511752548e+01
1.143345636514283115e+02 9.380881372960345743e+01
1.154145337691586519e+02 9.369450286202781797e+01
1.164843001387867218e+02 9.355814401497937638e+01
1.175442790245288904e+02 9.340023867042413031e+01
1.185951896916430854e+02 9.322195744027544606e+01
1.196377522718383943e+02 9.302447363493118360e+01
1.206724638534690826e+02 9.280854045592651858e+01
1.216994214083606209e+02 9.257415747328798261e+01
1.227186802392077709e+02 9.232124577198209181e+01
1.237304648453060594e+02 9.205015526235406753e+01
1.247361109308639158e+02 9.176405218123329632e+01
1.257374025333664491e+02 9.146723905711426994e+01
1.267361138624133616e+02 9.116399528127072927e+01
1.277335766446278456e+02 9.085754957304669688e+01
1.287305407248879021e+02 9.054974897870786776e+01
1.297277163394131492e+02 9.024234649411013720e+01
1.307256982141888670e+02 8.993681379758491801e+01
1.317245497559424621e+02 8.963332857460738978e+01
1.327241817013325260e+02 8.933169669281404879e+01
1.337245272061402943e+02 8.903177775581035291e+01
1.347260082585374334e+02 8.873460305154446814e+01
1.357295210730820259e+02 8.844234054311664295e+01
1.367359812846167415e+02 8.815720474028375975e+01
1.377459797064142890e+02 8.788062473707367417e+01
1.387590521631732940e+02 8.761147867432337932e+01
1.397745206668999174e+02 8.734812769563997392e+01
1.407916327465142103e+02 8.708875313392648820e+01
1.418086359057278685e+02 8.682912214664722228e+01
1.428230624660729120e+02 8.656327535953705876e+01
1.438324312827979838e+02 8.628522089073715051e+01
1.448347799307468051e+02 8.599021950407633597e+01
1.458293496248833776e+02 8.567643861009875650e+01
1.468155518680106866e+02 8.534245684408193711e+01
1.477929294978314374e+02 8.498716995593278511e+01
1.487621908971785274e+02 8.461228796208578729e+01
1.497246542295133622e+02 8.422099322454776882e+01
1.506816504999455049e+02 8.381649911007535536e+01
1.516350807512214089e+02 8.340339521417396895e+01
1.525878062382018356e+02 8.298858935035984530e+01
1.535427804725402439e+02 8.257921206560060057e+01
1.545027238402124681e+02 8.218183108441873230e+01
1.554689327979675681e+02 8.179957641766441157e+01
1.564421663105549953e+02 8.143428043894526525e+01
1.574231541772049070e+02 8.108770510929845443e+01
1.584116424539972172e+02 8.075923739762103537e+01
1.594061602427843525e+02 8.044532625314002416e+01
1.604051611690609036e+02 8.014223840703431279e+01
1.614071720145313122e+02 7.984641720234020568e+01
1.624110333373324409e+02 7.955506349315936632e+01
1.634156698043090898e+02 7.926558118669277064e+01
1.644200254606414546e+02 7.897542097362810409e+01
1.654234247125841364e+02 7.868295181844491992e+01
1.664255392313328912e+02 7.838738105819847135e+01
1.674260536558214199e+02 7.808794733686534073e+01
1.684250196690149437e+02 7.778477542226183061e+01
1.694236021037607145e+02 7.748067746726941607e+01
1.704231760209216588e+02 7.717897316076133052e+01
1.714249656835220605e+02 7.688261813358285224e+01
1.724283398995644347e+02 7.659008855386397840e+01
1.734314199052087133e+02 7.629684868619183646e+01
1.744323034893565705e+02 7.599830618848481834e+01
1.754290387820846888e+02 7.568974883083760119e+01
1.764195659643477256e+02 7.536620376933888110e+01
1.774018110420541348e+02 7.502266393825604496e+01
1.783740327511572730e+02 7.465492555329777247e+01
1.793372232562688282e+02 7.426538391115724380e+01
1.802937160952569400e+02 7.385967267025431227e+01
1.812458510137213068e+02 7.344344047580746349e+01
1.821957740505389154e+02 7.302186832409266515e+01
1.831453247108170501e+02 7.259939717412100890e+01
1.840963153822559093e+02 7.218040251775589411e+01
1.850502411140435015e+02 7.176849372384893400e+01
1.860067928530760923e+02 7.136292467262535411e+01
1.869650248566540540e+02 7.096141213950991755e+01
1.879240034992894266e+02 7.056170215345225927e+01
1.888831899474681109e+02 7.016249385518446502e+01
1.898425048844021603e+02 6.976359575653799538e+01
1.908018948719728769e+02 6.936487884595455000e+01
1.917612913648096935e+02 6.896617763994579775e+01
1.927205653885360164e+02 6.856718076730346922e+01
1.936795728615236101e+02 6.816754038488933531e+01
1.946381707109268007e+02 6.776691108494839000e+01
1.955962337764310064e+02 6.736499070380961030e+01
1.965536522872020271e+02 6.696151423078528353e+01
1.975103176241746894e+02 6.655621943578846356e+01
1.984666947437465581e+02 6.615022882254092451e+01
1.994248738665149006e+02 6.574858863005690068e+01
2.003872310942741137e+02 6.535703527568836080e+01
2.013559380154772498e+02 6.498081143791509362e+01
2.023308544102950464e+02 6.461957859643352720e+01
2.033103791666582651e+02 6.426947132515955730e+01
2.042928868877944240e+02 6.392656556953493663e+01
2.052765674644452361e+02 6.358649133736779646e+01
2.062592343832464792e+02 6.324396991199171225e+01
2.072386553125699606e+02 6.289361196110950658e+01
2.082128658188236159e+02 6.253067491552879176e+01
2.091819416281055339e+02 6.215534158750062232e+01
2.101468969820944039e+02 6.177006056643431009e+01
2.111087499665296718e+02 6.137728972224056179e+01
2.120684581384271894e+02 6.097934080189146755e+01
2.130268890332753813e+02 6.057830823057391001e+01
2.139849028702697638e+02 6.017626877114648209e+01
2.149434300010516665e+02 5.977546850715577875e+01
2.159037721260731360e+02 5.937905006918254003e+01
2.168673533923379750e+02 5.899045171038518731e+01
2.178355842382776473e+02 5.861307858939431981e+01
2.188094994008263825e+02 5.824942886536345554e+01
2.197897221091371307e+02 5.790100725625629252e+01
2.207768546190457073e+02 5.756926784731789581e+01
2.217707144418806138e+02 5.725377016208302905e+01
2.227681915165795772e+02 5.694700586122730357e+01
2.237654932257166251e+02 5.663981875043703695e+01
2.247589686620643477e+02 5.632339473662926821e+01
2.257472518037519364e+02 5.599443564654548311e+01
2.267308236501584702e+02 5.565410218321135005e+01
2.277102191602284620e+02 5.530368531265531828e+01
2.286865499281467748e+02 5.494586790655588970e+01
2.296624551759938697e+02 5.458702028707944010e+01
2.306408242290728481e+02 5.423411648574621324e+01
2.316244294089211166e+02 5.389384807221029661e+01
2.326148252575517290e+02 5.356996674256149049e+01
2.336128433723781939e+02 5.326447891332654905e+01
2.346193025315375280e+02 5.297936006772197715e+01
2.356346444623655429e+02 5.271567704583883796e+01
2.366585901908433414e+02 5.247275989174592326e+01
2.376907795335355900e+02 5.224974294543730480e+01
2.387308523694224505e+02 5.204576192810278457e+01
2.397784490186547259e+02 5.185996232359416069e+01
2.408332099915095625e+02 5.169149382307068663e+01
2.418947868292726184e+02 5.153953284025496373e+01
2.429633400245354551e+02 5.140448804316884690e+01
2.440397417265138529e+02 5.128849113684125882e+01
2.451249170894689939e+02 5.119380216017968621e+01
2.462193574285052193e+02 5.112162731545005556e+01
2.473214134217612070e+02 5.106797299380102118e+01
2.484287766643515170e+02 5.102724461092841324e+01
2.495391311091590865e+02 5.099382570314543983e+01
2.506499794038935249e+02 5.096157880769298032e+01
2.517586373069560182e+02 5.092382941615318259e+01
2.528624120637769011e+02 5.087387852438271096e+01
2.539593326476656330e+02 5.080672729741034743e+01
2.550499397745718397e+02 5.072329379432841279e+01
2.561353202200451733e+02 5.062578242290045694e+01
2.572166482443911377e+02 5.051662081651278413e+01
2.582963833264703339e+02 5.040151596516941623e+01
2.593779622697221612e+02 5.028866859491041197e+01
2.604648432522609482e+02 5.018633590880301654e+01
2.615593743799068420e+02 5.010064100002009013e+01
2.626611524173425209e+02 5.003241751853986585e+01
2.637693551988068066e+02 4.998169372210556105e+01
2.648830529425846407e+02 4.994847859533177825e+01
2.660002825139476386e+02 4.993259605784132305e+01
2.671185047396734831e+02 4.993376686551938093e+01
2.682351774973515717e+02 4.995171554529438396e+01
2.693480625465826961e+02 4.998661778659975141e+01
2.704554667796204512e+02 5.003945861737487633e+01
2.715557538601892134e+02 5.011130735208446652e+01
2.726477015137452327e+02 5.020249233797430577e+01
2.737328068314344591e+02 5.030847559276361380e+01
2.748136640756952147e+02 5.042275573620905504e+01
2.758928720492729099e+02 5.053882904839736057e+01
2.769730893528394517e+02 5.065031600798868539e+01
2.780570532235871610e+02 5.075100041943539253e+01
2.791475062514920182e+02 5.083467720476736673e+01
2.802465817886512696e+02 5.089658914050310301e+01
2.813536108396584154e+02 5.093863878508452814e+01
2.824671191783923518e+02 5.096464232863223032e+01
2.835856039249910054e+02 5.097848056848161491e+01
2.847069393403974686e+02 5.098543851031772078e+01
2.858283954370005517e+02 5.099216341131349850e+01
2.869472174067824426e+02 5.100535847462798245e+01
2.880607923775759787e+02 5.103136904643525895e+01
2.891669684709244734e+02 5.107537818854989098e+01
2.902636872371616050e+02 5.114233340464435429e+01
2.913490321479316094e+02 5.123683963759754789e+01
2.924229921395360634e+02 5.135890253872688760e+01
2.934869188682919230e+02 5.150523851090252947e+01
2.945421936316163851e+02 5.167249242863913850e+01
2.955902251506435618e+02 5.185724743191168784e+01
2.966324857806685600e+02 5.205594341149190285e+01
2.976704568797796355e+02 5.226499999163084453e+01
2.987055456959000139e+02 5.248101635981496571e+01
2.997385017786368735e+02 5.270218525600648007e+01
3.007697305882254568e+02 5.292753312227416984e+01
3.017996342112538741e+02 5.315609455066096700e+01
3.028285871417270982e+02 5.338696915693029865e+01
3.038569173947319655e+02 5.361936608744500887e+01
3.048849485196797104e+02 5.385250501222379427e+01
3.059130058859865358e+02 5.408559836913927654e+01
3.069414259796422471e+02 5.431781442219106282e+01
3.079705494828203314e+02 5.454830476102237213e+01
3.090007063170097013e+02 5.477624641088524982e+01
3.100318503703850865e+02 5.500170568350776534e+01
3.110634703534656751e+02 5.522584899579918272e+01
3.120950261261255605e+02 5.544991099396663969e+01
3.131260613138494477e+02 5.567492700356399382e+01
3.141564788236462960e+02 5.590107743812284724e+01
3.151862778690082791e+02 5.612831354945843998e+01
3.162154345272128353e+02 5.635664932637286029e+01
3.172434707088630148e+02 5.658733028488312300e+01
3.182694936760247515e+02 5.682272631006936336e+01
3.192925955697710378e+02 5.706524840275468335e+01
3.203120177121606389e+02 5.731708649162015234e+01
3.213274538527064692e+02 5.757976005055673596e+01
3.223386831857728225e+02 5.785466193224988274e+01
3.233455563187554844e+02 5.814302761551834209e+01
3.243488025431820461e+02 5.844415621103598824e+01
3.253497419606881067e+02 5.875604485322492110e+01
3.263497036896217764e+02 5.907666778006952768e+01
3.273496461469579231e+02 5.940424456949828169e+01
3.283497219132898977e+02 5.973752812320586969e+01
3.293499777529926860e+02 6.007534137485082226e+01
3.303501961727610023e+02 6.041655557373440644e+01
3.313479887616724682e+02 6.076043888961799411e+01
3.323399017761416872e+02 6.110645427272253016e+01
3.333224547713645620e+02 6.145405465975265002e+01
3.342909389038891845e+02 6.180197186806394427e+01
3.352387014345471243e+02 6.214779657014332770e+01
3.361589176580895355e+02 6.248901848748088383e+01
3.370484324822467102e+02 6.282431829543211421e+01
3.379249529443908386e+02 6.315914736535733454e+01
3.388135485806569704e+02 6.350134652941554236e+01
3.397404017283801636e+02 6.385919171028086083e+01
3.407656527249475857e+02 6.425425303577955560e+01
3.419889672022038667e+02 6.472357437696250315e+01
3.435122367436311492e+02 6.530507104188158962e+01
