5.010227516092382416e+01 9.701669252446167491e+01
5.190885043863938364e+01 9.734503515104519522e+01
5.333135330436991239e+01 9.758055420604034680e+01
5.450027856595139042e+01 9.775362466925733429e+01
5.554275172226905255e+01 9.789383373809704381e+01
5.653274555981012384e+01 9.801834090670126898e+01
5.750186869854451288e+01 9.813440044958059616e+01
5.848052233606158268e+01 9.824898263312816482e+01
5.948974021598750994e+01 9.836634896422503971e+01
6.052803814643061742e+01 9.848424950360426067e+01
6.159061748212464948e+01 9.859947588112308381e+01
6.267277183736300827e+01 9.870875602238764657e+01
6.377057073868665071e+01 9.880828209379535565e+01
6.488047202674989933e+01 9.889397813495129697e+01
6.599893755829587860e+01 9.896178263878339010e+01
6.712249053048721237e+01 9.900852979077856730e+01
6.824774579003482700e+01 9.903239204276029284e+01
6.937132567999533705e+01 9.903165130815997941e+01
7.049004117403852376e+01 9.900467639444079282e+01
7.160162376043469123e+01 9.895026015065512581e+01
7.270408529739538039e+01 9.886732458026020254e+01
7.379551582041742108e+01 9.875491690145153711e+01
7.487563891272972683e+01 9.861470234501915400e+01
7.594572597967703587e+01 9.845082676580457814e+01
7.700710963109196427e+01 9.826753407362414805e+01
7.806140059481228377e+01 9.806947607212336493e+01
7.911101822036417275e+01 9.786249050685209738e+01
8.015852799928771333e+01 9.765262945837127972e+01
8.120634330599244777e+01 9.744556625477167700e+01
8.225527491667912727e+01 9.724298395672789752e+01
8.330517330245837115e+01 9.704417458635600724e+01
8.435587477682227586e+01 9.684839549448552987e+01
8.540711061032658336e+01 9.665469506600231853e+01
8.645842461860453909e+01 9.646174877452295959e+01
8.750934122348456867e+01 9.626819351282381376e+01
8.855941005346474526e+01 9.607274282287997380e+01
8.960833125689237022e+01 9.587456795194776760e+01
9.065586061520805572e+01 9.567300931806551034e+01
9.170175443893330680e+01 9.546740981878065213e+01
9.274578169342059653e+01 9.525717588009830195e+01
9.378772559302450418e+01 9.504178545937098477e+01
9.482737011592394083e+01 9.482072033899760299e+01
9.586455827688756415e+01 9.459360787642997082e+01
9.689934175277305428e+01 9.436058995739500688e+01
9.793181829828316154e+01 9.412192208842294860e+01
9.896209680712681234e+01 9.387788640549628383e+01
9.999043561815588532e+01 9.362912231545756470e+01
1.010171998937008198e+02 9.337652460257612574e+01
1.020427570784952707e+02 9.312099349276203952e+01
1.030674693345205242e+02 9.286341396995230468e+01
1.040916875171585190e+02 9.260463839590693169e+01
1.051157610236519417e+02 9.234551492531396377e+01
1.061400389960325157e+02 9.208689070547964661e+01
1.071648687001417244e+02 9.182960547791495287e+01
1.081905965647957117e+02 9.157449568018141406e+01
1.092175682695988428e+02 9.132239592368583203e+01
1.102460984353196949e+02 9.107406535916841506e+01
1.112764600876970604e+02 9.083016207792493901e+01
1.123089233433628067e+02 9.059133710327378708e+01
1.133436897613895837e+02 9.035807599001242352e+01
1.143806654877411120e+02 9.013015129249421875e+01
1.154196771166234328e+02 8.990714356127554652e+01
1.164605543947285469e+02 8.968864097256897594e+01
1.175031821665114649e+02 8.947436498034974761e+01
1.185474921396761090e+02 8.926415039762271419e+01
1.195934175951786926e+02 8.905783584276086629e+01
1.206409283713088030e+02 8.885534826228544603e+01
1.216900886216023281e+02 8.865684248287809055e+01
1.227409775044105942e+02 8.846250958516590401e+01
1.237936606540645528e+02 8.827250800527527019e+01
1.248480801393298520e+02 8.808669791476091859e+01
1.259041118349972379e+02 8.790477970508398187e+01
1.269616337917563413e+02 8.772645902100008186e+01
1.280207064951045481e+02 8.755188194126749579e+01
1.290816816641718106e+02 8.738189764070372689e+01
1.301449370859578210e+02 8.721741822716191450e+01
1.312108302923127212e+02 8.705930690703408459e+01
1.322796122527445561e+02 8.690816961612551950e+01
1.333514990168834800e+02 8.676452798412249479e+01
1.344267224773528255e+02 8.662894188939824858e+01
1.355058865596837450e+02 8.650286938469388076e+01
1.365899712544444924e+02 8.638867643162086551e+01
1.376799730310230814e+02 8.628876877551768132e+01
1.387764599983233893e+02 8.620451801139384429e+01
1.398786609019959712e+02 8.613406223583955068e+01
1.409855434291704057e+02 8.607490929647185851e+01
1.420960292013133426e+02 8.602445582456354600e+01
1.432085096450812216e+02 8.597881840189157288e+01
1.443210366345820717e+02 8.593329382840974517e+01
1.454316606454173098e+02 8.588317552640204156e+01
1.465389046539833089e+02 8.582489753406667887e+01
1.476421938319985259e+02 8.575707178719125068e+01
1.487410548805723352e+02 8.567855531329763608e+01
1.498351742453270390e+02 8.558859074162901948e+01
1.509252687154708212e+02 8.548890781196540445e+01
1.520124640068245014e+02 8.538222335780901062e+01
1.530978620558187515e+02 8.527119679881300840e+01
1.541817503793609205e+02 8.515652120902632305e+01
1.552634380224026813e+02 8.503652722646482687e+01
1.563421760611204547e+02 8.490940552854355872e+01
1.574173024684601501e+02 8.477355678306059872e+01
1.584884859943840070e+02 8.462818099699217100e+01
1.595554740819532924e+02 8.447266834311845685e+01
1.606180251393575986e+02 8.430643565184193733e+01
1.616760595166202563e+02 8.412929345477445509e+01
1.627296211469435434e+02 8.394135272996531683e+01
1.637787594377151947e+02 8.374273773538241983e+01
1.648240928045070746e+02 8.353494917446357704e+01
1.658675450622185963e+02 8.332264554527971256e+01
1.669112223506849091e+02 8.311092639462273723e+01
1.679572659425633674e+02 8.290497662934146206e+01
1.690080969619426980e+02 8.271066109409468936e+01
1.700662703269943279e+02 8.253416970479446491e+01
1.711343106337330653e+02 8.238161903530010477e+01
1.722132241720366608e+02 8.225545279832530809e+01
1.733018461367619238e+02 8.215286271533342699e+01
1.743988447529019936e+02 8.207063659904372344e+01
1.755027115932632285e+02 8.200512352363881519e+01
1.766111181119790672e+02 8.195063569258235248e+01
1.777214979404108135e+02 8.190089464574646172e+01
1.788313299021511114e+02 8.184972663512346003e+01
1.799389714579049553e+02 8.179299382955782960e+01
1.810435774358266485e+02 8.172840600233011799e+01
1.821443325289821189e+02 8.165374217741612028e+01
1.832411253413821441e+02 8.156844934782643008e+01
1.843357950420964357e+02 8.147659651471607845e+01
1.854305158857029312e+02 8.138304668912999773e+01
1.865273908758319408e+02 8.129251004459518981e+01
1.876278144319272201e+02 8.120817679944096312e+01
1.887327749106009378e+02 8.113236614308726757e+01
1.898432474010166970e+02 8.106737302576314619e+01
1.909595387529217021e+02 8.101439215507389235e+01
1.920808154986191312e+02 8.097274072911746146e+01
1.932061327523940406e+02 8.094155249848854794e+01
1.943344685144717801e+02 8.092011534650868043e+01
1.954643631589512722e+02 8.090859186739508857e+01
1.965942028750574480e+02 8.090745283438130286e+01
1.977223715977562506e+02 8.091720580793780471e+01
1.988471981985299806e+02 8.093932236223284349e+01
1.999669521685242728e+02 8.097631366163544442e+01
2.010799000908343999e+02 8.103074240478747470e+01
2.021845431280614207e+02 8.110486567510449163e+01
2.032801717356078086e+02 8.119991224836249444e+01
2.043662421972833840e+02 8.131689485552148255e+01
2.054422468455518640e+02 8.145676028672522762e+01
2.065081324565259990e+02 8.161962405599751946e+01
2.075641567187418559e+02 8.180503295102332117e+01
2.086105839257408547e+02 8.201252138104258904e+01
2.096477613054816800e+02 8.224142856313919481e+01
2.106762056282821902e+02 8.249069468417837925e+01
2.116964543805965491e+02 8.275921117409923511e+01
2.127092032480695138e+02 8.304547890398933419e+01
2.137162511875211806e+02 8.334527501215058010e+01
2.147198669791575298e+02 8.365321674674306962e+01
2.157223127350216600e+02 8.396393656322339893e+01
2.167255332249946491e+02 8.427280297903953965e+01
2.177310663217944580e+02 8.457612829274232524e+01
2.187404232352497502e+02 8.487028664634985375e+01
2.197547663385648775e+02 8.515248942510076802e+01
2.207738276292347450e+02 8.542338106077394855e+01
2.217969725347944348e+02 8.568448579017071154e+01
2.228235407669204164e+02 8.593738981965887547e+01
2.238524524994022613e+02 8.618469034974609144e+01
2.248822861918900458e+02 8.642980803694398162e+01
2.259116109206694603e+02 8.667618615091582512e+01
2.269391903873267324e+02 8.692679940914325698e+01
2.279642672571210369e+02 8.718346944431795009e+01
2.289861565542611572e+02 8.744784368801900598e+01
2.300042495103936062e+02 8.772138591401180463e+01
2.310185960918532260e+02 8.800397236370150722e+01
2.320295835232680872e+02 8.829466649534532507e+01
2.330376106167532271e+02 8.859250381723455803e+01
2.340435871191247656e+02 8.889528708917646327e+01
2.350492031656085032e+02 8.919893620291867364e+01
2.360562146884195442e+02 8.949921229970847492e+01
2.370661865428465092e+02 8.979233786285870167e+01
2.380797275215596187e+02 9.007684372295429398e+01
2.390971480113125267e+02 9.035198119109199411e+01
2.401187043093947011e+02 9.061713215594673443e+01
2.411434803399995701e+02 9.087450873579699362e+01
2.421694249629716182e+02 9.112906321135898224e+01
2.431944407202456944e+02 9.138585967949181565e+01
2.442167127953181307e+02 9.164927981661810463e+01
2.452352682366964132e+02 9.192167266855426533e+01
2.462492901337790556e+02 9.220501053010998760e+01
2.472580344026617922e+02 9.250108986925775412e+01
2.482615469542388098e+02 9.280979985497452844e+01
2.492603577176836893e+02 9.312986108198822421e+01
2.502550056595631531e+02 9.345997232602260851e+01
2.512462297427248075e+02 9.379834952179810159e+01
2.522351339459908672e+02 9.414232736425228154e+01
2.532228610941984641e+02 9.448914676433415138e+01
2.542105505550835574e+02 9.483605698837925502e+01
2.551993205174062780e+02 9.518035848969381618e+01
2.561902811533378213e+02 9.551937109668823211e+01
2.571845147392501758e+02 9.585048198763108473e+01
2.581822661391485099e+02 9.617310013522005363e+01
2.591828167195056949e+02 9.648896071847543965e+01
2.601853945907012076e+02 9.679992749449812095e+01
2.611891436629970258e+02 9.710806756006982710e+01
2.621929028079273962e+02 9.741618466744742477e+01
2.631954418417019497e+02 9.772724933454192353e+01
2.641955997348303526e+02 9.804406512814523467e+01
2.651931730919807819e+02 9.836712371117272369e+01
2.661886581534531047e+02 9.869522769825888986e+01
2.671825670753352711e+02 9.902714127875351835e+01
2.681754042738563157e+02 9.936164700290393625e+01
2.691676572132621459e+02 9.969756763533351318e+01
2.701598111123729495e+02 1.000337312673824073e+02
2.711523335721775538e+02 1.003690082336899252e+02
2.721455591867637622e+02 1.007025877872888771e+02
2.731397618225314545e+02 1.010338047915255117e+02
2.741352129971070326e+02 1.013619997235160497e+02
2.751320948793330672e+02 1.016867265069530788e+02
2.761304673408968711e+02 1.020078312229370283e+02
2.771303814219567698e+02 1.023251810503340096e+02
2.781318486705001760e+02 1.026387381513308270e+02
2.791347061853814466e+02 1.029488842588199589e+02
2.801387429121027139e+02 1.032561169201777034e+02
2.811437765777717459e+02 1.035608646323139652e+02
2.821501456755221966e+02 1.038623065128893614e+02
2.831586413160558209e+02 1.041585357965187200e+02
2.841700698955108351e+02 1.044476090681110918e+02
2.851853525133099083e+02 1.047273193338206454e+02
2.862057133027869895e+02 1.049947632526854591e+02
2.872324258623141304e+02 1.052469238171358938e+02
2.882666555814192861e+02 1.054810516397399169e+02
2.893085510669169480e+02 1.056969120215061508e+02
2.903577038191504016e+02 1.058956480889949887e+02
2.914136989228044854e+02 1.060784191661874161e+02
2.924760723373134965e+02 1.062465289499647128e+02
2.935442798418913526e+02 1.064015167767388874e+02
2.946177698242342444e+02 1.065449437056582980e+02
2.956959710088351585e+02 1.066783905640279499e+02
2.967782060341287433e+02 1.068035448314481641e+02
2.978637619219976500e+02 1.069221297941760582e+02
2.989519187797690165e+02 1.070358666640700420e+02
3.000417886654158224e+02 1.071464254018667361e+02
3.011323100638952610e+02 1.072554230325933560e+02
3.022224136063478568e+02 1.073644736870714951e+02
3.033114500678778995e+02 1.074738178556127934e+02
3.044001163226974427e+02 1.075792950221550228e+02
3.054893782739252401e+02 1.076758650935485946e+02
3.065801403958647029e+02 1.077585796304635153e+02
3.076725785833588134e+02 1.078235772581739695e+02
3.087663917168251828e+02 1.078677083232219900e+02
3.098612690651602293e+02 1.078878480659820127e+02
3.109567340752547011e+02 1.078824226260211248e+02
3.120519863095772166e+02 1.078528873674440689e+02
3.131461878611837619e+02 1.078010480980817931e+02
3.142386383777672449e+02 1.077289961050429525e+02
3.153295480187672979e+02 1.076407123408235407e+02
3.164194969270535012e+02 1.075409456171851161e+02
3.175090406966743899e+02 1.074343614352333987e+02
3.185978547337517739e+02 1.073226866058644191e+02
3.196845337979238479e+02 1.072040399772353823e+02
3.207676064103364979e+02 1.070763192464710443e+02
3.218454994793657988e+02 1.069369584680566732e+02
3.229162434148920511e+02 1.067815825379491486e+02
3.239777719296860710e+02 1.066053751388287623e+02
3.250280423153412812e+02 1.064035631985204304e+02
3.260653716952660375e+02 1.061720336005756309e+02
3.270883578284124269e+02 1.059071879329881938e+02
3.280956080250665536e+02 1.056054465568752647e+02
3.290863031073272396e+02 1.052646214172116572e+02
3.300609706566709178e+02 1.048857922706724821e+02
3.310203313677891970e+02 1.044705074488206833e+02
3.319652080577812399e+02 1.040205696415682581e+02
3.328972593209334718e+02 1.035398632259955036e+02
3.338185525856093250e+02 1.030332908704991155e+02
3.347311516161239524e+02 1.025057471458377449e+02
3.356367880822095344e+02 1.019613524129431568e+02
3.365367082491463862e+02 1.014030954126743183e+02
3.374321198776019060e+02 1.008338751203484094e+02
3.383241036100251335e+02 1.002562873613827747e+02
3.392131350447946829e+02 9.967148505983850271e+01
3.400995099598993647e+02 9.908019230641264130e+01
3.409835054223048019e+02 9.848308806318532049e+01
3.418650220044750085e+02 9.787994321915456908e+01
3.427436111549048974e+02 9.726968660566046765e+01
3.436188114494336787e+02 9.665121600559395176e+01
3.444904516193972768e+02 9.602412842006526716e+01
3.453591839504969130e+02 9.539000545576325862e+01
3.462258058468729587e+02 9.475077842654397386e+01
3.470911334111866609e+02 9.410842353379082681e+01
3.479561741177479348e+02 9.346537638421267502e+01
3.488220475868998847e+02 9.282434180143474123e+01
3.496898721579832454e+02 9.218802148866244295e+01
3.505605377640450229e+02 9.155856501265439817e+01
3.514345357665941947e+02 9.093715845588820912e+01
3.523123174491918803e+02 9.032489101867936654e+01
3.531941700102409527e+02 8.972245572036354133e+01
3.540794254926115627e+02 8.912823937258553997e+01
3.549670712470395983e+02 8.853979653336874378e+01
3.558560796990171866e+02 8.795464573207129888e+01
3.567450245190076430e+02 8.736934293370487126e+01
3.576320399803463488e+02 8.677938343199460292e+01
3.585152377663026186e+02 8.618020798997520160e+01
3.593929441468490609e+02 8.556777548874777040e+01
3.602642253823336773e+02 8.493983151090219508e+01
3.611283071257897177e+02 8.429450649153235986e+01
3.619844956631252444e+02 8.363012553813764782e+01
3.628331457426945690e+02 8.294754506704639141e+01
3.636753453313210684e+02 8.224939170809287248e+01
3.645121974772658291e+02 8.153832850233968088e+01
3.653448110520163254e+02 8.081703255437572864e+01
3.661743071072571638e+02 8.008821038487367616e+01
3.670018082237867816e+02 7.935457220743023754e+01
3.678283437573443280e+02 7.861860315583774650e+01
3.686542755963861850e+02 7.788117685077514807e+01
3.694796746882447565e+02 7.714246447334471668e+01
3.703046203289534333e+02 7.640265735633947486e+01
3.711295705784309007e+02 7.566286110410551657e+01
3.719554798239978481e+02 7.492537937086115107e+01
3.727833360594470946e+02 7.419259693112658738e+01
3.736141370991900885e+02 7.346692220435140541e+01
3.744489220374368870e+02 7.275086299861425232e+01
3.752887408128066227e+02 7.204695323188140321e+01
3.761346148170102879e+02 7.135765790604835956e+01
3.769870835924607491e+02 7.068427877404405990e+01
3.778462856200231954e+02 7.002714937232114778e+01
3.787123467372896357e+02 6.938657271591679887e+01
3.795852245986644675e+02 6.876244625644983444e+01
3.804644530992172804e+02 6.815364557595549400e+01
3.813495004343529331e+02 6.755888782576607809e+01
3.822397571461451093e+02 6.697670304010301834e+01
3.831339237452272073e+02 6.640395852104359165e+01
3.840303393566258592e+02 6.583665075894576546e+01
3.849273405196682347e+02 6.527077006511321144e+01
3.858232997421573600e+02 6.470239657857440818e+01
3.867166456949244662e+02 6.412775069998644994e+01
3.876058119284924146e+02 6.354306501655528194e+01
3.884895293616871186e+02 6.294529043968798021e+01
3.893680545642734501e+02 6.233506325001458492e+01
3.902421320457694947e+02 6.171419839761245640e+01
3.911125156680726036e+02 6.108453294333874339e+01
3.919801653755556003e+02 6.044839091349565052e+01
3.928462449854724809e+02 5.980857807863880993e+01
3.937119269384012910e+02 5.916792057308040143e+01
3.945782635355019465e+02 5.852893849624733491e+01
3.954459404575844133e+02 5.789321804412637817e+01
3.963155736990212858e+02 5.726216789826973041e+01
3.971877768635607708e+02 5.663718363630620445e+01
3.980631368465902256e+02 5.601951443712936651e+01
3.989422238128233857e+02 5.541031777241818901e+01
3.998256114205227050e+02 5.481075842798901476e+01
4.007142682852492612e+02 5.422291982812183164e+01
4.016099002969449430e+02 5.365060023717249749e+01
4.025142940388564057e+02 5.309778560554247662e+01
4.034291944832046397e+02 5.256838505767848346e+01
4.043560850492359009e+02 5.206582481580179689e+01
4.052963477762001503e+02 5.159334392542069025e+01
4.062513506030331314e+02 5.115416334547375499e+01
4.072220258993169182e+02 5.075094925530163437e+01
4.082087939297824732e+02 5.038571557227997744e+01
4.092120456443319654e+02 5.006043887799047098e+01
4.102319140857203479e+02 4.977691990814371081e+01
4.112675745661090900e+02 4.953630639998819873e+01
4.123179801337520871e+02 4.933959454712250192e+01
4.133820091938166570e+02 4.918769606825277663e+01
4.144574728887312176e+02 4.908031484209367079e+01
4.155413854402797256e+02 4.901625285826617073e+01
4.166307423858149264e+02 4.899428798098185212e+01
4.177226345315721687e+02 4.901266064788197241e+01
4.188143662287639017e+02 4.906840665619881747e+01
4.199032708763077153e+02 4.915839794054882361e+01
4.209868197831966654e+02 4.927955397701880713e+01
4.220635536308833480e+02 4.942916288437017869e+01
4.231325127408813387e+02 4.960468502130439816e+01
4.241927402869717412e+02 4.980361391748217414e+01
4.252432806043988194e+02 5.002493051159019188e+01
4.262831796532847761e+02 5.026969661496291764e+01
4.273114835148628572e+02 5.053912913834206933e+01
4.283274376739457239e+02 5.083419894955900986e+01
4.293311906082541896e+02 5.115476271877592751e+01
4.303231462785346366e+02 5.150036187714392355e+01
4.313037164503123222e+02 5.187052756832026290e+01
4.322734588932524389e+02 5.226459846243479035e+01
4.332330610462937557e+02 5.268174228992731400e+01
4.341832149050875955e+02 5.312112067266247806e+01
4.351246432170627827e+02 5.358179133271370631e+01
4.360581519310766225e+02 5.406253088283639130e+01
4.369845609292380004e+02 5.456206886006966528e+01
4.379046641086865179e+02 5.507916419949926023e+01
4.388190042033488680e+02 5.561285998924711294e+01
4.397279832044005730e+02 5.616235854648584791e+01
4.406319982065065801e+02 5.672686491807104403e+01
4.415311991711283213e+02 5.730565617375356169e+01
4.424253236332657480e+02 5.789812957817245831e+01
4.433140699807832448e+02 5.850369380475370917e+01
4.441969567107361172e+02 5.912186232011748643e+01
4.450725069622696992e+02 5.975272842448021038e+01
4.459389015303156611e+02 6.039658484650006187e+01
4.467942851143644134e+02 6.105375765223503493e+01
4.476358937335854762e+02 6.172541487340837563e+01
4.484600043998677279e+02 6.241361313939837174e+01
4.492628483436655529e+02 6.312045149355149931e+01
4.500409702343247886e+02 6.384771247065672384e+01
4.507919438282436317e+02 6.459613944008020781e+01
4.515135537609543803e+02 6.536626282680802547e+01
4.522038805089302400e+02 6.615829231457124138e+01
4.528646214694988430e+02 6.696851623757373773e+01
4.534998948205210354e+02 6.779059839744601845e+01
4.541138621822190089e+02 6.861815019323064746e+01
4.547105490358399038e+02 6.944421788954208807e+01
4.552937088356956110e+02 7.026071852414173691e+01
4.558670626908355530e+02 7.105943486448822455e+01
4.564359958387278766e+02 7.183523551713729205e+01
4.570171993740043490e+02 7.260395385053827511e+01
4.576320676242555123e+02 7.339014456737332637e+01
4.583029331772188470e+02 7.421935246672845210e+01
4.590853527299194639e+02 7.515173863485006223e+01
4.600765680087565102e+02 7.629089590011487587e+01
4.613764631216035355e+02 7.774317019513252092e+01
