5.024990676180798488e+01 1.043611113991820361e+02
5.179262985202146297e+01 1.031269578126749735e+02
5.301245648726838766e+01 1.021739283726613507e+02
5.401836928105277735e+01 1.014087162591031159e+02
5.491678641660981697e+01 1.007402458304497799e+02
5.577077675512596500e+01 1.001151574540346729e+02
5.660729424826105571e+01 9.951151321693602370e+01
5.745217587303370266e+01 9.890834420855088638e+01
5.832342138291644318e+01 9.828998297518039351e+01
5.921828301756464441e+01 9.765479663158228618e+01
6.013061886723470906e+01 9.700344825059931964e+01
6.105447605090518692e+01 9.633671324991996698e+01
6.198578851303633286e+01 9.565648843828574854e+01
6.292157459238413253e+01 9.496531510908862117e+01
6.385887507711299094e+01 9.426574139794861651e+01
6.479560431962804046e+01 9.356023740813044753e+01
6.573124162765429901e+01 9.285113345106232430e+01
6.666542900823134232e+01 9.214074530482714920e+01
6.759790423444843555e+01 9.143127734520736283e+01
6.852901037628674885e+01 9.072422982093306132e+01
6.945932631955651004e+01 9.002082866195482325e+01
7.038943434943794841e+01 8.932229739960619952e+01
7.132001642357255378e+01 8.862979771785947491e+01
7.225187755848224924e+01 8.794441494191234199e+01
7.318583037959250248e+01 8.726722967559206268e+01
7.412258533689347928e+01 8.659912588738932016e+01
7.506243077884197135e+01 8.594017521671662507e+01
7.600554606945817682e+01 8.529023956381256255e+01
7.695205704355728926e+01 8.464906275703997096e+01
7.790114304920828658e+01 8.401430091393885391e+01
7.885117238952354057e+01 8.338182119162229355e+01
7.980048744037151209e+01 8.274743369469274512e+01
8.074763753861870441e+01 8.210749589263153325e+01
8.169173717096980170e+01 8.145985994800523144e+01
8.263199640622492836e+01 8.080263081633447086e+01
8.356776868036789097e+01 8.013426187173040205e+01
8.449989307727290111e+01 7.945681698919072744e+01
8.543008767917827129e+01 7.877449623250534216e+01
8.636007785515484159e+01 7.809151737824774386e+01
8.729116684374450585e+01 7.741107271671462797e+01
8.822387919382627786e+01 7.673446285895116148e+01
8.915865547537426039e+01 7.606278440513717953e+01
9.009595325299669355e+01 7.539717270049708020e+01
9.103634118008926635e+01 7.473901635490190642e+01
9.198043253933388996e+01 7.408980572584884783e+01
9.292883934376624211e+01 7.345102796847686477e+01
9.388212219958438709e+01 7.282404166046437410e+01
9.484077642715936918e+01 7.221004208825780779e+01
9.580529313075257392e+01 7.161021399307855972e+01
9.677595901121989641e+01 7.102524831857394361e+01
9.775218865263261137e+01 7.045372914940077180e+01
9.873316408787711396e+01 6.989367877326023404e+01
9.971806818115140914e+01 6.934312151808806846e+01
1.007060992244595496e+02 6.880011957374784970e+01
1.016964691069382241e+02 6.826276849930999902e+01
1.026883906559407933e+02 6.772916613784175865e+01
1.036814743013234050e+02 6.719837053009139538e+01
1.046764505755965473e+02 6.667214472988965213e+01
1.056742458285678055e+02 6.615272468375086135e+01
1.066757860911732507e+02 6.564234558799947195e+01
1.076819939625032987e+02 6.514323456506369325e+01
1.086937899515207562e+02 6.465761382005426583e+01
1.097120908404546071e+02 6.418769656120026923e+01
1.107373998671572224e+02 6.373469743584226421e+01
1.117694346716390186e+02 6.329793415516799371e+01
1.128078250380246317e+02 6.287651229000906028e+01
1.138521626672835936e+02 6.246944538656969570e+01
1.149017817594541668e+02 6.207512476247983102e+01
1.159559098523272240e+02 6.169168399533791813e+01
1.170137728980748619e+02 6.131725283827000084e+01
1.180745478706363798e+02 6.094984296983157179e+01
1.191373477583819067e+02 6.058731181498129104e+01
1.202012812368991916e+02 6.022750640161179092e+01
1.212655292268808154e+02 5.986844892342710267e+01
1.223295910117901855e+02 5.950893347796119315e+01
1.233930535431873921e+02 5.914796672321632087e+01
1.244555251529792912e+02 5.878460725055515468e+01
1.255170287642666267e+02 5.841892070324763608e+01
1.265779631072898326e+02 5.805188556907680208e+01
1.276387407738024677e+02 5.768451400461222534e+01
1.287000619072522909e+02 5.731851537371242955e+01
1.297634624842604580e+02 5.695762562881905922e+01
1.308306295003173148e+02 5.660594688768792082e+01
1.319032503072509428e+02 5.626758134333844197e+01
1.329830162417461281e+02 5.594663203044822808e+01
1.340716211384683731e+02 5.564720251130391659e+01
1.351707528672679928e+02 5.537338158327717252e+01
1.362813531529371573e+02 5.512742191260569768e+01
1.374029038514835861e+02 5.490798368642731475e+01
1.385347175800468449e+02 5.471331062493241859e+01
1.396761924402370312e+02 5.454183157310177421e+01
1.408273245497016717e+02 5.439327043679507057e+01
1.419883653928722254e+02 5.426790414304758059e+01
1.431595554042861806e+02 5.416598090221300765e+01
1.443406306078899490e+02 5.408645546532537196e+01
1.455306491253658407e+02 5.402654423966156827e+01
1.467286214201241421e+02 5.398334142246371670e+01
1.479335076087678829e+02 5.395389885749855097e+01
1.491440386525782458e+02 5.393507561515156112e+01
1.503588803507045100e+02 5.392367594916960627e+01
1.515767042226291323e+02 5.391657687605344762e+01
1.527962982183324243e+02 5.391213530638945173e+01
1.540165588315804825e+02 5.391008780050812277e+01
1.552363866420360239e+02 5.391022412428480948e+01
1.564545962421615855e+02 5.391308709958634893e+01
1.576697443001136492e+02 5.392147838964025652e+01
1.588803393263027885e+02 5.393862141206546568e+01
1.600848829622072742e+02 5.396779413298325778e+01
1.612817969979680299e+02 5.401290864485446264e+01
1.624694517067340769e+02 5.407828615390745597e+01
1.636462204652769969e+02 5.416824497388819992e+01
1.648110267358656529e+02 5.428575521484057731e+01
1.659639026113371187e+02 5.443106984584861863e+01
1.671050133671805611e+02 5.460411541883858177e+01
1.682345558524893363e+02 5.480472440051996585e+01
1.693529554910643355e+02 5.503204813482588520e+01
1.704607383158697189e+02 5.528493816352253987e+01
1.715584242976692622e+02 5.556225938018892663e+01
1.726462415312053054e+02 5.586353476618305791e+01
1.737240145487989196e+02 5.618919720802016826e+01
1.747915383091442152e+02 5.653974627135730202e+01
1.758484017301522613e+02 5.691617505269249477e+01
1.768932250554806558e+02 5.732179692032571694e+01
1.779243441137028299e+02 5.776060650387636741e+01
1.789401493233907843e+02 5.823646678924999520e+01
1.799401972651000676e+02 5.875042857723251899e+01
1.809251626286522026e+02 5.930084636202255410e+01
1.818957651575440480e+02 5.988596599246645269e+01
1.828528084665917390e+02 6.050383312355248222e+01
1.837973558183288958e+02 6.115187365277812148e+01
1.847305205675076252e+02 6.182739391168460941e+01
1.856533989270348854e+02 6.252774188400129418e+01
1.865668798543589446e+02 6.325076915404800104e+01
1.874717147035589733e+02 6.399466166229824182e+01
1.883686540955389148e+02 6.475760716065164502e+01
1.892587202844337071e+02 6.553713803826360618e+01
1.901434995009693409e+02 6.632942599198526068e+01
1.910246481638676528e+02 6.713047337783459056e+01
1.919038840194429554e+02 6.793613446289928959e+01
1.927833843754934264e+02 6.874115380220955274e+01
1.936655350128290536e+02 6.953977254695780630e+01
1.945527087001655104e+02 7.032626325699197878e+01
1.954466021634727326e+02 7.109653037305982082e+01
1.963479504196855601e+02 7.184879977876954626e+01
1.972574150681172114e+02 7.258147457849683803e+01
1.981753392845965891e+02 7.329372657306123529e+01
1.991005198366858622e+02 7.398846070041716416e+01
2.000312847152358131e+02 7.466971355811203637e+01
2.009659593512682250e+02 7.534152792175100899e+01
2.019028141026009848e+02 7.600807948276479920e+01
2.028400650208785692e+02 7.667367499722919888e+01
2.037759259444771942e+02 7.734262656274096059e+01
2.047088689495481333e+02 7.801862284034058348e+01
2.056381913108531023e+02 7.870336030003645078e+01
2.065633547825056837e+02 7.939813832647358538e+01
2.074838775408038600e+02 8.010412009072567230e+01
2.083999876307061072e+02 8.082075500984396399e+01
2.093123980740571426e+02 8.154632167712655644e+01
2.102218320898454635e+02 8.227907406809003987e+01
2.111291557332727393e+02 8.301692132645770528e+01
2.120355406185269942e+02 8.375703492270412198e+01
2.129421977430507695e+02 8.449649124918722976e+01
2.138502849669255568e+02 8.523249498362737597e+01
2.147605478786122433e+02 8.596324611879134636e+01
2.156735393466069581e+02 8.668740991614420466e+01
2.165898049347902088e+02 8.740366927204728142e+01
2.175095692809530306e+02 8.811148186623283607e+01
2.184325872780803763e+02 8.881143944162111836e+01
2.193585764826334810e+02 8.950422387938735369e+01
2.202871679092239674e+02 9.019072599107390431e+01
2.212175583890041253e+02 9.087288479911691752e+01
2.221488088796903639e+02 9.155296735322477275e+01
2.230799905787661146e+02 9.223321598210938532e+01
2.240104173532841401e+02 9.291528715804088279e+01
2.249396491673748244e+02 9.360024322210598768e+01
2.258672569689948375e+02 9.428911999807746724e+01
2.267928648737016033e+02 9.498282495210114007e+01
2.277162723872022525e+02 9.568184212208844031e+01
2.286373151300800259e+02 9.638656835714259330e+01
2.295558500501248318e+02 9.709734901807533447e+01
2.304720134635829538e+02 9.781385501242650093e+01
2.313861380714813549e+02 9.853528313423032614e+01
2.322985610539797960e+02 9.926081936396545302e+01
2.332096994573757343e+02 9.998945686823185497e+01
2.341201463862515482e+02 1.007197637714073579e+02
2.350305184398274605e+02 1.014502514768063008e+02
2.359414569433840541e+02 1.021793716929900739e+02
2.368538019017496197e+02 1.029050964675356568e+02
2.377684890116091765e+02 1.036251668244897814e+02
2.386864518830142572e+02 1.043373288252347919e+02
2.396084739859890362e+02 1.050396909887485180e+02
2.405351126526336145e+02 1.057309077604322027e+02
2.414669065114573243e+02 1.064096787385928735e+02
2.424042663571909770e+02 1.070750121329982676e+02
2.433469403716912041e+02 1.077275158082898088e+02
2.442944626998245781e+02 1.083683143490928842e+02
2.452463486865434561e+02 1.089985777268516216e+02
2.462016493287310936e+02 1.096205969438393595e+02
2.471589313190240489e+02 1.102378322114360429e+02
2.481167387080672029e+02 1.108537984034054773e+02
2.490739526758286502e+02 1.114711965249597654e+02
2.500306026131601129e+02 1.120899556695678143e+02
2.509869621398361232e+02 1.127094153342846994e+02
2.519432978167297961e+02 1.133289320817964381e+02
2.528997798787729323e+02 1.139480953527946383e+02
2.538565088932803349e+02 1.145666630167005735e+02
2.548135848507040180e+02 1.151843943419576419e+02
2.557713323221675523e+02 1.158005066634209328e+02
2.567305861052946057e+02 1.164129860929883478e+02
2.576922514765896040e+02 1.170196486706079355e+02
2.586572413457669199e+02 1.176182920217472088e+02
2.596265321624225635e+02 1.182065604872268523e+02
2.606011319036686018e+02 1.187820223503750299e+02
2.615820470826616315e+02 1.193422494078803027e+02
2.625701827498015177e+02 1.198850571283704909e+02
2.635662866882138360e+02 1.204086386719786930e+02
2.645710931526568856e+02 1.209112196884300232e+02
2.655853375304927795e+02 1.213910217595199867e+02
2.666097612751105999e+02 1.218462446799389625e+02
2.676451078622004047e+02 1.222750809809585490e+02
2.686920932305613974e+02 1.226757893849238172e+02
2.697507122051072201e+02 1.230483620159182152e+02
2.708201861012591962e+02 1.233946503474665946e+02
2.718996981840473381e+02 1.237165973181788559e+02
2.729881918990452050e+02 1.240167248688811128e+02
2.740837673200243785e+02 1.242995911144071499e+02
2.751843392268808657e+02 1.245702015293104239e+02
2.762878824979560477e+02 1.248334193691357825e+02
2.773932268657596296e+02 1.250920849334059426e+02
2.784998381390009285e+02 1.253475332892583651e+02
2.796071984150803473e+02 1.256010611196536217e+02
2.807150962041409343e+02 1.258532832251568152e+02
2.818240375714086099e+02 1.261032175792071115e+02
2.829346311543023376e+02 1.263496538939381111e+02
2.840474827078745648e+02 1.265914086952483331e+02
2.851631731236394103e+02 1.268275298068401895e+02
2.862822705852528316e+02 1.270571832696935815e+02
2.874053417107537030e+02 1.272795388138088981e+02
2.885328581145677163e+02 1.274939439147394182e+02
2.896651398583996411e+02 1.277000295932770655e+02
2.908024934516607232e+02 1.278974522256699515e+02
2.919451922510774011e+02 1.280857436832205849e+02
2.930933261256211608e+02 1.282637467487483889e+02
2.942469218189689855e+02 1.284300671379555183e+02
2.954060022891855510e+02 1.285832523571359616e+02
2.965704874694191631e+02 1.287202471291823258e+02
2.977401836355224987e+02 1.288362279831075909e+02
2.989148911866639082e+02 1.289262802883584698e+02
3.000938815612267945e+02 1.289859567307004511e+02
3.012745053001725637e+02 1.290125070342006666e+02
3.024536770409957853e+02 1.290035660267172091e+02
3.036283457117511375e+02 1.289568626668282718e+02
3.047959689842307398e+02 1.288715224611458439e+02
3.059543939519294895e+02 1.287477399144298147e+02
3.071014794163403963e+02 1.285857384303931497e+02
3.082356515642122758e+02 1.283862873304984760e+02
3.093567063474666838e+02 1.281514738751452569e+02
3.104646422997372497e+02 1.278835802415926253e+02
3.115595757965932648e+02 1.275850271620879255e+02
3.126426769434706330e+02 1.272594743126205401e+02
3.137156705368148550e+02 1.269112335581117605e+02
3.147802867991911171e+02 1.265446201050273061e+02
3.158382888696224313e+02 1.261637738013745178e+02
3.168914939336873999e+02 1.257725465686616246e+02
3.179417241987257512e+02 1.253747635755703982e+02
3.189905905323973911e+02 1.249737540812682539e+02
3.200384949094804483e+02 1.245700106723104312e+02
3.210854101844097386e+02 1.241630190024275180e+02
3.221312777711503941e+02 1.237522030632951839e+02
3.231751356462118565e+02 1.233352207373360159e+02
3.242149967127751324e+02 1.229077260145288051e+02
3.252488184948647358e+02 1.224652646285222772e+02
3.262745641191328332e+02 1.220037275021482941e+02
3.272902177232871850e+02 1.215203000916585125e+02
3.282937683695266173e+02 1.210124712611097522e+02
3.292832024712890302e+02 1.204777875306678823e+02
3.302564654263524631e+02 1.199146882167257786e+02
3.312114703362749992e+02 1.193223156340571478e+02
3.321461304198297171e+02 1.186998321927634237e+02
3.330587247468042733e+02 1.180467990222835795e+02
3.339484430433968782e+02 1.173637697225042729e+02
3.348146143502482914e+02 1.166514497238666621e+02
3.356568790812336829e+02 1.159108043237561532e+02
3.364777648409934727e+02 1.151452084211522333e+02
3.372813643908965560e+02 1.143593431689176043e+02
3.380717810566453636e+02 1.135578859170798296e+02
3.388527416613800938e+02 1.127442318456053414e+02
3.396273366786641645e+02 1.119196090618874564e+02
3.403985951734006790e+02 1.110850365476619572e+02
3.411693433564268503e+02 1.102414976580749908e+02
3.419412080199869592e+02 1.093897650983456202e+02
3.427153767225996148e+02 1.085305344325239219e+02
3.434929950406624357e+02 1.076644965715529594e+02
3.442739312279666137e+02 1.067922021747551895e+02
3.450565629071024318e+02 1.059140382282820099e+02
3.458391833975474015e+02 1.050303824616865427e+02
3.466203744051024387e+02 1.041416352876720168e+02
3.473998345685264439e+02 1.032482849717821409e+02
3.481775328954404927e+02 1.023508410455393687e+02
3.489533867126641553e+02 1.014497813067367247e+02
3.497264775128499537e+02 1.005450703232123999e+02
3.504952097985094497e+02 9.963625696836047041e+01
3.512579683455173267e+02 9.872287863435866484e+01
3.520130239026449317e+02 9.780468214218500123e+01
3.527583545315638958e+02 9.688195187894478977e+01
3.534918919869392653e+02 9.595505728188176420e+01
3.542116825106279521e+02 9.502458652404432371e+01
3.549168735620349366e+02 9.409323173178864863e+01
3.556072273045501788e+02 9.316485946651739880e+01
3.562825032983097344e+02 9.224335523502914214e+01
3.569416823737137747e+02 9.133312094309297891e+01
3.575823903862105908e+02 9.043945702088009853e+01
3.582021174451577963e+02 8.956775391585344437e+01
3.588007211278692807e+02 8.872003226665262332e+01
3.593925307005470700e+02 8.787771398543249290e+01
3.599973420053846098e+02 8.701443996414201365e+01
3.606358190094746305e+02 8.610270030784938911e+01
3.613567326077464941e+02 8.507775910306705214e+01
3.622425909045677486e+02 8.383019743175010774e+01
3.633778978076310295e+02 8.224795304848495903e+01
