4.462143581118061064e+01 5.299384765153982357e+01
4.679811237824086589e+01 5.323464839859534692e+01
4.847703556996108176e+01 5.341185696383191583e+01
4.981134854099469322e+01 5.354227040720403608e+01
5.095300364695433615e+01 5.364252835070175252e+01
5.200506047720199376e+01 5.372280620419299879e+01
5.300551844810821223e+01 5.378467763967798021e+01
5.398786974273811268e+01 5.382912041866943298e+01
5.498271652578028323e+01 5.385693406936480443e+01
5.599800262814644469e+01 5.386752073440162292e+01
5.703098467213657585e+01 5.385962345451092403e+01
5.807885646134161561e+01 5.383198287114394276e+01
5.913884114652168478e+01 5.378379808247736094e+01
6.020823261789649194e+01 5.371537326707555593e+01
6.128433520971051962e+01 5.362717575836656891e+01
6.236449987675383255e+01 5.351972487758580144e+01
6.344688709444698560e+01 5.339444266390139404e+01
6.453034323248554927e+01 5.325351601538531554e+01
6.561373634278614020e+01 5.309915600852950490e+01
6.669607102096134099e+01 5.293354524363745384e+01
6.777697836993617386e+01 5.275873566290917438e+01
6.885626907135736019e+01 5.257674175740130096e+01
6.993375565550226725e+01 5.238957031504649109e+01
7.100935184244028164e+01 5.219880320009495023e+01
7.208312331989320398e+01 5.200538412295557578e+01
7.315514829427246468e+01 5.181020422462685104e+01
7.422551547670582295e+01 5.161411736928509697e+01
7.529440939417924028e+01 5.141763741090450424e+01
7.636206583161865069e+01 5.122109631057803369e+01
7.742872107980626595e+01 5.102482425457741755e+01
7.849462630100359206e+01 5.082911275513959737e+01
7.956007351796411342e+01 5.063414706472453020e+01
8.062536170958543380e+01 5.044009434598683583e+01
8.169079156794184371e+01 5.024712787469103148e+01
8.275670008581795400e+01 5.005555045803846781e+01
8.382345891251213743e+01 4.986578856769878598e+01
8.489144108143869971e+01 4.967827361426736843e+01
8.596103754625443116e+01 4.949353288652073246e+01
8.703273367149688511e+01 4.931259879717609351e+01
8.810704580157194243e+01 4.913666950968865876e+01
8.918448973394809798e+01 4.896694570583193240e+01
9.026553735937685019e+01 4.880481613892243331e+01
9.135058604167343788e+01 4.865198879352067962e+01
9.244002591275402381e+01 4.851020263155309209e+01
9.353421132676432137e+01 4.838118085850079808e+01
9.463311454345401330e+01 4.826647840637863851e+01
9.573647647427205243e+01 4.816754832195821479e+01
9.684403471500419869e+01 4.808584215417101859e+01
9.795532130986168795e+01 4.802263229876932371e+01
9.906922289371465240e+01 4.797862863022255198e+01
1.001844997574206957e+02 4.795443090498440597e+01
1.012999091487295686e+02 4.795063965892581592e+01
1.024141282174005454e+02 4.796787594304512936e+01
1.035257479624344796e+02 4.800678287373558817e+01
1.046333551271564204e+02 4.806800465737699568e+01
1.057356179925726991e+02 4.815208603848626723e+01
1.068316990589931379e+02 4.825896889954339741e+01
1.079209460530549762e+02 4.838836917895812206e+01
1.090027094980944895e+02 4.853999906909415785e+01
1.100766278092297341e+02 4.871318059024238778e+01
1.111428927186246796e+02 4.890648586682256393e+01
1.122017587273957560e+02 4.911840195416301214e+01
1.132534869206460826e+02 4.934742847648588793e+01
1.142984213708523669e+02 4.959222348170594330e+01
1.153369629208542193e+02 4.985155339290581367e+01
1.163695135154330842e+02 5.012418674144481656e+01
1.173964617027046557e+02 5.040898179274067559e+01
1.184181478552626174e+02 5.070511950333754214e+01
1.194349015204686566e+02 5.101185333976232528e+01
1.204470541633576914e+02 5.132843328517201087e+01
1.214550013669082915e+02 5.165399285527031026e+01
1.224592164280726081e+02 5.198752440171065103e+01
1.234601773122460457e+02 5.232801179612273046e+01
1.244583485324679657e+02 5.267446973611410499e+01
1.254541005106470379e+02 5.302612852844808344e+01
1.264477634957795402e+02 5.338231053583022856e+01
1.274396672250430527e+02 5.374233926584315668e+01
1.284300721847582167e+02 5.410569155812018494e+01
1.294190878255173232e+02 5.447217866863305602e+01
1.304068036892906548e+02 5.484165593410562423e+01
1.313932998942616450e+02 5.521399995703949060e+01
1.323785149823268910e+02 5.558940682189283677e+01
1.333622782181780053e+02 5.596831920876493882e+01
1.343444160386285375e+02 5.635118617916332795e+01
1.353247938629560565e+02 5.673835834304020409e+01
1.363034378627829142e+02 5.712978032476683410e+01
1.372804156404933451e+02 5.752529211389905583e+01
1.382557965369322233e+02 5.792472938207563260e+01
1.392297258627003202e+02 5.832773911044936455e+01
1.402024527632014497e+02 5.873371037965529240e+01
1.411742338663964063e+02 5.914201368546782334e+01
1.421453057914928593e+02 5.955206735791612971e+01
1.431157429975046398e+02 5.996367739796433227e+01
1.440855412715411035e+02 6.037683788485884406e+01
1.450546958255036429e+02 6.079154427292255036e+01
1.460231815657955394e+02 6.120784054053072509e+01
1.469909230203395509e+02 6.162589105552349622e+01
1.479578370376956116e+02 6.204587853711598200e+01
1.489238466031169139e+02 6.246797101983023026e+01
1.498889859298941190e+02 6.289207037699983971e+01
1.508533860099554715e+02 6.331784689720887371e+01
1.518171810644888353e+02 6.374496314164140642e+01
1.527805322378508492e+02 6.417301927171783404e+01
1.537437280443932366e+02 6.460132024372938986e+01
1.547070946272647234e+02 6.502908380179577819e+01
1.556709567216055063e+02 6.545553136316763698e+01
1.566355552720897890e+02 6.588010283675637879e+01
1.576010019336672485e+02 6.630257526680591695e+01
1.585673973077417429e+02 6.672275452073913016e+01
1.595348520166849937e+02 6.714042727760954676e+01
1.605035712899157261e+02 6.755519906082470527e+01
1.614738123888449195e+02 6.796657576179306659e+01
1.624458333358592768e+02 6.837406172851250119e+01
1.634200849939361717e+02 6.877671689251123155e+01
1.643975639031647802e+02 6.917234362903796807e+01
1.653793624482460700e+02 6.955852343181527431e+01
1.663665747986792098e+02 6.993283450737465046e+01
1.673603347430433246e+02 7.029278209294128033e+01
1.683618149097887340e+02 7.063579989155904570e+01
1.693721895563027431e+02 7.095931860614133768e+01
1.703925095623577590e+02 7.126104983453629416e+01
1.714231553760827182e+02 7.154023155239323728e+01
1.724642808071581044e+02 7.179661772517209783e+01
1.735160372071646293e+02 7.202996599053525983e+01
1.745783832897822094e+02 7.224030999994045033e+01
1.756509416897526421e+02 7.242816494260485172e+01
1.767333012575572582e+02 7.259409441422138798e+01
1.778250250497205229e+02 7.273866248506021748e+01
1.789253905332348040e+02 7.286243847988831135e+01
1.800334974787887745e+02 7.296599499286652701e+01
1.811484429351994550e+02 7.304990465478984163e+01
1.822691826811658018e+02 7.311469672091345728e+01
1.833942154234313762e+02 7.316076010724033551e+01
1.845219475980123605e+02 7.318845539899369612e+01
1.856507828406969907e+02 7.319812102069451498e+01
1.867790472221770983e+02 7.318948155507629849e+01
1.879049811455242889e+02 7.316158362058409637e+01
1.890268205880603887e+02 7.311343881076004436e+01
1.901428450404398802e+02 7.304400583493843158e+01
1.912516061847093169e+02 7.295191259289700270e+01
1.923517607378627758e+02 7.283565932951580635e+01
1.934419681017947994e+02 7.269374921151592162e+01
1.945212051004018292e+02 7.252509733759329436e+01
1.955890758892979591e+02 7.232943292138233460e+01
1.966452582383486742e+02 7.210658070884910842e+01
1.976894590851730129e+02 7.185641124775263222e+01
1.987217672829252706e+02 7.157939480348917982e+01
1.997425400783752707e+02 7.127642309690793354e+01
2.007521402936755806e+02 7.094839660440547391e+01
2.017510190056557917e+02 7.059639307217010185e+01
2.027399544465645249e+02 7.022214737613094826e+01
2.037198006389547800e+02 6.982754662586631866e+01
2.046914128697110016e+02 6.941448096689725844e+01
2.056556911686898843e+02 6.898494798264870553e+01
2.066135912596958804e+02 6.854107899019629713e+01
2.075660723540226797e+02 6.808501368085845229e+01
2.085140714817729872e+02 6.761884371427927931e+01
2.094583654298423880e+02 6.714431375567917826e+01
2.103996605824359847e+02 6.666301601863037263e+01
2.113386627132306614e+02 6.617654139056125473e+01
2.122760106368357356e+02 6.568633487381870850e+01
2.132121929202003230e+02 6.519351412311924321e+01
2.141476776678995293e+02 6.469915221138897721e+01
2.150829318005195034e+02 6.420431996560144228e+01
2.160184037147630249e+02 6.371005307408870522e+01
2.169545271227768808e+02 6.321735936950295809e+01
2.178917353335928624e+02 6.272724591981292264e+01
2.188304891940238690e+02 6.224078191848533947e+01
2.197713666219991921e+02 6.175930067254597589e+01
2.207149766405404421e+02 6.128420566240731659e+01
2.216619301704527913e+02 6.081690441339675601e+01
2.226129265516853764e+02 6.035899290500143621e+01
2.235687892619947092e+02 5.991233170065657987e+01
2.245303510792252268e+02 5.947880118575197628e+01
2.254984375556961425e+02 5.906025974890538777e+01
2.264738136950624039e+02 5.865838144954531685e+01
2.274572142897378910e+02 5.827474837457492640e+01
2.284493735099968035e+02 5.791094098388867906e+01
2.294508538937641333e+02 5.756813182918554617e+01
2.304617796273682302e+02 5.724645165850819239e+01
2.314822059209021177e+02 5.694586728826403288e+01
2.325121812270066357e+02 5.666633619516346698e+01
2.335516260564293702e+02 5.640763902321837264e+01
2.346003466049226063e+02 5.616939841792565602e+01
2.356581450470062293e+02 5.595123146690457361e+01
2.367248171091368647e+02 5.575283283068804252e+01
2.378001270632871353e+02 5.557427558049968042e+01
2.388838296046080529e+02 5.541574800075542129e+01
2.399756756407780074e+02 5.527743630374692430e+01
2.410751744940114918e+02 5.515939270498773794e+01
2.421814524608046781e+02 5.506145697255607985e+01
2.432936018670165481e+02 5.498345003251931473e+01
2.444106760468037862e+02 5.492519459028197559e+01
2.455313471890041228e+02 5.488653074433466372e+01
2.466540719974256888e+02 5.486730842655565255e+01
2.477773047398715676e+02 5.486737783959411274e+01
2.488995072023978992e+02 5.488676675599704424e+01
2.500191630837971388e+02 5.492602049438295353e+01
2.511347600533241291e+02 5.498577814976067657e+01
2.522447993355403923e+02 5.506667488612573180e+01
2.533480976744054942e+02 5.516925436744579514e+01
2.544437894292833846e+02 5.529396814982282393e+01
2.555310229340517196e+02 5.544126373677620734e+01
2.566089880072057099e+02 5.561160807897064018e+01
2.576771070044007956e+02 5.580557713576309453e+01
2.587348832543661956e+02 5.602378482504123980e+01
2.597818219694173649e+02 5.626684280077033407e+01
2.608175944046897143e+02 5.653515045225988445e+01
2.618421695833061449e+02 5.682872651026790578e+01
2.628555475261510992e+02 5.714755007885158022e+01
2.638577600719737006e+02 5.749153297836345189e+01
2.648492044363006244e+02 5.785981438450204450e+01
2.658305114395257647e+02 5.825103948001618903e+01
2.668023157066872386e+02 5.866384540067461018e+01
2.677652807335604734e+02 5.909680040099277676e+01
2.687201662783331244e+02 5.954824306779666898e+01
2.696677521375975175e+02 6.001646417928158428e+01
2.706088168209935247e+02 6.049975671946477007e+01
2.715441012798060569e+02 6.099647804696039799e+01
2.724743038684672456e+02 6.150505853090803754e+01
2.734001206417487992e+02 6.202393248203963338e+01
2.743222448664085391e+02 6.255153504905030104e+01
2.752413518077726167e+02 6.308630679113213802e+01
2.761581095798400725e+02 6.362669041687480842e+01
2.770731859154212771e+02 6.417112943353303933e+01
2.779871964827644319e+02 6.471818110722631445e+01
2.789006511304753531e+02 6.526663391551289806e+01
2.798140468660891997e+02 6.581530439314718706e+01
2.807278731993211522e+02 6.636302639412913607e+01
2.816425176020784988e+02 6.690886947000510077e+01
2.825582938858389070e+02 6.745207332084784468e+01
2.834755142292147525e+02 6.799188141850252975e+01
2.843944512695770754e+02 6.852763163049131379e+01
2.853152265406658330e+02 6.905902254971924492e+01
2.862379254875104948e+02 6.958583892264019255e+01
2.871626290186728738e+02 7.010787644779277628e+01
2.880892478726161130e+02 7.062534165380714057e+01
2.890174752438791757e+02 7.113896627080697499e+01
2.899469901362484734e+02 7.164951628868439570e+01
2.908774570710643843e+02 7.215779275288548433e+01
2.918084324823795441e+02 7.266485834005544575e+01
2.927394239440885144e+02 7.317189399552843554e+01
2.936699390320295606e+02 7.368008066141065626e+01
2.945995454330195003e+02 7.419045414584567766e+01
2.955279496212036179e+02 7.470371516419322688e+01
2.964548775956178019e+02 7.522051729026298972e+01
2.973800660997983414e+02 7.574148813749062015e+01
2.983034270480907821e+02 7.626683207956855881e+01
2.992250149689082264e+02 7.679640891256407542e+01
3.001448885373959001e+02 7.733006841339928883e+01
3.010631241137301686e+02 7.786761794502304213e+01
3.019798755700799120e+02 7.840867897353422222e+01
3.028953180085650274e+02 7.895282204928564340e+01
3.038096268511815765e+02 7.949961702880951009e+01
3.047229934164154201e+02 8.004859929497318660e+01
3.056356319493966112e+02 8.059925451114864359e+01
3.065477584799903070e+02 8.115106447027154957e+01
3.074595947567192411e+02 8.170349892359608646e+01
3.083714120914416981e+02 8.225592325769611080e+01
3.092835072270475507e+02 8.280764930945007052e+01
3.101961771558824807e+02 8.335798839885343625e+01
3.111097404533176132e+02 8.390621071971240497e+01
3.120245724471040489e+02 8.445147832487236883e+01
3.129410576819109906e+02 8.499293570445431101e+01
3.138595815211774607e+02 8.552972679503923814e+01
3.147805455344184793e+02 8.606098457688003123e+01
3.157043661602521070e+02 8.658583197777909390e+01
3.166314603880502432e+02 8.710339155319469739e+01
3.175622565318715829e+02 8.761276350303927529e+01
3.184972398726505389e+02 8.811293557152450262e+01
3.194369135645848132e+02 8.860286022007136353e+01
3.203817820380345438e+02 8.908148653895194968e+01
3.213324372133939164e+02 8.954753221044201439e+01
3.222896135515134119e+02 8.999933790243827048e+01
3.232540586222287402e+02 9.043520961004065839e+01
3.242265158360197574e+02 9.085344724697581853e+01
3.252076864919151262e+02 9.125228915603638313e+01
3.261982474172339153e+02 9.162993790005633343e+01
3.271988750604222673e+02 9.198459568688437571e+01
3.282101334943778284e+02 9.231459195437432186e+01
3.292322493904339922e+02 9.261863814165080555e+01
3.302653863598416137e+02 9.289551708357107884e+01
3.313096938407013567e+02 9.314402478908135663e+01
3.323649750096427624e+02 9.336327912073187463e+01
3.334306751263359274e+02 9.355273062857270361e+01
3.345062229454024987e+02 9.371184520426680820e+01
3.355909309910070988e+02 9.384022868352461444e+01
3.366834396401712297e+02 9.393829618212068056e+01
3.377821482083986098e+02 9.400675305924211500e+01
3.388854550808180193e+02 9.404630563201652649e+01
3.399916960469199125e+02 9.405771920441982559e+01
3.410990914969019627e+02 9.404186782667228783e+01
3.422058493847745240e+02 9.399963726820499232e+01
3.433102168811708452e+02 9.393192636173935739e+01
3.444109084322084300e+02 9.383978959224083383e+01
3.455069454463082366e+02 9.372438369564454774e+01
3.465973547121307661e+02 9.358686718502043789e+01
3.476812658227843258e+02 9.342829934541165926e+01
3.487581616491956993e+02 9.324939847408002436e+01
3.498276008888923911e+02 9.305080967958672034e+01
3.508891476272447676e+02 9.283317329140072616e+01
3.519425318166326520e+02 9.259698251262611279e+01
3.529876765890513184e+02 9.234255919333729423e+01
3.540245159666799850e+02 9.207021552386268581e+01
3.550530255738727305e+02 9.178030907791563209e+01
3.560734583433149965e+02 9.147349994201658774e+01
3.570861806059654668e+02 9.115057190769657325e+01
3.580915590740715970e+02 9.081230896177163459e+01
3.590899672488409919e+02 9.045946712079017971e+01
3.600817928233952898e+02 9.009274393112957569e+01
3.610674252713034775e+02 8.971282960379009808e+01
3.620472426609157992e+02 8.932038852375478655e+01
3.630214616535685082e+02 8.891571958538310128e+01
3.639901792258344244e+02 8.849885066842657011e+01
3.649534895281813078e+02 8.806980325319625535e+01
3.659114853375622829e+02 8.762861155323111007e+01
3.668642540199014093e+02 8.717535994525266574e+01
3.678118816088099834e+02 8.671014515724569094e+01
3.687544614218619472e+02 8.623308219554640175e+01
3.696923768548254543e+02 8.574501398773180938e+01
3.706263921747595873e+02 8.524773921851016212e+01
3.715572975144563088e+02 8.474312147997321176e+01
3.724858815021477767e+02 8.423302117550078094e+01
3.734129211628231815e+02 8.371927411696690058e+01
3.743391881254110558e+02 8.320370468002440134e+01
3.752654538311702481e+02 8.268813673803269637e+01
3.761924444122838622e+02 8.217426810572112572e+01
3.771207783460570226e+02 8.166349708108282357e+01
3.780510584685152935e+02 8.115717844504013101e+01
3.789838928466881498e+02 8.065667591227021660e+01
3.799199784751909306e+02 8.016350507217721599e+01
3.808600867007142483e+02 7.967930849614756994e+01
3.818049911565357206e+02 7.920573266070887541e+01
3.827554310833752425e+02 7.874432245928603891e+01
3.837119903101578302e+02 7.829616375540628326e+01
3.846752087887616085e+02 7.786221281576335684e+01
3.856456223570419866e+02 7.744341588107593566e+01
3.866235477453782323e+02 7.704018529352781286e+01
3.876089770412860389e+02 7.665214233900201179e+01
3.886018760856305789e+02 7.627884434824686366e+01
3.896022245405509921e+02 7.591990539201785282e+01
3.906101259970616866e+02 7.557544830208729536e+01
3.916257494296167465e+02 7.524586432664669644e+01
3.926492644207644389e+02 7.493154757778590636e+01
3.936808524524399218e+02 7.463317142636520884e+01
3.947207272247432570e+02 7.435216534988444437e+01
3.957691078373588880e+02 7.409008554509644284e+01
3.968261982011846953e+02 7.384849998450718545e+01
3.978918876851969344e+02 7.362922050263020424e+01
3.989657693149796387e+02 7.343428868680190647e+01
4.000474245710897776e+02 7.326575507513243224e+01
4.011362591016932697e+02 7.312561237731721064e+01
4.022307663902697641e+02 7.301555330691630274e+01
4.033291450364754382e+02 7.293717359499450481e+01
4.044295896204596374e+02 7.289207009243703794e+01
4.055300059711781842e+02 7.288192680667620493e+01
4.066278164556184720e+02 7.290857367311528492e+01
4.077203973542426638e+02 7.297385453789624421e+01
4.088051586320117963e+02 7.307958304378836090e+01
4.098798636147449770e+02 7.322725599079622327e+01
4.109424866756162942e+02 7.341818094226806579e+01
4.119910051599800340e+02 7.365366271067196635e+01
4.130236802969981795e+02 7.393458063494992416e+01
4.140396514541476449e+02 7.426049793598313897e+01
4.150382272722416133e+02 7.463072413464846022e+01
4.160187326455177299e+02 7.504454129308135180e+01
4.169809096690328261e+02 7.550052664906215227e+01
4.179249432590817150e+02 7.599650933255617247e+01
4.188510397151733855e+02 7.653028234845534428e+01
4.197594201295809171e+02 7.709962343874153134e+01
4.206503938598327181e+02 7.770221927488174174e+01
4.215243028631526840e+02 7.833572289255823762e+01
4.223814889118129940e+02 7.899778884335141527e+01
4.232222674800322579e+02 7.968624587648709223e+01
4.240469041962543884e+02 8.039925291835280063e+01
4.248556591298306557e+02 8.113500571862581978e+01
4.256487720824473513e+02 8.189171156561323528e+01
4.264262321665512445e+02 8.266772046807024310e+01
4.271878592997834971e+02 8.346147875942395444e+01
4.279334702049328598e+02 8.427143459239593426e+01
4.286625448634932241e+02 8.509623500499432680e+01
4.293733705247146872e+02 8.593523148370795184e+01
4.300639704867567161e+02 8.678793140914697801e+01
4.307323660777356622e+02 8.765385003045150825e+01
4.313765145666271792e+02 8.853275845475411643e+01
4.319942966055168085e+02 8.942473380396145899e+01
4.325835883396415511e+02 9.032987120074355403e+01
4.331424502902996210e+02 9.124823158218535468e+01
4.336702119915091771e+02 9.217964059483790606e+01
4.341667370709988063e+02 9.312382485772336338e+01
4.346318949564388845e+02 9.408050946998375252e+01
4.350662654293777791e+02 9.504920769420292004e+01
4.354719557576611919e+02 9.602897727712844755e+01
4.358512712740356392e+02 9.701881690003654057e+01
4.362065670474655690e+02 9.801770903059562556e+01
4.365409305095910213e+02 9.902439739212893244e+01
4.368580068721929024e+02 1.000374438761166118e+02
4.371614553531024967e+02 1.010554058081793443e+02
4.374551126391996263e+02 1.020767694306021696e+02
4.377435361867502479e+02 1.030997322891766146e+02
4.380314664093251054e+02 1.041224186480959304e+02
4.383236303314688485e+02 1.051429580480982224e+02
4.386241879551488978e+02 1.061597034905275905e+02
4.389365345950091637e+02 1.071713093359682176e+02
4.392640115319458118e+02 1.081764512394190660e+02
4.396097075222672856e+02 1.091739070562546630e+02
4.399746984528964617e+02 1.101632692793787243e+02
4.403590973181507593e+02 1.111445200983437900e+02
4.407630103291789965e+02 1.121176444408292667e+02
4.411862836935666792e+02 1.130827300796692896e+02
4.416281277965709364e+02 1.140401162890409239e+02
4.420876576365143364e+02 1.149901800736971182e+02
4.425639752652605239e+02 1.159333036597886775e+02
4.430559530790638973e+02 1.168699618952003618e+02
4.435622662883154135e+02 1.178007091542714306e+02
4.440815836982357041e+02 1.187261023945917771e+02
4.446125292200547392e+02 1.196467183276191975e+02
4.451535176029014451e+02 1.205632256985214639e+02
4.457029027293763761e+02 1.214763200344326606e+02
4.462590423789506531e+02 1.223866953517583056e+02
4.468205175345594853e+02 1.232949591154037279e+02
4.473862489521502539e+02 1.242015870366568180e+02
4.479551859035042298e+02 1.251070437692340249e+02
4.485263677659598898e+02 1.260117576341919232e+02
4.490996700346717034e+02 1.269158198104024962e+02
4.496754217372818516e+02 1.278191386018714013e+02
4.502539564373192320e+02 1.287216204818686265e+02
4.508356413720186424e+02 1.296231569779361052e+02
4.514209376703541921e+02 1.305235979447328134e+02
4.520103226974469521e+02 1.314227860306706646e+02
4.526042890274470665e+02 1.323205563064858268e+02
4.532036590468794088e+02 1.332165795187205504e+02
4.538095742143763687e+02 1.341103674409056339e+02
4.544231890488067620e+02 1.350014253394993204e+02
4.550456148818271345e+02 1.358892584988117846e+02
4.556777319728782345e+02 1.367733722986672547e+02
4.563203436200885790e+02 1.376532721507024917e+02
4.569742484719338336e+02 1.385284643298972469e+02
4.576398728835498559e+02 1.393985250263716580e+02
4.583170025595698007e+02 1.402631507417445960e+02
4.590053599274489216e+02 1.411220498608257401e+02
4.597046811775299489e+02 1.419749088467180798e+02
4.604148521508077465e+02 1.428211757970242388e+02
4.611358505424851728e+02 1.436601525027704724e+02
4.618676554056629584e+02 1.444911386047207884e+02
4.626103155231119786e+02 1.453133582381328210e+02
4.633641019247338591e+02 1.461257948820006902e+02
4.641293298218798213e+02 1.469273841742386253e+02
4.649063031717407171e+02 1.477170699047981657e+02
4.656950220945931846e+02 1.484940159502194206e+02
4.664951555539514061e+02 1.492576260629726335e+02
4.673063557824975760e+02 1.500073161146329994e+02
4.681282564902925856e+02 1.507425369716349906e+02
4.689603773359482375e+02 1.514629549782350750e+02
4.698021946041193360e+02 1.521683184252686090e+02
4.706531853482517249e+02 1.528583749046464391e+02
4.715129311494944773e+02 1.535327668620168424e+02
4.723812173063146247e+02 1.541909318201806514e+02
4.732578526222492314e+02 1.548322836577744113e+02
4.741426537501839675e+02 1.554562414588774288e+02
4.750355381754843620e+02 1.560622911765146057e+02
4.759364932970381687e+02 1.566499651281719139e+02
4.768455079181496217e+02 1.572187965646181169e+02
4.777625706542253852e+02 1.577683928970703846e+02
4.786876694346475460e+02 1.582986323015837229e+02
4.796207920322757445e+02 1.588094547315513978e+02
4.805619230674202527e+02 1.593008101819008573e+02
4.815109387381653505e+02 1.597729939951827873e+02
4.824675820691339823e+02 1.602267256994687727e+02
4.834315879164511784e+02 1.606627508412156828e+02
4.844027032871060783e+02 1.610817829253725790e+02
4.853807615591705371e+02 1.614843076986130939e+02
4.863656335193929863e+02 1.618707122619146901e+02
4.873571903517363921e+02 1.622413823175460266e+02
4.883553536184684276e+02 1.625964990633360685e+02
4.893601563275514650e+02 1.629357912972230338e+02
4.903716464193819320e+02 1.632589272007934369e+02
4.913898726694177412e+02 1.635655532829047729e+02
4.924148966545868120e+02 1.638549838099546605e+02
4.934467899655535348e+02 1.641262731572289226e+02
4.944856244599325805e+02 1.643784687717246129e+02
4.955313889784027879e+02 1.646106981145672421e+02
4.965837247692713845e+02 1.648224236664770785e+02
4.976421821218548303e+02 1.650131955770858099e+02
4.987063105402629617e+02 1.651825608544063755e+02
4.997756241180359211e+02 1.653299247594993062e+02
5.008495878963644259e+02 1.654544961990415857e+02
5.019276633120340421e+02 1.655554696514319630e+02
5.030093082949009045e+02 1.656321013733878260e+02
5.040939518752052777e+02 1.656841567193231981e+02
5.051810088642224059e+02 1.657116515259648963e+02
5.062698940868446584e+02 1.657146047858168174e+02
5.073600667794719925e+02 1.656935905191882057e+02
5.084510979718374983e+02 1.656505798709970634e+02
5.095425760079276643e+02 1.655877603690806268e+02
5.106340847782010997e+02 1.655072958750520229e+02
5.117251256799643215e+02 1.654109118785841588e+02
5.128151273749372194e+02 1.652999473495054588e+02
5.139035160325248626e+02 1.651757280133834911e+02
5.149896996934055551e+02 1.650393749372600496e+02
5.160729993097394299e+02 1.648910260299039408e+02
5.171527097143559786e+02 1.647305243341663470e+02
5.182281250836311983e+02 1.645577057212723844e+02
5.192984995339654688e+02 1.643719685256571950e+02
5.203630245247369430e+02 1.641720267390706169e+02
5.214208860590048289e+02 1.639565347590998954e+02
5.224712953777244593e+02 1.637241736313654314e+02
5.235137061599341450e+02 1.634738803854937146e+02
5.245477072741635993e+02 1.632047347941466455e+02
5.255728892241342010e+02 1.629158185387069580e+02
5.265890082597152286e+02 1.626065672715983510e+02
5.275962966178751685e+02 1.622774331735316196e+02
5.285950714516563949e+02 1.619290497738139152e+02
5.295856534663764705e+02 1.615620587688199521e+02
5.305684441041255468e+02 1.611772874775867876e+02
5.315439250109694740e+02 1.607757476168536641e+02
5.325125812786875485e+02 1.603584588254316827e+02
5.334749139305095014e+02 1.599264848842819902e+02
5.344315119143544734e+02 1.594811331921478086e+02
5.353829943450745077e+02 1.590237947329587485e+02
5.363299807996664867e+02 1.585558618267555175e+02
5.372731292354179686e+02 1.580788380427718778e+02
5.382131654958599256e+02 1.575944237254376787e+02
5.391508223693793980e+02 1.571043393495624514e+02
5.400868411992015581e+02 1.566103280841801393e+02
5.410220597860463840e+02 1.561143889802406193e+02
5.419573767691822468e+02 1.556186824808619633e+02
5.428936917334118561e+02 1.551253715402067996e+02
5.438318718646286243e+02 1.546365446844386895e+02
5.447726779364868435e+02 1.541540459855066842e+02
5.457168489084907606e+02 1.536796694030713297e+02
5.466651135399222312e+02 1.532151842463133562e+02
5.476179106196501607e+02 1.527616590642576853e+02
5.485753544002616309e+02 1.523193781117895185e+02
5.495375419934499632e+02 1.518885842200660079e+02
5.505045537428204625e+02 1.514694772903311275e+02
5.514763634289291758e+02 1.510619843994880966e+02
5.524529031085952511e+02 1.506659258026949431e+02
5.534341054695880757e+02 1.502811231569844495e+02
5.544200021698734417e+02 1.499076224867183100e+02
5.554108232211775658e+02 1.495459194880224629e+02
5.564068223056083298e+02 1.491965635182329208e+02
5.574082550670599403e+02 1.488601059482282096e+02
5.584154033353881914e+02 1.485371250257058477e+02
5.594285675918215475e+02 1.482282181418082985e+02
5.604480487175161443e+02 1.479339830976088876e+02
5.614741040335346725e+02 1.476549033093038190e+02
5.625068269125820279e+02 1.473910316794954838e+02
5.635462721629925227e+02 1.471423198442267051e+02
5.645924920556798270e+02 1.469087137560399015e+02
5.656454464290904980e+02 1.466899523304658715e+02
5.667049785224248808e+02 1.464855133154989630e+02
5.677709241222215724e+02 1.462948577661170475e+02
5.688431013096285369e+02 1.461174281780877209e+02
5.699211981616417688e+02 1.459525307737472986e+02
5.710048448178695253e+02 1.457994110440910163e+02
5.720936715192513020e+02 1.456573158887515547e+02
5.731873939790073109e+02 1.455258846295429294e+02
5.742859224533821134e+02 1.454056497784178248e+02
5.753891941276630178e+02 1.452972674845255767e+02
5.764971300701614609e+02 1.452013924878492048e+02
5.776093939668896837e+02 1.451186570244948371e+02
5.787254427300616726e+02 1.450496752515780088e+02
5.798447274289502502e+02 1.449950608153445444e+02
5.809666027165488913e+02 1.449554019336307817e+02
5.820900070566253817e+02 1.449311770603397349e+02
5.832137666401760043e+02 1.449228350390427238e+02
5.843367075044820922e+02 1.449308273629003736e+02
5.854576483673321263e+02 1.449557331260261890e+02
5.865753975311110935e+02 1.449983129946106999e+02
5.876887625027557078e+02 1.450593415019149290e+02
5.887966016400127955e+02 1.451395340100717135e+02
5.898982066450574848e+02 1.452391016320395920e+02
5.909930884869254442e+02 1.453580003370029203e+02
5.920807601840767802e+02 1.454961836675637983e+02
5.931608987128288391e+02 1.456533947528223791e+02
5.942336059358641478e+02 1.458288314486575814e+02
5.952990516394747829e+02 1.460216044419358354e+02
5.963574098926862916e+02 1.462308262408685948e+02
5.974089376638374915e+02 1.464556446087837571e+02
5.984539669798841715e+02 1.466952392296629171e+02
5.994928325775233589e+02 1.469487909398762611e+02
6.005258709364579772e+02 1.472155072378091063e+02
6.015534271705414540e+02 1.474947276947130490e+02
6.025758490622387171e+02 1.477858327024350729e+02
6.035934833173218976e+02 1.480882056377240872e+02
6.046066052149802772e+02 1.484014269574452669e+02
6.056153752391941225e+02 1.487253938612266211e+02
6.066199435058376821e+02 1.490600321563601085e+02
6.076204386957793986e+02 1.494053144130596706e+02
6.086167762588220285e+02 1.497616783895611263e+02
6.096087494223364729e+02 1.501298284863498509e+02
6.105961499040733997e+02 1.505104723588318336e+02
6.115786892445730700e+02 1.509044435696800122e+02
6.125558418077666829e+02 1.513129481347697265e+02
6.135270383106534382e+02 1.517372606114725784e+02
6.144917045283741572e+02 1.521786545213558668e+02
6.154491484039366469e+02 1.526383786886023017e+02
6.163985576842569571e+02 1.531176567445280341e+02
6.173391147015428260e+02 1.536177111855371891e+02
6.182700152845923185e+02 1.541396183907671400e+02
6.191905321030449159e+02 1.546836228423225066e+02
6.200999649818538728e+02 1.552496750324895345e+02
6.209976129542101262e+02 1.558377234652979553e+02
6.218826957022663464e+02 1.564475574686007064e+02
6.227542886283387134e+02 1.570786769485441141e+02
6.236114518523337438e+02 1.577305511551472534e+02
6.244532316744877107e+02 1.584026621685085559e+02
6.252785127508574305e+02 1.590946421379866251e+02
6.260860749786621682e+02 1.598062204702683573e+02
6.268746964986440844e+02 1.605371282159192958e+02
6.276432287213297059e+02 1.612871174387198892e+02
6.283907710686870587e+02 1.620560113302403806e+02
6.291164753867576565e+02 1.628436481168748173e+02
6.298194976071034716e+02 1.636498586267397286e+02
6.304991161014664840e+02 1.644742519667582883e+02
6.311547499625309001e+02 1.653161824188869673e+02
6.317858260468610752e+02 1.661749902058328985e+02
6.323917861260221116e+02 1.670500144750061224e+02
6.329721698175936808e+02 1.679405873196072889e+02
6.335265561768677571e+02 1.688460379895747394e+02
6.340545253440822080e+02 1.697656959314134610e+02
6.345558053731261907e+02 1.706989215655224825e+02
6.350304292006363767e+02 1.716451391563470565e+02
6.354784673823681942e+02 1.726037808459731480e+02
6.359000243670468535e+02 1.735742767393515749e+02
6.362956749332283835e+02 1.745560286722831904e+02
6.366663379718613669e+02 1.755484177977112950e+02
6.370129402482741625e+02 1.765508247953103194e+02
6.373364516646797711e+02 1.775626476939213205e+02
6.376380094954336073e+02 1.785833518375659992e+02
6.379187916026573930e+02 1.796124188942058595e+02
6.381799684901527598e+02 1.806493344724459860e+02
6.384224263154701475e+02 1.816937364584813395e+02
6.386466828456383382e+02 1.827454600248113081e+02
6.388532313263922333e+02 1.838043534759646889e+02
6.390425345329564379e+02 1.848702757257692326e+02
6.392148240776126613e+02 1.859431661749425473e+02
6.393702255829399519e+02 1.870230011279618907e+02
6.395088650401295354e+02 1.881097565775008320e+02
6.396311146656936444e+02 1.892032737795403818e+02
6.397379233736626247e+02 1.903030784160307292e+02
6.398303225294127969e+02 1.914086510508103345e+02
6.399093797061500482e+02 1.925194505333374195e+02
6.399767652164193805e+02 1.936345742412245841e+02
6.400346466630869600e+02 1.947528213196013667e+02
6.400852065222399006e+02 1.958729819939022718e+02
6.401305298838819908e+02 1.969938515796572744e+02
6.401722684407982342e+02 1.981142480448394849e+02
6.402119533665277231e+02 1.992329956566222791e+02
6.402511009188731350e+02 2.003489243554658117e+02
6.402904595476411487e+02 2.014611562043850483e+02
6.403296553147297345e+02 2.025692402934947438e+02
6.403682252349121882e+02 2.036727595920488909e+02
6.404056374164829322e+02 2.047713570482241607e+02
6.404407525475501188e+02 2.058652043327431329e+02
6.404721152744865549e+02 2.069547482115513617e+02
6.404982688290915576e+02 2.080404378983145364e+02
6.405184918592119629e+02 2.091227722083297067e+02
6.405340252435082675e+02 2.102023823035437999e+02
6.405464335949613996e+02 2.112799211808234077e+02
6.405572968940225564e+02 2.123560480367032142e+02
6.405685062160945336e+02 2.134315475721325015e+02
6.405822418746649873e+02 2.145073211748035078e+02
6.406006951720456755e+02 2.155842746656078646e+02
6.406256955923464602e+02 2.166632645002542290e+02
6.406572243259325887e+02 2.177448949598565378e+02
6.406946739139748388e+02 2.188296900123361013e+02
6.407374399119594273e+02 2.199181684771597247e+02
6.407851517929306056e+02 2.210104826762405992e+02
6.408378253677082057e+02 2.221061796248538371e+02
6.408955126222149374e+02 2.232047496598157181e+02
6.409583015733331877e+02 2.243056651169009683e+02
6.410266515480127509e+02 2.254082128256446254e+02
6.411012406264077299e+02 2.265115703266391449e+02
6.411827496028305404e+02 2.276149138247634198e+02
6.412716865488799840e+02 2.287175402903205850e+02
6.413680331651809183e+02 2.298191147252026667e+02
6.414716712412518973e+02 2.309193719878188915e+02
6.415825009526105305e+02 2.320180433897334353e+02
6.417008828369877165e+02 2.331147714339885795e+02
6.418276596351267926e+02 2.342091056017942776e+02
6.419636968448714924e+02 2.353005909842858046e+02
6.421099250603854216e+02 2.363887533748549572e+02
6.422676572525543861e+02 2.374730052116712500e+02
6.424383455611107365e+02 2.385527176764283013e+02
6.426234431919870076e+02 2.396272609292373659e+02
6.428244950035114016e+02 2.406959033195849145e+02
6.430432171787474545e+02 2.417577228835681922e+02
6.432813446838481468e+02 2.428117767923855013e+02
6.435405635527979484e+02 2.438571192581363789e+02
6.438219658191829922e+02 2.448927685716454050e+02
6.441262479930952622e+02 2.459177191050522424e+02
6.444540993995722147e+02 2.469309647933384895e+02
6.448059958393805573e+02 2.479314548563362735e+02
6.451816681780491081e+02 2.489179825133907684e+02
6.455806849267198686e+02 2.498893069844305046e+02
6.460026028788246322e+02 2.508441840840497434e+02
6.464466081503189798e+02 2.517812619026670973e+02
6.469114493683596265e+02 2.526990613901994607e+02
6.473958499649859277e+02 2.535960961745023496e+02
6.478984102435543946e+02 2.544709568402435025e+02
6.484168965323256089e+02 2.553227552159088418e+02
6.489487291743292872e+02 2.561508193746440156e+02
6.494913652216193896e+02 2.569545265485430150e+02
6.500486873676032928e+02 2.577414860301491899e+02
6.506382015380772827e+02 2.585367601982256360e+02
6.512791512708072332e+02 2.593676375325540562e+02
6.519939768411345540e+02 2.602648387811969997e+02
6.528512621973937939e+02 2.613086281600029679e+02
6.539542682909748237e+02 2.626165018360807153e+02
6.554071006428248438e+02 2.643068627726813702e+02
