2.127027944335195286e+01 2.693184743476047771e+01
2.280735352186222542e+01 2.621609675004889795e+01
2.411686678809020279e+01 2.568011406391329032e+01
2.526927792883033064e+01 2.527741609236653630e+01
2.633501198008591615e+01 2.496154832413188984e+01
2.737135770608323426e+01 2.469728826154757684e+01
2.840258745969683218e+01 2.447764369847683952e+01
2.944786864416187910e+01 2.429998735551598799e+01
3.052620635900830237e+01 2.416172311956920993e+01
3.164551419916671193e+01 2.406238471953227531e+01
3.279568704265892620e+01 2.400496592162627962e+01
3.396496892843047988e+01 2.399277749382392599e+01
3.514171787077740561e+01 2.402905910474701301e+01
3.631726806338022584e+01 2.411519384243604236e+01
3.748614141380218001e+01 2.425057625629567326e+01
3.864301617439454617e+01 2.443450336575676474e+01
3.978277215570860648e+01 2.466628090241156812e+01
4.090295783152474485e+01 2.494532994828124117e+01
4.200301175031897571e+01 2.527115328206724953e+01
4.308241246893690857e+01 2.564325541179476886e+01
4.414060405779026297e+01 2.606107147826544335e+01
4.517676691679004364e+01 2.652350626618139628e+01
4.618995973683566092e+01 2.702921975046711367e+01
4.717924055486159318e+01 2.757687059063900747e+01
4.814293884419522129e+01 2.816574016879554065e+01
4.907597049782039278e+01 2.879802754442796697e+01
4.997225250704018862e+01 2.947678556471034028e+01
5.082570255458738728e+01 3.020506590815170966e+01
5.163118009058034374e+01 3.098444887164788497e+01
5.238630017099720249e+01 3.181220949810362697e+01
5.308917919574991373e+01 3.268483954969274663e+01
5.373795274458979776e+01 3.359882438977079033e+01
5.433280081470418565e+01 3.454996731885719896e+01
5.487773338704049308e+01 3.553279387025041558e+01
5.537718147837959037e+01 3.654168911039043621e+01
5.583561914776157664e+01 3.757105606724277180e+01
5.625900297423059726e+01 3.861591642405233671e+01
5.665511177122863273e+01 3.967205228208698031e+01
5.703183624525836848e+01 4.073529243556477297e+01
5.739689084510860084e+01 4.180157590244434829e+01
5.775511957463490376e+01 4.286863674937035995e+01
5.810903112230266032e+01 4.393566944544068775e+01
5.846106637496224323e+01 4.500191085986977413e+01
5.881354444537117843e+01 4.606664893348846590e+01
5.916767671919746618e+01 4.712963618388249643e+01
5.952408328545671878e+01 4.819087311632569026e+01
5.988337868587534274e+01 4.925036256260497680e+01
6.024703993160327542e+01 5.030775348160803873e+01
6.062128454352256313e+01 5.136074979176402877e+01
6.101395017895120532e+01 5.240639066633870868e+01
6.143287580613844767e+01 5.344171474718251602e+01
6.188515311752755110e+01 5.446411895760728328e+01
6.237532011479191851e+01 5.547222458822500357e+01
6.290736976302400763e+01 5.646491424749192589e+01
6.348528537496679292e+01 5.744107375760660261e+01
6.411125387061093761e+01 5.840018704833747876e+01
6.478357046324066459e+01 5.934303379017443802e+01
6.550002135551662263e+01 6.027056312829874685e+01
6.625833811352659097e+01 6.118372250893084896e+01
6.705367116334251421e+01 6.208337911601632442e+01
6.787752652827019517e+01 6.297028680835970960e+01
6.872113497797752757e+01 6.384519088556950805e+01
6.957572297204735889e+01 6.470872220405404107e+01
7.043242909173537214e+01 6.555917823781126685e+01
7.128230987151556519e+01 6.639267792007892410e+01
7.211641870380975661e+01 6.720525675500165619e+01
7.292713074220691283e+01 6.799402582699005393e+01
7.372124801002156858e+01 6.876783605421749712e+01
7.451445305700784161e+01 6.954276486387205125e+01
7.532255838303902351e+01 7.033499542976777263e+01
7.616623127430096929e+01 7.116558170223490265e+01
7.709753748968540776e+01 7.208707952142036390e+01
7.818103532903474218e+01 7.316457841508831450e+01
7.948131509395648209e+01 7.446320001817230150e+01
