4.500128900819412792e+01 1.272063343491541474e+02
4.675195419181957845e+01 1.264192387493475707e+02
4.810874430816714664e+01 1.258177697249047213e+02
4.920273893569612511e+01 1.253399469023757433e+02
5.016178829727662247e+01 1.249253348150438256e+02
5.106063782282291896e+01 1.245389030498998864e+02
5.193055889568934447e+01 1.241664189492086905e+02
5.280152376863664898e+01 1.237942708478131664e+02
5.369499104205543460e+01 1.234127065649791319e+02
5.461072932085384934e+01 1.230218066211510575e+02
5.554510345377142500e+01 1.226231945577168005e+02
5.649451568347249264e+01 1.222184405023401297e+02
5.745571670024281730e+01 1.218086168578495290e+02
5.842564683892197763e+01 1.213945251375664469e+02
5.940125656433418300e+01 1.209769631834098647e+02
6.038010179637424102e+01 1.205566583835387888e+02
6.136074744725742391e+01 1.201342207147533401e+02
6.234185402626585670e+01 1.197102490297039168e+02
6.332217928615611413e+01 1.192852367561762321e+02
6.430103524337411613e+01 1.188590764263708053e+02
6.527792999780731975e+01 1.184314479919482608e+02
6.625238604028058376e+01 1.180020451610465955e+02
6.722432316703756783e+01 1.175709544205300574e+02
6.819410282242964172e+01 1.171386988734606689e+02
6.916210951361321690e+01 1.167058244204761479e+02
7.012870842792072779e+01 1.162727993289320807e+02
7.109419538133106187e+01 1.158398131097177099e+02
7.205885062536206931e+01 1.154069927306994003e+02
7.302294808181559915e+01 1.149744578439703844e+02
7.398667153533747864e+01 1.145422239227022772e+02
7.495013765028323860e+01 1.141102288636292741e+02
7.591346205244299483e+01 1.136784103112046438e+02
7.687689768269834190e+01 1.132470962781020205e+02
7.784101329910491529e+01 1.128175126024769099e+02
7.880642189571643996e+01 1.123910108794402021e+02
7.977371274428486458e+01 1.119688942137298824e+02
8.074327915630834696e+01 1.115520651509015693e+02
8.171541783324786934e+01 1.111412287574979842e+02
8.269042333753765206e+01 1.107370854498703352e+02
8.366850804988835932e+01 1.103401520197779746e+02
8.464975999424331121e+01 1.099506673996261696e+02
8.563425684308359109e+01 1.095688473927965418e+02
8.662203812195762964e+01 1.091948156878916762e+02
8.761294856965812983e+01 1.088282256148847580e+02
8.860677091388933491e+01 1.084685807633292285e+02
8.960328704949009193e+01 1.081153825340157368e+02
9.060225991971157100e+01 1.077680823918402950e+02
9.160343329220458486e+01 1.074260812755488672e+02
9.260655009789333292e+01 1.070887779155836057e+02
9.361140171719651448e+01 1.067556868772055054e+02
9.461793582053883256e+01 1.064266963895240110e+02
9.562613153323468396e+01 1.061017698851462825e+02
9.663597096832982913e+01 1.057808777244819964e+02
9.764747334453291217e+01 1.054640763066996101e+02
9.866068299703512423e+01 1.051514802698133906e+02
9.967564400678273273e+01 1.048432035508043612e+02
1.006922859979130038e+02 1.045390771851543974e+02
1.017103005710370098e+02 1.042383438884976812e+02
1.027293496479047406e+02 1.039401730195894515e+02
1.037490972967021321e+02 1.036437344400297889e+02
1.047692233576624972e+02 1.033482017063299168e+02
1.057894147044682143e+02 1.030527500227244388e+02
1.068093588063476176e+02 1.027565552166726661e+02
1.078287681027608471e+02 1.024588204140081587e+02
1.088473893731627555e+02 1.021587862823072896e+02
1.098649718939286259e+02 1.018556962188716568e+02
1.108813285901292289e+02 1.015489402967113080e+02
1.118965638655676855e+02 1.012385802891625133e+02
1.129108655126578498e+02 1.009248701350645376e+02
1.139244369661502816e+02 1.006081056168124377e+02
1.149377931485255573e+02 1.002894158018748385e+02
1.159517358668970246e+02 9.997069722513350598e+01
1.169670776496628264e+02 9.965387523740565712e+01
1.179846489347004024e+02 9.934106750318079548e+01
1.190053321295890356e+02 9.903494974249133520e+01
1.200300190151396578e+02 9.873829832601322209e+01
1.210596134041599043e+02 9.845398976644146671e+01
1.220951502160271360e+02 9.818599177330011685e+01
1.231377449707038068e+02 9.793894289284723698e+01
1.241885103935391612e+02 9.771748625549116696e+01
1.252481284496358569e+02 9.752570109154331135e+01
1.263164699286841710e+02 9.736660473691446782e+01
1.273933158745057028e+02 9.724309704289525769e+01
1.284782746762570298e+02 9.715761050251251163e+01
1.295698230413414933e+02 9.710951426370870365e+01
1.306659818992156943e+02 9.709694373081509866e+01
1.317647810653427598e+02 9.711800414052024166e+01
1.328646128649862987e+02 9.716984316174109892e+01
1.339643230303905170e+02 9.724841079118866105e+01
1.350627858968315991e+02 9.734958147081258062e+01
1.361587940540495936e+02 9.746993965434363361e+01
1.372508041513490298e+02 9.760898765107332054e+01
1.383371865523355098e+02 9.776697721626744908e+01
1.394163144223392976e+02 9.794423554893523942e+01
1.404866087479562111e+02 9.814237752299573003e+01
1.415465305996887082e+02 9.836409734475525113e+01
1.425945434949537400e+02 9.861212026432653488e+01
1.436297100966446294e+02 9.888801881761848733e+01
1.446526594316640342e+02 9.919035196518444764e+01
1.456642733283937616e+02 9.951719229512340803e+01
1.466654711085383838e+02 9.986653458199376132e+01
1.476575323717542574e+02 1.002356258804651503e+02
1.486419376675548278e+02 1.006212961944164164e+02
1.496201683828232945e+02 1.010203736867246818e+02
1.505935995924930637e+02 1.014298990035840404e+02
1.515634248459738274e+02 1.018472756021934487e+02
1.525308199423728013e+02 1.022699424168841631e+02
1.534968617055721438e+02 1.026955591368388951e+02
1.544620469693823566e+02 1.031230790640797892e+02
1.554266619504107325e+02 1.035519252623221149e+02
1.563909903488548139e+02 1.039815253107849031e+02
1.573552506616591415e+02 1.044114199784177259e+02
1.583195871786049338e+02 1.048412788542592580e+02
1.592841401597328286e+02 1.052707785231279445e+02
1.602490129788029094e+02 1.056996784253972237e+02
1.612141729462055935e+02 1.061280436328534194e+02
1.621795560067573660e+02 1.065560096719880789e+02
1.631451195283626703e+02 1.069836602447436746e+02
1.641111369012231762e+02 1.074103145641546178e+02
1.650781224936004605e+02 1.078347088937117633e+02
1.660465966666815518e+02 1.082555650042805269e+02
1.670170591008184147e+02 1.086716560388465069e+02
1.679899606868631281e+02 1.090818763356956822e+02
1.689657452832502997e+02 1.094851377019544287e+02
1.699448036297786757e+02 1.098804804764343572e+02
1.709270744133980884e+02 1.102680388346746838e+02
1.719122678470434664e+02 1.106484997930365353e+02
1.729000936390251013e+02 1.110225516331128688e+02
1.738903370606017518e+02 1.113907024472766523e+02
1.748829005056020662e+02 1.117531810346098240e+02
1.758776964429144414e+02 1.121101921689649856e+02
1.768747390977723057e+02 1.124616974871250079e+02
1.778745767032607432e+02 1.128063826651022623e+02
1.788779320633397845e+02 1.131425162584734352e+02
1.798855184659601321e+02 1.134683907272697496e+02
1.808978133684120166e+02 1.137828906470356003e+02
1.819150499349400150e+02 1.140855139558935321e+02
1.829374499644713978e+02 1.143757871252735612e+02
1.839649604897732615e+02 1.146539152947268434e+02
1.849966182266848591e+02 1.149223520723912202e+02
1.860312716215124738e+02 1.151840160892092371e+02
1.870678155900704951e+02 1.154417157396876945e+02
1.881057418915204948e+02 1.156968435676973570e+02
1.891449560639986203e+02 1.159498105375569992e+02
1.901853737278855760e+02 1.162010033568022322e+02
1.912272189292932580e+02 1.164500180336034418e+02
1.922713733743732973e+02 1.166947645579957964e+02
1.933188032152640119e+02 1.169329364290368432e+02
1.943704275927557887e+02 1.171622894544823055e+02
1.954268100498856029e+02 1.173810507502740563e+02
1.964883515019612048e+02 1.175876629786543077e+02
1.975554412321380369e+02 1.177805850889476602e+02
1.986279617567461742e+02 1.179589885413515020e+02
1.997050818642298680e+02 1.181230482928442882e+02
2.007859166303139773e+02 1.182730148201403892e+02
2.018696800240541052e+02 1.184086970485844006e+02
2.029560513563540667e+02 1.185278261867698575e+02
2.040448466865468902e+02 1.186275228717205863e+02
2.051358740200918476e+02 1.187049444598285675e+02
2.062287739532337980e+02 1.187580115265246690e+02
2.073230292270133930e+02 1.187853643095233167e+02
2.084181164366340226e+02 1.187856718180194520e+02
2.095135307024689268e+02 1.187585423382187599e+02
2.106088223352592763e+02 1.187063824596819899e+02
2.117035518776849017e+02 1.186321175593545263e+02
2.127972244892828826e+02 1.185385027380990124e+02
2.138887221035334960e+02 1.184263769813822051e+02
2.149765341442832494e+02 1.182953724994666231e+02
2.160591426009127360e+02 1.181450946569916312e+02
2.171348744919166620e+02 1.179742003843694533e+02
2.182017577144939082e+02 1.177795159657316617e+02
2.192577860562263652e+02 1.175576589316240188e+02
2.203011545601730745e+02 1.173056212312841637e+02
2.213314153303751084e+02 1.170229195104454050e+02
2.223486812046174066e+02 1.167101136122636262e+02
2.233530814098877215e+02 1.163677971367440307e+02
2.243452956529721689e+02 1.159977108125851686e+02
2.253267086392012288e+02 1.156030644942580778e+02
2.262987511883036120e+02 1.151871641326739137e+02
2.272628094593763421e+02 1.147531990418865746e+02
2.282200810449656103e+02 1.143038660706801295e+02
2.291717137786842784e+02 1.138417321161241063e+02
2.301188261187414241e+02 1.133692947227354324e+02
2.310620158441285810e+02 1.128878221618215179e+02
2.320014338845134603e+02 1.123975277367091365e+02
2.329372163999707936e+02 1.118985898823581806e+02
2.338693413302333681e+02 1.113908142041020710e+02
2.347973621090056895e+02 1.108730060033802971e+02
2.357207617160570976e+02 1.103438045643306396e+02
2.366390353319150108e+02 1.098018793011913203e+02
2.375517990670963115e+02 1.092461982680662373e+02
2.384587381511208548e+02 1.086759002102991190e+02
2.393595395161961790e+02 1.080901282729989958e+02
2.402539661121287224e+02 1.074882299447811391e+02
2.411419138884351128e+02 1.068699102318302039e+02
2.420232922131178555e+02 1.062349102106671239e+02
2.428980662038241576e+02 1.055831312702024718e+02
2.437665368864857385e+02 1.049154407294405615e+02
2.446291304855475062e+02 1.042330659253344010e+02
2.454862729728497186e+02 1.035372409080529081e+02
2.463383759826570554e+02 1.028293877534055696e+02
2.471858344427585052e+02 1.021111476290482187e+02
2.480290423372514965e+02 1.013841740610414206e+02
2.488681838938119881e+02 1.006497442253167947e+02
2.497026484467728835e+02 9.990770908062802391e+01
2.505316370656960885e+02 9.915758179644761583e+01
2.513543620346685827e+02 9.839891608809239187e+01
2.521702070858338800e+02 9.763188553717677109e+01
2.529786898220966975e+02 9.685714773181074122e+01
2.537793324123262266e+02 9.607537437339210840e+01
2.545719769398331493e+02 9.528763629453152362e+01
2.553572397295543510e+02 9.449597028610649829e+01
2.561358519283621717e+02 9.370255639297853634e+01
2.569086830149589105e+02 9.290958777938817548e+01
2.576778155569141973e+02 9.211937265882360748e+01
2.584459606074935323e+02 9.133427885030405946e+01
2.592158305389390875e+02 9.055666334560166320e+01
2.599898819102592142e+02 8.978815700645944275e+01
2.607701651006917132e+02 8.902923774672838420e+01
2.615586943942054745e+02 8.828028102325122006e+01
2.623572309180460707e+02 8.754164153700551765e+01
2.631661702895606254e+02 8.681356203326313903e+01
2.639854497797722956e+02 8.609624767830364078e+01
2.648149911841239259e+02 8.538989404623571033e+01
2.656543283236192110e+02 8.469445158997064027e+01
2.665025835631033715e+02 8.400961080553599913e+01
2.673588594293652818e+02 8.333504964943401205e+01
2.682222732763102613e+02 8.267041175958041777e+01
2.690919929131047184e+02 8.201522399101708061e+01
2.699671968715462640e+02 8.136898838037036796e+01
2.708470799245404805e+02 8.073121435027243820e+01
2.717310526548034204e+02 8.010150946767393521e+01
2.726186788760723516e+02 7.947955098474564295e+01
2.735095268251954508e+02 7.886501962914945807e+01
2.744033894365419428e+02 7.825798197103594589e+01
2.753005509624987894e+02 7.765934825415710918e+01
2.762013606095258638e+02 7.707014025905836263e+01
2.771062185809302605e+02 7.649148390402692144e+01
2.780159222402615455e+02 7.592531612554041942e+01
2.789314552090612551e+02 7.537395420685633951e+01
2.798538024756830964e+02 7.483971800032118438e+01
2.807839637796920442e+02 7.432494642611092672e+01
2.817229601381035877e+02 7.383200590823287257e+01
2.826718142245703689e+02 7.336326501210983508e+01
2.836314117963909212e+02 7.292076610746444487e+01
2.846019765957590835e+02 7.250497434935955710e+01
2.855835325450667597e+02 7.211587883314500402e+01
2.865760847513626572e+02 7.175342417058583067e+01
2.875792327420007268e+02 7.141659611081342973e+01
2.885921845140433106e+02 7.110345475561705086e+01
2.896141320679070077e+02 7.081202238908913671e+01
2.906442072582824494e+02 7.054018126168224967e+01
2.916813579556206264e+02 7.028538526451818313e+01
2.927244969717792173e+02 7.004500666392647190e+01
2.937725358506985458e+02 6.981641507130889579e+01
2.948243713967752910e+02 6.959694923453045590e+01
2.958788909050228426e+02 6.938392798949685414e+01
2.969349820755483051e+02 6.917467120039036388e+01
2.979916056036262262e+02 6.896667489689178865e+01
2.990478666109062829e+02 6.875778366523721274e+01
3.001028871899119963e+02 6.854588304892841677e+01
3.011558235962085632e+02 6.832894084723800177e+01
3.022060691016669125e+02 6.810549553342876550e+01
3.032531174443494137e+02 6.787432747737767613e+01
3.042964713560058385e+02 6.763423873952442023e+01
3.053359763546206977e+02 6.738485815419062419e+01
3.063719274932652752e+02 6.712689879955593142e+01
3.074046502989043006e+02 6.686114725447293949e+01
3.084345023847997140e+02 6.658846743427315573e+01
3.094619805540713742e+02 6.631005873872700818e+01
3.104876193436988956e+02 6.602721151620592366e+01
3.115119506907550431e+02 6.574120983374662330e+01
3.125354586346988413e+02 6.545322203856703425e+01
3.135585851290230153e+02 6.516431479890631806e+01
3.145817705673007936e+02 6.487555101452331030e+01
3.156053649213445738e+02 6.458777531058240129e+01
3.166294691627776388e+02 6.430123123552752418e+01
3.176541417713751230e+02 6.401605976414370502e+01
3.186794203903209564e+02 6.373235157483540547e+01
3.197051295749761266e+02 6.344968298424394249e+01
3.207309690840268104e+02 6.316732906871718001e+01
3.217566382368381710e+02 6.288456384488493711e+01
3.227819412319327625e+02 6.260091455955166140e+01
3.238068703030405686e+02 6.231636246954214187e+01
3.248314372522957569e+02 6.203093607949107735e+01
3.258556678854228039e+02 6.174469770606820163e+01
3.268796747747247764e+02 6.145791916612007100e+01
3.279036036813440091e+02 6.117095241181462484e+01
3.289275999469213048e+02 6.088414838251890160e+01
3.299517931795018626e+02 6.059782003151982366e+01
3.309762942164930450e+02 6.031223499360659446e+01
3.320012127955282608e+02 6.002765824835117314e+01
3.330266208592959174e+02 5.974426351659486301e+01
3.340524432015323555e+02 5.946186921699026584e+01
3.350785688097155344e+02 5.918020731129220025e+01
3.361048713399573558e+02 5.889897274104939129e+01
3.371309814199915991e+02 5.861727361421930738e+01
3.381563353705112718e+02 5.833374885117085284e+01
3.391803642667044869e+02 5.804702470578499174e+01
3.402025677883686399e+02 5.775589297290314761e+01
3.412226159583041181e+02 5.745955648016358452e+01
3.422402047876367419e+02 5.715728076429186899e+01
3.432550714630260700e+02 5.684843075441740723e+01
3.442673253395760753e+02 5.653326974608427946e+01
3.452772734058105470e+02 5.621253809631087250e+01
3.462852255891829145e+02 5.588698325952968560e+01
3.472915684682369601e+02 5.555753793677908448e+01
3.482968133037575740e+02 5.522543615503700210e+01
3.493014827989480295e+02 5.489193959475959161e+01
3.503061058035772248e+02 5.455832505276538313e+01
3.513112452469257505e+02 5.422595313825046759e+01
3.523174758025456299e+02 5.389621334331751257e+01
3.533253700305211282e+02 5.357049014243720819e+01
3.543354435563139759e+02 5.325003281532993782e+01
3.553481501880768292e+02 5.293594385272468372e+01
3.563639406242949690e+02 5.262931836108386108e+01
3.573831826510022438e+02 5.233105242122254452e+01
3.584059542398813960e+02 5.204134643450183972e+01
3.594322700773613519e+02 5.176024889037685739e+01
3.604621433300950457e+02 5.148780459484362382e+01
3.614955662633427096e+02 5.122400769551230582e+01
3.625325159439756249e+02 5.096881550388820870e+01
3.635729690917194148e+02 5.072218445986280244e+01
3.646169014732344067e+02 5.048406213232417628e+01
3.656642867179951395e+02 5.025437619751850349e+01
3.667150981646235550e+02 5.003305162447955468e+01
3.677693161481415700e+02 4.982002504090296213e+01
3.688269771144762217e+02 4.961532657658429457e+01
3.698881444912364032e+02 4.941903132305936452e+01
3.709528814396531402e+02 4.923121278454273408e+01
3.720212279395126984e+02 4.905184535330825213e+01
3.730931897236526993e+02 4.888075699928507589e+01
3.741687697673616526e+02 4.871776390254007083e+01
3.752479832495906180e+02 4.856270108371535343e+01
3.763309059856657086e+02 4.841549717667663799e+01
3.774176325880318927e+02 4.827610983514482257e+01
3.785082379422615872e+02 4.814445326049937535e+01
3.796023525417632527e+02 4.801946287723697537e+01
3.806991676792500243e+02 4.789910676721684268e+01
3.817978560573577624e+02 4.778131216398457326e+01
3.828978368940611858e+02 4.766477751944450603e+01
3.839993037514780099e+02 4.755062380582418768e+01
3.851026018388627676e+02 4.744044642041802717e+01
3.862080776009383385e+02 4.733592402210604888e+01
3.873160923246562675e+02 4.723973552860443448e+01
3.884270171055221113e+02 4.715522088313728943e+01
3.895412194931050180e+02 4.708572728904687921e+01
3.906585376555760831e+02 4.703396385560217396e+01
3.917777359833065702e+02 4.700134540547256279e+01
3.928974488786699339e+02 4.698913007926209673e+01
3.940163033168852280e+02 4.699851338092472020e+01
3.951328732479660175e+02 4.703024362817055248e+01
3.962457095669386717e+02 4.708487470526826968e+01
3.973533803040692760e+02 4.716293297296935805e+01
3.984551760364096822e+02 4.726382392477828631e+01
3.995513576632792478e+02 4.738544781956266405e+01
4.006422542230945396e+02 4.752559921385525143e+01
4.017282879924772487e+02 4.768201519375308095e+01
4.028102968140288453e+02 4.785217669758761616e+01
4.038892342648900353e+02 4.803349332689936091e+01
4.049660207405561891e+02 4.822344129501296095e+01
4.060409411437849485e+02 4.842077243012884935e+01
4.071137086898208963e+02 4.862538610006910744e+01
4.081840156720632535e+02 4.883722310928265387e+01
4.092510868993788336e+02 4.905667934637028793e+01
4.103128257549199134e+02 4.928543707383060735e+01
4.113669037826798558e+02 4.952540424361225746e+01
4.124109272439208667e+02 4.977840021355798683e+01
4.134418133643879401e+02 5.004530926290035353e+01
4.144560659077617970e+02 5.032645456839917841e+01
4.154501834747508724e+02 5.062214380213829656e+01
4.164207103222664159e+02 5.093189829040441907e+01
4.173642745946549439e+02 5.125379454961723269e+01
4.182775134387080698e+02 5.158575404531312358e+01
4.191605150702711171e+02 5.192713284883659242e+01
4.200353591959079722e+02 5.228642887129877437e+01
4.209327575160084507e+02 5.267572833464565463e+01
4.218846793530876766e+02 5.310784289495377664e+01
4.229651476602241473e+02 5.361995380647221054e+01
4.242995551046329297e+02 5.427901048555521157e+01
4.260164181972395454e+02 5.515377258027675111e+01
