2.158138445845210285e+01 7.422040714824815666e+01
2.281074105080013226e+01 7.303201445310038764e+01
2.384640845262457631e+01 7.209883601090193395e+01
2.475695773539273503e+01 7.134247419150393910e+01
2.560986013800214067e+01 7.068590683203697722e+01
2.644846280222090940e+01 7.008228173109517911e+01
2.729262248741576968e+01 6.951412411549350168e+01
2.816122285023025285e+01 6.896517615795266920e+01
2.906799086888534589e+01 6.842174081578741607e+01
3.000725120756391462e+01 6.787975615302335086e+01
3.096876608540977571e+01 6.733742592450673214e+01
3.194238374821332371e+01 6.679280967839707728e+01
3.291967322431943188e+01 6.624108241067813196e+01
3.389379221577333823e+01 6.567475601956599007e+01
3.485795799797840289e+01 6.508624261863076299e+01
3.580574166446028528e+01 6.446865964890216105e+01
3.673196675217011631e+01 6.381762126563678805e+01
3.763173379048783573e+01 6.312929380147792813e+01
3.850019037648714004e+01 6.240003324597842038e+01
3.933334555388466214e+01 6.162966674469952011e+01
4.012796238449030284e+01 6.082105972126242932e+01
4.088082958488647023e+01 5.997718022577939223e+01
4.158973681955632173e+01 5.910113654657284599e+01
4.225580809210719480e+01 5.819650413089608065e+01
4.288086084575399326e+01 5.726695558063882174e+01
4.346681979582623256e+01 5.631610939465443977e+01
4.401741149395238040e+01 5.534667530985663575e+01
4.453785759685749213e+01 5.436060900208924807e+01
4.503342542633130563e+01 5.335984374329755298e+01
4.551033357466512541e+01 5.234729003473500342e+01
4.597778387313054083e+01 5.132892302494528280e+01
4.644556141192250465e+01 5.031131703769437991e+01
4.692362452815464735e+01 4.930147693773152184e+01
4.742460954472736034e+01 4.831306273058849854e+01
4.796325903205455177e+01 4.736496871907948503e+01
4.855437029312565045e+01 4.647623029361064084e+01
4.921010952244094483e+01 4.566571074553569787e+01
4.993487146914476682e+01 4.495176504114770211e+01
5.073162298588584918e+01 4.435265474898170623e+01
5.160262188715208964e+01 4.388590202392862238e+01
5.254001460430512793e+01 4.355848446198527313e+01
5.352841086070637999e+01 4.336952007551057875e+01
5.455224242173929383e+01 4.331793220056944449e+01
5.559759920905269581e+01 4.339740464457059943e+01
5.665518622284145067e+01 4.358703824901271418e+01
5.771650499664377776e+01 4.386341692778925960e+01
5.877352763024692450e+01 4.420320901322691043e+01
5.982443129755378664e+01 4.458419601275949162e+01
6.087177542037058231e+01 4.498494559836760232e+01
6.191821085046419881e+01 4.538405160166747976e+01
6.296603797735008357e+01 4.576500170308310089e+01
6.401663757207664673e+01 4.612412511937827730e+01
6.507124139024679721e+01 4.645983191641617793e+01
6.613087411097623658e+01 4.677111893154561528e+01
6.719403029234419478e+01 4.706415234760291355e+01
6.825751185953649269e+01 4.734989458832405518e+01
6.931809394813431879e+01 4.763938454751659890e+01
7.037407478961760887e+01 4.793954527270209098e+01
7.142752254497824538e+01 4.824711236989406160e+01
7.248107854560547025e+01 4.855727257267223251e+01
7.353754669046854531e+01 4.886470340672504875e+01
7.460157482201958601e+01 4.915830664237266490e+01
7.567897898301717419e+01 4.942332491436265229e+01
7.677558059634182541e+01 4.964496820633973329e+01
7.789373446964944492e+01 4.981513961720584405e+01
7.902769741287093552e+01 4.994137733329412754e+01
8.017057187593823642e+01 5.003344830416103406e+01
8.131540333596051084e+01 5.010103651863654761e+01
8.245463633171820561e+01 5.015295091183335074e+01
8.358035498191941315e+01 5.019747559475313636e+01
8.468465560657074320e+01 5.024286712787850462e+01
8.576307679858923905e+01 5.029326855234164384e+01
8.681875001736612774e+01 5.034374942673002806e+01
8.785582069190613197e+01 5.038816761499392527e+01
8.887842815430266796e+01 5.041984881639304206e+01
8.989065184059404601e+01 5.042689074426775875e+01
9.089653719044176228e+01 5.039442376164413417e+01
9.190011946483281235e+01 5.030757294840604743e+01
9.290388456625842650e+01 5.015601806944371788e+01
9.390708978255935335e+01 4.993893012281131405e+01
9.490858886059690747e+01 4.965666640531403431e+01
9.590715662269826680e+01 4.931006006027138966e+01
9.690084471909533193e+01 4.890430433175565383e+01
9.788731650403303775e+01 4.844693355199282792e+01
9.886423393630720113e+01 4.794548887704692675e+01
9.982955457204329264e+01 4.740552683568522951e+01
1.007818181706255416e+02 4.682869506994410358e+01
1.017196325286970762e+02 4.621618442273572924e+01
1.026417872105024713e+02 4.556927346233213427e+01
1.035486271881831044e+02 4.488999143378386947e+01
1.044412871484927905e+02 4.418074871716237340e+01
1.053209198096679700e+02 4.344398583260307589e+01
1.061899139349574455e+02 4.268497962480562080e+01
1.070529603285570062e+02 4.191428937981999070e+01
1.079150010315540555e+02 4.114305089131517690e+01
1.087807913779122373e+02 4.038199388789178101e+01
1.096535929119046529e+02 3.963859928899474028e+01
1.105359503329658111e+02 3.891878896456558579e+01
1.114303889767361824e+02 3.822843913533358062e+01
1.123381416845685408e+02 3.757030698930939394e+01
1.132581641342780046e+02 3.694165448899642712e+01
1.141891802077171292e+02 3.633918422948082139e+01
1.151301772962088990e+02 3.576017388300454769e+01
1.160821160180811660e+02 3.520620744815194314e+01
1.170468515663113465e+02 3.468082122315099269e+01
1.180262467919990144e+02 3.418756951787027276e+01
1.190224014673759285e+02 3.373061937371269892e+01
1.200378103898126199e+02 3.331515945627037922e+01
1.210750058076061748e+02 3.294647528768628320e+01
1.221361699763669577e+02 3.262950624740928873e+01
1.232210299037900114e+02 3.236676347521322583e+01
1.243282615476575756e+02 3.215971862272774473e+01
1.254564987044554272e+02 3.200981785063160601e+01
1.266019683682765447e+02 3.191714876960402236e+01
1.277570985206970704e+02 3.187965458974195343e+01
1.289139822109716249e+02 3.189508946436463077e+01
1.300650675565881613e+02 3.196143345906593680e+01
1.312051380751478291e+02 3.207815253849351222e+01
1.323299208133875311e+02 3.224531298800329893e+01
1.334351901822411151e+02 3.246295396129895039e+01
1.345191589634980573e+02 3.272954397070515142e+01
1.355836847773654767e+02 3.304120375850803981e+01
1.366309235540225302e+02 3.339386191493237277e+01
1.376634489154086509e+02 3.378247127812339556e+01
1.386864121830745660e+02 3.419596303103144663e+01
1.397059470277106641e+02 3.462097353227168384e+01
1.407281540761970575e+02 3.504412454056188153e+01
1.417574700319476335e+02 3.545155817714639568e+01
1.427959755544783889e+02 3.582873741728377581e+01
1.438455726310254761e+02 3.616107373270936165e+01
1.449074083465466174e+02 3.643416511283134440e+01
1.459782559159801849e+02 3.663469022210752257e+01
1.470533170620561236e+02 3.674971600183357623e+01
1.481277904601895727e+02 3.676649034700231056e+01
1.491968330924902659e+02 3.667981146030909656e+01
1.502555460045786617e+02 3.649460717318096670e+01
1.512990263196541605e+02 3.621651563463819201e+01
1.523231422664426589e+02 3.585226603160997882e+01
1.533279588795892039e+02 3.541452561552600287e+01
1.543149620686434389e+02 3.491797203500730973e+01
1.552856466938422955e+02 3.437719518213263825e+01
1.562417974217569281e+02 3.380347303447538820e+01
1.571855673928626231e+02 3.320387264002206962e+01
1.581191335853144722e+02 3.258518862911638792e+01
1.590447067137012596e+02 3.195394955068096721e+01
1.599646700469246525e+02 3.131532300666389546e+01
1.608814618765746900e+02 3.067404263153037647e+01
1.617975189227987869e+02 3.003483517773088352e+01
1.627152252071530825e+02 2.940220621021674319e+01
1.636369012411204267e+02 2.878039472828740486e+01
1.645648637551186084e+02 2.817362386128716878e+01
1.655010207091279426e+02 2.758499611287819420e+01
1.664453145289301688e+02 2.701222556354229098e+01
1.673970975991457522e+02 2.645140872258150466e+01
1.683557710193022388e+02 2.589877820493702387e+01
1.693221818402201677e+02 2.535460632417220594e+01
1.702988290755822334e+02 2.482378064757905634e+01
1.712883019989644708e+02 2.431144091053322498e+01
1.722929452037842282e+02 2.382399929267617011e+01
1.733139969425477602e+02 2.337362143218849297e+01
1.743523829239323106e+02 2.297409833240190835e+01
1.754087791859287222e+02 2.263903330314421680e+01
1.764772017852784813e+02 2.237701992451059851e+01
1.775444529754457506e+02 2.219122545429721072e+01
1.785969743720535234e+02 2.208454587354319187e+01
1.796260622983402868e+02 2.205911329571024382e+01
1.806436582712753420e+02 2.211381140091031483e+01
1.816671908144206498e+02 2.224666051212543039e+01
1.827152688920795924e+02 2.245671223811720907e+01
1.838349970715062227e+02 2.276791431226304852e+01
1.851027442665964315e+02 2.322978223087052640e+01
1.865962135709833092e+02 2.389299714043740863e+01
