2.259864461817716830e+01 2.582791049950627382e+01
2.407499139526127507e+01 2.613201755330334208e+01
2.531851698896071312e+01 2.637320031271681486e+01
2.640227138400635809e+01 2.655775096821053793e+01
2.739920168833498693e+01 2.669195157275069974e+01
2.836555039044388593e+01 2.678043810311799433e+01
2.932253043044453733e+01 2.682439471813369281e+01
3.028694390590203867e+01 2.682457093140614290e+01
3.127524038967532505e+01 2.678185940174502022e+01
3.229317804126893066e+01 2.670149411351987112e+01
3.333415462267720386e+01 2.659372807972276576e+01
3.439087937107775872e+01 2.646909389381714206e+01
3.545622092745474419e+01 2.633752664508975982e+01
3.652490100204346390e+01 2.620201543677321254e+01
3.759283683362834694e+01 2.606106809077479625e+01
3.865596558646961256e+01 2.591311774097973952e+01
3.971076354902884731e+01 2.575671075823946765e+01
4.075672378874567414e+01 2.559102715385110116e+01
4.179438813810758546e+01 2.541546722039759487e+01
4.282429979527938713e+01 2.522943210693521365e+01
4.384731340795266874e+01 2.503295572866564811e+01
4.486517951025894035e+01 2.482789215641964375e+01
4.587980873889775779e+01 2.461642073840391376e+01
4.689311389672057828e+01 2.440073285317241769e+01
4.790713775569432187e+01 2.418374170011387037e+01
4.892412453991493493e+01 2.396947930091087642e+01
4.994633580269371009e+01 2.376207392002400809e+01
5.097600008499584590e+01 2.356569661486828338e+01
5.201475329014797211e+01 2.338528666197678518e+01
5.306371870576535343e+01 2.322644782687908460e+01
5.412400271714204081e+01 2.309480578509744220e+01
5.519622761606702710e+01 2.299568073119791478e+01
5.627717117331573604e+01 2.293196682439755563e+01
5.736177781429034894e+01 2.290540131498599763e+01
5.844498067358243532e+01 2.291771432833260391e+01
5.952195190423240945e+01 2.297061415371812032e+01
6.058881973307636315e+01 2.306572173606894438e+01
6.164195140539916906e+01 2.320463618422283147e+01
6.267772572628938832e+01 2.338894053269302020e+01
6.369439852395308321e+01 2.361760774754539227e+01
6.469416173973883133e+01 2.388413748733967878e+01
6.567970294157662181e+01 2.418134022397087790e+01
6.665371896037802912e+01 2.450202902205604261e+01
6.761918755591607066e+01 2.483909557860949846e+01
6.857941127125366165e+01 2.518552249796122311e+01
6.953771074121435447e+01 2.553429744835132453e+01
7.049726312872100209e+01 2.587878175648287282e+01
7.145957773585027439e+01 2.621668052869031840e+01
7.242508782542317647e+01 2.654850130978003619e+01
7.339420872627313486e+01 2.687479835186623944e+01
7.436703265444492672e+01 2.719688010882182283e+01
7.534184378274242988e+01 2.752027532365764273e+01
7.631629772862291361e+01 2.785197989749321579e+01
7.728804966068716453e+01 2.819898927680442213e+01
7.825493624179199514e+01 2.856637892486111951e+01
7.921531620411525410e+01 2.895370146167499215e+01
8.016764157808680125e+01 2.935952252793896733e+01
8.111033819958417723e+01 2.978238024536906181e+01
8.204026023133867795e+01 3.021916159706578853e+01
8.295182574270499742e+01 3.066419430127569257e+01
8.383924324661835215e+01 3.111158592442989956e+01
8.469732365428153287e+01 3.155586816709095643e+01
8.553169213059560150e+01 3.199918678574826103e+01
8.635732788075971200e+01 3.245027349168363173e+01
8.718951853788580308e+01 3.291807715285412428e+01
8.804719114741803310e+01 3.341356194301285853e+01
8.897817584282549319e+01 3.396369697173943791e+01
9.004408583810024425e+01 3.460308365831922117e+01
9.130661923148693404e+01 3.536637042625440586e+01
