4.962957033193865186e+01 6.684697931639044555e+01
5.115622240414280242e+01 6.690761555866254184e+01
5.241006222030475925e+01 6.701842816477090992e+01
5.348143213244105709e+01 6.716811101310265997e+01
5.445915728170214010e+01 6.734549225914518900e+01
5.539967428362320589e+01 6.754226652698062594e+01
5.632836582547552240e+01 6.775287679395592022e+01
5.726936429155172448e+01 6.797187664436859222e+01
5.824156808827788723e+01 6.819270665254522612e+01
5.924486866564748766e+01 6.840476554690326338e+01
6.027484428227325708e+01 6.859653485194061773e+01
6.132709490256890206e+01 6.875690022752357322e+01
6.239762226695817304e+01 6.888222790962132080e+01
6.348278221687033351e+01 6.897547706024306535e+01
6.457894273007424601e+01 6.903983260569575009e+01
6.568253127199560026e+01 6.907869190626017541e+01
6.679017154691318581e+01 6.909615310287718160e+01
6.789852766697259767e+01 6.909645863539260802e+01
6.900428956027747063e+01 6.908358134020518548e+01
7.010456467670235270e+01 6.905713375420310740e+01
7.119679864100569944e+01 6.901319675704662870e+01
7.227844757290982614e+01 6.894775103161472884e+01
7.334808498822425804e+01 6.885876144134360288e+01
7.440763610638589398e+01 6.875014453076694565e+01
7.545965195249817725e+01 6.862692809892376999e+01
7.650677693799796941e+01 6.849438348905025009e+01
7.755298382309476324e+01 6.836124627328567271e+01
7.860323376001916529e+01 6.823882967225881657e+01
7.966250895086425032e+01 6.813850250715816514e+01
8.073414202826211294e+01 6.806780057912691007e+01
8.181696113403383208e+01 6.802379283478636296e+01
8.290903257899311996e+01 6.800177799307647319e+01
8.400835517496970795e+01 6.799689731736972931e+01
8.511207850376447936e+01 6.800231106349885124e+01
8.621677195966171325e+01 6.800982607796652246e+01
8.731899421212470713e+01 6.801122418955475268e+01
8.841549051983879792e+01 6.799872255169161406e+01
8.950347058921371968e+01 6.796562190419219007e+01
9.058021517900701269e+01 6.790538875656520190e+01
9.164321514099414401e+01 6.781199500975175454e+01
9.269231075717478063e+01 6.768506426087114392e+01
9.372881509313737070e+01 6.752776297683882945e+01
9.475406271151864246e+01 6.734330932458269103e+01
9.576911416657159748e+01 6.713425946109980202e+01
9.677440749086086669e+01 6.690166551809380735e+01
9.777029472645135399e+01 6.664637187243953065e+01
9.875747430872604582e+01 6.637005943087140736e+01
9.974010226264520895e+01 6.608275907909907687e+01
1.007243217553034214e+02 6.579930059369839057e+01
1.017162848036083602e+02 6.553453513745884607e+01
1.027198247520970114e+02 6.529771655661500063e+01
1.037339608180489137e+02 6.508647730813767396e+01
1.047571130911388195e+02 6.489700354424891771e+01
1.057877248471714324e+02 6.472553738793970979e+01
1.068244466898211158e+02 6.456882144677136637e+01
1.078660383616499985e+02 6.442386178699699428e+01
1.089112549592540802e+02 6.428765325752168280e+01
1.099582227545597704e+02 6.415567250493124618e+01
1.110038734601394310e+02 6.402051209242658558e+01
1.120450051972233894e+02 6.387444204706261530e+01
1.130786415419118498e+02 6.371027668530970800e+01
1.141036176517216063e+02 6.352520381350936418e+01
1.151196412127823692e+02 6.331851768213849851e+01
1.161264348469552203e+02 6.308954859956437389e+01
1.171245039363846416e+02 6.283951662578177633e+01
1.181157158512436069e+02 6.257292995273039793e+01
1.191020744103902871e+02 6.229462618881456848e+01
1.200855531392513598e+02 6.200936981097694201e+01
1.210679062562562223e+02 6.172139586650070697e+01
1.220507914499353461e+02 6.143470636955871100e+01
1.230358540995889882e+02 6.115327361806365047e+01
1.240239676443749630e+02 6.087920633374421442e+01
1.250147741005074380e+02 6.061164040359266636e+01
1.260078053667091638e+02 6.034944587490317502e+01
1.270026575973556930e+02 6.009164793770719371e+01
1.279993469666048043e+02 5.983828590322106322e+01
1.289980583891643846e+02 5.958980650005887014e+01
1.299989830457488438e+02 5.934667157996916842e+01
1.310026122309678271e+02 5.911006730352066540e+01
1.320098765210851752e+02 5.888224001403843033e+01
1.330217414075989950e+02 5.866552032089606428e+01
1.340388601940946103e+02 5.846148488340767813e+01
1.350600403055164804e+02 5.826725246788698342e+01
1.360834131958365276e+02 5.807830933556277131e+01
1.371071138869335755e+02 5.789015034804118898e+01
1.381294699369720149e+02 5.769873466714440724e+01
1.391490676631242422e+02 5.750064545064863353e+01
1.401645115739858056e+02 5.729250972484967974e+01
1.411747150113387193e+02 5.707170179728554871e+01
1.421802453724741326e+02 5.683959828065684405e+01
1.431822214862416445e+02 5.659891008228744624e+01
1.441817561645295882e+02 5.635233404643436472e+01
1.451797397836877508e+02 5.610204604357655001e+01
1.461767880938755582e+02 5.584957873292898967e+01
1.471734998647289672e+02 5.559642500305002244e+01
1.481703832899758879e+02 5.534385750880520760e+01
1.491675066858227012e+02 5.509207935077174056e+01
1.501648050244280341e+02 5.484096940587084390e+01
1.511622103321839461e+02 5.459039524231535978e+01
1.521595694609296174e+02 5.433989622435254319e+01
1.531566326203269739e+02 5.408863932395254182e+01
1.541531447989800085e+02 5.383577139472986772e+01
1.551489205933991968e+02 5.358052975645047411e+01
1.561440813415148341e+02 5.332255038640475675e+01
1.571388328491626112e+02 5.306157904088250632e+01
1.581334088837384115e+02 5.279744230859871834e+01
1.591287377220324402e+02 5.253197459642940714e+01
1.601264719979959921e+02 5.226910441893927128e+01
1.611282982774291952e+02 5.201285838725280541e+01
1.621359686471501220e+02 5.176825144418694435e+01
1.631514972780488506e+02 5.154425185932841202e+01
1.641769638620334888e+02 5.135081623395632278e+01
1.652143157675363625e+02 5.119771898228633233e+01
1.662626755992208132e+02 5.109084529620751880e+01
1.673184575948278621e+02 5.103235140406913217e+01
1.683779669729676414e+02 5.102424335139329514e+01
1.694379038672454669e+02 5.106638728085269463e+01
1.704964025274024380e+02 5.115087837367080681e+01
1.715519226428349384e+02 5.126804837019283667e+01
1.726029844291664119e+02 5.140835605365732874e+01
1.736492284470346590e+02 5.156461178082477659e+01
1.746912826612186791e+02 5.173169844272241846e+01
1.757298087751095181e+02 5.190457024104789241e+01
1.767651705336704993e+02 5.207977421390110351e+01
1.777967487717414201e+02 5.225911187410216741e+01
1.788237219315120399e+02 5.244546669205413281e+01
1.798453803581126920e+02 5.264144916665384244e+01
1.808628242041562544e+02 5.284525502563285926e+01
1.818786194893737331e+02 5.305150421977020159e+01
1.828953737348979871e+02 5.325471534149627217e+01
1.839147449344200140e+02 5.345154682996138007e+01
1.849355429111311082e+02 5.364507573638576332e+01
1.859560456985907990e+02 5.383957754844222876e+01
1.869744453499094448e+02 5.403952762491569217e+01
1.879877109124343235e+02 5.425224433744836006e+01
1.889919014246630695e+02 5.448716147441773217e+01
1.899830562184448297e+02 5.475375847283736164e+01
1.909585162085756167e+02 5.505838144300548009e+01
1.919191765514659380e+02 5.539882029814550890e+01
1.928665335217395409e+02 5.577141786755717590e+01
1.938021921300610586e+02 5.617225637417022455e+01
1.947291254359967922e+02 5.659413925444386706e+01
1.956512411397496010e+02 5.702762990278255018e+01
1.965724633020109309e+02 5.746325253868835148e+01
1.974960770108452834e+02 5.789307612415677795e+01
1.984237768584737864e+02 5.831301471001989967e+01
1.993570141191765401e+02 5.871957057819714265e+01
2.002971270624679505e+02 5.910951864193179972e+01
2.012441902470807804e+02 5.948268259866237173e+01
2.021974860513793999e+02 5.984079733232776732e+01
2.031562814265544432e+02 6.018563494826084082e+01
2.041190999571555835e+02 6.052076151063551634e+01
2.050827763675237634e+02 6.085381879208079425e+01
2.060439120954553687e+02 6.119301155317267416e+01
2.069992871410059649e+02 6.154611344998231459e+01
2.079474638567604643e+02 6.191659498847822363e+01
2.088880289470172329e+02 6.230545357286600705e+01
2.098205880846816740e+02 6.271364081249599565e+01
2.107457987867757652e+02 6.313956903115670372e+01
2.116665024542961646e+02 6.357637837878779408e+01
2.125858122768948988e+02 6.401655287292496155e+01
2.135067414181961567e+02 6.445281802387334835e+01
2.144314086198852465e+02 6.488005874420160524e+01
2.153614617934805722e+02 6.529429667142261451e+01
2.162985371025550307e+02 6.569158180475020004e+01
2.172434274459769767e+02 6.606999988519883971e+01
2.181953237979620326e+02 6.643150389138929768e+01
2.191532379844365437e+02 6.677847928732741423e+01
2.201162954993188805e+02 6.711303708040659899e+01
2.210845351848254268e+02 6.743508295640235417e+01
2.220584357875103194e+02 6.774346043176413446e+01
2.230384795890919349e+02 6.803700449010798934e+01
2.240252087690421661e+02 6.831440573915296000e+01
2.250192697277863942e+02 6.857410357529900580e+01
2.260213193069666886e+02 6.881451222772480492e+01
2.270319146882108328e+02 6.903428694354140305e+01
2.280508915720463960e+02 6.923382780086436128e+01
2.290777680927636482e+02 6.941430288048681518e+01
2.301120461609141898e+02 6.957691946489730128e+01
2.311522638673699532e+02 6.972521354399043503e+01
2.321954217878492557e+02 6.986643593420082254e+01
2.332383830089058279e+02 7.000816964276860688e+01
2.342780538165186499e+02 7.015789144022475909e+01
2.353116228782540134e+02 7.032238365984019879e+01
2.363363923068690724e+02 7.050814964868025925e+01
2.373496887182304818e+02 7.072163300434797861e+01
2.383500887697252892e+02 7.096622949783763090e+01
2.393379988251132886e+02 7.124087374610925849e+01
2.403139706779163305e+02 7.154414578214185383e+01
2.412786757502215664e+02 7.187433313259407441e+01
2.422334927939135980e+02 7.222799381716087908e+01
2.431800595889632461e+02 7.260105250051671533e+01
2.441200022057078058e+02 7.298946618194725033e+01
2.450544384398328077e+02 7.339059022639091268e+01
2.459838029916571429e+02 7.380365933133697354e+01
2.469084825381395945e+02 7.422804031618423437e+01
2.478290073963689224e+02 7.466289190078506977e+01
2.487466771943730919e+02 7.510625826090610246e+01
2.496630480342388410e+02 7.555581200390007268e+01
2.505796648628141838e+02 7.600925107880392773e+01
2.514976785838931619e+02 7.646516353802704202e+01
2.524177536028293503e+02 7.692323638471188474e+01
2.533405242440938991e+02 7.738322457166938761e+01
2.542660951043416730e+02 7.784512044285236243e+01
2.551919981826864614e+02 7.831006922082391952e+01
2.561149856235025482e+02 7.877956561065779795e+01
2.570317243862962187e+02 7.925505867079817790e+01
2.579363983564677483e+02 7.973666190109670993e+01
2.588203740323111788e+02 8.022297342755868499e+01
2.596748657038199894e+02 8.071250950867563745e+01
2.604955590347526027e+02 8.120478632845363620e+01
2.612978437081986840e+02 8.170372644636739778e+01
2.621025353365085948e+02 8.221446581298643252e+01
2.629316954680458593e+02 8.274215319677756497e+01
2.638383309571945006e+02 8.329225484663314205e+01
2.649077238934776233e+02 8.387056813615231476e+01
2.662266682702955904e+02 8.448290595016831617e+01
