6.520945953793187755e+01 6.013916414864554838e+01
6.584571702707535223e+01 6.258475016768421284e+01
6.638133802299165609e+01 6.463493898016074013e+01
6.683454434867017824e+01 6.635964718763338510e+01
6.722355782710020833e+01 6.782879139166023208e+01
6.756660028127114970e+01 6.911228819379954302e+01
6.788173988899544042e+01 7.027943589095968946e+01
6.818128135352890240e+01 7.137633919083479839e+01
6.847016140409358798e+01 7.241945232528163956e+01
6.875283614469140048e+01 7.342329537622514124e+01
6.903376167932428586e+01 7.440238842559023169e+01
6.931739411199414747e+01 7.537125155530182496e+01
6.960784469099962735e+01 7.634305034371669763e+01
6.990677335242104107e+01 7.732132225194122555e+01
7.021477833040600558e+01 7.830543465184607044e+01
7.053245359445942597e+01 7.929473816489426952e+01
7.086039311408629260e+01 8.028858341254894526e+01
7.119919042666639086e+01 8.128632091685599903e+01
7.154936566383203456e+01 8.228728431172591229e+01
7.191128332706102810e+01 8.329077142592814198e+01
7.228528806756290237e+01 8.429607552136877757e+01
7.267172453654714559e+01 8.530248985995388011e+01
7.307093738522321758e+01 8.630930770358952486e+01
7.348325467932808408e+01 8.731583351793152303e+01
7.390877877296553322e+01 8.832152424042413941e+01
7.434744908047883882e+01 8.932594687690422575e+01
7.479920140454453303e+01 9.032867087294687281e+01
7.526397154783913379e+01 9.132926567412724239e+01
7.574169531100309882e+01 9.232730072768509899e+01
7.623222965081779989e+01 9.332240994509000132e+01
7.673514365977591467e+01 9.431446260109568414e+01
7.724994075164434548e+01 9.530338167062377863e+01
7.777612434018996623e+01 9.628909012859585914e+01
7.831319783917967925e+01 9.727151094993361369e+01
7.886066476270528369e+01 9.825056914643236894e+01
7.941803179853420147e+01 9.922625416425017875e+01
7.998480938013597097e+01 1.001986314976293784e+02
8.056050815669638610e+01 1.011677710204453149e+02
8.114463877740125497e+01 1.021337426065732643e+02
8.173671189143632887e+01 1.030966161298885879e+02
8.233627160658134869e+01 1.040564572670737249e+02
8.294307806349506507e+01 1.050133045946989085e+02
8.355697722499834867e+01 1.059671859234257738e+02
8.417781527181770684e+01 1.069181290365808650e+02
8.480543838467971796e+01 1.078661617174907548e+02
8.543969383616459368e+01 1.088113113945827450e+02
8.608056269118230830e+01 1.097535620080314374e+02
8.672828676670907555e+01 1.106928127423928032e+02
8.738313796550596635e+01 1.116289530030506256e+02
8.804538819033403740e+01 1.125618721953887018e+02
8.871530934395434542e+01 1.134914597247908574e+02
8.939317254546239155e+01 1.144176044651581776e+02
9.007923940083148295e+01 1.153401888385827760e+02
9.077376518158916952e+01 1.162590909711294955e+02
9.147700504447720959e+01 1.171741889110152215e+02
9.218921414623730470e+01 1.180853607064568678e+02
9.291064762708157332e+01 1.189924844101061296e+02
9.364147336464378668e+01 1.198954614865580766e+02
9.438156828083619132e+01 1.207942714618062894e+02
9.513074873095540340e+01 1.216889101114462903e+02
9.588883107029812436e+01 1.225793732110737295e+02
9.665563165416105562e+01 1.234656565362841718e+02
9.743096353404369836e+01 1.243477555945618889e+02
9.821455056638401970e+01 1.252256586549911788e+02
9.900601939248110739e+01 1.260993460974072207e+02
9.980499174209271018e+01 1.269687979030614997e+02
1.006110893449766479e+02 1.278339940532054868e+02
1.014239339308907262e+02 1.286949145290906529e+02
1.022431551934264036e+02 1.295515243217833756e+02
1.030684296058489622e+02 1.304037003697864066e+02
1.038994506672333387e+02 1.312512875642182735e+02
1.047359119011088495e+02 1.320941307501674942e+02
1.055775068310047544e+02 1.329320747727224159e+02
1.064239295359177646e+02 1.337649640308974881e+02
1.072749253013692794e+02 1.345926018017478327e+02
1.081303312425892358e+02 1.354147176174775495e+02
1.089899940343154867e+02 1.362310333334237384e+02
1.098537603512858567e+02 1.370412708049232720e+02
1.107214768682381134e+02 1.378451518873131363e+02
1.115929955471704318e+02 1.386424000862400874e+02
1.124682258410632159e+02 1.394327568519807414e+02
1.133471124903390006e+02 1.402159746490623888e+02
1.142296007475787860e+02 1.409918061018720721e+02
1.151156358653636715e+02 1.417600038347968052e+02
1.160051631008115294e+02 1.425203204883923718e+02
1.168981354241496149e+02 1.432725361917962061e+02
1.177945293112393870e+02 1.440165148453609731e+02
1.186943256995749891e+02 1.447521362501541375e+02
1.195975055266504796e+02 1.454792802072431641e+02
1.205040497299599025e+02 1.461978265176955176e+02
1.214139388487172653e+02 1.469076586465349976e+02
1.223271441515885130e+02 1.476087453426774800e+02
1.232436275751071406e+02 1.483011412054743232e+02
1.241633506452094906e+02 1.489849046115438966e+02
1.250862748878318484e+02 1.496600939375045414e+02
1.260123618289104428e+02 1.503267675599743427e+02
1.269415683733255094e+02 1.509850029282054606e+02
1.278738267010997163e+02 1.516349795391503221e+02
1.288090607573519151e+02 1.522769108779453120e+02
1.297471944815810616e+02 1.529110104529229091e+02
1.306881518132858844e+02 1.535374917724153363e+02
1.316318570033334936e+02 1.541565676852103479e+02
1.325782566154195763e+02 1.547684037767529617e+02
1.335273340650634282e+02 1.553730875724447742e+02
1.344790762184397011e+02 1.559706992884613328e+02
1.354334699417231036e+02 1.565613191409782416e+02
1.363905021010882592e+02 1.571450273461710196e+02
1.373501647617046331e+02 1.577218912380955373e+02
1.383125008091058419e+02 1.582918522276140720e+02
1.392775818607218525e+02 1.588547805334171699e+02
1.402454798596886292e+02 1.594105455671571576e+02
1.412162667491424202e+02 1.599590167404863621e+02
1.421900144516081070e+02 1.605000635106562186e+02
1.431667788787774214e+02 1.610335907565238074e+02
1.441465712996471211e+02 1.615596021223215928e+02
1.451293952634146649e+02 1.620781183311977145e+02
1.461152543192778523e+02 1.625891601063007954e+02
1.471041520164341705e+02 1.630927481707790037e+02
1.480960894901424183e+02 1.635889087363988494e+02
1.490910190085311910e+02 1.640777791250394557e+02
1.500888474058986333e+02 1.645595999623336638e+02
1.510894797904066991e+02 1.650346157986628555e+02
1.520928212702173710e+02 1.655030711844085261e+02
1.530987769534925178e+02 1.659652106699521141e+02
1.541072535521596478e+02 1.664212735830121517e+02
1.551181656015219232e+02 1.668714737744831780e+02
1.561314300188345214e+02 1.673160173384329710e+02
1.571469637219179276e+02 1.677551103670870987e+02
1.581646836285930817e+02 1.681889589526714417e+02
1.591845070575343186e+02 1.686177681837841362e+02
1.602063742469826764e+02 1.690416857647244342e+02
1.612302603246479009e+02 1.694607720461467295e+02
1.622561433463777121e+02 1.698750800474522009e+02
1.632840013680199434e+02 1.702846627880419419e+02
1.643138124454222009e+02 1.706895732873171312e+02
1.653455508912900598e+02 1.710898734519373079e+02
1.663791580220097046e+02 1.714857035309809703e+02
1.674145579859276722e+02 1.718772445352179261e+02
1.684516747840930293e+02 1.722646778251422575e+02
1.694904324175551551e+02 1.726481847612480465e+02
1.705307548500262840e+02 1.730279467939999449e+02
1.715725500192706932e+02 1.734041839914963816e+02
1.726156849325410576e+02 1.737772150518519538e+02
1.736600201565233874e+02 1.741473741929771109e+02
1.747054162579037779e+02 1.745149956327821599e+02
1.757517338033684098e+02 1.748804135891775786e+02
1.767988348275599151e+02 1.752439587526776563e+02
1.778466074050213024e+02 1.756058992417596869e+02
1.788949619685570553e+02 1.759664494495807503e+02
1.799438096772329345e+02 1.763258220241432070e+02
1.809930616901148710e+02 1.766842296134495598e+02
1.820426291662686822e+02 1.770418848655022259e+02
1.830924445084906154e+02 1.773989492523524802e+02
1.841425346605358015e+02 1.777553564977518192e+02
1.851929528561416305e+02 1.781109769931268829e+02
1.862437523301075544e+02 1.784656811273449932e+02
1.872949863172332243e+02 1.788193392892736142e+02
1.883467088785016301e+02 1.791718198782390061e+02
1.893990125723650237e+02 1.795228985873945078e+02
1.904520440065597882e+02 1.798722209532266731e+02
1.915059538380566551e+02 1.802194227612166912e+02
1.925608927238266688e+02 1.805641397968456943e+02
1.936170113208406178e+02 1.809060078455947576e+02
1.946744611839258710e+02 1.812446605546909950e+02
1.957334010247091101e+02 1.815797145273731985e+02
1.967939929784020592e+02 1.819107782135790785e+02
1.978563992015708664e+02 1.822374600123903292e+02
1.989207818507818786e+02 1.825593683228885880e+02
1.999873029974221765e+02 1.828761117499820728e+02
2.010561019599286965e+02 1.831873538788387350e+02
2.021272647658342407e+02 1.834928870668391880e+02
2.032008698235877944e+02 1.837925220821283574e+02
2.042769955416382572e+02 1.840860696928510833e+02
2.053557203284347281e+02 1.843733406671523767e+02
2.064371152194107140e+02 1.846541635751329977e+02
2.075211358968365971e+02 1.849286455041392117e+02
2.086076465983318542e+02 1.851971143322745377e+02
2.096965090512123595e+02 1.854599039987055562e+02
2.107875849827941863e+02 1.857173484425990466e+02
2.118807361203934079e+02 1.859697816031216746e+02
2.129758024461975197e+02 1.862175899155622574e+02
2.140725356271474880e+02 1.864613730219524541e+02
2.151706649125846127e+02 1.867017846838963635e+02
2.162699195518472663e+02 1.869394786630050191e+02
2.173700287942739351e+02 1.871751087208895115e+02
2.184707220723599903e+02 1.874093281766636210e+02
2.195717358963070751e+02 1.876427732500993102e+02
2.206728159459815970e+02 1.878760580075713165e+02
2.217737085116131652e+02 1.881097950408506847e+02
2.228741598834314175e+02 1.883445969417084598e+02
2.239739163516661336e+02 1.885810763019159140e+02
2.250727323932913748e+02 1.888198259462349711e+02
2.261704216286419182e+02 1.890612958969530837e+02
2.272668236626284397e+02 1.893058734362354869e+02
2.283617782119173967e+02 1.895539455764110244e+02
2.294551249931752750e+02 1.898058993298085397e+02
2.305467039336940047e+02 1.900621212002274945e+02
2.316363929294340949e+02 1.903229060207813745e+02
2.327241515210441491e+02 1.905883515035127687e+02
2.338099498358122901e+02 1.908585298003233106e+02
2.348937580010268960e+02 1.911335130631145489e+02
2.359755461439760325e+02 1.914133734437882026e+02
2.370552901281652112e+02 1.916981692449532773e+02
2.381330454180908021e+02 1.919877665837731797e+02
2.392089257175654780e+02 1.922818909667393825e+02
2.402830460630939911e+02 1.925802646827446267e+02
2.413555214911812072e+02 1.928826100206814544e+02
2.424264670386467344e+02 1.931886492686825534e+02
2.434960185002078674e+02 1.934980545948314159e+02
2.445643886190102307e+02 1.938103123748410894e+02
2.456318079644208296e+02 1.941248659429236341e+02
2.466985071058065273e+02 1.944411586332909110e+02
2.477647166125340163e+02 1.947586337801547529e+02
2.488306663935665313e+02 1.950767363112636872e+02
2.498965648837682068e+02 1.953949629707835243e+02
2.509625948342577999e+02 1.957128724770603299e+02
2.520289374853547599e+02 1.960300271939588583e+02
2.530957740773781666e+02 1.963459894853435799e+02
2.541632858506471280e+02 1.966603217150791352e+02
2.552316391116969498e+02 1.969726222907188742e+02
2.563009021978228361e+02 1.972827260751450353e+02
2.573711039589397842e+02 1.975905632366785483e+02
2.584422731360276657e+02 1.978960642065625848e+02
2.595144384700664659e+02 1.981991594160403736e+02
2.605876282855724639e+02 1.984997803014879594e+02
2.616618171930723520e+02 1.987979879376793235e+02
2.627368736463391201e+02 1.990940996080903744e+02
2.638126536421800665e+02 1.993884626610116868e+02
2.648890131774018073e+02 1.996814244447336364e+02
2.659658082488114133e+02 1.999733323075467126e+02
2.670428882953815446e+02 2.002645494251975720e+02
2.681200216427214400e+02 2.005556347420625798e+02
2.691969218715299235e+02 2.008472793303878348e+02
2.702733015352521306e+02 2.011401767417165161e+02
2.713488731873331972e+02 2.014350205275915187e+02
2.724233493819624528e+02 2.017325042377599686e+02
2.734964477029885757e+02 2.020333092872525071e+02
2.745679027591903605e+02 2.023380760162071397e+02
2.756374527580363178e+02 2.026474360824481380e+02
2.767048359069951857e+02 2.029620211437997739e+02
2.777697904135351337e+02 2.032824628580861770e+02
2.788320574516270085e+02 2.036093857272565231e+02
2.798914603660570606e+02 2.039432160386403154e+02
2.809479132560692278e+02 2.042841611592585309e+02
2.820013349094523392e+02 2.046324171462994741e+02
2.830516441139954509e+02 2.049881800569516770e+02
2.840987596574873919e+02 2.053516459484036147e+02
2.851426194261231899e+02 2.057229648690858994e+02
2.861832752621965597e+02 2.061020123430273827e+02
2.872208210962970725e+02 2.064885625020152418e+02
2.882553509261459794e+02 2.068823893161134322e+02
2.892869587494651569e+02 2.072832667553861938e+02
2.903157390578721788e+02 2.076909676030014111e+02
2.913418339667307464e+02 2.081051501962115253e+02
2.923654721831675261e+02 2.085252647812541227e+02
2.933868915862823314e+02 2.089507395629493089e+02
2.944063300551747488e+02 2.093810027461171330e+02
2.954240254689443645e+02 2.098154825355777291e+02
2.964402136807743204e+02 2.102536121452865245e+02
2.974551081129862382e+02 2.106948802501185298e+02
2.984689082312246455e+02 2.111388100332180784e+02
2.994818132905966195e+02 2.115849251982885448e+02
3.004940225462092371e+02 2.120327494490332469e+02
3.015057352373621598e+02 2.124818065275799768e+02
3.025171191341929671e+02 2.129316966705991376e+02
3.035282446632216420e+02 2.133822567354737600e+02
3.045391634866359141e+02 2.138333691915104282e+02
3.055499272666233423e+02 2.142849165080152432e+02
3.065605876653719406e+02 2.147367811542946185e+02
3.075711950927013731e+02 2.151888486456987835e+02
3.085817700973555020e+02 2.156410771264998232e+02
3.095923027679265260e+02 2.160934988269800670e+02
3.106027818208093549e+02 2.165461493149194325e+02
3.116131959723981595e+02 2.169990641580975819e+02
3.126235339390875652e+02 2.174522789242941201e+02
3.136337784426881967e+02 2.179058432846362621e+02
3.146438796305558299e+02 2.183598835475757483e+02
3.156537766382981545e+02 2.188145519287008369e+02
3.166634085928750437e+02 2.192700006639468882e+02
3.176727146212461435e+02 2.197263819892489494e+02
3.186816334274487303e+02 2.201838491070935788e+02
3.196900721713875555e+02 2.206426273112401475e+02
3.206978851979888532e+02 2.211030625993261367e+02
3.217049218175349097e+02 2.215655124752141774e+02
3.227110313403076134e+02 2.220303344427667298e+02
3.237160630765893075e+02 2.224978860058465671e+02
3.247198660730888946e+02 2.229685238394038720e+02
3.257222867545480653e+02 2.234425963725401516e+02
3.267231700428153545e+02 2.239204473078982858e+02
3.277223608419508878e+02 2.244024202921778794e+02
3.287197040560149048e+02 2.248888589720785660e+02
3.297150445930251408e+02 2.253801069744112056e+02
3.307082308085625186e+02 2.258764905999092321e+02
3.316991208137086460e+02 2.263782871220554966e+02
3.326875744330346834e+02 2.268857652030171721e+02
3.336734514911117344e+02 2.273991935049613744e+02
3.346566118125110734e+02 2.279188406900556174e+02
3.356369145170946240e+02 2.284449759421821966e+02
3.366142041310257582e+02 2.289778792493347339e+02
3.375883114311202462e+02 2.295178407785214176e+02
3.385590666585432018e+02 2.300651510933074064e+02
3.395263000544592842e+02 2.306201007572578021e+02
3.404898418600335503e+02 2.311829803339376781e+02
3.414495214488534884e+02 2.317540768398583282e+02
3.424051638968776956e+02 2.323336597208572982e+02
3.433565929517693576e+02 2.329219929920928962e+02
3.443036323608035900e+02 2.335193406671353387e+02
3.452461058712551676e+02 2.341259667595549558e+02
3.461838373021161033e+02 2.347421351409668944e+02
3.471166547234479367e+02 2.353681012685467806e+02
3.480443927647646660e+02 2.360041076158852320e+02
3.489668866163768257e+02 2.366503955465492766e+02
3.498839714685950071e+02 2.373072064241060275e+02
3.507954825117296878e+02 2.379747816121224275e+02
3.517012636705121054e+02 2.386533492743583338e+02
3.526012371871255482e+02 2.393430192180959182e+02
3.534953666231339753e+02 2.400438388071111433e+02
3.543836159123951006e+02 2.407558548425539300e+02
3.552659489887668087e+02 2.414791141255745117e+02
3.561423299466959520e+02 2.422136631993946310e+02
3.570127982441887298e+02 2.429594275629490880e+02
3.578775886391258041e+02 2.437160190365933659e+02
3.587369671106119995e+02 2.444829992950847668e+02
3.595911996377519131e+02 2.452599300131802238e+02
3.604405521996500283e+02 2.460463728656368971e+02
3.612852914107870674e+02 2.468418854272042893e+02
3.621256954018822398e+02 2.476459509596801922e+02
3.629620523238430110e+02 2.484579880657495323e+02
3.637946506619254023e+02 2.492774131905854347e+02
3.646237789013854353e+02 2.501036427793610528e+02
3.654497255274789040e+02 2.509360932772493129e+02
3.662727446270659470e+02 2.517742046221206351e+02
3.670929348488297137e+02 2.526175229097596571e+02
3.679103509569583252e+02 2.534656242072661030e+02
3.687250477130307331e+02 2.543180845835209993e+02
3.695370798786262867e+02 2.551744801074056284e+02
3.703465007054183502e+02 2.560343885473775458e+02
3.711532907422031258e+02 2.568974695075168597e+02
3.719573270839075008e+02 2.577634990413794185e+02
3.727584789244513672e+02 2.586322620960306722e+02
3.735566154577553561e+02 2.595035436185364688e+02
3.743516058777397006e+02 2.603771285559621447e+02
3.751432945246429540e+02 2.612528220042718772e+02
3.759313243129653870e+02 2.621305923554244828e+02
3.767152404356519355e+02 2.630104872243167620e+02
3.774945874407397923e+02 2.638925547486725804e+02
3.782689098762660365e+02 2.647768430662156334e+02
3.790377521378974279e+02 2.656634004637796806e+02
3.798006148534845465e+02 2.665523180594313999e+02
3.805568946580502256e+02 2.674437887387331330e+02
3.813059730774010632e+02 2.683380201731432635e+02
3.820472316373432591e+02 2.692352200341200046e+02
3.827800518636832976e+02 2.701355959931218536e+02
3.835038250234970860e+02 2.710393536301850759e+02
3.842180979484357408e+02 2.719466651260873959e+02
3.849225424464146386e+02 2.728576758295693594e+02
3.856168338568838294e+02 2.737725303311610219e+02
3.863006475192937046e+02 2.746913732213924959e+02
3.869736587730947690e+02 2.756143490907938371e+02
3.876355826089546213e+02 2.765415918459431168e+02
3.882862975276294151e+02 2.774731913359082114e+02
3.889257241713910389e+02 2.784092260547982391e+02
3.895537831825548096e+02 2.793497744967107224e+02
3.901703952034354188e+02 2.802949151557434107e+02
3.907754822329729336e+02 2.812447261247367578e+02
3.913690202966550942e+02 2.821992695167763259e+02
3.919510563565698931e+02 2.831585864636055589e+02
3.925216421922518748e+02 2.841227166720823902e+02
3.930808295832359818e+02 2.850916998490653214e+02
3.936286703090569290e+02 2.860655757014124561e+02
3.941652276761509484e+02 2.870443788977717077e+02
3.946906496287359687e+02 2.880281071130712007e+02
3.952051218305324483e+02 2.890167415356930292e+02
3.957088301186153103e+02 2.900102632782491128e+02
3.962019603300594213e+02 2.910086534533511440e+02
3.966846982425267925e+02 2.920118931507982438e+02
3.971572182498820212e+02 2.930199590893498680e+02
3.976196699179910752e+02 2.940328184545525119e+02
3.980721995400426181e+02 2.950504371753419832e+02
3.985149534092251429e+02 2.960727811806540899e+02
3.989480778187275405e+02 2.970998163994244692e+02
3.993717137655444276e+02 2.981315078131539167e+02
3.997859272947656564e+02 2.991678069952073429e+02
4.001907288739647583e+02 3.002086555766965716e+02
4.005861276583687527e+02 3.012539949539674353e+02
4.009721328032044312e+02 3.023037665233662779e+02
4.013487534633002269e+02 3.033579116811910126e+02
4.017159482191391362e+02 3.044163657328326735e+02
4.020734853031103739e+02 3.054790410591622276e+02
4.024210881734156828e+02 3.065458446486841240e+02
4.027584802882570330e+02 3.076166834899028117e+02
4.030853851058355986e+02 3.086914645713222853e+02
4.034015213778176872e+02 3.097700938172391716e+02
4.037064504915288694e+02 3.108524415698594225e+02
4.039995431012869176e+02 3.119383350442157052e+02
4.042801584036735107e+02 3.130275988646003498e+02
4.045476555952703279e+02 3.141200576553054020e+02
4.048013938726590482e+02 3.152155360406229079e+02
4.050407216688041103e+02 3.163138375831994153e+02
4.052649156694423027e+02 3.174146254547075614e+02
4.054732232210849929e+02 3.185175054174596312e+02
4.056648915825492736e+02 3.196220830621734876e+02
4.058391680126524648e+02 3.207279639795669368e+02
4.059952999985857218e+02 3.218347532683799841e+02
4.061325660677818519e+02 3.229419891582680293e+02
4.062503069578039572e+02 3.240490758614295714e+02
4.063478708300092990e+02 3.251554015972001821e+02
4.064246058457550816e+02 3.262603545849150350e+02
4.064798601663987370e+02 3.273633230439096451e+02
4.065129964923210082e+02 3.284636992582832136e+02
4.065235607799463651e+02 3.295609267461499599e+02
4.065112243482900567e+02 3.306544840740114068e+02
4.064756609509146301e+02 3.317438504890104696e+02
4.064165443413824619e+02 3.328285052382899494e+02
4.063335482891980064e+02 3.339079275776730924e+02
4.062264879011560197e+02 3.349816737200424654e+02
4.060956639763573435e+02 3.360495643339775143e+02
4.059414815615932071e+02 3.371114768501173558e+02
4.057643457036550672e+02 3.381672886991010500e+02
4.055646614493341531e+02 3.392168773115679414e+02
4.053428431178767823e+02 3.402601236077321687e+02
4.050995686244904164e+02 3.412970077089271399e+02
4.048358109022510689e+02 3.423276207628562702e+02
4.045525584660676373e+02 3.433520597812555479e+02
4.042507998308489618e+02 3.443704217758605637e+02
4.039315235115037694e+02 3.453828037584073058e+02
4.035956998362372019e+02 3.463893095488725180e+02
4.032441888993143948e+02 3.473900842336045685e+02
4.028778094808951096e+02 3.483852883649967680e+02
4.024973802882785208e+02 3.493750825227190262e+02
4.021037200287631208e+02 3.503596272864408547e+02
4.016976468838174696e+02 3.513390837682769643e+02
4.012799259510857155e+02 3.523136668319495470e+02
4.008512244645910414e+02 3.532836904359041341e+02
4.004121991119291124e+02 3.542494792176857459e+02
3.999635065806957073e+02 3.552113578148396300e+02
3.995058035584863774e+02 3.561696508649106931e+02
3.990397629061930616e+02 3.571246891809335580e+02
3.985662398418554631e+02 3.580768732058201635e+02
3.980862046014715361e+02 3.590266473000721135e+02
3.976006292231581938e+02 3.599744565122982749e+02
3.971104857450329746e+02 3.609207458911080266e+02
3.966167461793405664e+02 3.618659604841533337e+02
3.961203216032631644e+02 3.628105430864525260e+02
3.956219317645813476e+02 3.637549294199973815e+02
3.951222589568240551e+02 3.646995538221792685e+02
3.946219854735204535e+02 3.656448506303892145e+02
3.941217936081993116e+02 3.665912541820181332e+02
3.936223540131279606e+02 3.675391945967873539e+02
3.931240529351729265e+02 3.684889989533480161e+02
3.926269826424463645e+02 3.694408878208220699e+02
3.921312218464695434e+02 3.703950768567307250e+02
3.916368492587640162e+02 3.713517817185953618e+02
3.911439435908513360e+02 3.723112180639378721e+02
3.906525766460962359e+02 3.732735748251657242e+02
3.901627821021752425e+02 3.742388934404448264e+02
3.896745805558532538e+02 3.752071647427118251e+02
3.891879925921600716e+02 3.761783795195048015e+02
3.887030387961256110e+02 3.771525285583625760e+02
3.882197397387968181e+02 3.781296021939609773e+02
3.877381149049168698e+02 3.791095555785336728e+02
3.872581819353433161e+02 3.800922841458967696e+02
3.867799582920086436e+02 3.810776775349476111e+02
3.863034614368449411e+02 3.820656253845828587e+02
3.858287088317844109e+02 3.830560173336996286e+02
3.853557114891548281e+02 3.840487398923164051e+02
3.848844151221902621e+02 3.850436478920847208e+02
3.844147274976670587e+02 3.860405777557967895e+02
3.839465559137929631e+02 3.870393656789296983e+02
3.834798076687760613e+02 3.880398478569605345e+02
3.830143900454218624e+02 3.890418604864314034e+02
3.825501951949170802e+02 3.900452408103401467e+02
3.820870718137100539e+02 3.910498290768785523e+02
3.816248608459262073e+02 3.920554660703647301e+02
3.811634032356905095e+02 3.930619925751167898e+02
3.807025399271286119e+02 3.940692493754531824e+02
3.802421211048269925e+02 3.950770819921004318e+02
3.797821927506469706e+02 3.960854363061323511e+02
3.793229877753249752e+02 3.970943540132697080e+02
3.788647465551849791e+02 3.981038806358898796e+02
3.784077094665501590e+02 3.991140616963701859e+02
3.779521168857445446e+02 4.001249427170880608e+02
3.774982854979697322e+02 4.011366048345190620e+02
3.770469158470208981e+02 4.021493083356917282e+02
3.765988289116930900e+02 4.031633697158250698e+02
3.761548457135022545e+02 4.041791054900759264e+02
3.757157872739639970e+02 4.051968321736012513e+02
3.752824757751440643e+02 4.062168668742816067e+02
3.748558047593815559e+02 4.072395631455782450e+02
3.744367793822149224e+02 4.082653315447678892e+02
3.740264145187208555e+02 4.092945875931526416e+02
3.736257250439762743e+02 4.103277468120346612e+02
3.732357258330580976e+02 4.113652247227164480e+02
3.728573814032126279e+02 4.124074166214663251e+02
3.724911969466883761e+02 4.134545333275093526e+02
3.721374319338513601e+02 4.145066869716767997e+02
3.717963435124745502e+02 4.155639887519855051e+02
3.714681888303311439e+02 4.166265498664521374e+02
3.711532246167857920e+02 4.176944813418311924e+02
3.708514921677243024e+02 4.187678060240111790e+02
3.705624662985558189e+02 4.198463148880532572e+02
3.702855298249465363e+02 4.209297612518405458e+02
3.700200655625628769e+02 4.220178984332554819e+02
3.697654563270713197e+02 4.231104797501810140e+02
3.695210840971241169e+02 4.242072582034695074e+02
3.692863153472727618e+02 4.253079809215877276e+02
3.690605028818453093e+02 4.264123898552226137e+02
3.688429990367532696e+02 4.275202267776417102e+02
3.686331561479088919e+02 4.286312334621129594e+02
3.684303265512237999e+02 4.297451516819043036e+02
3.682338923109408597e+02 4.308617353891813195e+02
3.680433718946457020e+02 4.319807944168919676e+02
3.678583228678526780e+02 4.331021546153544932e+02
3.676783027993371320e+02 4.342256418362229056e+02
3.675028692578749201e+02 4.353510819311514979e+02
3.673315805728222472e+02 4.364783010387687909e+02
3.671640329360354258e+02 4.376071395835814997e+02
3.669998771464001948e+02 4.387374585938433711e+02
3.668387682537109526e+02 4.398691207017159286e+02
3.666803613077615864e+02 4.410019885393609229e+02
3.665243113583463810e+02 4.421359247389400480e+02
3.663702940895572056e+02 4.432707998360853026e+02
3.662181552269124722e+02 4.444065494967011887e+02
3.660678241583987074e+02 4.455431414315853544e+02
3.659192308553570001e+02 4.466805435749753883e+02
3.657723052891280417e+02 4.478187238611082535e+02
3.656269775741462809e+02 4.489576502691302835e+02
3.654832221290561165e+02 4.500973046827204485e+02
3.653411201649433906e+02 4.512377025015380241e+02
3.652007686598070677e+02 4.523788640735657509e+02
3.650622645916459987e+02 4.535208097467858579e+02
3.649257049384592051e+02 4.546635598691815403e+02
3.647911883297572899e+02 4.558071345941580716e+02
3.646588403201409392e+02 4.569515509028724978e+02
3.645288083850812200e+02 4.580968231938182385e+02
3.644012406374334319e+02 4.592429657903935549e+02
3.642762851900531018e+02 4.603899930159971632e+02
3.641540901557956431e+02 4.615379191940272108e+02
3.640348069840106291e+02 4.626867544912796006e+02
3.639186010939669131e+02 4.638364916708309806e+02
3.638056415606232008e+02 4.649871189415027288e+02
3.636960974589501916e+02 4.661386245121000229e+02
3.635901378639188692e+02 4.672909965914288932e+02
3.634879319666614492e+02 4.684442231629986964e+02
3.633896537277629477e+02 4.695982829599425941e+02
3.632954834543791094e+02 4.707531424061882035e+02
3.632056018933426458e+02 4.719087670729065849e+02
3.631201897914867232e+02 4.730651225312693668e+02
3.630394278956441667e+02 4.742221743524480644e+02
3.629634962454674678e+02 4.753798887756446447e+02
3.628925696026873311e+02 4.765382370257973434e+02
3.628268203431842949e+02 4.776971925816135354e+02
3.627664208311433640e+02 4.788567289328483412e+02
3.627115434307498845e+02 4.800168195692575068e+02
3.626623604205590254e+02 4.811774380881423667e+02
3.626190266105601268e+02 4.823385800263545207e+02
3.625816581671937797e+02 4.835002894548995300e+02
3.625503660791123366e+02 4.846626169477983126e+02
3.625252613349677517e+02 4.858256130790709335e+02
3.625064549234122637e+02 4.869893284227384243e+02
3.624940405304876663e+02 4.881538130054246949e+02
3.624878620857356282e+02 4.893191089522905486e+02
3.624875758265101240e+02 4.904852524505426459e+02
3.624928334188616077e+02 4.916522795427668484e+02
3.625032865288404764e+02 4.928202262715483926e+02
3.625185868225731838e+02 4.939891286793923086e+02
3.625384084660740882e+02 4.951589988933797031e+02
3.625625116068447369e+02 4.963297576497468526e+02
3.625906769277042940e+02 4.975013038574741131e+02
3.626226851114721512e+02 4.986735364255420109e+02
3.626583168409671316e+02 4.998463542629302765e+02
3.626973575224457136e+02 5.010196546239012605e+02
3.627397550102302262e+02 5.021932778537906188e+02
3.627856566912672633e+02 5.033669943975178285e+02
3.628352221912914501e+02 5.045405704125006991e+02
3.628886111360375821e+02 5.057137720561574952e+02
3.629459831512403412e+02 5.068863654859057419e+02
3.630075011604167230e+02 5.080581211087965698e+02
3.630733504236199565e+02 5.092288381154870081e+02
3.631437254675011559e+02 5.103983276378829714e+02
3.632188208486403482e+02 5.115664008464565882e+02
3.632988311236177879e+02 5.127328689116814076e+02
3.633839504187108673e+02 5.138975432975144031e+02
3.634743111477692992e+02 5.150602775583513449e+02
3.635699202960072967e+02 5.162210107961249150e+02
3.636707696280438995e+02 5.173796924938466191e+02
3.637768509084976927e+02 5.185362721345273940e+02
3.638881559019873180e+02 5.196906992011784041e+02
3.640046736939679022e+02 5.208429258766983594e+02
3.641263589534435141e+02 5.219929390266432847e+02
3.642531424863210532e+02 5.231407495642471304e+02
3.643849546191459012e+02 5.242863688858114983e+02
3.645217256784640085e+02 5.254298083876392411e+02
3.646633859910469937e+02 5.265710794662415992e+02
3.648098685953309541e+02 5.277101960319341742e+02
3.649611159901015185e+02 5.288471807650929577e+02
3.651170727359730108e+02 5.299820582574774335e+02
3.652776833935600962e+02 5.311148531008482223e+02
3.654428925234775534e+02 5.322455898869659450e+02
3.656126469236104981e+02 5.333742923858650329e+02
3.657869586842441549e+02 5.345009603863935581e+02
3.659659139471156095e+02 5.356255664791071922e+02
3.661496028517510126e+02 5.367480817862175400e+02
3.663381155376756624e+02 5.378684774299360924e+02
3.665315421444155959e+02 5.389867245324745682e+02
3.667299775127697785e+02 5.401027922841727786e+02
3.669335454312209208e+02 5.412166379800371487e+02
3.671423806971047270e+02 5.423282143912587117e+02
3.673566181291382691e+02 5.434374742802427818e+02
3.675763925460381074e+02 5.445443704093936503e+02
3.678018385190164850e+02 5.456488556358774531e+02
3.680330644341697166e+02 5.467508928421557357e+02
3.682701297300693568e+02 5.478504636508594103e+02
3.685130884789530228e+02 5.489475517391862240e+02
3.687619947530585023e+02 5.500421407843346060e+02
3.690169026246235262e+02 5.511342144635023033e+02
3.692778621209052972e+02 5.522237579873294635e+02
3.695448768190947249e+02 5.533107741755632105e+02
3.698179205983776114e+02 5.543952771063916316e+02
3.700969668549530525e+02 5.554772810411018327e+02
3.703819889850205413e+02 5.565568002409809196e+02
3.706729603949651164e+02 5.576338489629386004e+02
3.709698832066993077e+02 5.587084291235393039e+02
3.712728510662092276e+02 5.597805033073640288e+02
3.715819758139401188e+02 5.608500262800212113e+02
3.718973692903373944e+02 5.619169528071201967e+02
3.722191433358460131e+02 5.629812376542693073e+02
3.725474114424160348e+02 5.640428348792268025e+02
3.728823284535943117e+02 5.651016808160601386e+02
3.732240925263536155e+02 5.661576932342871942e+02
3.735729038618014783e+02 5.672107890272916393e+02
3.739289626610453183e+02 5.682608850884552112e+02
3.742924691251927243e+02 5.693078983111608977e+02
3.746636033762251259e+02 5.703517538606286053e+02
3.750424329849387277e+02 5.713924232688941629e+02
3.754289863300471666e+02 5.724298942136429105e+02
3.758232917503710837e+02 5.734641543889948707e+02
3.762253775847309498e+02 5.744951914890698390e+02
3.766352714851527139e+02 5.755229934943081389e+02
3.770529454843619988e+02 5.765475715724842303e+02
3.774782759041785312e+02 5.775689767926417062e+02
3.779111296130374740e+02 5.785872641648822992e+02
3.783513734793730237e+02 5.796024886993058090e+02
3.787988743716205136e+02 5.806147054060136270e+02
3.792534923393727695e+02 5.816239721903230020e+02
3.797150171619710477e+02 5.826303767936493614e+02
3.801831972198177709e+02 5.836340245350133955e+02
3.806577803604358792e+02 5.846350209596917011e+02
3.811385144313476872e+02 5.856334716129607614e+02
3.816251472699372584e+02 5.866294820446977383e+02
3.821174154121596303e+02 5.876231629324801133e+02
3.826150224547704966e+02 5.886146398991070328e+02
3.831176660261309621e+02 5.896040412753663986e+02
3.836250437546024727e+02 5.905914953920466814e+02
3.841368532685459627e+02 5.915771305799354423e+02
3.846527957478662074e+02 5.925610737542259585e+02
3.851726493887589982e+02 5.935434211325100478e+02
3.856962668956920197e+02 5.945242392344383688e+02
3.862235040229008405e+02 5.955035933640680241e+02
3.867542165246206878e+02 5.964815488254557749e+02
3.872882601550869595e+02 5.974581709226588373e+02
3.878255135732770214e+02 5.984335157482743170e+02
3.883659724435914313e+02 5.994075923395498648e+02
3.889096696946086240e+02 6.003803947474266351e+02
3.894566382707290586e+02 6.013519170164836396e+02
3.900069111163531375e+02 6.023221531912996625e+02
3.905605221331874759e+02 6.032910969190836568e+02
3.911175663218042473e+02 6.042587164854503499e+02
3.916782355529943516e+02 6.052249399660480549e+02
3.922427302889900602e+02 6.061896918702942685e+02
3.928112509920235880e+02 6.071528967076068284e+02
3.933839981243274906e+02 6.081144789874035723e+02
3.939611829569215047e+02 6.090743583737302060e+02
3.945431170589660042e+02 6.100324095689055639e+02
3.951301664039941102e+02 6.109884828868146087e+02
3.957226975044494566e+02 6.119424283997582279e+02
3.963210768727764162e+02 6.128940961800381046e+02
3.969256709663896459e+02 6.138433363162455407e+02
3.975368150399668252e+02 6.147900081339017788e+02
3.981547610933078545e+02 6.157339956044236260e+02
3.987797473905911261e+02 6.166751867653777026e+02
3.994120121959942367e+02 6.176134696543291511e+02
4.000517937736954082e+02 6.185487323088445919e+02
4.006993227424756014e+02 6.194808651973994529e+02
4.013546849673634824e+02 6.204098048139821913e+02
4.020178369771385860e+02 6.213355287759845851e+02
4.026887307509489347e+02 6.222580161473877070e+02
4.033673182679427214e+02 6.231772459921728569e+02
4.040535515072675707e+02 6.240931973743203116e+02
4.047473680070658020e+02 6.250058496189474226e+02
4.054486380245120927e+02 6.259151832678068104e+02
4.061572122379045595e+02 6.268211792166957821e+02
4.068729413233332366e+02 6.277238183614509808e+02
4.075956759568878169e+02 6.286230815979085946e+02
4.083252668721042937e+02 6.295189494491246478e+02
4.090615677605966880e+02 6.304113832424685597e+02
4.098044366381216719e+02 6.313003162449014098e+02
4.105537318635013548e+02 6.321856794971500904e+02
4.113093117955575622e+02 6.330674040399408113e+02
4.120710347931124033e+02 6.339454209140003513e+02
4.128387593781520764e+02 6.348196588211044400e+02
4.136123454399494221e+02 6.356900268630188293e+02
4.143916535499962492e+02 6.365564243619276112e+02
4.151765442848033558e+02 6.374187505680629329e+02
4.159668782208821085e+02 6.382769047316576234e+02
4.167625160120815622e+02 6.391307860920865096e+02
4.175633441869151170e+02 6.399802902562935287e+02
4.183693125487561701e+02 6.408253039483408884e+02
4.191803803935590054e+02 6.416657125596680089e+02
4.199965070172780770e+02 6.425014014817149928e+02
4.208176517158680667e+02 6.433322561059219424e+02
4.216437706208921554e+02 6.441581668047516587e+02
4.224747671873811328e+02 6.449791068680495982e+02
4.233105014095725664e+02 6.457951179966809150e+02
4.241508319818555037e+02 6.466062439375817803e+02
4.249956175986193898e+02 6.474125284376901845e+02
4.258447169542532151e+02 6.482140152439426402e+02
4.266979795027918954e+02 6.490107589118820215e+02
4.275552154148361410e+02 6.498028599475741203e+02
4.284162244236145511e+02 6.505904310658637542e+02
4.292808062622730176e+02 6.513735849816923746e+02
4.301487606639578303e+02 6.521524344100006374e+02
4.310198874594172480e+02 6.529270924486052081e+02
4.318939906128304074e+02 6.536976884100131429e+02
4.327708796627263723e+02 6.544643734738813237e+02
4.336503645415237997e+02 6.552273003650254850e+02
4.345322551816426540e+02 6.559866218082630667e+02
4.354163615155011939e+02 6.567424905284096894e+02
4.363024964948089064e+02 6.574950609532718317e+02
4.371904959769575498e+02 6.582445004302944653e+02
4.380802063217439581e+02 6.589909822306624392e+02
4.389714739437766866e+02 6.597346796564755778e+02
4.398641452576653705e+02 6.604757660098352972e+02
4.407580667917762867e+02 6.612144144436549595e+02
4.416531098265393211e+02 6.619507656500004487e+02
4.425492011828755494e+02 6.626848874829064471e+02
4.434462752458185264e+02 6.634168378765252783e+02
4.443442664004030576e+02 6.641466747650107436e+02
4.452431090316630389e+02 6.648744560825153940e+02
4.461427407874098208e+02 6.656002343098560914e+02
4.470431473596437399e+02 6.663239816278172611e+02
4.479443510316539232e+02 6.670456090592829241e+02
4.488463750055492483e+02 6.677650260914418823e+02
4.497492424834388771e+02 6.684821422114821416e+02
4.506529766674452731e+02 6.691968669065670383e+02
4.515576138388063328e+02 6.699090843294231945e+02
4.524632410260426809e+02 6.706185803345645127e+02
4.533699575638966053e+02 6.713251169391742224e+02
4.542778627871110757e+02 6.720284561604368037e+02
4.551870560304283231e+02 6.727283600155353724e+02
4.560976373363872653e+02 6.734245889860090983e+02
4.570097317954641767e+02 6.741168492089852862e+02
4.579234956766315463e+02 6.748047791762255656e+02
4.588390872012221280e+02 6.754880131436184456e+02
4.597566645905686755e+02 6.761661853670525488e+02
4.606763860660039995e+02 6.768389301024161568e+02
4.615984043857771439e+02 6.775058949329503548e+02
4.625228347071470125e+02 6.781668191706104381e+02
4.634497763621154149e+02 6.788214807335302794e+02
4.643793286275910646e+02 6.794696576742438765e+02
4.653115907804826179e+02 6.801111280452856818e+02
4.662466618894424641e+02 6.807456703939371891e+02
4.671846094664127804e+02 6.813731382355366577e+02
4.681254359779801462e+02 6.819935396111682167e+02
4.690691358648605842e+02 6.826069016286616034e+02
4.700157035677713111e+02 6.832132513958486015e+02
4.709651335274288613e+02 6.838126160205594033e+02
4.719174154749984496e+02 6.844050337491472646e+02
4.728724774759106140e+02 6.849906886730850601e+02
4.738302042596019419e+02 6.855698673774486451e+02
4.747904796554996096e+02 6.861428585759185808e+02
4.757531874930307367e+02 6.867099509821753145e+02
4.767182116007899140e+02 6.872714333118592549e+02
4.776854218021818497e+02 6.878276272512711103e+02
4.786546383144537344e+02 6.883789712682585105e+02
4.796256703770327476e+02 6.889259296743708774e+02
4.805983272293467508e+02 6.894689667811582012e+02
4.815724181108230368e+02 6.900085469001701313e+02
4.825477510055524135e+02 6.905451373301345939e+02
4.835240962760631760e+02 6.910792948934107471e+02
4.845011810462859785e+02 6.916116793021918738e+02
4.854787300545838207e+02 6.921429559453259799e+02
4.864564680393195886e+02 6.926737902116623218e+02
4.874341197388564524e+02 6.932048474900495876e+02
4.884114147828184969e+02 6.937367811999083642e+02
4.893881133974116437e+02 6.942701698876212504e+02
4.903639876156447031e+02 6.948055632070861520e+02
4.913388094956857230e+02 6.953435107506352324e+02
4.923123510957025246e+02 6.958845621106007684e+02
4.932843847740265346e+02 6.964292661531469548e+02
4.942547162028877779e+02 6.969780911500336060e+02
4.952232141982447047e+02 6.975313526130260016e+02
4.961897546182135557e+02 6.980893490171995381e+02
4.971542133209101166e+02 6.986523788376298398e+02
4.981164661644510261e+02 6.992207405493929855e+02
4.990763948393505416e+02 6.997947185518901279e+02
5.000339492557848757e+02 7.003744326059437526e+02
5.009891235359294797e+02 7.009598957729205040e+02
5.019419125478335673e+02 7.015511193141264812e+02
5.028923111595458408e+02 7.021481144908674423e+02
5.038403142461207267e+02 7.027508925475701744e+02
5.047859406359558534e+02 7.033594070095339248e+02
5.057292866572211096e+02 7.039734246548929377e+02
5.066704642832368108e+02 7.045926745624715295e+02
5.076095854873246935e+02 7.052168858110954943e+02
5.085467622428058121e+02 7.058457874795892621e+02
5.094821069335364427e+02 7.064791076733166619e+02
5.104157424811864985e+02 7.071165495103516605e+02
5.113478029923699637e+02 7.077577895870039129e+02
5.122784231138057294e+02 7.084025032188831119e+02
5.132077374922129138e+02 7.090503657215999738e+02
5.141358807743104080e+02 7.097010524107648735e+02
5.150629827756421264e+02 7.103542504389273518e+02
5.159891458061690628e+02 7.110097143504970063e+02
5.169144624554656957e+02 7.116672225059573975e+02
5.178390253019483680e+02 7.123265532931304733e+02
5.187629269240330814e+02 7.129874850998381817e+02
5.196862595624652386e+02 7.136497971374377585e+02
5.206090869293811920e+02 7.143133381948586020e+02
5.215314229654833298e+02 7.149780784470922299e+02
5.224532766082113540e+02 7.156440002714371076e+02
5.233746567950053077e+02 7.163110860451917006e+02
5.242955724633052341e+02 7.169793181456548155e+02
5.252160285257508576e+02 7.176486887912142265e+02
5.261359876735800754e+02 7.183192934363484028e+02
5.270553873809889183e+02 7.189912891940441568e+02
5.279741647840805854e+02 7.196648340039641880e+02
5.288922570189587304e+02 7.203400858057714231e+02
5.298096012142106019e+02 7.210172025574985355e+02
5.307261249288702629e+02 7.216963656076147799e+02
5.316417274137506865e+02 7.223778254971224442e+02
5.325563027101829903e+02 7.230618455003283316e+02
5.334697448594981779e+02 7.237486888915382224e+02
5.343819479030283901e+02 7.244386189450593747e+02
5.352928061247116602e+02 7.251318983097187356e+02
5.362022191938917786e+02 7.258287757499141435e+02
5.371100920594011541e+02 7.265294864186869290e+02
5.380163298914926600e+02 7.272342648982205446e+02
5.389208378604190557e+02 7.279433457706976469e+02
5.398235211364332145e+02 7.286569636183018019e+02
5.407242999439149571e+02 7.293753157014887165e+02
5.416231726034500298e+02 7.300984056670015434e+02
5.425201626824997447e+02 7.308261745703075576e+02
5.434152937612070673e+02 7.315585634354331432e+02
5.443085894197153038e+02 7.322955132864053667e+02
5.452000732273805852e+02 7.330369650781880182e+02
5.460897680385098738e+02 7.337828551875691119e+02
5.469776955581959328e+02 7.345331126333899192e+02
5.478638773877377162e+02 7.352876657699371208e+02
5.487483351284334958e+02 7.360464429514952371e+02
5.496310903815822257e+02 7.368093725323504941e+02
5.505121617946199422e+02 7.375763880634258385e+02
5.513915401278386526e+02 7.383474721566325343e+02
5.522692008041562985e+02 7.391226344064480145e+02
5.531451190874297481e+02 7.399018846871799724e+02
5.540192702415159829e+02 7.406852328731368971e+02
5.548916295268475096e+02 7.414726888307991430e+02
5.557621700572124155e+02 7.422642575193275434e+02
5.566308591342506134e+02 7.430599306110740372e+02
5.574976630855197754e+02 7.438596975515959002e+02
5.583625482385764371e+02 7.446635477864501809e+02
5.592254809209783843e+02 7.454714707611946096e+02
5.600864284431686428e+02 7.462834524594156846e+02
5.609453771409695264e+02 7.470994118526011789e+02
5.618023305761423671e+02 7.479192072382066954e+02
5.626572929323332346e+02 7.487426947232549992e+02
5.635102683931887668e+02 7.495697304147687419e+02
5.643612611423552607e+02 7.504001704197709159e+02
5.652102771582440255e+02 7.512338640751788716e+02
5.660573309100670940e+02 7.520706286894270534e+02
5.669024393754659741e+02 7.529102721088058843e+02
5.677456195324518831e+02 7.537526021782042562e+02
5.685868883590376299e+02 7.545974267425120843e+02
5.694262630138770191e+02 7.554445535838943897e+02
5.702637702824738426e+02 7.562937871417744873e+02
5.710994512140534880e+02 7.571449269027656328e+02
5.719333480110312848e+02 7.579977719530584181e+02
5.727655028758236995e+02 7.588521213788442310e+02
5.735959580108451519e+02 7.597077742663125264e+02
5.744247622150271582e+02 7.605645273512035374e+02
5.752520205019986861e+02 7.614221573389988862e+02
5.760778663293247064e+02 7.622804308001216214e+02
5.769024333751056020e+02 7.631391142264128575e+02
5.777258553174417557e+02 7.639979741097142778e+02
5.785482659585013607e+02 7.648567768888626688e+02
5.793698440731060373e+02 7.657152697891091293e+02
5.801908800144290126e+02 7.665731523662884683e+02
5.810116811439086177e+02 7.674301169098232549e+02
5.818325548229851165e+02 7.682858557091379907e+02
5.826538084130977495e+02 7.691400610536556997e+02
5.834757491365087390e+02 7.699924255549382224e+02
5.842986818494500767e+02 7.708426473009268420e+02
5.851229094299237659e+02 7.716904289583463878e+02
5.859487346950946858e+02 7.725354733347363663e+02
5.867764604621271474e+02 7.733774832376352606e+02
5.876063895481856889e+02 7.742161614745818952e+02
5.884387932078561789e+02 7.750512339904619239e+02
5.892738064531150712e+02 7.758825266045211038e+02
5.901115275426212747e+02 7.767098920784893608e+02
5.909520547344757233e+02 7.775331831745048703e+02
5.917954862867795782e+02 7.783522526547062625e+02
5.926419192180562732e+02 7.791669545298968842e+02
5.934913963766916822e+02 7.799771973781872703e+02
5.943438865717962472e+02 7.807829643598083749e+02
5.951993532770526372e+02 7.815842440095369739e+02
5.960577599661439763e+02 7.823810248621509800e+02
5.969190701127523653e+02 7.831732954524268280e+02
5.977832461903960848e+02 7.839610423415419973e+02
5.986502429592719636e+02 7.847442368701699706e+02
5.995200115925155160e+02 7.855228433007255262e+02
6.003925032433633078e+02 7.862968258563576001e+02
6.012676690650520186e+02 7.870661487602151283e+02
6.021454601237211364e+02 7.878307764671328641e+02
6.030258072342564901e+02 7.885907273014975090e+02
6.039085951177737570e+02 7.893461421999138565e+02
6.047937021149933798e+02 7.900971790712177381e+02
6.056810065666363698e+02 7.908439958242462353e+02
6.065703868134237382e+02 7.915867503678354069e+02
6.074617182170561591e+02 7.923256093706030470e+02
6.083548313845499251e+02 7.930608711018944632e+02
6.092495223785291500e+02 7.937929354085177920e+02
6.101455863676769695e+02 7.945222047659048030e+02
6.110428185206760645e+02 7.952490816494866976e+02
6.119410140062112760e+02 7.959739685346935403e+02
6.128399762639403434e+02 7.966972550878699622e+02
6.137395413174324403e+02 7.974192805133305910e+02
6.146395532131227810e+02 7.981403715905449872e+02
6.155398559974457839e+02 7.988608550989822561e+02
6.164402937168363223e+02 7.995810578181116171e+02
6.173407118019119935e+02 8.003013035338691452e+02
6.182410061059200643e+02 8.010218069845657283e+02
6.191411360879060339e+02 8.017426453500198704e+02
6.200410652723985550e+02 8.024638870177379886e+02
6.209407571839271895e+02 8.031856003752262723e+02
6.218401753470211588e+02 8.039078538099925026e+02
6.227392920040548461e+02 8.046306962355598671e+02
6.236381403734799278e+02 8.053540403566631767e+02
6.245367797079396723e+02 8.060777407226770492e+02
6.254352693575410740e+02 8.068016516652622840e+02
6.263336686723906723e+02 8.075256275160795667e+02
6.272320371530648799e+02 8.082495222594532152e+02
6.281304584235821267e+02 8.089731341943552252e+02
6.290290665365752147e+02 8.096961452128605288e+02
6.299280018711992852e+02 8.104182226032122571e+02
6.308274048066100477e+02 8.111390336536541099e+02
6.317274157219628705e+02 8.118582456524297868e+02
6.326281769802751569e+02 8.125755212689794007e+02
6.335298574251991113e+02 8.132904615208371979e+02
6.344326447616434734e+02 8.140026235129779479e+02
6.353367270992938529e+02 8.147115634079818847e+02
6.362422925478357456e+02 8.154168373684295830e+02
6.371495292172198788e+02 8.161180015562829340e+02
6.380586317993205512e+02 8.168145968530451455e+02
6.389698186551515846e+02 8.175061091904156001e+02
6.398833134642770801e+02 8.181920121526540015e+02
6.407993399062613662e+02 8.188717793240201672e+02
6.417181216606691123e+02 8.195448842887740284e+02
6.426398830589699855e+02 8.202107991194756096e+02
6.435648685018553579e+02 8.208689493503871972e+02
6.444933457639463086e+02 8.215187063142107036e+02
6.454255839375314281e+02 8.221594382881240790e+02
6.463618521148991931e+02 8.227905135493058424e+02
6.473024193883384214e+02 8.234113003749339441e+02
6.482475539845765979e+02 8.240211696089547786e+02
6.491975186296075435e+02 8.246195084074142869e+02
6.501525738956643181e+02 8.252057103132018483e+02
6.511129803499636637e+02 8.257791688840885627e+02
6.520789985597211853e+02 8.263392776778443931e+02
6.530508887338744444e+02 8.268854311202662757e+02
6.540288693226535770e+02 8.274171248089496657e+02
6.550130785176406789e+02 8.279340487898323317e+02
6.560036454057807305e+02 8.284359151673080532e+02
6.570006990740191668e+02 8.289224360457702687e+02
6.580043686093006272e+02 8.293933235296123030e+02
6.590147781595254628e+02 8.298483011150947277e+02
6.600319930226883116e+02 8.302872280353178667e+02
6.610560398371421797e+02 8.307100526915380669e+02
6.620869445650989746e+02 8.311167250445248555e+02
6.631247331687712858e+02 8.315071950550481006e+02
6.641694316082916885e+02 8.318814126871325243e+02
6.652210570881419471e+02 8.322393416110808175e+02
6.662795980554026301e+02 8.325809905146309120e+02
6.673450370619837031e+02 8.329063773139421301e+02
6.684173566597946774e+02 8.332155199251737940e+02
6.694965394007460873e+02 8.335084362644857947e+02
6.705825668808814726e+02 8.337851451935055138e+02
6.716753955367729532e+02 8.340456904596330787e+02
6.727749547442946323e+02 8.342901425765846852e+02
6.738811725425763370e+02 8.345185733802798040e+02
6.749939769707475534e+02 8.347310547066373374e+02
6.761132960679376538e+02 8.349276583915766423e+02
6.772390391411197470e+02 8.351084871866643198e+02
6.783710071713890102e+02 8.352738226250426123e+02
6.795089622894204240e+02 8.354240103587867452e+02
6.806526665758744912e+02 8.355593961225137036e+02
6.818018821114133061e+02 8.356803256508413824e+02
6.829563702762338835e+02 8.357871457412309155e+02
6.841158306597800447e+02 8.358802969491018757e+02
6.852798535573278969e+02 8.359603856669432389e+02
6.864480180832069891e+02 8.360280352526106071e+02
6.876199033517459611e+02 8.360838690639586730e+02
6.887950884772745894e+02 8.361285104588431523e+02
6.899731524189850234e+02 8.361625765451967709e+02
6.911536724792620134e+02 8.361866176839133686e+02
6.923362249573361851e+02 8.362011438222763218e+02
6.935203861384391075e+02 8.362066643436104414e+02
6.947057323078024638e+02 8.362036886312397428e+02
6.958918397688778441e+02 8.361927260378519122e+02
6.970783115216797796e+02 8.361742410245299197e+02
6.982648307212228929e+02 8.361485632677213289e+02
6.994510955034279505e+02 8.361159972527321997e+02
7.006368040042146959e+02 8.360768474648696156e+02
7.018216543595040093e+02 8.360314183894395228e+02
7.030053482714520214e+02 8.359800126251926713e+02
7.041876684962944637e+02 8.359228898928635090e+02
7.053684783094568047e+02 8.358602673181330829e+02
7.065476444456190848e+02 8.357923601967186187e+02
7.077250336394631631e+02 8.357193838243367736e+02
7.089005126256683980e+02 8.356415534967052281e+02
7.100739486603209798e+02 8.355590426741741794e+02
7.112452117464714547e+02 8.354718044119421165e+02
7.124141727885560158e+02 8.353797194417363698e+02
7.135807026915412052e+02 8.352826684527436782e+02
7.147446723603933378e+02 8.351805321341510080e+02
7.159059529021822073e+02 8.350731906151305566e+02
7.170644293487622463e+02 8.349604854401476359e+02
7.182200094185187709e+02 8.348421952907184505e+02
7.193726029162429541e+02 8.347180930670566568e+02
7.205221196467267646e+02 8.345879516693756841e+02
7.216684694147618302e+02 8.344515439978890754e+02
7.228115716719927377e+02 8.343086607345466064e+02
7.239514385388208666e+02 8.341592633746603269e+02
7.250881338100462017e+02 8.340034086633122570e+02
7.262217218410124815e+02 8.338411543788149629e+02
7.273522669870612845e+02 8.336725582994808974e+02
7.284798336199922915e+02 8.334976782345679567e+02
7.296044975690298315e+02 8.333165935380479823e+02
7.307263661435212043e+02 8.331294427595960315e+02
7.318455520120312485e+02 8.329363745264404315e+02
7.329621678431261671e+02 8.327375374658106466e+02
7.340763263053706851e+02 8.325330802049353451e+02
7.351881398642512977e+02 8.323231509567697231e+02
7.362977169656672913e+02 8.321078897344638108e+02
7.374051623675402425e+02 8.318874290278314447e+02
7.385105806911881245e+02 8.316619010480212637e+02
7.396140765579297067e+02 8.314314380061816792e+02
7.407157545890823940e+02 8.311961721134612162e+02
7.418157159518874550e+02 8.309562308986249946e+02
7.429140452205542715e+02 8.307117193967525282e+02
7.440108219927607252e+02 8.304627358966851034e+02
7.451061258652416655e+02 8.302093786859853708e+02
7.462000364347316008e+02 8.299517460522160945e+02
7.472926331101891719e+02 8.296899362924400521e+02
7.483839849381332670e+02 8.294240482279625439e+02
7.494741454026886913e+02 8.291541814674005764e+02
7.505631667059909660e+02 8.288804356842283596e+02
7.516511010501758392e+02 8.286029105519196492e+02
7.527380006373796277e+02 8.283217057439480868e+02
7.538239109530098858e+02 8.280369148376407793e+02
7.549088192689146126e+02 8.277485785753081018e+02
7.559926829874638088e+02 8.274567105895232544e+02
7.570754592672694798e+02 8.271613242916214404e+02
7.581571052669421533e+02 8.268624330929389998e+02
7.592375780508250500e+02 8.265600503421271696e+02
7.603167975554478062e+02 8.262541646994993698e+02
7.613945902586351622e+02 8.259447026795043030e+02
7.624707681635779863e+02 8.256315811716046937e+02
7.635451432734658965e+02 8.253147170652629256e+02
7.646175275914897611e+02 8.249940272499419507e+02
7.656877274660998864e+02 8.246694258425690123e+02
7.667554510566543513e+02 8.243407788176676831e+02
7.678203233284184535e+02 8.240079113594501905e+02
7.688819666167571540e+02 8.236706473626815068e+02
7.699400032570360963e+02 8.233288107221270593e+02
7.709940555846205825e+02 8.229822253325512520e+02
7.720437220519489756e+02 8.226307183230740065e+02
7.730884964346149673e+02 8.222741309987160321e+02
7.741278438380127227e+02 8.219123085471701415e+02
7.751612293667972153e+02 8.215450961562305565e+02
7.761881181256220543e+02 8.211723390136909302e+02
7.772079761025356675e+02 8.207938862613855235e+02
7.782203091397444723e+02 8.204097654270773319e+02
7.792246782872671247e+02 8.200202511469015008e+02
7.802206486518357451e+02 8.196256362147159962e+02
7.812077853401831362e+02 8.192262134243785567e+02
7.821856534590410774e+02 8.188222755697469211e+02
7.831538403492124871e+02 8.184141351939217657e+02
7.841121076711530122e+02 8.180022596780993354e+02
7.850602993063005215e+02 8.175871894356353096e+02
7.859982596201125489e+02 8.171694653098104482e+02
7.869258329780460599e+02 8.167496281439057384e+02
7.878428790751743236e+02 8.163282111041904727e+02
7.887530739832700419e+02 8.159038361302054909e+02
7.896689052216011078e+02 8.154707124225820962e+02
7.906040999222017263e+02 8.150224283886601597e+02
7.915723852171066710e+02 8.145525724357798936e+02
7.925874882383511704e+02 8.140547329712808278e+02
7.936648875910858578e+02 8.135215703441747337e+02
7.948469119247423578e+02 8.129315177897408375e+02
7.961968928871810931e+02 8.122518796213024643e+02
7.977787220332038487e+02 8.114496634726073125e+02
7.996562909176113862e+02 8.104918769774029670e+02
8.018934910952057180e+02 8.093455277694372398e+02
