2.500624597783300374e+01 2.495326857134372744e+01
2.489669112484568103e+01 2.702754518343649437e+01
2.481879002896981490e+01 2.863416082023587705e+01
2.476493358328956162e+01 2.992404936980523189e+01
2.472766077079820590e+01 3.104587365510513663e+01
2.470308556816420520e+01 3.209347140381507302e+01
2.469099339057004983e+01 3.310437619747119697e+01
2.469133703636013166e+01 3.411355467662072982e+01
2.470428499752843621e+01 3.514979128202254799e+01
2.473092302773236639e+01 3.621557994995570340e+01
2.477258066719096163e+01 3.730642721937623918e+01
2.483063081941649841e+01 3.841781397869578996e+01
2.490760314181895652e+01 3.954453832604254870e+01
2.500728023753683260e+01 4.068065879067802371e+01
2.513350734790725483e+01 4.182019692878465378e+01
2.528997572088271895e+01 4.295751621519168140e+01
2.547968031100830899e+01 4.408852613724261005e+01
2.570541936835444830e+01 4.520957293434004498e+01
2.596995693244408798e+01 4.631704208886495877e+01
2.627504431796040407e+01 4.740848040449972700e+01
2.662127582701465656e+01 4.848276146520612429e+01
2.700918254490267501e+01 4.953883134752387463e+01
2.743869816639058001e+01 5.057599928693055347e+01
2.790688389007655701e+01 5.159532073449580025e+01
2.840993860904566759e+01 5.259837534436700679e+01
2.894406086145525947e+01 5.358674583692007332e+01
2.950544293426865394e+01 5.456211290359991750e+01
3.009026958077918934e+01 5.552627530636623021e+01
3.069472510576403579e+01 5.648103883649305601e+01
3.131522466847023978e+01 5.742810923423781588e+01
3.194936419714052178e+01 5.836868050127867491e+01
3.259511613384104578e+01 5.930378346034019188e+01
3.325045863375667921e+01 6.023444553377007082e+01
3.391357559159310853e+01 6.116157071804469325e+01
3.458291248931451634e+01 6.208590607996970334e+01
3.525693173174808237e+01 6.300818853410053322e+01
3.593415346243654085e+01 6.392912265028840579e+01
3.661341207268139897e+01 6.484923695964417334e+01
3.729364834582671762e+01 6.576900039342257287e+01
3.797379573278029596e+01 6.668888457955173976e+01
3.865247733366215499e+01 6.760947596680048832e+01
3.932789987638866336e+01 6.853151504964468188e+01
3.999824089170525099e+01 6.945575312467127560e+01
4.066166625334685136e+01 7.038294536660274048e+01
4.131627429485128999e+01 7.131386941990491835e+01
4.196013908317024743e+01 7.224931100222059399e+01
4.259134440659262566e+01 7.319005182330866432e+01
4.320843801522065064e+01 7.413668243203959207e+01
4.381062460908331957e+01 7.508952270170671284e+01
4.439715870847879131e+01 7.604887197872668025e+01
4.496738119612383855e+01 7.701499434290694523e+01
4.552116592280948737e+01 7.798793623336018754e+01
4.605858985094090485e+01 7.896766114735888209e+01
4.657974151101647919e+01 7.995412781666004776e+01
4.708531829845460237e+01 8.094704407062329210e+01
4.757692773038325385e+01 8.194574269364940733e+01
4.805625181238523425e+01 8.294952577477265265e+01
4.852488936006748332e+01 8.395773001491107834e+01
4.898389202130694287e+01 8.496991976868345375e+01
4.943409038177698278e+01 8.598575136548345199e+01
4.987630605028171260e+01 8.700488485586562604e+01
5.031083363308479051e+01 8.802719868789847624e+01
5.073713589032340110e+01 8.905291603877796547e+01
5.115460224408893453e+01 9.008229047805244250e+01
5.156271138591806391e+01 9.111553857943816581e+01
5.196156824506016392e+01 9.215261738568690930e+01
5.235154583248847615e+01 9.319337283875472622e+01
5.273302078791548553e+01 9.423764937602943803e+01
5.310656217606293694e+01 9.528521163583445741e+01
5.347305989717843744e+01 9.633569120531178953e+01
5.383343426878314375e+01 9.738870705749489787e+01
5.418857421855779677e+01 9.844389115444188576e+01
5.453913361894744583e+01 9.950097272338508958e+01
5.488565977865422951e+01 1.005597250873241819e+02
5.522869846935269322e+01 1.016199222055689972e+02
5.556870765313017557e+01 1.026813743982726805e+02
5.590599058594324333e+01 1.037439560474473836e+02
5.624083477597461922e+01 1.048075480560598862e+02
5.657356891933925169e+01 1.058720142707455096e+02
5.690485124488377977e+01 1.069370820753638327e+02
5.723549811873449755e+01 1.080024133675572386e+02
5.756632898108303209e+01 1.090676687720443567e+02
5.789838006489945599e+01 1.101324191455629773e+02
5.823309136341148928e+01 1.111960681587330413e+02
5.857194693486335524e+01 1.122580012360523369e+02
5.891632526997358354e+01 1.133176475323290475e+02
5.926670150505771772e+01 1.143748104080598154e+02
5.962309212364080224e+01 1.154294832161546509e+02
5.998550931588169277e+01 1.164816610875160166e+02
6.035387714417083771e+01 1.175313755964199203e+02
6.072794609600872207e+01 1.185787300953643637e+02
6.110744637464020457e+01 1.196238363249719185e+02
6.149217054751797207e+01 1.206667801488941905e+02
6.188248261473357559e+01 1.217074103244933099e+02
6.227905339822905262e+01 1.227454482986042876e+02
6.268255699838384487e+01 1.237806141555976751e+02
6.309372160885590830e+01 1.248126051972037800e+02
6.351338814502152275e+01 1.258410712497844059e+02
6.394241161121995987e+01 1.268656562058071842e+02
6.438162555322809055e+01 1.278860127613484394e+02
6.483165270790435386e+01 1.289018800991325975e+02
6.529299615916266930e+01 1.299130464908044189e+02
6.576615624324804799e+01 1.309193013411337461e+02
6.625135653705054040e+01 1.319205487793326199e+02
6.674821014964341259e+01 1.329169459904844075e+02
6.725624866676244551e+01 1.339086839533609918e+02
6.777496955669542444e+01 1.348959680791097639e+02
6.830351042347783164e+01 1.358791560087875041e+02
6.884079303818279527e+01 1.368586966851908358e+02
6.938573736443383666e+01 1.378350398409888840e+02
6.993755922269116354e+01 1.388085167214776448e+02
7.049616555366738169e+01 1.397791817859770163e+02
7.106156181644989545e+01 1.407470500382933380e+02
7.163377958582570670e+01 1.417121269638390686e+02
7.221314665723210169e+01 1.426743100844326761e+02
7.280017849186590695e+01 1.436334285233193100e+02
7.339539340850399185e+01 1.445893103845537837e+02
7.399926715352944484e+01 1.455418072698310255e+02
7.461217009918362919e+01 1.464908289416272851e+02
7.523445659689403442e+01 1.474362940050344832e+02
7.586649683464872851e+01 1.483781136812655745e+02
7.650885449616058054e+01 1.493161089731409277e+02
7.716222271239959696e+01 1.502500405280212590e+02
7.782729677195803220e+01 1.511796679155435186e+02
7.850466182974432172e+01 1.521047656214877009e+02
7.919461404814593664e+01 1.530251472718276773e+02
7.989740276105492001e+01 1.539406328348343038e+02
8.061328197435268805e+01 1.548510275357162129e+02
8.134256730063690100e+01 1.557559421917881650e+02
8.208561786139749472e+01 1.566548503224746867e+02
8.284279348250063890e+01 1.575472225025661146e+02
8.361429289983766466e+01 1.584324844994658861e+02
8.439986649415868669e+01 1.593099373700089245e+02
8.519918726295452416e+01 1.601788606467756324e+02
8.601190560139211527e+01 1.610385292674158109e+02
8.683734957959572398e+01 1.618881526426386301e+02
8.767460701670722756e+01 1.627268913414256986e+02
8.852276003242899094e+01 1.635539048126833848e+02
8.938094397351332532e+01 1.643684117839931673e+02
9.024845140224014983e+01 1.651698060730127793e+02
9.112460376708627052e+01 1.659575136677997875e+02
9.200874486391957419e+01 1.667309558951455699e+02
9.290056392618370751e+01 1.674894820297373599e+02
9.380002187548399206e+01 1.682323846769685360e+02
9.470708704936485844e+01 1.689589547964980341e+02
9.562192661491427259e+01 1.696682122059092421e+02
9.654533128009879306e+01 1.703583264056485689e+02
9.747821366258921216e+01 1.710273006489856016e+02
9.842148257383988152e+01 1.716731517966281899e+02
9.937598289276394325e+01 1.722941252717226917e+02
1.003425064491332819e+02 1.728886561510855131e+02
1.013218433933936353e+02 1.734551853834214228e+02
1.023144009943814154e+02 1.739928369059942384e+02
1.033193110728012556e+02 1.745030098149160267e+02
1.043354401955193822e+02 1.749875763691059944e+02
1.053616079452856411e+02 1.754484371800751887e+02
1.063957739878667041e+02 1.758880117767315596e+02
1.074351453098362867e+02 1.763091738926740675e+02
1.084769034700200478e+02 1.767148125785425634e+02
1.095180552723244602e+02 1.771074689807432208e+02
1.105549889241632400e+02 1.774884527362063977e+02
1.115839558231416504e+02 1.778588011192200611e+02
1.126011968689205673e+02 1.782195352854363932e+02
1.136027429718091923e+02 1.785713539710176860e+02
1.145844311741819297e+02 1.789146582456011174e+02
1.155420913010453035e+02 1.792498380375098748e+02
1.164777832868964538e+02 1.795793862663268214e+02
1.174170082295030682e+02 1.799137084832756273e+02
1.183907794051726512e+02 1.802650708911959043e+02
1.194324679617204197e+02 1.806466642208421831e+02
1.206271633928488853e+02 1.810919581088905659e+02
1.221103149514483448e+02 1.816541683923506696e+02
1.240194579842149807e+02 1.823873288713610350e+02
