4.674139827544195924e+01 1.384462743766214601e+02
4.855047695076078185e+01 1.376941516743614216e+02
5.000584862460043212e+01 1.370964308086745405e+02
5.119740380305796634e+01 1.366151513319978221e+02
5.221503299223051187e+01 1.362123527967684140e+02
5.314308510645930994e+01 1.358524821170722987e+02
5.402246184996499778e+01 1.355188604135428818e+02
5.487357227279824201e+01 1.352037111640981948e+02
5.571670478878630206e+01 1.348993102530819783e+02
5.657148554915342231e+01 1.345981689639326078e+02
5.744604115630954766e+01 1.342968860574215739e+02
5.833875482330614659e+01 1.339955235504703523e+02
5.924770175898726166e+01 1.336942529390968843e+02
6.017095572651240332e+01 1.333932401127705702e+02
6.110651070909390370e+01 1.330923415641535712e+02
6.205224087577073533e+01 1.327909491312676380e+02
6.300601052561001580e+01 1.324884163751252117e+02
6.396568417077870805e+01 1.321840967041653983e+02
6.492927468931908663e+01 1.318772373010893659e+02
6.589520260551374520e+01 1.315667934855093790e+02
6.686195784188120683e+01 1.312516708898787385e+02
6.782803032094005857e+01 1.309307751466508591e+02
6.879202738006027573e+01 1.306030898636359439e+02
6.975317494419664399e+01 1.302680094534715067e+02
7.071090192086003867e+01 1.299250631297769019e+02
7.166463733695509575e+01 1.295737801854611746e+02
7.261385057297871981e+01 1.292137397584895382e+02
7.355844197204412183e+01 1.288450533150449928e+02
7.449857281401189368e+01 1.284681546323149917e+02
7.543440802003021872e+01 1.280834819852323108e+02
7.636612126107368681e+01 1.276914898300672405e+02
7.729411651329257893e+01 1.272930585339137082e+02
7.821904546149296777e+01 1.268895265595086812e+02
7.914157202679487568e+01 1.264822549986010500e+02
8.006236008221003431e+01 1.260726048519182143e+02
8.098206789354668445e+01 1.256619265112870210e+02
8.190134294978156504e+01 1.252515499786314308e+02
8.282083151735463389e+01 1.248428029428202706e+02
8.374117986007658487e+01 1.244370130871012492e+02
8.466296917418193857e+01 1.240353689870364065e+02
8.558654666749723106e+01 1.236385589753970748e+02
8.651220696972083601e+01 1.232471589784049826e+02
8.744024471055115555e+01 1.228617449222818578e+02
8.837093864081700190e+01 1.224828621342062149e+02
8.930445644821458018e+01 1.221108419194720938e+02
9.024091840120478025e+01 1.217459242051284889e+02
9.118044459072748964e+01 1.213883485761364653e+02
9.212314824266053392e+01 1.210383397164646340e+02
9.306903944705887000e+01 1.206958984481418753e+02
9.401804868746489774e+01 1.203608528029110829e+02
9.497010438736172944e+01 1.200330263410440210e+02
9.592513388118264572e+01 1.197122401428139824e+02
9.688301691133784743e+01 1.193982069113272360e+02
9.784356817187367028e+01 1.190904912207191018e+02
9.880659766931290733e+01 1.187886469706358525e+02
9.977191536030986185e+01 1.184922279402251206e+02
1.007393131249620524e+02 1.182007442296917077e+02
1.017085379949490118e+02 1.179135975706211923e+02
1.026793301655534663e+02 1.176301731756025788e+02
1.036514298320582128e+02 1.173498562572248574e+02
1.046245914482564956e+02 1.170720657348753093e+02
1.055986369230916182e+02 1.167963799904001121e+02
1.065734080937179726e+02 1.165224245154885665e+02
1.075487468002392291e+02 1.162498248088020034e+02
1.085244978170705252e+02 1.159782131609687070e+02
1.095005336211945206e+02 1.157072859849590856e+02
1.104767419254546752e+02 1.154367749597552120e+02
1.114530106007023846e+02 1.151664121300758978e+02
1.124292337405403401e+02 1.148959445080822377e+02
1.134054435716560363e+02 1.146254513543090923e+02
1.143818077370870299e+02 1.143553376431643755e+02
1.153584995592077860e+02 1.140860220094363200e+02
1.163356932720812438e+02 1.138179252854720431e+02
1.173136401350553086e+02 1.135516539674845831e+02
1.182927257869319249e+02 1.132881384636200721e+02
1.192733493749777551e+02 1.130283417431994195e+02
1.202559100466757371e+02 1.127732267760662523e+02
1.212408076894892019e+02 1.125237583196221465e+02
1.222284445850482086e+02 1.122809069148173933e+02
1.232192234983017727e+02 1.120456442701475197e+02
1.242135471941988669e+02 1.118189420941081522e+02
1.252117684809607852e+02 1.116016515165131437e+02
1.262139276696838976e+02 1.113938694045756677e+02
1.272199444830844755e+02 1.111954015658546666e+02
1.282297383869220084e+02 1.110060531877018519e+02
1.292432233528289487e+02 1.108256162040047172e+02
1.302602414136628113e+02 1.106537090109814869e+02
1.312805840468410850e+02 1.104898280501297165e+02
1.323040416798373826e+02 1.103334672301705268e+02
1.333304052648992410e+02 1.101841217283158301e+02
1.343594843253172826e+02 1.100413316119523870e+02
1.353911115007433636e+02 1.099046928256457534e+02
1.364251208783483094e+02 1.097738048129241690e+02
1.374613465729077859e+02 1.096482670840161120e+02
1.384996287055824382e+02 1.095276936621973505e+02
1.395398208750996787e+02 1.094117311361816434e+02
1.405817785157098285e+02 1.093000305298013188e+02
1.416253570616631237e+02 1.091922428668885914e+02
1.426703655954986516e+02 1.090879072679431800e+02
1.437164161451505322e+02 1.089860871198538206e+02
1.447630683823279583e+02 1.088857194099456080e+02
1.458098819783272972e+02 1.087857411245475276e+02
1.468564529035689645e+02 1.086851768827168598e+02
1.479026813089257928e+02 1.085837856507933026e+02
1.489486191185438884e+02 1.084816928035747594e+02
1.499943193732161433e+02 1.083790264116494768e+02
1.510398366674911017e+02 1.082759182963803397e+02
1.520852550138686183e+02 1.081725712942378834e+02
1.531306847095382864e+02 1.080692516930883329e+02
1.541762369763003164e+02 1.079662280128132181e+02
1.552220237542470613e+02 1.078637705073666098e+02
1.562682028275508515e+02 1.077622601056635290e+02
1.573150046646479154e+02 1.076622532080886003e+02
1.583626661803584739e+02 1.075643217776307097e+02
1.594114242202064418e+02 1.074690376099828057e+02
1.604614383857760629e+02 1.073767860170593025e+02
1.615126431430961134e+02 1.072874087842635475e+02
1.625649321649196111e+02 1.072006492131014426e+02
1.636181991239992328e+02 1.071162506050789602e+02
1.646723005769839858e+02 1.070338666555133358e+02
1.657268850305550814e+02 1.069526487827405106e+02
1.667815285451427485e+02 1.068715735043999047e+02
1.678358071074349596e+02 1.067896171601012441e+02
1.688893208529192975e+02 1.067058143898524207e+02
1.699419472270373035e+02 1.066198693195518388e+02
1.709937409742786940e+02 1.065319141131462857e+02
1.720447597225928291e+02 1.064420878958737831e+02
1.730950583737315185e+02 1.063505232113596293e+02
1.741446122682393707e+02 1.062571605257748786e+02
1.751933065122232733e+02 1.061617224604179057e+02
1.762410213403370278e+02 1.060639198758764223e+02
1.772876371250947329e+02 1.059634639655626529e+02
1.783330540104321074e+02 1.058601136553178748e+02
1.793772123250988955e+02 1.057537248856964283e+02
1.804200572742180100e+02 1.056441653698573333e+02
1.814615340631593767e+02 1.055313028215562952e+02
1.825016611414947931e+02 1.054151817816774184e+02
1.835407368555408425e+02 1.052965225215582592e+02
1.845791264005220569e+02 1.051762067000609306e+02
1.856171949716627978e+02 1.050551159760474889e+02
1.866553052441279021e+02 1.049341259243998650e+02
1.876938010850425940e+02 1.048140667132437329e+02
1.887330178594797871e+02 1.046957479848746289e+02
1.897732908908357956e+02 1.045799792809716280e+02
1.908149404848940094e+02 1.044675338874999255e+02
1.918580421108015344e+02 1.043585940026747494e+02
1.929024719057003665e+02 1.042528605948257194e+02
1.939481002108358325e+02 1.041500206397545583e+02
1.949947954634541816e+02 1.040497565166130443e+02
1.960423313177173270e+02 1.039515217784628476e+02
1.970903447272900735e+02 1.038544399549184192e+02
1.981384620043257883e+02 1.037576088847713152e+02
1.991863097070493609e+02 1.036601270008836480e+02
2.002336410928287762e+02 1.035613986157618882e+02
2.012805425733383231e+02 1.034616323498041623e+02
2.023271546664599327e+02 1.033611674477139957e+02
2.033736178900756784e+02 1.032603431541950272e+02
2.044200592560102336e+02 1.031594661081421691e+02
2.054665378362076069e+02 1.030586789305786226e+02
2.065130913865857565e+02 1.029580727821907544e+02
2.075597576555018975e+02 1.028577388054111026e+02
2.086065789521366298e+02 1.027577791536990475e+02
2.096536437617824049e+02 1.026584074617799587e+02
2.107010674034867748e+02 1.025599021481147020e+02
2.117489655276442022e+02 1.024625424311226993e+02
2.127974432496799011e+02 1.023665820954244055e+02
2.138463483072328586e+02 1.022716535574528507e+02
2.148952623965770670e+02 1.021767469496138432e+02
2.159437549457060470e+02 1.020808227859092483e+02
2.169913953231495611e+02 1.019828414366764804e+02
2.180377468944435293e+02 1.018817487689823196e+02
2.190823619581982484e+02 1.017764639121333232e+02
2.201247916203793125e+02 1.016659031139991072e+02
2.211645869985728723e+02 1.015489826505022961e+02
2.222014022355428153e+02 1.014248675090944687e+02
2.232352455103859086e+02 1.012935773510047284e+02
2.242662009916057571e+02 1.011553152823439063e+02
2.252943528477059942e+02 1.010102844092228054e+02
2.263197967101964139e+02 1.008587155024510906e+02
2.273427046197462005e+02 1.007010237378959800e+02
2.283632798626294687e+02 1.005376996992389138e+02
2.293817258185124501e+02 1.003692341955522807e+02
2.303982451479244276e+02 1.001961162975094339e+02
2.314130303341449348e+02 1.000188104739064983e+02
2.324262663139313361e+02 9.983776295102477150e+01
2.334381378458454890e+02 9.965341952438676287e+01
2.344488307956603137e+02 9.946622866410898212e+01
2.354585751229757591e+02 9.927674535394608313e+01
2.364676586823770492e+02 9.908566442955377340e+01
2.374763732602140465e+02 9.889369022421085731e+01
2.384850106485896504e+02 9.870152708567412958e+01
2.394938642921555356e+02 9.850988352043754048e+01
2.405032315620381951e+02 9.831947791620167720e+01
2.415134103998452133e+02 9.813103009631709028e+01
2.425246987471842885e+02 9.794525988413425921e+01
2.435373684683477222e+02 9.776282434550469702e+01
2.445515735904383519e+02 9.758409696005779210e+01
2.455674348718615079e+02 9.740937114319034151e+01
2.465850730690451655e+02 9.723894030553982759e+01
2.476045964848696599e+02 9.707306792322390265e+01
2.486260017571001981e+02 9.691174906356994256e+01
2.496492266102805218e+02 9.675483718453652671e+01
2.506742082381372541e+02 9.660218446815991911e+01
2.517008845066498850e+02 9.645364474367735852e+01
2.527292072033661157e+02 9.630910595192158041e+01
2.537591412319385142e+02 9.616848817171798203e+01
2.547906520070002614e+02 9.603171273393260776e+01
2.558237047463342435e+02 9.589870047917067097e+01
2.568582499854150569e+02 9.576933568139546082e+01
2.578942136768317255e+02 9.564344139030168890e+01
2.589315194297838616e+02 9.552083481931572351e+01
2.599700908126837362e+02 9.540133308197485462e+01
2.610097701957765821e+02 9.528455443491466781e+01
2.620501487788649229e+02 9.516950201034198642e+01
2.630907693451655973e+02 9.505506036670108472e+01
2.641311746778957286e+02 9.494011406243620854e+01
2.651709237777075714e+02 9.482358376490707030e+01
2.662096724112166157e+02 9.470460559563727543e+01
2.672471120843671315e+02 9.458239525151951455e+01
2.682829343601088112e+02 9.445616855637119613e+01
2.693168426019834101e+02 9.432516819285609699e+01
2.703486861341825147e+02 9.418896905870944636e+01
2.713784127924413951e+02 9.404737026976555114e+01
2.724059722610017502e+02 9.390017514917065000e+01
2.734313174290544453e+02 9.374719453931817270e+01
2.744545053998722324e+02 9.358848378308955773e+01
2.754757179202792940e+02 9.342439065418352584e+01
2.764951440690303457e+02 9.325528012800999988e+01
2.775129730413209472e+02 9.308151757836378692e+01
2.785294150227113050e+02 9.290354019439237732e+01
2.795447253347082324e+02 9.272193959104498617e+01
2.805591651514707792e+02 9.253732740723515349e+01
2.815729956471583932e+02 9.235031528187649030e+01
2.825864492177540797e+02 9.216148941193225141e+01
2.835996413801079825e+02 9.197133266491751158e+01
2.846126579829249863e+02 9.178030167960122299e+01
2.856255848749059396e+02 9.158885309474874248e+01
2.866385066934166730e+02 9.139748243178397047e+01
2.876514984202908067e+02 9.120699514516761042e+01
2.886646304184633323e+02 9.101834495145425308e+01
2.896779730220583247e+02 9.083248649198102953e+01
2.906916003268940472e+02 9.065040363546319213e+01
2.917056531570084417e+02 9.047359871142938914e+01
2.927203296303221123e+02 9.030401920789182668e+01
2.937358297258272160e+02 9.014362707290470667e+01
2.947523534970769106e+02 8.999438606310877731e+01
2.957701052607624774e+02 8.985836334448237039e+01
2.967892958231676062e+02 8.973778349858139336e+01
2.978101365352218863e+02 8.963488431824185909e+01
2.988328386552675511e+02 8.955190288867014203e+01
2.998575415189730506e+02 8.949052660418624328e+01
3.008841839214141487e+02 8.945091016669945816e+01
3.019126699793600892e+02 8.943294323862390627e+01
3.029429038095800024e+02 8.943651548237362192e+01
3.039748054691624475e+02 8.946119916078713175e+01
3.050083803035188907e+02 8.950486829736965433e+01
3.060436620643367291e+02 8.956483129709228308e+01
3.070806845226902055e+02 8.963839617890863565e+01
3.081194761337775958e+02 8.972290504486505824e+01
3.091600075506635790e+02 8.981607059924587588e+01
3.102022139479890939e+02 8.991583301861766131e+01
3.112460299854643040e+02 9.002013578105808733e+01
3.122913942857974234e+02 9.012693065995401298e+01
3.133383524636798256e+02 9.023439338330226178e+01
3.143870667460953428e+02 9.034094377084835514e+01
3.154377052515592368e+02 9.044501397443666235e+01
3.164904349413386626e+02 9.054504096113090839e+01
3.175452809710826614e+02 9.064005173989970388e+01
3.186019921270272448e+02 9.073022327087895178e+01
3.196602853076805673e+02 9.081586519650296907e+01
3.207198774105801817e+02 9.089728716345628357e+01
3.217804477324496588e+02 9.097496340605263754e+01
3.228415382868853953e+02 9.104996907922593152e+01
3.239026597651514408e+02 9.112351644314416887e+01
3.249633228585119582e+02 9.119681775797535295e+01
3.260230927456280483e+02 9.127096319153770310e+01
3.270819219138837752e+02 9.134617505165476814e+01
3.281399306001717378e+02 9.142229976231656963e+01
3.291972397152003964e+02 9.149918223766350422e+01
3.302539710984052022e+02 9.157666424856367371e+01
3.313102608265810431e+02 9.165453937958864117e+01
3.323662561134600537e+02 9.173256352238476552e+01
3.334221044696673744e+02 9.181049156376431597e+01
3.344779500516280564e+02 9.188808605568902976e+01
3.355337856915614339e+02 9.196545536209573868e+01
3.365893946004537725e+02 9.204318688153783512e+01
3.376445445861544385e+02 9.212190321241800461e+01
3.386990037439575190e+02 9.220222624515578502e+01
3.397526533793098906e+02 9.228449903094920614e+01
3.408056597720117793e+02 9.236836272257865232e+01
3.418582333379288798e+02 9.245334976467670174e+01
3.429105844929267164e+02 9.253899260187590414e+01
3.439629116689681609e+02 9.262485424206029450e+01
3.450153557285954093e+02 9.271064451579513843e+01
3.460680402683003649e+02 9.279611728826947115e+01
3.471210888813041606e+02 9.288102643301344585e+01
3.481746104841220131e+02 9.296516253576062638e+01
3.492285730071786247e+02 9.304866884380476222e+01
3.502828657635551508e+02 9.313188525727809974e+01
3.513373772135241779e+02 9.321515380952224916e+01
3.523920081546043548e+02 9.329878615589322521e+01
3.534469397875871550e+02 9.338240351511821302e+01
3.545026318661008986e+02 9.346494122562245366e+01
3.555595561109274740e+02 9.354530515912350097e+01
3.566181835154363284e+02 9.362240229203455044e+01
3.576789209049101714e+02 9.369523705054740503e+01
3.587420616054915286e+02 9.376298622794094229e+01
3.598078873322008349e+02 9.382484425088962610e+01
3.608766797711341496e+02 9.388000559602672013e+01
3.619485987969016492e+02 9.392787513157240653e+01
3.630234042017343654e+02 9.396854874405917712e+01
3.641007737623262983e+02 9.400226397643976384e+01
3.651803852553712204e+02 9.402925837166691281e+01
3.662618950586111168e+02 9.404975813086940661e+01
3.673448235570825204e+02 9.406391737663071240e+01
3.684286378891865184e+02 9.407186200987359825e+01
3.695128050692717352e+02 9.407371786577073181e+01
3.705967926941689257e+02 9.406959199817451633e+01
3.716800761356986413e+02 9.405934076740489047e+01
3.727621363035427748e+02 9.404264197329334252e+01
3.738424542262289947e+02 9.401916958363467813e+01
3.749205142986818942e+02 9.398859941127101081e+01
3.759959235459795650e+02 9.395067447992161647e+01
3.770684436854219825e+02 9.390522259669327809e+01
3.781378463217546937e+02 9.385207698778332031e+01
3.792039037561567625e+02 9.379107217143997843e+01
3.802665502187682591e+02 9.372234308302313366e+01
3.813260885054188520e+02 9.364670843575778747e+01
3.823828724295501615e+02 9.356508159279249526e+01
3.834372558046043764e+02 9.347837591727584083e+01
3.844895476444783640e+02 9.338737840064163720e+01
3.855398635819506694e+02 9.329233053986411051e+01
3.865882670825816376e+02 9.319332667727950081e+01
3.876348216111404099e+02 9.309046115299219082e+01
3.886795789172474542e+02 9.298379921367451573e+01
3.897224909154460306e+02 9.287315817530021889e+01
3.907634590049799499e+02 9.275822990401120194e+01
3.918023841934291909e+02 9.263870529329197723e+01
3.928391765178918149e+02 9.251429770120439855e+01
3.938739207965454625e+02 9.238515532445204315e+01
3.949068600976887069e+02 9.225182007093192738e+01
3.959382432027105665e+02 9.211484806216532206e+01
3.969683193988459493e+02 9.197479678600075204e+01
3.979973715062305928e+02 9.183231430519451521e+01
3.990257362383305804e+02 9.168819425247258437e+01
4.000537551761647137e+02 9.154324340819114525e+01
4.010817698996860940e+02 9.139826855281792461e+01
4.021101206313762759e+02 9.125407660879915284e+01
4.031391435781058590e+02 9.111147491857533964e+01
4.041691742077642857e+02 9.097127090187731824e+01
4.052005479882408849e+02 9.083427197843597867e+01
4.062335562984011972e+02 9.070117978782730006e+01
4.072682395027770212e+02 9.057209372597061758e+01
4.083045492582175484e+02 9.044690035775400361e+01
4.093424371197438063e+02 9.032548600375629633e+01
4.103818248923580541e+02 9.020766517796135986e+01
4.114222864047785606e+02 9.009241249600628976e+01
4.124631699682277031e+02 8.997815824973010024e+01
4.135038200893614544e+02 8.986332354802124200e+01
4.145435870031346326e+02 8.974634330807322158e+01
4.155819926176026797e+02 8.962606627228333878e+01
4.166187561453353965e+02 8.950181679384914446e+01
4.176536076846218180e+02 8.937294546645293281e+01
4.186862779171475495e+02 8.923880428958588595e+01
4.197165859253456688e+02 8.909895828212833635e+01
4.207445330051418750e+02 8.895341154303218900e+01
4.217701429355675486e+02 8.880222234881644283e+01
4.227934394957206905e+02 8.864544897616053731e+01
4.238145120175946658e+02 8.848330782714711518e+01
4.248337041799818508e+02 8.831662883419589605e+01
4.258514213408060414e+02 8.814639071091195888e+01
4.268680688579904086e+02 8.797357217090024051e+01
4.278840359605758294e+02 8.779911296725009606e+01
4.288995895166680157e+02 8.762365728112040131e+01
4.299149402910944104e+02 8.744771377203095142e+01
4.309302987558750146e+02 8.727179039220366974e+01
4.319458642128084307e+02 8.709636812626457925e+01
4.329616500168469884e+02 8.692147903851110868e+01
4.339775161074273910e+02 8.674678481135310903e+01
4.349933178355537393e+02 8.657193604962384370e+01
4.360089108543928660e+02 8.639658408817763302e+01
4.370241663764134046e+02 8.622041785297662386e+01
4.380389783587978627e+02 8.604318122096704258e+01
4.390532425632299578e+02 8.586462242875279571e+01
4.400668548296678750e+02 8.568448990193780901e+01
4.410797553812901128e+02 8.550263923324887116e+01
4.420920028642021293e+02 8.531921195781366407e+01
4.431036754622551825e+02 8.513439678633604046e+01
4.441148513593001894e+02 8.494838242951979623e+01
4.451256201470696396e+02 8.476138514401830548e+01
4.461361296927382796e+02 8.457376190081565426e+01
4.471465464231887950e+02 8.438591448594638678e+01
4.481570367731840747e+02 8.419824470447271381e+01
4.491677611489391211e+02 8.401113980801146397e+01
4.501788178306363761e+02 8.382483707046837651e+01
4.511902684975962075e+02 8.363948540804588561e+01
4.522021743580185102e+02 8.345523259962138241e+01
4.532145927146334543e+02 8.327221699543281375e+01
4.542274830821166915e+02 8.309034086448559719e+01
4.552407025477674551e+02 8.290925919423619916e+01
4.562541033649246742e+02 8.272861530192953694e+01
4.572675376326945980e+02 8.254805213244780759e+01
4.582808411329234559e+02 8.236717323603949126e+01
4.592938191457981247e+02 8.218550852303246756e+01
4.603062736074729173e+02 8.200257983028440378e+01
4.613180064508725309e+02 8.181790898685444802e+01
4.623287808864736235e+02 8.163092433687313587e+01
4.633382250313725308e+02 8.144072807786088219e+01
4.643459375598334304e+02 8.124635132554412564e+01
4.653515171461207842e+02 8.104682519564953225e+01
4.663545634182291906e+02 8.084118310621347803e+01
4.673546824639565784e+02 8.062847406927544114e+01
4.683514830510337106e+02 8.040775356624649817e+01
4.693445739558462151e+02 8.017807709943238592e+01
4.703335848212754513e+02 7.993855054731203325e+01
4.713184464899980526e+02 7.968900694897774883e+01
4.722993161565529476e+02 7.942982580523971592e+01
4.732763565283503340e+02 7.916139992615896404e+01
4.742497349193840819e+02 7.888413324309600227e+01
4.752198077843445390e+02 7.859888631449670982e+01
4.761871832619133897e+02 7.830712731910435309e+01
4.771524869269148894e+02 7.801036653033118284e+01
4.781163438660972815e+02 7.771011304327360847e+01
4.790792280498138211e+02 7.740751112676289836e+01
4.800412491920872071e+02 7.710282565943258248e+01
4.810024632278727381e+02 7.679619168611446867e+01
4.819629260921264517e+02 7.648774425164037893e+01
4.829226554375480873e+02 7.617752597966526196e+01
4.838814932652762764e+02 7.586515543513627335e+01
4.848392312286219976e+02 7.555012963306950269e+01
4.857956609766960128e+02 7.523194557834145257e+01
4.867505951520222425e+02 7.491015095825834180e+01
4.877040378827280733e+02 7.458475574586368850e+01
4.886560957346555369e+02 7.425601721997061588e+01
4.896068762419001246e+02 7.392419499695590446e+01
4.905564883945892234e+02 7.358955220800952191e+01
4.915050720348805839e+02 7.325242646013118986e+01
4.924527964595577600e+02 7.291322646283924769e+01
4.933998321417668080e+02 7.257236376535281863e+01
4.943463493991280302e+02 7.223024954124421981e+01
4.952925064666416688e+02 7.188726578046306770e+01
4.962384410703585900e+02 7.154374493689360293e+01
4.971842889461942150e+02 7.120001465756969594e+01
4.981301858422571627e+02 7.085640261895635206e+01
4.990762962246414531e+02 7.051330581600106484e+01
5.000228747307578487e+02 7.017133889606401453e+01
5.009701936497697830e+02 6.983115911369642959e+01
5.019185252708401208e+02 6.949342372344952423e+01
5.028681251619914860e+02 6.915874960571403562e+01
5.038191475404297535e+02 6.882750892347912952e+01
5.047717086385244443e+02 6.849998212315149715e+01
5.057259246216547126e+02 6.817644948938638549e+01
5.066819001609289330e+02 6.785716355897959318e+01
5.076395950487681148e+02 6.754202712288554267e+01
5.085988699683512095e+02 6.723070371640372400e+01
5.095595836781510002e+02 6.692285222847823434e+01
5.105215922466147731e+02 6.661812505763340653e+01
5.114846618004120273e+02 6.631595759338853213e+01
5.124484494525337368e+02 6.601552220010657379e+01
5.134126057672876868e+02 6.571597544167181582e+01
5.143767815229657572e+02 6.541647439967286459e+01
5.153406684981066519e+02 6.511627535029737146e+01
5.163040478925586285e+02 6.481485091259426667e+01
5.172667126931488610e+02 6.451170222262824439e+01
5.182284558867047508e+02 6.420633041646411243e+01
5.191890951929790390e+02 6.389829652924223069e+01
5.201485503231119765e+02 6.358740860247011994e+01
5.211067672745239179e+02 6.327353833869854327e+01
5.220636920446609111e+02 6.295655744054295155e+01
5.230192773635808408e+02 6.263635394441842408e+01
5.239735305255363755e+02 6.231294826341076742e+01
5.249264852965613954e+02 6.198642503305467955e+01
5.258781756173888198e+02 6.165686931271726934e+01
5.268286403907895874e+02 6.132437812029575497e+01
5.277780084568504435e+02 6.098926522296347486e+01
5.287264869094065034e+02 6.065203297972860952e+01
5.296742854534237495e+02 6.031319004243397330e+01
5.306216157853857567e+02 5.997324983685817301e+01
5.315688076499204726e+02 5.963300876610411194e+01
5.325163729414025511e+02 5.929369987078328563e+01
5.334648391269870444e+02 5.895659352156358324e+01
5.344147336229042367e+02 5.862295996261337194e+01
5.353665394812041995e+02 5.829395923743774688e+01
5.363206142175179139e+02 5.797043955695864526e+01
5.372772932978259632e+02 5.765319436074641146e+01
5.382369121881096135e+02 5.734301708837138278e+01
5.391997572992676169e+02 5.704057993346516753e+01
5.401658484778051843e+02 5.674589624150447520e+01
5.411351154585190670e+02 5.645875663529929511e+01
5.421074879054359599e+02 5.617895156274019541e+01
5.430829017483954431e+02 5.590628548695902822e+01
5.440613622920471926e+02 5.564071804720551739e+01
5.450429180066546451e+02 5.538230543466666234e+01
5.460276180136361290e+02 5.513110529702035478e+01
5.470155103241376082e+02 5.488717281358891853e+01
5.480066121952492040e+02 5.465049479131630505e+01
5.490009069174061551e+02 5.442098252252412749e+01
5.499983760262634860e+02 5.419854339830732926e+01
5.509990009200985241e+02 5.398308473896353377e+01
5.520027452787894617e+02 5.377450473359183292e+01
5.530095377647478472e+02 5.357268352499839636e+01
5.540193029312606541e+02 5.337749913834684889e+01
5.550319653315796131e+02 5.318882959947627853e+01
5.560474472098231900e+02 5.300659747014806555e+01
5.570656622502757500e+02 5.283089040443181972e+01
5.580865221542109111e+02 5.266183430242833197e+01
5.591099386229025185e+02 5.249955506423839324e+01
5.601358200212121119e+02 5.234420980983092164e+01
5.611640506108078625e+02 5.219618120034768083e+01
5.621945040636453541e+02 5.205595098821609668e+01
5.632270540061352904e+02 5.192400135204099598e+01
5.642615778013347381e+02 5.180083765865688861e+01
5.652980112733264377e+02 5.168732806210545050e+01
5.663363365903757085e+02 5.158462831105150315e+01
5.673765371929698631e+02 5.149390204909700230e+01
5.684185958201462654e+02 5.141630830257383877e+01
5.694624625256167292e+02 5.135279094798264055e+01
5.705080414738841910e+02 5.130399179795961118e+01
5.715552333915484269e+02 5.127053003528659758e+01
5.726039390234144548e+02 5.125302353088223128e+01
5.736540669280683460e+02 5.125152707079961800e+01
5.747055456206106783e+02 5.126465731389009761e+01
5.757583067563734858e+02 5.129080462440285260e+01
5.768122819906891436e+02 5.132835936658707254e+01
5.778674452430328756e+02 5.137560769051437148e+01
5.789239766028314307e+02 5.143032737603997617e+01
5.799821189312527849e+02 5.149014142156870122e+01
5.810421151043708505e+02 5.155267278875152215e+01
5.821041679442123495e+02 5.161568731129222698e+01
5.831680887430264875e+02 5.167834740244648373e+01
5.842334674370549692e+02 5.174060504829536455e+01
5.852998914532370236e+02 5.180242118555868558e+01
5.863669423381403476e+02 5.186378479676386632e+01
5.874340647641670330e+02 5.192533767123086363e+01
5.885005656202964701e+02 5.198837874169076656e+01
5.895657457332813465e+02 5.205423585401777586e+01
5.906289073023585843e+02 5.212423482911317052e+01
5.916894790511273641e+02 5.219951481296727280e+01
5.927471166019153088e+02 5.228088018363195033e+01
5.938014991972939924e+02 5.236910046968858268e+01
5.948523060747796762e+02 5.246494521585163540e+01
5.958991897814331651e+02 5.256926913632924681e+01
5.969417138715240299e+02 5.268321092217248491e+01
5.979794233741922653e+02 5.280796837829389290e+01
5.990118633185777526e+02 5.294473930960599262e+01
6.000385762072754687e+02 5.309472647292984959e+01
6.010590882296785367e+02 5.325916459818901671e+01
6.020729190945260143e+02 5.343930111708087338e+01
6.030795884941022678e+02 5.363638349355309742e+01
6.040786355967691179e+02 5.385161057186420663e+01
6.050698646207561069e+02 5.408551953110597310e+01
6.060532711220678266e+02 5.433816989858818403e+01
6.070288548978370500e+02 5.460961061415527240e+01
6.079966179348211881e+02 5.489988497399563272e+01
6.089566443561139977e+02 5.520882457180184844e+01
6.099091232871609236e+02 5.553599036269947220e+01
6.108542507028856789e+02 5.588092564760963654e+01
6.117922228096514345e+02 5.624317315065732004e+01
6.127232934316569981e+02 5.662213199995792934e+01
6.136478494241325734e+02 5.701686978174906528e+01
6.145662963573906836e+02 5.742640744026718380e+01
6.154790398017448751e+02 5.784976591974864846e+01
6.163864516004601910e+02 5.828604684144106329e+01
6.172887557740136799e+02 5.873470542709397790e+01
6.181861358553343280e+02 5.919529374696951862e+01
6.190787753763056571e+02 5.966736387383095064e+01
6.199668427883736967e+02 6.015050431664818120e+01
6.208503758415560014e+02 6.064461937526293411e+01
6.217293452227436319e+02 6.114977538235155663e+01
6.226037210715384163e+02 6.166603999290960303e+01
6.234734704885955807e+02 6.219348824601068060e+01
6.243385004240883518e+02 6.273234133529623335e+01
6.251986626400154137e+02 6.328295455148140292e+01
6.260538068541982284e+02 6.384568815225512139e+01
6.269037838607293907e+02 6.442089980536380267e+01
6.277485186081987649e+02 6.500876873294470215e+01
6.285880568591356905e+02 6.560918343010084186e+01
6.294224554869372241e+02 6.622200565470693334e+01
6.302517714397273494e+02 6.684709698436205372e+01
6.310761711597573367e+02 6.748405484448448988e+01
6.318961498395281069e+02 6.813168355772756968e+01
6.327122641146992237e+02 6.878863921647084112e+01
6.335250706209304781e+02 6.945357791309405115e+01
6.343351251740966745e+02 7.012515775190848899e+01
6.351429788493539945e+02 7.080204847199269125e+01
6.359491810216279646e+02 7.148292398516386470e+01
6.367542810636552986e+02 7.216645820861094762e+01
6.375588261135216044e+02 7.285133045500472804e+01
6.383633366829035367e+02 7.353628432547992588e+01
6.391683157920751910e+02 7.422010565350620936e+01
6.399742661553925700e+02 7.490158101117951617e+01
6.407816872923043547e+02 7.557950468258771082e+01
6.415909803656580834e+02 7.625290836873544720e+01
6.424024319857448972e+02 7.692110028196542260e+01
6.432163223051420573e+02 7.758340422249317214e+01
6.440329308094518410e+02 7.823914560060001122e+01
6.448524300539803562e+02 7.888790795385673960e+01
6.456747690626482381e+02 7.952981441949086161e+01
6.464998688162396547e+02 8.016505583022063774e+01
6.473276502955363867e+02 8.079382301877082284e+01
6.481580146311182489e+02 8.141635473177353788e+01
6.489907847527099420e+02 8.203307847508006034e+01
6.498257643352903870e+02 8.264446823115335405e+01
6.506627570538382770e+02 8.325099798245655336e+01
6.515015782206860422e+02 8.385311361468616553e+01
6.523421328960074561e+02 8.445104432988703991e+01
6.531843678769982944e+02 8.504491856188661814e+01
6.540282301923839441e+02 8.563486418551543977e+01
6.548736667645741818e+02 8.622100933217214447e+01
6.557206227086139734e+02 8.680348649493667779e+01
6.565690416284145385e+02 8.738243181367710122e+01
6.574188670814153284e+02 8.795798154041295902e+01
6.582700426843090327e+02 8.853027178413067588e+01
6.591225152115807759e+02 8.909943103122613195e+01
6.599762361164912363e+02 8.966557647400520636e+01
6.608311572305696018e+02 9.022882439167166524e+01
6.616872303953743994e+02 9.078929103921574040e+01
6.625444137405895617e+02 9.134707749103785090e+01
6.634026824213028704e+02 9.190224371935616432e+01
6.642620144459637004e+02 9.245484280789233367e+01
6.651223878230221089e+02 9.300492784036808303e+01
6.659838144242372664e+02 9.355247014695574137e+01
6.668464817938636315e+02 9.409701694540724759e+01
6.677106342674105690e+02 9.463797834677241383e+01
6.685765162089145406e+02 9.517476439323014858e+01
6.694443835160910794e+02 9.570675728196846421e+01
6.703146130785335117e+02 9.623304710756893599e+01
6.711876540491185779e+02 9.675254950419690658e+01
6.720639565495799843e+02 9.726417776696955286e+01
6.729439699084972517e+02 9.776684710590551219e+01
6.738281230953502927e+02 9.825952188363669393e+01
6.747168234702644440e+02 9.874121863388450038e+01
6.756104773498785789e+02 9.921095640963875439e+01
6.765094897610408680e+02 9.966775737779728672e+01
6.774141225819314514e+02 1.001109893050753499e+02
6.783243663643288528e+02 1.005406750139223817e+02
6.792401814001018465e+02 1.009569103824384229e+02
6.801615279770297775e+02 1.013597912985983669e+02
6.810882975797546806e+02 1.017495797685739660e+02
6.820201379933146200e+02 1.021271261865147437e+02
6.829566430721389452e+02 1.024934111565559078e+02
6.838974066706576878e+02 1.028494152828328652e+02
6.848420036940632372e+02 1.031961649275615400e+02
6.857898786248571241e+02 1.035350013939859224e+02
6.867404210540975100e+02 1.038673985356543028e+02
6.876930203817474876e+02 1.041948306675673734e+02
6.886470814695434228e+02 1.045187347808107177e+02
6.896022368528711013e+02 1.048399982741742207e+02
6.905582924673233265e+02 1.051590899674043555e+02
6.915150586026320525e+02 1.054764681695844928e+02
6.924723505833450190e+02 1.057925790341875114e+02
6.934301969571222344e+02 1.061073539279273348e+02
6.943889138245649519e+02 1.064200299754807588e+02
6.953488376051194564e+02 1.067297952455276828e+02
6.963103046290067368e+02 1.070358380217608953e+02
6.972736213747742795e+02 1.073374185235189060e+02
6.982390213205839018e+02 1.076339728842295642e+02
6.992067269929794975e+02 1.079249636281926144e+02
7.001769609185054151e+02 1.082098532797079002e+02
7.011498965502122473e+02 1.084882226443784958e+02
7.021254787066553718e+02 1.087602036030263122e+02
7.031035856733607261e+02 1.090260884003028252e+02
7.040840957283501211e+02 1.092861692989475841e+02
7.050668925923674806e+02 1.095407252758683683e+02
7.060519104908846657e+02 1.097899120245588733e+02
7.070391110444788865e+02 1.100338183663179734e+02
7.080284561450932870e+02 1.102725324600315133e+02
7.090199051343992096e+02 1.105061485740069429e+02
7.100133620506414900e+02 1.107348934612032707e+02
7.110086774295833720e+02 1.109591220448971995e+02
7.120056996170280854e+02 1.111791944946238146e+02
7.130042767059580910e+02 1.113954715949040803e+02
7.140042363149163975e+02 1.116083639341917859e+02
7.150053708295851038e+02 1.118183678046356846e+02
7.160074691556895914e+02 1.120259879633555329e+02
7.170103202045735316e+02 1.122317291546631282e+02
7.180137287257788330e+02 1.124360600152161851e+02
7.190175499494249607e+02 1.126393340969112415e+02
7.200216491408806405e+02 1.128418820734568158e+02
7.210258915655143710e+02 1.130440346185615965e+02
7.220301554061512661e+02 1.132460939995515758e+02
7.230343983837428823e+02 1.134481875739027998e+02
7.240386084677236340e+02 1.136503761805811195e+02
7.250427736862758366e+02 1.138527205293620028e+02
7.260468885039894076e+02 1.140552676866178103e+02
7.270510300673253141e+02 1.142578894560198250e+02
7.280553328513072984e+02 1.144603361205448664e+02
7.290599324825723215e+02 1.146623555220665196e+02
7.300649664936465797e+02 1.148636914010963324e+02
7.310706379642399497e+02 1.150639464444390825e+02
7.320772304847270107e+02 1.152625500846592530e+02
7.330850325837864148e+02 1.154589211273776357e+02
7.340943328748733165e+02 1.156524781374166935e+02
7.351054372658408056e+02 1.158425905565311496e+02
7.361186899228015363e+02 1.160285191575859898e+02
7.371344401380321187e+02 1.162095101530719887e+02
7.381530372038085943e+02 1.163848097554799210e+02
7.391747922161847555e+02 1.165537228379330372e+02
7.401998563434212883e+02 1.167157998859455432e+02
7.412283389034037100e+02 1.168706556576028674e+02
7.422603492138757701e+02 1.170179049112073812e+02
7.432959869250996690e+02 1.171571452339505726e+02
7.443352720203367880e+02 1.172878327107416538e+02
7.453781852857081276e+02 1.174093538056309285e+02
7.464247072340236855e+02 1.175210944972225491e+02
7.474748068879682705e+02 1.176224453230933165e+02
7.485282404374296448e+02 1.177128812671444820e+02
7.495845764140709662e+02 1.177919517710088257e+02
7.506433769193702119e+02 1.178592088276439256e+02
7.517041999233282468e+02 1.179142098562787737e+02
7.527663493583999070e+02 1.179568459284232773e+02
7.538287318219116742e+02 1.179875299745556703e+02
7.548902193103169793e+02 1.180067203698543779e+02
7.559496838770057821e+02 1.180148755217251875e+02
7.570060535104170185e+02 1.180124854984592275e+02
7.580584168323587164e+02 1.180001312915647134e+02
7.591058911216232445e+02 1.179784101132471505e+02
7.601475936570031990e+02 1.179479191757120873e+02
7.611828132081304830e+02 1.179092886136461971e+02
7.622117849919261516e+02 1.178633302588643232e+02
7.632350689510840311e+02 1.178109182834100466e+02
7.642532253196120564e+02 1.177529269152526155e+02
7.652668637592206551e+02 1.176902008155596491e+02
7.662771512388424071e+02 1.176232512739039606e+02
7.672856062372889028e+02 1.175523793126949101e+02
7.682937527408820415e+02 1.174778826598430186e+02
7.693030934691978473e+02 1.174000481663302651e+02
7.703145265739126444e+02 1.173188534754380754e+02
7.713282735713991087e+02 1.172339301637006770e+02
7.723445202404726615e+02 1.171448915295931243e+02
7.733634498320093371e+02 1.170513504174460451e+02
7.743849020025070331e+02 1.169528579448602841e+02
7.754080277846280751e+02 1.168488415181648179e+02
7.764318960346759013e+02 1.167387137807059077e+02
7.774555756098204711e+02 1.166218873788645993e+02
7.784782451714713716e+02 1.164981600050232657e+02
7.794994966543629289e+02 1.163687785600833848e+02
7.805190192044856303e+02 1.162353308316515381e+02
7.815365019678306453e+02 1.160994046073343497e+02
7.825516825713647222e+02 1.159626478343471376e+02
7.835646546199600380e+02 1.158271501897038576e+02
7.845756703628823061e+02 1.156951982108257369e+02
7.855849827785082198e+02 1.155690793398817249e+02
7.865928517680027880e+02 1.154510112059694933e+02
7.875996477869787213e+02 1.153420965484914689e+02
7.886058301074233441e+02 1.152425424354080548e+02
7.896118605110661974e+02 1.151525306251090797e+02
7.906182040066521495e+02 1.150722270195084320e+02
7.916254809856245629e+02 1.150010340216226581e+02
7.926345329440425758e+02 1.149372675999425297e+02
7.936462182642246717e+02 1.148791607494960374e+02
7.946613948404603889e+02 1.148249467478666475e+02
7.956806915376757843e+02 1.147729914743780029e+02
7.967041437057523581e+02 1.147220044373379437e+02
7.977316918134770276e+02 1.146707500786145033e+02
7.987632763296372786e+02 1.146179928400756580e+02
7.997988164371583935e+02 1.145628400723733478e+02
8.008381258773938498e+02 1.145060977579248060e+02
8.018809858022056005e+02 1.144490968860026356e+02
8.029271773539239803e+02 1.143931685994152616e+02
8.039764612314548913e+02 1.143396454307530661e+02
8.050283947666749782e+02 1.142898737378754106e+02
8.060824187230207372e+02 1.142452078031808469e+02
8.071379724841991674e+02 1.142070020028646695e+02
8.081944883572372191e+02 1.141765788477713102e+02
8.092512299150164381e+02 1.141545010612005626e+02
8.103072886111128810e+02 1.141405563359820690e+02
8.113617481453076152e+02 1.141344974506323808e+02
8.124136947499839607e+02 1.141360732001577674e+02
8.134624588626179502e+02 1.141446482713916453e+02
8.145078149460157420e+02 1.141588889473918584e+02
8.155495844950360151e+02 1.141773875348881120e+02
8.165875890326701665e+02 1.141987363715437169e+02
8.176218401782447245e+02 1.142217368132788806e+02
8.186529930095803138e+02 1.142458977234676922e+02
8.196818386172368491e+02 1.142708775167406543e+02
8.207091680917737904e+02 1.142963346077281557e+02
8.217357556537001528e+02 1.143220884650915536e+02
8.227622648519087534e+02 1.143490151109426733e+02
8.237893146281049894e+02 1.143784164207280014e+02
8.248175238009349641e+02 1.144115954447097465e+02
8.258474973185495855e+02 1.144497493376952804e+02
8.268796476494229637e+02 1.144926057523460656e+02
8.279142464360836584e+02 1.145388171939120525e+02
8.289515620985375790e+02 1.145870115650087371e+02
8.299918592654455551e+02 1.146358077500796497e+02
8.310352560572471248e+02 1.146834761459315644e+02
8.320816807826985269e+02 1.147278356591845068e+02
8.331310491160620586e+02 1.147666751437755721e+02
8.341832762500102945e+02 1.147977850929560617e+02
8.352381487354742831e+02 1.148193938922820365e+02
8.362951518246692331e+02 1.148307555383433822e+02
8.373537276926602999e+02 1.148312706609417120e+02
8.384133185145146854e+02 1.148203398898787668e+02
8.394734386841599871e+02 1.147976189653605701e+02
8.405339239910724700e+02 1.147638989452511993e+02
8.415946995985143531e+02 1.147202865969359635e+02
8.426556906733574124e+02 1.146678887005572989e+02
8.437168581762625763e+02 1.146078643610049710e+02
8.447784785951064350e+02 1.145418339330913398e+02
8.458409925871038695e+02 1.144716577607331374e+02
8.469048422179973841e+02 1.143991982468887016e+02
8.479704541519261056e+02 1.143262719275543589e+02
8.490379432670795268e+02 1.142537668202515562e+02
8.501071345611128436e+02 1.141817076597482128e+02
8.511778420184492688e+02 1.141100863827032299e+02
8.522498776225255597e+02 1.140388924393625416e+02
8.533229099649898899e+02 1.139679371021919110e+02
8.543963708118969862e+02 1.138967373655876969e+02
8.554696697539121715e+02 1.138247826689408839e+02
8.565422163825394364e+02 1.137515626499271804e+02
8.576134217150430459e+02 1.136769040523910519e+02
8.586827011136781493e+02 1.136016609483111921e+02
8.597494707654282138e+02 1.135268824080517760e+02
8.608131468572763652e+02 1.134536175019769360e+02
8.618730500227508173e+02 1.133829111591479943e+02
8.629279396130029909e+02 1.133157839825539384e+02
8.639763706962969536e+02 1.132532477215291351e+02
8.650168980474824139e+02 1.131963141126913115e+02
8.660480372101187641e+02 1.131459302865519874e+02
8.670678274888578017e+02 1.131022591031797617e+02
8.680739910779971069e+02 1.130649412051728291e+02
8.690642444255095143e+02 1.130336077720785966e+02
8.700366554113418260e+02 1.130078850465707490e+02
8.710004090965679779e+02 1.129872430985140710e+02
8.719778114966163685e+02 1.129709676762016244e+02
8.729919242667695016e+02 1.129583339127896124e+02
8.740659513847648441e+02 1.129486185042209456e+02
8.752472733548128190e+02 1.129413636193286408e+02
8.766345282008652475e+02 1.129366742655285520e+02
8.783328917256649220e+02 1.129347272390038484e+02
8.804475397319538388e+02 1.129356993359375423e+02
