2.137644407779504263e+01 1.151928572030975744e+02
2.317780533717986557e+01 1.148598452093029891e+02
2.461671080314478388e+01 1.146023352059514906e+02
2.581164993579049849e+01 1.144021614766072616e+02
2.687953843891396843e+01 1.142414264213640251e+02
2.789555981057814904e+01 1.141093422413391352e+02
2.888983647968041168e+01 1.140027980679732593e+02
2.989025011663097686e+01 1.139190647845629201e+02
3.092006375486251102e+01 1.138546745677219860e+02
3.198049252526319819e+01 1.138026332435357659e+02
3.306617992388108718e+01 1.137548955681318574e+02
3.417178622359608653e+01 1.137034559516797572e+02
3.529262168547269596e+01 1.136417549204626170e+02
3.642481521534721622e+01 1.135650543498646385e+02
3.756454791855682629e+01 1.134687322505185563e+02
3.870840232762731858e+01 1.133494046580877352e+02
3.985525273777214750e+01 1.132107555389881384e+02
4.100478545706896938e+01 1.130589731550088004e+02
4.215670072410352276e+01 1.129002501936527523e+02
4.331137795049812667e+01 1.127408573716400895e+02
4.447019568874509332e+01 1.125871801955540406e+02
4.563461246827307605e+01 1.124456133604135601e+02
4.680584435464251669e+01 1.123217179270193071e+02
4.798344489239322286e+01 1.122153389110499404e+02
4.916627027735943756e+01 1.121239237183990554e+02
5.035316788002319299e+01 1.120448931273970601e+02
5.154246227898227772e+01 1.119741721097611986e+02
5.273157769475794510e+01 1.119051095421970814e+02
5.391784932694357479e+01 1.118307995956725307e+02
5.509882758234977018e+01 1.117448699560353305e+02
5.627384682492895962e+01 1.116453708730809637e+02
5.744312350374559628e+01 1.115325393519503479e+02
5.860687808062098725e+01 1.114066229757245878e+02
5.976501353968846075e+01 1.112671709213849454e+02
6.091679078805150027e+01 1.111123198870797779e+02
6.206139327601390221e+01 1.109400361769316419e+02
6.319798149776573126e+01 1.107482357530438293e+02
6.432548376925528544e+01 1.105343254181020427e+02
6.544269359240115591e+01 1.102954163319603396e+02
6.654840311805057240e+01 1.100286167602946392e+02
6.764149497068699191e+01 1.097312534488664966e+02
6.872106746935354238e+01 1.094011740130283385e+02
6.978625039022179521e+01 1.090363020323184600e+02
7.083623601134232217e+01 1.086347112555579031e+02
7.187099743814653152e+01 1.081963514757710243e+02
7.289103854897206247e+01 1.077224477402295406e+02
7.389687373766373923e+01 1.072142503631319386e+02
7.488933523960292860e+01 1.066737750124706849e+02
7.587015234169112432e+01 1.061051974319528313e+02
7.684121145917117701e+01 1.055130717260669826e+02
7.780437609757555606e+01 1.049018966351353868e+02
7.876115046944970288e+01 1.042753026232612967e+02
7.971275351562617573e+01 1.036362307599500099e+02
8.066039628206196710e+01 1.029876030358720840e+02
8.160507508285348877e+01 1.023318231829557021e+02
8.254706580449452247e+01 1.016695561697125072e+02
8.348649341692065207e+01 1.010011027251536859e+02
8.442347743674184812e+01 1.003267504318049390e+02
8.535802771561250779e+01 9.964652249979563692e+01
8.629005254167371675e+01 9.896019729723458624e+01
8.721945637302179932e+01 9.826754395903348893e+01
8.814605513382491608e+01 9.756811792807047823e+01
8.906931061253861515e+01 9.686061987908880155e+01
8.998859606369032349e+01 9.614353679479810921e+01
9.090329404574774230e+01 9.541537811977485717e+01
9.181303383514163841e+01 9.467524893290527643e+01
9.271771110628016288e+01 9.392289745949828728e+01
9.361723478078334892e+01 9.315810390670065999e+01
9.451173197414053107e+01 9.238117524083395438e+01
9.540237138990978849e+01 9.159493300882138556e+01
9.629063218913729827e+01 9.080294825770123168e+01
9.717797615759309338e+01 9.000875008650091047e+01
9.806523236893210083e+01 8.921434007821775936e+01
9.895243301083915810e+01 8.841979594547497356e+01
9.983955945891136707e+01 8.762507272855135909e+01
1.007264664627972479e+02 8.682981976452134631e+01
1.016122858599148771e+02 8.603194111954269374e+01
1.024958933468374909e+02 8.522872247880212626e+01
1.033761792673915494e+02 8.441748488909271941e+01
1.042528161436581797e+02 8.359743774316342524e+01
1.051266271709926770e+02 8.277056840567783524e+01
1.059985276512050092e+02 8.193908660602302518e+01
1.068694983330334765e+02 8.110536007675676728e+01
1.077409687203022202e+02 8.027283994316987048e+01
1.086145565483071493e+02 7.944543176241329263e+01
1.094918753626529053e+02 7.862703097683908027e+01
1.103741462926063548e+02 7.782058565253954896e+01
1.112619146435933004e+02 7.702741227353214981e+01
1.121556589004412530e+02 7.624866600473933431e+01
1.130558555363860336e+02 7.548549715466791099e+01
1.139629643496032827e+02 7.473901577463720969e+01
1.148774368932151049e+02 7.401031201063088361e+01
1.157997248256171190e+02 7.330047626278698658e+01
1.167303028625848782e+02 7.261065459689535828e+01
1.176696923518765061e+02 7.194210565874013241e+01
1.186184202666875365e+02 7.129610167516462127e+01
1.195769525347460700e+02 7.067376749622714271e+01
1.205451376696395869e+02 7.007473740250090088e+01
1.215224656841432704e+02 6.949778017709753897e+01
1.225084212315502157e+02 6.894165166419432467e+01
1.235022131610281377e+02 6.840444185759591278e+01
1.245023927882146353e+02 6.788265332399596730e+01
1.255074155333442718e+02 6.737255711799701885e+01
1.265156893212366072e+02 6.687030962985527083e+01
1.275250287230230128e+02 6.637063476391361405e+01
1.285328449734900573e+02 6.586728268213570914e+01
1.295365419943684344e+02 6.535398589116014989e+01
1.305338605258525604e+02 6.482529004734477951e+01
1.315234919186769105e+02 6.427803577830719917e+01
1.325042940333628678e+02 6.370946570086998406e+01
1.334751489339207069e+02 6.311688086433999700e+01
1.344353182676784968e+02 6.249849871467394991e+01
1.353843650638091276e+02 6.185326429912203139e+01
1.363218607292237721e+02 6.118014289061800071e+01
1.372478192601695355e+02 6.047916827607455303e+01
1.381637395446701646e+02 5.975395911780436364e+01
1.390714315287314378e+02 5.900888504470525930e+01
1.399726846109248868e+02 5.824826608261232508e+01
1.408688749862759266e+02 5.747542475269791140e+01
1.417609961714647966e+02 5.669275976161829078e+01
1.426500272520517854e+02 5.590263497821337069e+01
1.435369276533987204e+02 5.510736682700732558e+01
1.444225781600736411e+02 5.430908195526130555e+01
1.453078398964461826e+02 5.350985956592067083e+01
1.461935934847425926e+02 5.271182593014518147e+01
1.470812365831307034e+02 5.191835545414768660e+01
1.479727251282563145e+02 5.113417023949905627e+01
1.488700428183623501e+02 5.036405940481775900e+01
1.497750157948542551e+02 4.961243152488025743e+01
1.506887180729558224e+02 4.888187857931160352e+01
1.516119994878984585e+02 4.817445109033678108e+01
1.525456978134353676e+02 4.749217043436721042e+01
1.534902143494114739e+02 4.683600327410589159e+01
1.544454006670900981e+02 4.620558788524242289e+01
1.554110732852202545e+02 4.560047784111272051e+01
1.563869776875892228e+02 4.502005514293424682e+01
1.573724538167575133e+02 4.446272228034574425e+01
1.583666979247129802e+02 4.392653468436299136e+01
1.593689183840118062e+02 4.340957711883754655e+01
1.603789666319128457e+02 4.291149057842663694e+01
1.613976401270743679e+02 4.243420545050067716e+01
1.624258120531052612e+02 4.197983537848617885e+01
1.634643343550272618e+02 4.155044557292971064e+01
1.645139133495745511e+02 4.114776915085147380e+01
1.655751942693227079e+02 4.077339993179039368e+01
1.666488103129804870e+02 4.042890287506496350e+01
1.677344346876602685e+02 4.011353864111552525e+01
1.688300872921250857e+02 3.982259940087770644e+01
1.699336245579052616e+02 3.955098494960119382e+01
1.710429361179097327e+02 3.929367118964580641e+01
1.721561868274007452e+02 3.904626491216983908e+01
1.732716776264906002e+02 3.880468485395154943e+01
1.743877104813587380e+02 3.856485135091332239e+01
1.755025956441818096e+02 3.832259779793152177e+01
1.766146601250022741e+02 3.807358175753063989e+01
1.777222329554435873e+02 3.781343958074396738e+01
1.788236994171300012e+02 3.753790494064897132e+01
1.799180137044564276e+02 3.724369582592816386e+01
1.810044603503652354e+02 3.692810176699095592e+01
1.820823268652142701e+02 3.658841665036449342e+01
1.831505816901994308e+02 3.622114985080895622e+01
1.842074325865518745e+02 3.582094042011250679e+01
1.852509763771116980e+02 3.538215464013319433e+01
1.862793786665918674e+02 3.489945382924563688e+01
1.872916643421837648e+02 3.437118515646189110e+01
1.882874423943895579e+02 3.379820127369961114e+01
1.892663332445614230e+02 3.318140543338530790e+01
1.902281865755586239e+02 3.252402275380946861e+01
1.911734991202944798e+02 3.183583140899223096e+01
1.921028809495447547e+02 3.112775741201794233e+01
1.930167918183048528e+02 3.041065201682933150e+01
1.939133340791881324e+02 2.969419402975286815e+01
1.947887383527121585e+02 2.898713135628483073e+01
1.956391845903652325e+02 2.829818531327767772e+01
1.964660354878150201e+02 2.763056242446424449e+01
1.972880419008078263e+02 2.696896702588521322e+01
1.981275971902648223e+02 2.629422757976212921e+01
1.990088338746756449e+02 2.558560587767104977e+01
1.999908584779578860e+02 2.479085837282959304e+01
2.011651678426980823e+02 2.382856362085030710e+01
2.026244802774298250e+02 2.261619985447801184e+01
