2.251497998566752656e+01 3.250809002632349376e+01
2.407752905159784262e+01 3.314701262936695514e+01
2.532609543898174209e+01 3.367802431042117206e+01
2.636755689101056177e+01 3.413317265253817823e+01
2.730695330931607856e+01 3.454384013596662584e+01
2.821051492746497047e+01 3.492736427668990729e+01
2.910749278507779891e+01 3.528770006300118212e+01
3.002566616366478414e+01 3.562826985932750290e+01
3.098668467489540390e+01 3.595018421557097099e+01
3.199025394700582581e+01 3.624627747411278023e+01
3.303117095700562800e+01 3.650753267188076734e+01
3.410416422640444267e+01 3.672514296419913649e+01
3.520273336357648475e+01 3.689407355184460613e+01
3.631931499989249090e+01 3.701255235405339050e+01
3.744631079854812583e+01 3.707891494357318862e+01
3.857636916195350096e+01 3.709171882355580863e+01
3.970292973555191196e+01 3.705023318332136029e+01
4.081959044783567236e+01 3.695386958040294445e+01
4.192013127926845328e+01 3.680212654269732298e+01
4.300113779297607408e+01 3.659584288869351099e+01
4.406139777646775713e+01 3.633690948951218047e+01
4.509975876936120187e+01 3.602724578437711500e+01
4.611566004196029667e+01 3.566907696617683143e+01
4.711024298145224520e+01 3.526550773005803308e+01
4.808495315786696978e+01 3.481979994574206216e+01
4.904135165546799868e+01 3.433546167044694641e+01
4.998254034393692535e+01 3.381928473078482256e+01
5.091271799617979354e+01 3.328039870734363603e+01
5.183610701768645157e+01 3.272798382110811133e+01
5.275698548237739516e+01 3.217146533843327916e+01
5.367977533695608372e+01 3.162090183541519295e+01
5.460892146084296428e+01 3.108645283506102075e+01
5.554861546702349528e+01 3.057767601298974824e+01
5.650010474617653955e+01 3.009713256893303424e+01
5.746273719071851360e+01 2.964286984721123019e+01
5.843582739513825430e+01 2.921285581277128074e+01
5.941826669499608471e+01 2.880398753310115012e+01
6.040796190417802336e+01 2.841067111403703649e+01
6.140268016689512365e+01 2.802695927985622859e+01
6.240034938532390640e+01 2.764731132326256358e+01
6.340053574444888085e+01 2.727032987170491651e+01
6.440376231297709353e+01 2.689703758020922919e+01
6.541056566526036420e+01 2.652849580584544498e+01
6.642172685286668354e+01 2.616712224912088658e+01
6.743853959552168931e+01 2.581817885959852532e+01
6.846236216698110866e+01 2.548728572833402950e+01
6.949444470145411401e+01 2.518018618365970696e+01
7.053506646981765016e+01 2.490372996277285722e+01
7.158399399928831031e+01 2.466535113241795329e+01
7.264098302521952633e+01 2.447247943492858724e+01
7.370510856611494432e+01 2.433148205115518437e+01
7.477415672541194169e+01 2.424671423657106573e+01
7.584577004083025997e+01 2.422230714847740529e+01
7.691759155521566527e+01 2.426161156330483948e+01
7.798726832296851796e+01 2.436178071377730348e+01
7.905244931148807552e+01 2.451701239602732585e+01
8.011079075000246519e+01 2.472149068340949540e+01
8.116052698822595346e+01 2.496975676792482446e+01
8.220088217727800384e+01 2.525696326522491475e+01
8.323117759342588329e+01 2.557832278745377508e+01
8.425099436369973205e+01 2.592885757055938001e+01
8.526174528480410686e+01 2.630224790212871966e+01
8.626563061253557407e+01 2.669159714834626840e+01
8.726485246903681059e+01 2.709000763195552608e+01
8.826154192935746323e+01 2.749065316216887567e+01
8.925771994555276478e+01 2.788681835222543270e+01
9.025539799673228458e+01 2.827179734689351420e+01
9.125633955180312284e+01 2.863917603179908866e+01
9.226075214026496951e+01 2.898437058459969506e+01
9.326824125485187267e+01 2.930350537447349168e+01
9.427840115999313753e+01 2.959275104557317349e+01
9.529036314793026463e+01 2.985036551498752999e+01
9.630260818845147242e+01 3.007753862637058262e+01
9.731356849601615977e+01 3.027568003286205212e+01
9.832236467319508222e+01 3.044631990498281127e+01
9.933196933806510742e+01 3.059166279274019828e+01
1.003466942387009766e+02 3.071414769010959844e+01
1.013708292007522402e+02 3.081619070909375324e+01
1.024077979116157735e+02 3.089934739154988463e+01
1.034599206186925926e+02 3.096407693297828700e+01
1.045294459680622197e+02 3.101076738785812381e+01
1.056177045006506887e+02 3.103957229116210570e+01
1.067214372305154484e+02 3.104947283548789017e+01
1.078359539853319262e+02 3.103908463316956556e+01
1.089565831722766944e+02 3.100703961023091182e+01
1.100792309363011583e+02 3.095246809793474796e+01
1.112004713479445854e+02 3.087507663638281485e+01
1.123169156839399534e+02 3.077460386287156169e+01
1.134258870256236662e+02 3.065164722158352362e+01
1.145278905562383045e+02 3.051064342806344243e+01
1.156243203238100250e+02 3.035710163148921481e+01
1.167165719176426819e+02 3.019648276779689411e+01
1.178060786425667601e+02 3.003303491570676442e+01
1.188943133858621906e+02 2.986973326015934305e+01
1.199827509092457376e+02 2.970949270789114749e+01
1.210730345542213371e+02 2.955552044490151076e+01
1.221674819814421795e+02 2.941219277424116640e+01
1.232685794313488685e+02 2.928417827822365638e+01
1.243787394664187076e+02 2.917598683394517067e+01
1.254988187928708641e+02 2.908877694320284490e+01
1.266281916432726860e+02 2.902051380150309612e+01
1.277661732471128602e+02 2.896903553636834872e+01
1.289118071733755642e+02 2.893218678835086877e+01
1.300631644568368017e+02 2.890783551440078014e+01
1.312180985860259170e+02 2.889385488711488392e+01
1.323744495228236531e+02 2.888827275800147731e+01
1.335298143987157573e+02 2.889189377438781747e+01
1.346815803033891257e+02 2.890792443773869280e+01
1.358271274364019234e+02 2.893965055405811171e+01
1.369639441285904695e+02 2.899068960025913810e+01
1.380898654660500142e+02 2.906572265515015019e+01
1.392027959010217444e+02 2.916964356421661364e+01
1.403007208649030417e+02 2.930717346849508687e+01
1.413828737498502903e+02 2.948037197998690928e+01
1.424494675269324375e+02 2.968920956029438685e+01
1.435007414969468300e+02 2.993360046561699761e+01
1.445369503557541861e+02 3.021337440194342605e+01
1.455583930832070223e+02 3.052811786607155753e+01
1.465653765730862119e+02 3.087737389123712717e+01
1.475582604692307882e+02 3.126054871307065142e+01
1.485381080215916541e+02 3.167522389375162462e+01
1.495064833855695383e+02 3.211768198901214788e+01
1.504649623297869425e+02 3.258417555087362416e+01
1.514155250628814713e+02 3.306996046173320991e+01
1.523611970521739352e+02 3.356771675209166261e+01
1.533051703748267300e+02 3.406971387248307082e+01
1.542505310656445943e+02 3.456847723774860981e+01
1.551991324170292899e+02 3.505950784780038987e+01
1.561520324037027478e+02 3.554022643485427579e+01
1.571102743171639986e+02 3.600808919120156304e+01
1.580745328377690271e+02 3.646144665857345046e+01
1.590446252377121539e+02 3.690072968073150861e+01
1.600202471525367685e+02 3.732666422455726263e+01
1.610011009946353511e+02 3.773996045722436321e+01
1.619869582392007601e+02 3.814116753124223180e+01
1.629776306994365029e+02 3.853074055411748589e+01
1.639729281714618594e+02 3.890913955047091122e+01
1.649722507870433788e+02 3.927781446513426999e+01
1.659741396127466544e+02 3.964029110333559203e+01
1.669770275435644464e+02 4.000035665801055274e+01
1.679793725312676145e+02 4.036173774602371367e+01
1.689798574842478729e+02 4.072761713984403542e+01
1.699772841176096279e+02 4.110089039049879744e+01
1.709704610777292828e+02 4.148443628858607468e+01
1.719588447261317583e+02 4.187956732836519791e+01
1.729431178517680223e+02 4.228463027326282031e+01
1.739240998491250707e+02 4.269764154897732311e+01
1.749025814283960187e+02 4.311668542732377318e+01
1.758791254979754513e+02 4.354038499300893506e+01
1.768541863339025895e+02 4.396762027565378617e+01
1.778282077889450363e+02 4.439729637545006824e+01
1.788008559096583667e+02 4.483019134349576262e+01
1.797704650588051436e+02 4.527028991441562766e+01
1.807352389264852661e+02 4.572189148152271088e+01
1.816934599614582453e+02 4.618910960490796924e+01
1.826439657767138840e+02 4.667474791940413326e+01
1.835858326577093464e+02 4.718104690559803061e+01
1.845181445572370933e+02 4.771022978216519306e+01
1.854403899939367761e+02 4.826361494614567960e+01
1.863526845635121560e+02 4.884111832104498774e+01
1.872551978037795379e+02 4.944253518748377729e+01
1.881481121837613841e+02 5.006766203499753942e+01
1.890316912988726017e+02 5.071630293748005158e+01
1.899062301346136223e+02 5.138826490342684394e+01
1.907720375462542393e+02 5.208332134385555889e+01
1.916300662820970331e+02 5.279967794998120922e+01
1.924821735467109818e+02 5.353333828637936875e+01
1.933302843526617778e+02 5.428014082197495327e+01
1.941762050427383599e+02 5.503603074889539926e+01
1.950210779188891763e+02 5.579755045062619701e+01
1.958658144332624715e+02 5.656144992063276788e+01
1.967112756977138019e+02 5.732455143500098416e+01
1.975564574771870525e+02 5.808636031362608776e+01
1.983979791280298173e+02 5.884980001183481590e+01
1.992323058033738050e+02 5.961801578497508558e+01
2.000558455815610728e+02 6.039365372632333617e+01
2.008647212290839548e+02 6.117686466188740013e+01
2.016549665415132893e+02 6.196702129987840379e+01
2.024226708562360670e+02 6.276338432347781549e+01
2.031656088760386183e+02 6.356182465775280122e+01
2.038835037632413787e+02 6.435429431112513043e+01
2.045761872173493998e+02 6.513252699229272480e+01
2.052467824430717087e+02 6.589241098992569334e+01
2.059131272239979751e+02 6.664840752238060873e+01
2.065971696052231152e+02 6.742016583266310192e+01
2.073220537739412066e+02 6.822859128818569729e+01
2.081409790187868225e+02 6.912615051710190528e+01
2.091386874606226627e+02 7.019843369414293477e+01
2.104014149390384034e+02 7.153259956789106866e+01
