2.354781126393323376e+01 5.217997896368362376e+01
2.485699742550035296e+01 5.117377053573995482e+01
2.594612663991353685e+01 5.037352010218582876e+01
2.689128733647288172e+01 4.970995870530500582e+01
2.776693497932394905e+01 4.911546492430448296e+01
2.861895424343017780e+01 4.855124307908407388e+01
2.946890738710021651e+01 4.800303694734580517e+01
3.033757122844394161e+01 4.745737904429191900e+01
3.123890755205455605e+01 4.690488538503511506e+01
3.216795620169290260e+01 4.634750982235335925e+01
3.311649963460978796e+01 4.578915800243682099e+01
3.407654089161992772e+01 4.523340709805057003e+01
3.504248449268088450e+01 4.468025821280276944e+01
3.601021034062309667e+01 4.412751544134489734e+01
3.697563120884446164e+01 4.357295708707542303e+01
3.793608728115681572e+01 4.301513540032092919e+01
3.889171720020542011e+01 4.245411996559337808e+01
3.984298482285547749e+01 4.189015669969436573e+01
4.079039645774425793e+01 4.132353172826000076e+01
4.173476400905313710e+01 4.075482062634314673e+01
4.267703322458230986e+01 4.018472574099372707e+01
4.361815009407177968e+01 3.961395819596496892e+01
4.455904538412588067e+01 3.904361476635038741e+01
4.550062844915669302e+01 3.847533466743618646e+01
4.644380703518530851e+01 3.791079786026210741e+01
4.738952443560521743e+01 3.735184706716670178e+01
4.833889866589682782e+01 3.680112501318553342e+01
4.929310133437774510e+01 3.626151980969921595e+01
5.025325673273318472e+01 3.573580628649898472e+01
5.121936471730489870e+01 3.522406650934163963e+01
5.219028043708631515e+01 3.472364123316039297e+01
5.316480770605434714e+01 3.423174827637622997e+01
5.414211075461849987e+01 3.374646176892719751e+01
5.512257757831205396e+01 3.326876337790641003e+01
5.610685566425313198e+01 3.280025129510610782e+01
5.709561551761722598e+01 3.234257875977509400e+01
5.808985059911123727e+01 3.189817135612350185e+01
5.909079244195632441e+01 3.147002401642614444e+01
6.009967461572858838e+01 3.106113648613284539e+01
6.111672891934830432e+01 3.067209658395859861e+01
6.213980974229708210e+01 3.029776812647141071e+01
6.316642651390919383e+01 2.993218438225222400e+01
6.419412472384057367e+01 2.956945985654590103e+01
6.522077471402987214e+01 2.920444088156185458e+01
6.624441886820771686e+01 2.883236136512189063e+01
6.726311380588477107e+01 2.844848764075936742e+01
6.827588527177449862e+01 2.805029647838262719e+01
6.928339568644324231e+01 2.763899767210498482e+01
7.028646524918767113e+01 2.721616088682196732e+01
7.128624516890064911e+01 2.678411728364151756e+01
7.228589255036169448e+01 2.634981263949480379e+01
7.328931612882617230e+01 2.592192187683340876e+01
7.430044186094671943e+01 2.550918018450818181e+01
7.532373238305238772e+01 2.512225444706917798e+01
7.636430378340327252e+01 2.477416354848244850e+01
7.742731168642735895e+01 2.447806867705032374e+01
7.851640381746302921e+01 2.424448432761937156e+01
7.962894323968211552e+01 2.407289403524380944e+01
8.076065595224258686e+01 2.395990792876498432e+01
8.190719839560696869e+01 2.390208828342364455e+01
8.306293710067514269e+01 2.389511004822999496e+01
8.422110043639389687e+01 2.393386523284333833e+01
8.537487917088213862e+01 2.401321896986004134e+01
8.651896870446844900e+01 2.412802553504261738e+01
8.765241176224425601e+01 2.427310783556900020e+01
8.877503160402758908e+01 2.444328314658571699e+01
8.988662521752176815e+01 2.463379545690285255e+01
9.098668918315952681e+01 2.484476799280235326e+01
9.207452862112336334e+01 2.507943369234204667e+01
9.314944146010957127e+01 2.534108477157719364e+01
9.421013301951091989e+01 2.563433284574346160e+01
9.525410207246721939e+01 2.596647581280554462e+01
9.627870067756425954e+01 2.634513821943439638e+01
9.728151709525938884e+01 2.677706237112671062e+01
9.826191630924284937e+01 2.726235430762568157e+01
9.922007194765802751e+01 2.779809968857674107e+01
1.001561558385047874e+02 2.838135560251864931e+01
1.010700384166258772e+02 2.900849757135555862e+01
1.019611505130789055e+02 2.967490700260898961e+01
1.028288881903486924e+02 3.037588667859401426e+01
1.036728401381490414e+02 3.110717938627243839e+01
1.044935819646092909e+02 3.186678225998420544e+01
1.052920044971726696e+02 3.265341246707543377e+01
1.060691489567545460e+02 3.346568703118011712e+01
1.068298701954807370e+02 3.429967320417998167e+01
1.075830467244506821e+02 3.514874804285778964e+01
1.083377492653683873e+02 3.600616008417755864e+01
1.091016193094346249e+02 3.686596843151372127e+01
1.098772433846455243e+02 3.772509903398081121e+01
1.106660909950570044e+02 3.858111134388512653e+01
1.114694672363261816e+02 3.943169068316864667e+01
1.122862436629674505e+02 4.027638547163864757e+01
1.131134319440431000e+02 4.111616804117642943e+01
1.139479965376494874e+02 4.195204724586408673e+01
1.147868529674240392e+02 4.278520219532991575e+01
1.156267960207426881e+02 4.361723207165485405e+01
1.164646021928952848e+02 4.444979969978340506e+01
1.172970527688494258e+02 4.528456130184537898e+01
1.181209742310512070e+02 4.612311079294529748e+01
1.189332179102518836e+02 4.696700783353374931e+01
1.197306571551798413e+02 4.781779986395697790e+01
1.205120298979915106e+02 4.867601763214330646e+01
1.212793417865490539e+02 4.954041011442941311e+01
1.220349288557734724e+02 5.040954613859300792e+01
1.227817280722847215e+02 5.128158552750974053e+01
1.235264763839428497e+02 5.215210176860693991e+01
1.242773917868325242e+02 5.301566032130267558e+01
1.250426022359145435e+02 5.386686196710825669e+01
1.258268293633145589e+02 5.470167904007821846e+01
1.266304955287207576e+02 5.551781497209042016e+01
1.274537480648243672e+02 5.631308393437285531e+01
1.282962326984958565e+02 5.708591210033814178e+01
1.291554167770877370e+02 5.783738345351228105e+01
1.300281764425850213e+02 5.856930329874850116e+01
1.309114957520266671e+02 5.928331069711941126e+01
1.318044832136395428e+02 5.997777205075599483e+01
1.327081901630842538e+02 6.064806088927284122e+01
1.336237393935567468e+02 6.128944115440333462e+01
1.345521747839786713e+02 6.189802856224787320e+01
1.354943028907560176e+02 6.247250040902012813e+01
1.364508858396364133e+02 6.301201356064674286e+01
1.374226717747947077e+02 6.351581546791059196e+01
1.384102407974309301e+02 6.398424231094949022e+01
1.394140619202748326e+02 6.441834999816832408e+01
1.404345992427554108e+02 6.481920757474483707e+01
1.414718229671403265e+02 6.518794098891838473e+01
1.425246587959258591e+02 6.552579652822068113e+01
1.435918995993551448e+02 6.583403578410191415e+01
1.446721635726030399e+02 6.611319260075741511e+01
1.457626953884902434e+02 6.635807832785275195e+01
1.468600902426332482e+02 6.656079840368816747e+01
1.479609277447826514e+02 6.671341112883192181e+01
1.490611282750342355e+02 6.680622912788939516e+01
1.501556150000778587e+02 6.682692435015545129e+01
1.512392281160900893e+02 6.676294903449610274e+01
1.523072925511873734e+02 6.660445324810785905e+01
1.533577223871870387e+02 6.635599727470572873e+01
1.543892926490182731e+02 6.602693307053127114e+01
1.554008567968790260e+02 6.562669181413224351e+01
1.563933835402547174e+02 6.516676958160610411e+01
1.573701545803992303e+02 6.466092038198712544e+01
1.583345691208854475e+02 6.412301290770301421e+01
1.592899116238849615e+02 6.356565003590658591e+01
1.602390437707018975e+02 6.299677056893023064e+01
1.611847298907589447e+02 6.242323933321738139e+01
1.621296149532233244e+02 6.185159797434105400e+01
1.630744780658656055e+02 6.128333611525825120e+01
1.640186200104431009e+02 6.071594065049890077e+01
1.649613019039501864e+02 6.014679108865644253e+01
1.659021684094173281e+02 5.957431016264401791e+01
1.668418482683925959e+02 5.899959724532356375e+01
1.677811258452912000e+02 5.842417499527609692e+01
1.687208333700112917e+02 5.784970310269481075e+01
1.696622764892686064e+02 5.727919657826589628e+01
1.706070309850148874e+02 5.671644378885402915e+01
1.715566635375223541e+02 5.616521278452763966e+01
1.725115577412422851e+02 5.562643877968397987e+01
1.734699452331621501e+02 5.509590424176032286e+01
1.744298296025302761e+02 5.456884559008904745e+01
1.753891505249602574e+02 5.404034193877541270e+01
1.763454258164001374e+02 5.350443411438074293e+01
1.772960023128933074e+02 5.295474212507710376e+01
1.782382628263860056e+02 5.238497255632359639e+01
1.791710308649306285e+02 5.179230013115061126e+01
1.800950149952778361e+02 5.117843740875388647e+01
1.810110511374728617e+02 5.054540352148089966e+01
1.819203478184682865e+02 4.989611648708032732e+01
1.828257997548664093e+02 4.923756212566766521e+01
1.837307784132642894e+02 4.857787637991889085e+01
1.846386449226467903e+02 4.792517027407387076e+01
1.855525434938501235e+02 4.728703195790116354e+01
1.864754127422988290e+02 4.667055399980518615e+01
1.874101831536098643e+02 4.608280937142784950e+01
1.883597181025410805e+02 4.553070901727951991e+01
1.893266708468299271e+02 4.502065659201591075e+01
1.903136536334692153e+02 4.455895673720561234e+01
1.913231372608913432e+02 4.415157254933426856e+01
1.923558040928224386e+02 4.380014872758910371e+01
1.934111103388905519e+02 4.350336927008995502e+01
1.944884793882981739e+02 4.325983893974298411e+01
1.955855781378849940e+02 4.306392395678593488e+01
1.966962141854173751e+02 4.290067777463774235e+01
1.978136820641352642e+02 4.275391578503645462e+01
1.989317315149801857e+02 4.260855428889163932e+01
2.000478558007974925e+02 4.245856320721742350e+01
2.011613868589989522e+02 4.230235925243083983e+01
2.022716858499068167e+02 4.213842983771942130e+01
2.033791365410984895e+02 4.196773713095785752e+01
2.044857272037191933e+02 4.179512626946419118e+01
2.055935864307573979e+02 4.162578197560969784e+01
2.067049202305339008e+02 4.146506096249649431e+01
2.078223657896134853e+02 4.131927787570242572e+01
2.089487095276428192e+02 4.119507890632728220e+01
2.100866643158588829e+02 4.109892618697625721e+01
2.112367954882004426e+02 4.103190871446557253e+01
2.123972345168080551e+02 4.098902596626331274e+01
2.135659816350084839e+02 4.096494906042537565e+01
2.147411054735393918e+02 4.095449829367418459e+01
2.159209372396890103e+02 4.095306665721072648e+01
2.171038711415771445e+02 4.095618455065349650e+01
2.182883309886875907e+02 4.095953390680080020e+01
2.194732298404663879e+02 4.096130119176184792e+01
2.206578825770578760e+02 4.096172984334077682e+01
2.218416156178425922e+02 4.096112603003357577e+01
2.230235489585400899e+02 4.096081723293426791e+01
2.242022517066529304e+02 4.096485653674839966e+01
2.253762020630282450e+02 4.097774680074701337e+01
2.265439016509867542e+02 4.100391509424432712e+01
2.277040950606717615e+02 4.104700229951992441e+01
2.288556707502204404e+02 4.111018377376601052e+01
2.299975331406957366e+02 4.119659349105265278e+01
2.311301291113622938e+02 4.130549915530104954e+01
2.322568180376984799e+02 4.142886811236957101e+01
2.333812825976672514e+02 4.155785732975790836e+01
2.345067860335939827e+02 4.168462726511496186e+01
2.356337009053543454e+02 4.180825426759557217e+01
2.367611817239651941e+02 4.193072884033104941e+01
2.378883741131780880e+02 4.205406282936765194e+01
2.390142252948803616e+02 4.218074620185575441e+01
2.401374133503580026e+02 4.231391751663973366e+01
2.412565971783991188e+02 4.245676155973553278e+01
2.423705726770062938e+02 4.261212439407953667e+01
2.434787818339577541e+02 4.278125466089837659e+01
2.445808569197651252e+02 4.296493053774619142e+01
2.456764287190620166e+02 4.316393413397125300e+01
2.467650943212696006e+02 4.337913661685568911e+01
2.478464177173166831e+02 4.361149663445879554e+01
2.489199616005667792e+02 4.386197631600325053e+01
2.499856513978776889e+02 4.413077491698600596e+01
2.510445951111745444e+02 4.441560459021702201e+01
2.520981413383888707e+02 4.471367148513248679e+01
2.531476547790898053e+02 4.502219267888975907e+01
2.541947144907736060e+02 4.533853072724531330e+01
2.552410519300825342e+02 4.566015161490042118e+01
2.562883977545067751e+02 4.598453258670864585e+01
2.573375256838369864e+02 4.631128658934426312e+01
2.583870245305841422e+02 4.664490286441318290e+01
2.594351795911005638e+02 4.699054804350553383e+01
2.604801457801651168e+02 4.735308476946360656e+01
2.615189560829390416e+02 4.773475987086247585e+01
2.625480712217365635e+02 4.813648592741098753e+01
2.635639307601506403e+02 4.855912010183709526e+01
2.645618343719447694e+02 4.900044374750061138e+01
2.655352263334110035e+02 4.945323172610346774e+01
2.664773804966312127e+02 4.990979903702652365e+01
2.673846537757038391e+02 5.036480434549657303e+01
2.682713123862135944e+02 5.082652051521839098e+01
2.691580728593319236e+02 5.130812377682671155e+01
2.700664224487551905e+02 5.182361567482032427e+01
2.710417249380427052e+02 5.241264893256218471e+01
2.721573911305383717e+02 5.314500791839157046e+01
2.734884348586690521e+02 5.409219917660789889e+01
