4.314867596228346258e+01 1.412029267542835100e+02
4.492931140777773180e+01 1.414337897777830335e+02
4.632721298038635638e+01 1.415814908409471684e+02
4.746899066003305734e+01 1.416709075506953184e+02
4.847879256382960023e+01 1.417264407074598864e+02
4.943251206346840831e+01 1.417631452717935190e+02
5.036202421538769158e+01 1.417875508639418456e+02
5.129758983016212426e+01 1.418058745146251454e+02
5.226276151821969762e+01 1.418232197916395876e+02
5.325934650886327404e+01 1.418410808481653760e+02
5.428475365905742933e+01 1.418602217720271028e+02
5.533635695188186077e+01 1.418813158805200771e+02
5.641102002135129112e+01 1.419037081429567309e+02
5.750521941745525112e+01 1.419257360176743532e+02
5.861542240907857604e+01 1.419457126605798010e+02
5.973827961753658400e+01 1.419623517908965482e+02
6.087092557542666782e+01 1.419754243110425307e+02
6.201057371994036060e+01 1.419848735034027527e+02
6.315452043124592052e+01 1.419906722850663812e+02
6.430099417126248795e+01 1.419931265967027798e+02
6.544880983167438160e+01 1.419927519045292286e+02
6.659679270838960008e+01 1.419900675157549017e+02
6.774400403888336086e+01 1.419856998486366706e+02
6.889001514845932661e+01 1.419805068874179597e+02
7.003446391886639333e+01 1.419753768311562965e+02
7.117698521473525375e+01 1.419712441067071325e+02
7.231718732982325548e+01 1.419694502555608153e+02
7.345466474385710853e+01 1.419715484755577961e+02
7.458901108936673552e+01 1.419790948934206654e+02
7.571975424515173358e+01 1.419937464743353814e+02
7.684630497113158754e+01 1.420173397944063254e+02
7.796806193929811002e+01 1.420517299675157687e+02
7.908450478532196826e+01 1.420985530686945140e+02
8.019568008026305961e+01 1.421579113879713248e+02
8.130187669697471620e+01 1.422292516929572059e+02
8.240339862180606190e+01 1.423119829777708389e+02
8.350129718541009538e+01 1.424036562688505114e+02
8.459772557037996421e+01 1.424990832858882186e+02
8.569492542965684834e+01 1.425928558030342401e+02
8.679495735290515768e+01 1.426799986552031214e+02
8.789886388214928559e+01 1.427579716077692069e+02
8.900733202449640658e+01 1.428250847819896592e+02
9.012102455967367121e+01 1.428797068778822563e+02
9.123978934164155419e+01 1.429221773142225231e+02
9.236247644811109581e+01 1.429552484122255862e+02
9.348787505964719458e+01 1.429818197594627804e+02
9.461473368629731340e+01 1.430048912852456056e+02
9.574161614613758786e+01 1.430279185883714490e+02
9.686703385711520298e+01 1.430544865485138359e+02
9.798951907109128001e+01 1.430881299224728025e+02
9.910809952842015491e+01 1.431311914004392349e+02
1.002223076448763948e+02 1.431847995037079500e+02
1.013316985199485032e+02 1.432500281800972743e+02
1.024362516246145134e+02 1.433269272898186841e+02
1.035375064796047297e+02 1.434117820018726093e+02
1.046373609995557956e+02 1.435000126138745884e+02
1.057376872568726185e+02 1.435871017630327060e+02
1.068399084641802119e+02 1.436696148775507993e+02
1.079450674509886881e+02 1.437450349893704242e+02
1.090541946440881418e+02 1.438108750496618882e+02
1.101678051250483747e+02 1.438658911382419205e+02
1.112848763705811166e+02 1.439125483838721209e+02
1.124041003536628978e+02 1.439540006145742268e+02
1.135241523078546351e+02 1.439934418176787574e+02
1.146434876920144177e+02 1.440345932390796406e+02
1.157604072240980315e+02 1.440815473615091946e+02
1.168732097422728202e+02 1.441384011566269123e+02
1.179806350256497325e+02 1.442081869255022184e+02
1.190824965549770695e+02 1.442913444711082036e+02
1.201787681296756745e+02 1.443879265001912415e+02
1.212695024529094923e+02 1.444977964004022226e+02
1.223555548752250814e+02 1.446188917131666756e+02
1.234382488950715526e+02 1.447480267209407714e+02
1.245189126402932231e+02 1.448820047621973686e+02
1.255987103765916117e+02 1.450180443842275224e+02
1.266784787372399137e+02 1.451541943192029862e+02
1.277590153684930385e+02 1.452886020881525155e+02
1.288411751985895535e+02 1.454192841941631968e+02
1.299262727461215263e+02 1.455432059444926267e+02
1.310158436076673638e+02 1.456568269868353411e+02
1.321114160574966832e+02 1.457566249494435056e+02
1.332138936382463612e+02 1.458405945590020281e+02
1.343231486820699274e+02 1.459092347339582147e+02
1.354389570359162462e+02 1.459632786974511305e+02
1.365610148504038364e+02 1.460036201992791121e+02
1.376885075957174820e+02 1.460321816165765085e+02
1.388204192711946234e+02 1.460512911348999410e+02
1.399557346521252725e+02 1.460632654058126150e+02
1.410934940325247737e+02 1.460698723470227947e+02
1.422328136749322027e+02 1.460721290214477790e+02
1.433728153253956350e+02 1.460709982943091063e+02
1.445126308596675244e+02 1.460672027440787417e+02
1.456514444187546360e+02 1.460602251649715981e+02
1.467884569512824271e+02 1.460491496576278507e+02
1.479228706541226472e+02 1.460330471347475907e+02
1.490539241230844141e+02 1.460106070239327778e+02
1.501808973517666175e+02 1.459800848763877070e+02
1.513030725790107454e+02 1.459397127116816080e+02
1.524199044480922112e+02 1.458881013447743840e+02
1.535315669866796782e+02 1.458254421734766879e+02
1.546384218286241889e+02 1.457523387912457054e+02
1.557408735733363869e+02 1.456695005539214662e+02
1.568402234771189683e+02 1.455798439965317925e+02
1.579386213665372907e+02 1.454883744649301320e+02
1.590382503489591386e+02 1.454001792340215502e+02
1.601409129693544742e+02 1.453194496074495703e+02
1.612471255189238946e+02 1.452473486169659225e+02
1.623571328137008436e+02 1.451844001509143709e+02
1.634711074649285365e+02 1.451309560738619098e+02
1.645881046823608926e+02 1.450847061053438836e+02
1.657063001705696763e+02 1.450412445941851445e+02
1.668238458984417605e+02 1.449961093476340750e+02
1.679389171467953190e+02 1.449448988327911536e+02
1.690497532742193130e+02 1.448833782531837358e+02
1.701546045527983040e+02 1.448073412102877455e+02
1.712518189300248537e+02 1.447128170565074186e+02
1.723408993961616602e+02 1.445986229739653481e+02
1.734221035275808163e+02 1.444653974258961000e+02
1.744957023168084902e+02 1.443138112504761921e+02
1.755620570317313138e+02 1.441447517467812531e+02
1.766217319542409996e+02 1.439595929978071638e+02
1.776753190846947916e+02 1.437597755494689125e+02
1.787233690616484409e+02 1.435466393213938545e+02
1.797660505709187362e+02 1.433205950066097785e+02
1.808033259235008927e+02 1.430815512230072954e+02
1.818351553755081795e+02 1.428294114950451501e+02
1.828614953769325950e+02 1.425640604471620634e+02
1.838822953335031514e+02 1.422853477241694691e+02
1.848975038881230262e+02 1.419931191829221575e+02
1.859069800610138543e+02 1.416869998385571137e+02
1.869099264630690413e+02 1.413649972299074875e+02
1.879052538160132713e+02 1.410243996436681186e+02
1.888918701816481587e+02 1.406624886004543953e+02
1.898686063389029641e+02 1.402763429036822913e+02
1.908341747700386009e+02 1.398627310581386496e+02
1.917872779536386076e+02 1.394183953284173185e+02
1.927268050165125715e+02 1.389405369570823439e+02
1.936527409765491257e+02 1.384290520414701575e+02
1.945654695443020898e+02 1.378848170855038973e+02
1.954653793300019515e+02 1.373087245762580437e+02
1.963530191168708825e+02 1.367022064626213194e+02
1.972291411861241670e+02 1.360673800736786347e+02
1.980945109687090167e+02 1.354064070267442901e+02
1.989498159080930577e+02 1.347213718778308760e+02
1.997953739417949350e+02 1.340139940652468624e+02
2.006313936820403683e+02 1.332858850003526925e+02
2.014580816161846712e+02 1.325386673794858439e+02
2.022755905694197054e+02 1.317742515541156649e+02
2.030840166638559481e+02 1.309948518316335253e+02
2.038834533044627619e+02 1.302026970837251838e+02
2.046739555488386770e+02 1.293998878168501392e+02
2.054554314098523093e+02 1.285880323152005076e+02
2.062277536602925920e+02 1.277686208991895427e+02
2.069908334187782941e+02 1.269431347313996525e+02
2.077452888245153702e+02 1.261128861222853743e+02
2.084923596633802845e+02 1.252790389193497305e+02
2.092333070021369679e+02 1.244427518959040242e+02
2.099695997686725377e+02 1.236051513850864296e+02
2.107033532593249561e+02 1.227672628435260549e+02
2.114368080452717322e+02 1.219300921766370891e+02
2.121720894321796322e+02 1.210945899430437862e+02
2.129097258375099386e+02 1.202609399270311883e+02
2.136490786533129835e+02 1.194287655448286500e+02
2.143894825798873001e+02 1.185976774032892962e+02
2.151302485304012748e+02 1.177672776183878938e+02
2.158706271233353391e+02 1.169371467837519702e+02
2.166098595676345724e+02 1.161068621342507470e+02
2.173472644929609601e+02 1.152760359478126162e+02
2.180829879828309572e+02 1.144446550340876598e+02
2.188176774118222738e+02 1.136129331028765819e+02
2.195519823034813385e+02 1.127810851022133818e+02
2.202857905883894603e+02 1.119490228874959428e+02
2.210174069513890913e+02 1.111160282267303216e+02
2.217449387462524442e+02 1.102813043556920718e+02
2.224665009869348751e+02 1.094440589107085060e+02
2.231802730607265630e+02 1.086035365087091975e+02
2.238844665506095168e+02 1.077590002621091969e+02
2.245773031716007040e+02 1.069097175300783960e+02
2.252577968973567124e+02 1.060552847671340260e+02
2.259263200421772524e+02 1.051958626672520296e+02
2.265833784511802662e+02 1.043316673916117026e+02
2.272295921164581500e+02 1.034629621454400734e+02
2.278663455062056471e+02 1.025903252018890583e+02
2.284953370387892733e+02 1.017144642241971155e+02
2.291182678671261215e+02 1.008360879823808176e+02
2.297369241742576946e+02 9.995593932094354273e+01
2.303532129094228651e+02 9.907480947954488215e+01
2.309690502201690663e+02 9.819349338392240156e+01
2.315861321634404248e+02 9.731269457615096030e+01
2.322049694793557819e+02 9.643262444375088194e+01
2.328256756360316615e+02 9.555332942321774681e+01
2.334483407725711857e+02 9.467484627848901368e+01
2.340723264297885180e+02 9.379690969116852273e+01
2.346961343877605373e+02 9.291889787958787394e+01
2.353182169275059721e+02 9.204016853939685916e+01
2.359371127088111280e+02 9.116011523882923484e+01
2.365517363888560567e+02 9.027828769558189492e+01
2.371611049052601459e+02 8.939427810380502137e+01
2.377642862355320119e+02 8.850769986218837460e+01
2.383614843012452411e+02 8.761863829778678792e+01
2.389540182897281966e+02 8.672764207520870627e+01
2.395432542808987364e+02 8.583527934069064713e+01
2.401304218732452682e+02 8.494206281589420371e+01
2.407162696163588862e+02 8.404830987040439538e+01
2.413014401293592641e+02 8.315429485585593739e+01
2.418865381545509479e+02 8.226027664305595977e+01
2.424715478372309860e+02 8.136626045542239183e+01
2.430559464550571249e+02 8.047204435189796357e+01
2.436391963568782160e+02 7.957742028859560435e+01
2.442206731458125546e+02 7.868214361688775682e+01
2.447995040350670592e+02 7.778586487321068432e+01
2.453747720608482439e+02 7.688821595230335504e+01
2.459455981495701735e+02 7.598884291472604957e+01
2.465115751303769684e+02 7.508756824893856674e+01
2.470726159061038061e+02 7.418433410774105141e+01
2.476286398325999585e+02 7.327908498157792394e+01
2.481796647725525418e+02 7.237178227921344842e+01
2.487259390739934020e+02 7.146242699473239668e+01
2.492677440004182472e+02 7.055102577537377329e+01
2.498053882318840806e+02 6.963758888866078678e+01
2.503394460851230008e+02 6.872216167873577319e+01
2.508706410125341506e+02 6.780480918271062762e+01
2.513996951712389034e+02 6.688559533810814628e+01
2.519269860720606289e+02 6.596443004427948154e+01
2.524522283090146573e+02 6.504092691277661231e+01
2.529750612020248184e+02 6.411466591172194285e+01
2.534950709090342968e+02 6.318523704557986775e+01
2.540114361551775914e+02 6.225230723722228277e+01
2.545231472071909593e+02 6.131557898819737318e+01
2.550291953713053204e+02 6.037476322229338166e+01
2.555287044151938005e+02 5.943009972571896071e+01
2.560210086430680008e+02 5.848266886788653807e+01
2.565054610941132864e+02 5.753362581902187856e+01
2.569813051176033127e+02 5.658431787631601395e+01
2.574471113493087273e+02 5.563727062584392513e+01
2.579011955360153934e+02 5.469545610355373810e+01
2.583418725274054850e+02 5.376186255820695692e+01
2.587674405361104846e+02 5.284009598098079863e+01
2.591761758397222479e+02 5.193457682255959895e+01
2.595663532169370455e+02 5.104978118841197698e+01
2.599380285970100886e+02 5.018580997336989924e+01
2.603000638480234556e+02 4.932113320168814141e+01
2.606640373689763805e+02 4.842754802266277636e+01
2.610419975056169619e+02 4.747520858468240590e+01
2.614588014768509652e+02 4.638946540452310785e+01
2.619533481319776911e+02 4.504655335641898972e+01
2.625652526968384564e+02 4.332020153050356726e+01
