4.946638635470099388e+01 4.542626886536122299e+01
5.013609344175326754e+01 4.768467829405636138e+01
5.064040010993897312e+01 4.938460283474572776e+01
5.103382781198290274e+01 5.070927160747475426e+01
5.136940612888211888e+01 5.183688147449871053e+01
5.167725652187120033e+01 5.286835753134465676e+01
5.196956150930417095e+01 5.384411472150669198e+01
5.225801131642893438e+01 5.480290773843537977e+01
5.255104289820445729e+01 5.577259621417603341e+01
5.284956439659679006e+01 5.675582611188592352e+01
5.315342199689765579e+01 5.775168694777870826e+01
5.346242406024174443e+01 5.875924697698376065e+01
5.377608120141935188e+01 5.977740709042137723e+01
5.409376311345569377e+01 6.080498896641973516e+01
5.441483475192171682e+01 6.184081699404380572e+01
5.473848345852474750e+01 6.288386070629259450e+01
5.506364945988510584e+01 6.393329157567089283e+01
5.538925470944464280e+01 6.498829600730731215e+01
5.571420935678384723e+01 6.604812556613853758e+01
5.603737149434762443e+01 6.711231918348609327e+01
5.635758486827460700e+01 6.818049498531260610e+01
5.667370323892821204e+01 6.925227829997282925e+01
5.698475607903810669e+01 7.032742078191597557e+01
5.728992270774276108e+01 7.140578181569584615e+01
5.758838763750010514e+01 7.248722424899833072e+01
5.787949786358865367e+01 7.357161589110882005e+01
5.816301277612855358e+01 7.465883714426246343e+01
5.843875621538591503e+01 7.574877037875361907e+01
5.870658222905519352e+01 7.684129723349178676e+01
5.896660957175112827e+01 7.793629293828027471e+01
5.921909405665995507e+01 7.903362940444876017e+01
5.946429228830483993e+01 8.013317917157016268e+01
5.970244023796833233e+01 8.123485194271600562e+01
5.993374258165546564e+01 8.233861378835153744e+01
6.015840138194345599e+01 8.344443548610971106e+01
6.037658796423437479e+01 8.455230284069529034e+01
6.058832414354091611e+01 8.566227475082241938e+01
6.079358634191640220e+01 8.677443230733123869e+01
6.099234967045003231e+01 8.788885685510616952e+01
6.118456297371132990e+01 8.900563476740204294e+01
6.137015070935828476e+01 9.012485708601850831e+01
6.154903652106539624e+01 9.124661497790746978e+01
6.172122931597155571e+01 9.237095952486532724e+01
6.188697565432393333e+01 9.349783008015482721e+01
6.204656317667234333e+01 9.462714668383884487e+01
6.220028623614184937e+01 9.575882543309973016e+01
6.234850486682431381e+01 9.689274384496118842e+01
6.249161626543038039e+01 9.802875760760090884e+01
6.263002093836578865e+01 9.916672090218847302e+01
6.276432744112287310e+01 1.003063971971381108e+02
6.289548859173898165e+01 1.014473998568449815e+02
6.302448952358647460e+01 1.025893281556972454e+02
6.315229946535347239e+01 1.037317870386248586e+02
6.327980225848897078e+01 1.048744118939100645e+02
6.340785321221786575e+01 1.060168482825091729e+02
6.353729643878822486e+01 1.071587463427557481e+02
6.366871400795268698e+01 1.082998633618246629e+02
6.380242315335138414e+01 1.094400649180388285e+02
6.393872936635203530e+01 1.105792213911172297e+02
6.407792614692328925e+01 1.117172080567563341e+02
6.422027024253318928e+01 1.128539151963588836e+02
6.436601138332532912e+01 1.139892359564365449e+02
6.451537386285404807e+01 1.151230740590082320e+02
6.466830306557882579e+01 1.162554491852399110e+02
6.482457209961371802e+01 1.173864526418500134e+02
6.498395102649043054e+01 1.185161770050705741e+02
6.514616259833888989e+01 1.196447347913372710e+02
6.531084408627643256e+01 1.207722745460511220e+02
6.547762377823619317e+01 1.218989486008907761e+02
6.564609325277447738e+01 1.230249245867075985e+02
6.581562633223246905e+01 1.241504608874596158e+02
6.598551685322577498e+01 1.252758492223327096e+02
6.615505730479776503e+01 1.264013818785528116e+02
6.632350650355016342e+01 1.275273653533124332e+02
6.649008622022017789e+01 1.286541217773744847e+02
6.665401633420982819e+01 1.297819740797446002e+02
6.681458144333615223e+01 1.309112184425877672e+02
6.697128451378245018e+01 1.320420608007435135e+02
6.712367452076216523e+01 1.331746880744290138e+02
6.727133077962339769e+01 1.343092746222523033e+02
6.741420696427942971e+01 1.354458398085813258e+02
6.755250896689329920e+01 1.365842985728298231e+02
6.768645011049116533e+01 1.377245627773299930e+02
6.781659357565960988e+01 1.388663993686266451e+02
6.794419350697597793e+01 1.400092890865275592e+02
6.807058506359628325e+01 1.411526791134934342e+02
6.819707651121701986e+01 1.422960277632832913e+02
6.832479959651325885e+01 1.434388664115020902e+02
6.845481488511271095e+01 1.445807558958420600e+02
6.858817809910456731e+01 1.457212590580224401e+02
6.872579339003726773e+01 1.468600014515152168e+02
6.886838335142444123e+01 1.479966837487601765e+02
6.901665987193784702e+01 1.491310110512851566e+02
6.917138235909743571e+01 1.502626687306495796e+02
6.933348689337624648e+01 1.513912688032734195e+02
6.950395060603132436e+01 1.525164062411677719e+02
6.968377426302140520e+01 1.536376662119115508e+02
6.987428838714762946e+01 1.547544970893693232e+02
7.007706566020654293e+01 1.558662467920875940e+02
7.029368328818324585e+01 1.569722613604931212e+02
7.052552216682465769e+01 1.580719680236780391e+02
7.077353891954416554e+01 1.591649694784283611e+02
7.103863483105851628e+01 1.602508913081352659e+02
7.132166541309038621e+01 1.613293780306378835e+02
7.162315313510970327e+01 1.624002119299692026e+02
7.194347322547277201e+01 1.634632361978929112e+02
7.228299513917092156e+01 1.645182964184209311e+02
7.264188731731464088e+01 1.655653214854727082e+02
7.302005595711787578e+01 1.666043489795651453e+02
7.341738961650054307e+01 1.676354237917946080e+02
7.383370343443506556e+01 1.686586213921420381e+02
7.426851162293067432e+01 1.696741425862297774e+02
7.472125130492644018e+01 1.706822202871655350e+02
7.519135024862787020e+01 1.716830913688249325e+02
7.567808780242816624e+01 1.726770555456211298e+02
7.618062458103592860e+01 1.736644628034802622e+02
7.669811754903696510e+01 1.746456646751462358e+02
7.722963177965530690e+01 1.756210519854619747e+02
7.777401474939242121e+01 1.765911086020970231e+02
7.833008243949942084e+01 1.775563318598679814e+02
7.889665985081539645e+01 1.785172158630176682e+02
7.947264489550418887e+01 1.794742286009113457e+02
8.005697078184569193e+01 1.804278254207941643e+02
8.064857653016876782e+01 1.813784593388218980e+02
8.124666924609023511e+01 1.823264753718858344e+02
8.185083713682931261e+01 1.832720650085241232e+02
8.246069747439240416e+01 1.842154080284059035e+02
8.307597962478560305e+01 1.851566386823107564e+02
8.369691954305348247e+01 1.860956854612428515e+02
8.432389622595182743e+01 1.870324187573763197e+02
8.495729333746882617e+01 1.879667069882987107e+02
8.559757914452194427e+01 1.888983827756418918e+02
8.624529561380992959e+01 1.898272475582625134e+02
8.690098719845441622e+01 1.907531017137294782e+02
8.756520853714677344e+01 1.916757368917245117e+02
8.823854072955272443e+01 1.925949220678523375e+02
8.892156911689352228e+01 1.935104225831824181e+02
8.961487909526789508e+01 1.944220005229467745e+02
9.031905655495846474e+01 1.953293886529009171e+02
9.103468764788800627e+01 1.962323042159342208e+02
9.176235397365303470e+01 1.971304656670450584e+02
9.250236384910179765e+01 1.980236726823159756e+02
9.325460200282273604e+01 1.989118508305096213e+02
9.401891672570440051e+01 1.997949365098664884e+02
9.479507445338296634e+01 2.006728836798333191e+02
9.558243355205688374e+01 2.015457338469755371e+02
9.638022547588447253e+01 2.024135557455368257e+02
9.718768100218647987e+01 2.032764148596594111e+02
9.800401757547541592e+01 2.041343084188600585e+02
9.882843999605657359e+01 2.049871689231843845e+02
9.966015262848934242e+01 2.058349262614552799e+02
1.004984185963020025e+02 2.066774560804345526e+02
1.013426687150615777e+02 2.075144792256332664e+02
1.021923635203991694e+02 2.083456891071329835e+02
1.030469799973201646e+02 2.091707715698963170e+02
1.039061606726812386e+02 2.099893363256668408e+02
1.047696438228742437e+02 2.108009490506752854e+02
1.056371693869284201e+02 2.116051758874843358e+02
1.065085155185099666e+02 2.124016600219029556e+02
1.073835250058393029e+02 2.131901749472935421e+02
1.082620468801953706e+02 2.139705067434391026e+02
1.091439082257939361e+02 2.147425356970122152e+02
1.100288153382459768e+02 2.155066605749359212e+02
1.109164331803293777e+02 2.162634575636639909e+02
1.118064231614435329e+02 2.170135156197216304e+02
1.126983609687675028e+02 2.177577311498167774e+02
1.135917337961837035e+02 2.184973179495441400e+02
1.144860247872025383e+02 2.192335043751430987e+02
1.153807668079058999e+02 2.199674194428346254e+02
1.162756488098034282e+02 2.206998803279826120e+02
1.171703902917175952e+02 2.214316431759090733e+02
1.180647199871469866e+02 2.221634429401891850e+02
1.189584708760469880e+02 2.228957753494954090e+02
1.198515417477898239e+02 2.236289851129661201e+02
1.207438322716019172e+02 2.243634148889657354e+02
1.216352264862552346e+02 2.250994399843180531e+02
1.225255795562832333e+02 2.258374960175555941e+02
1.234147435266908843e+02 2.265780251231949762e+02
1.243025885469355245e+02 2.273214227955248816e+02
1.251890948954725644e+02 2.280678008173206877e+02
1.260742842631550360e+02 2.288171642857955419e+02
1.269581849166752647e+02 2.295695020042946908e+02
1.278410114355487934e+02 2.303243413335295600e+02
1.287231877777556406e+02 2.310806910646975325e+02
1.296051490394852124e+02 2.318375324028069713e+02
1.304873721862590514e+02 2.325937419956670169e+02
1.313704789147773226e+02 2.333478350645749231e+02
1.322551221724093011e+02 2.340982487908343046e+02
1.331419453604223975e+02 2.348434429174273248e+02
1.340314704769816387e+02 2.355821641167881353e+02
1.349241359408286485e+02 2.363133565966518006e+02
1.358203771335568604e+02 2.370359718015140800e+02
1.367204351515671021e+02 2.377494285659845445e+02
1.376241586813789581e+02 2.384540897415382403e+02
1.385313491458148007e+02 2.391504318814949386e+02
1.394417673383316298e+02 2.398390294567317369e+02
1.403549004688504738e+02 2.405211162797393172e+02
1.412701228442976458e+02 2.411981982614109654e+02
1.421868099083903871e+02 2.418717785717974493e+02
1.431043879835747248e+02 2.425432377228643190e+02
1.440223456496362928e+02 2.432138061370164337e+02
1.449401752829084273e+02 2.438847050839672761e+02
1.458574591481477114e+02 2.445569390361158923e+02
1.467741219507470873e+02 2.452306865507150064e+02
1.476901699297617654e+02 2.459059295381256902e+02
1.486056166292728165e+02 2.465826323185049773e+02
1.495205807838629255e+02 2.472605059175743918e+02
1.504352600499773303e+02 2.479390713204309691e+02
1.513498540895514282e+02 2.486178446838590048e+02
1.522645809833261410e+02 2.492962979808658019e+02
1.531796995341583738e+02 2.499738054985976987e+02
1.540954739975759367e+02 2.506497284441136912e+02
1.550121827777493309e+02 2.513233939192622017e+02
1.559302099449905654e+02 2.519938743183572285e+02
1.568499873629073136e+02 2.526601268302904941e+02
1.577719445587392784e+02 2.533211142883120033e+02
1.586964050903173984e+02 2.539760554818714695e+02
1.596235512748206702e+02 2.546245103500076254e+02
1.605535556208754144e+02 2.552660625231242477e+02
1.614865383074456133e+02 2.559004219845243426e+02
1.624223997293926516e+02 2.565278293985321625e+02
1.633609825896908490e+02 2.571486647297633681e+02
1.643021269859554536e+02 2.577633142325709059e+02
1.652456302917880180e+02 2.583722673036371020e+02
1.661912549653323481e+02 2.589760976309199805e+02
1.671387625268430384e+02 2.595753811665370563e+02
1.680879417386391879e+02 2.601706280800690365e+02
1.690386473752872121e+02 2.607621891386029347e+02
1.699907440147054558e+02 2.613503914366674508e+02
1.709441100211816718e+02 2.619355287809142965e+02
1.718987382212180250e+02 2.625176186032572900e+02
1.728546781124522624e+02 2.630965415003223029e+02
1.738119808077809125e+02 2.636721741686425275e+02
1.747707587595607492e+02 2.642442451991107077e+02
1.757312135186421074e+02 2.648122680521080952e+02
1.766935536418187667e+02 2.653757392719917334e+02
1.776579784882525814e+02 2.659341776035648763e+02
1.786246448201237058e+02 2.664872046085241095e+02
1.795936970767175467e+02 2.670344715925004380e+02
1.805652748422389777e+02 2.675756415818630103e+02
1.815394264228295640e+02 2.681105979590512334e+02
1.825161189019809171e+02 2.686394201876139505e+02
1.834953163658085202e+02 2.691621949671334164e+02
1.844768923967995420e+02 2.696792274907762703e+02
1.854604798989372512e+02 2.701914039970187105e+02
1.864456722103089987e+02 2.706997062442026731e+02
1.874320577914868124e+02 2.712051277660488040e+02
1.884191799569434806e+02 2.717087710887487901e+02
1.894065575822714322e+02 2.722117977392487091e+02
1.903937111240055060e+02 2.727153654277780674e+02
1.913802770025201312e+02 2.732203519040613173e+02
1.923660753325600581e+02 2.737271914419176255e+02
1.933509425014426597e+02 2.742362790298367372e+02
1.943347504564308963e+02 2.747479238073657370e+02
1.953175528429089240e+02 2.752619962578244213e+02
1.962994611880110654e+02 2.757782271262118456e+02
1.972805864563991349e+02 2.762963485155083845e+02
1.982610268519757426e+02 2.768161233370061041e+02
1.992408682174742012e+02 2.773373443455784582e+02
2.002201958881078383e+02 2.778598055214060878e+02
2.011990948043919332e+02 2.783833017979416127e+02
2.021776487534012574e+02 2.789076308944242442e+02
2.031559413126323363e+02 2.794325910362652508e+02
2.041340615965672782e+02 2.799579670814583210e+02
2.051121560442507530e+02 2.804834054947633604e+02
2.060904049873931854e+02 2.810084709171030681e+02
2.070689886987898660e+02 2.815327281316390327e+02
2.080480463849762884e+02 2.820558410643179741e+02
2.090276462528267132e+02 2.825776450495450263e+02
2.100078494542015619e+02 2.830979924540457660e+02
2.109886942133362879e+02 2.836167909967522860e+02
2.119700893879821137e+02 2.841342607150473327e+02
2.129518985061222338e+02 2.846507310820998669e+02
2.139339835141550736e+02 2.851665353893649240e+02
2.149161674916426534e+02 2.856821007612128938e+02
2.158982325346296989e+02 2.861979532650510691e+02
2.168799587870105086e+02 2.867146236811993276e+02
2.178611407691599311e+02 2.872326080821354140e+02
2.188416192271877208e+02 2.877522909417089068e+02
2.198212441796925987e+02 2.882740343480356842e+02
2.207998839278957917e+02 2.887981562510809681e+02
2.217776193085098555e+02 2.893244614948148410e+02
2.227546682779187108e+02 2.898524238870812724e+02
2.237312507113736615e+02 2.903815126031677778e+02
2.247075463040321210e+02 2.909112938214691439e+02
2.256836588591848454e+02 2.914415169391382392e+02
2.266596837525651722e+02 2.919719516992049648e+02
2.276356836582043286e+02 2.925024467935593293e+02
2.286115172403265490e+02 2.930333434371297585e+02
2.295869646340703127e+02 2.935651724307498966e+02
2.305618066465636389e+02 2.940984629529086760e+02
2.315358491015705340e+02 2.946336837860525293e+02
2.325089265404531602e+02 2.951712343815925692e+02
2.334808750885665631e+02 2.957115103668082838e+02
2.344515752105964452e+02 2.962548003238964611e+02
2.354210644010818214e+02 2.968010137297893039e+02
2.363894149008805243e+02 2.973499761760165256e+02
2.373567043959418754e+02 2.979015001083299694e+02
2.383230819690226951e+02 2.984552256031788033e+02
2.392887469268455334e+02 2.990106714841130042e+02
2.402538996934490285e+02 2.995673538772024358e+02
2.412187516564257805e+02 3.001247624387785322e+02
2.421835368508241686e+02 3.006823321465322465e+02
2.431484921133248349e+02 3.012394912140632641e+02
2.441138477008294672e+02 3.017956837396237688e+02
2.450797884113732721e+02 3.023504635665285605e+02
2.460464798456572169e+02 3.029034308835666707e+02
2.470140853340260776e+02 3.034541913606536809e+02
2.479826895532299318e+02 3.040025405545460444e+02
2.489522788612312354e+02 3.045485113848800438e+02
2.499228334190832754e+02 3.050921517319754344e+02
2.508943072227822029e+02 3.056335726460488900e+02
2.518665521297058092e+02 3.061731317690231435e+02
2.528393950778631449e+02 3.067112469052714232e+02
2.538126654046340605e+02 3.072483300675912119e+02
2.547862281189106852e+02 3.077847071652584532e+02
2.557599755723345538e+02 3.083206381079079392e+02
2.567338008572930903e+02 3.088563810172137778e+02
2.577076070310351383e+02 3.093921699717022875e+02
2.586813196901665037e+02 3.099281846670993446e+02
2.596548675290790698e+02 3.104645973248121891e+02
2.606281716956427204e+02 3.110015983916407549e+02
2.616010954798282455e+02 3.115395180453512012e+02
2.625734754008343543e+02 3.120787511170400421e+02
2.635451484298276910e+02 3.126196913476692885e+02
2.645159774134135660e+02 3.131626700478152543e+02
2.654858604337376278e+02 3.137079335142939840e+02
2.664546980983863591e+02 3.142557219507198170e+02
2.674223883276590072e+02 3.148062820600715099e+02
2.683888174763984011e+02 3.153598885170675885e+02
2.693538687887443075e+02 3.159168235198467869e+02
2.703174263646884015e+02 3.164773672000829947e+02
2.712793888196331409e+02 3.170417646418279674e+02
2.722396668869166660e+02 3.176102316702403527e+02
2.731981717364533324e+02 3.181829830562320467e+02
2.741548380664851834e+02 3.187601767146035741e+02
2.751096589222090643e+02 3.193418295649690322e+02
2.760626362382407706e+02 3.199279370456972060e+02
2.770137816662456771e+02 3.205184710965019690e+02
2.779631897334881501e+02 3.211132032397832745e+02
2.789109969298458509e+02 3.217118035201306157e+02
2.798573408423358728e+02 3.223139393247731732e+02
2.808024003302779192e+02 3.229191780099545781e+02
2.817464155119996576e+02 3.235269384594888038e+02
2.826896314706050930e+02 3.241366275241449557e+02
2.836322952545402245e+02 3.247476470908486590e+02
2.845746632401695706e+02 3.253593754870979637e+02
2.855169945683973083e+02 3.259711840580204125e+02
2.864595468521906696e+02 3.265824477876977312e+02
2.874025479272935968e+02 3.271926125792069797e+02
2.883461985637621297e+02 3.278011887966865743e+02
2.892906984967747235e+02 3.284076892700223311e+02
2.902362146397948095e+02 3.290117056689853712e+02
2.911828245511871955e+02 3.296130443000828905e+02
2.921305907258202410e+02 3.302115476533163019e+02
2.930795704328710372e+02 3.308070708288621518e+02
2.940297712155651766e+02 3.313995889211529970e+02
2.949811730963381251e+02 3.319891434353521618e+02
2.959337558031288609e+02 3.325757766075411723e+02
2.968874988507279227e+02 3.331595325595204713e+02
2.978423814088472454e+02 3.337404584660012006e+02
2.987983826157276326e+02 3.343186017801208436e+02
2.997554883319319856e+02 3.348939950664995422e+02
3.007137196254823266e+02 3.354665929127102117e+02
3.016731090516921086e+02 3.360363244644140082e+02
3.026336906105820503e+02 3.366031158326105128e+02
3.035955307609539204e+02 3.371668249638474890e+02
3.045587280779994899e+02 3.377272423592509085e+02
3.055233825383113526e+02 3.382841555720523843e+02
3.064896389033864921e+02 3.388372511344659301e+02
3.074577759607037137e+02 3.393859132571737973e+02
3.084280974621382256e+02 3.399294698388316647e+02
3.094009045820084225e+02 3.404672572053057138e+02
3.103764710353368628e+02 3.409987014594381662e+02
3.113550539425975785e+02 3.415232829592260941e+02
3.123369098536140314e+02 3.420404837830037650e+02
3.133222653692120048e+02 3.425498711331050572e+02
3.143112941585573594e+02 3.430511626594594077e+02
3.153041644812162190e+02 3.435440913876952891e+02
3.163010598946996197e+02 3.440283539722246928e+02
3.173022524564556761e+02 3.445034366568222595e+02
3.183080459752996489e+02 3.449687501956549909e+02
3.193187443136955608e+02 3.454237038743488597e+02
3.203346516682837546e+02 3.458676707932860381e+02
3.213560725956377837e+02 3.462999850786464435e+02
3.223833116633188069e+02 3.467199789325830466e+02
3.234166434567315491e+02 3.471270101094611960e+02
3.244562438093151968e+02 3.475205205247422100e+02
3.255022682525321898e+02 3.478999693961922048e+02
3.265548671235008555e+02 3.482648065283176493e+02
3.276141285581028342e+02 3.486143690037146143e+02
3.286800996824197796e+02 3.489479195864727217e+02
3.297528262173705116e+02 3.492647194298421027e+02
3.308322731173969942e+02 3.495639942813633070e+02
3.319182493492824051e+02 3.498449015080566369e+02
3.330105460790445022e+02 3.501065906735967701e+02
3.341089096152165894e+02 3.503482262441692114e+02
3.352127992383551600e+02 3.505690680421246839e+02
3.363215611405136087e+02 3.507684134599699064e+02
3.374345346196369633e+02 3.509455643688905866e+02
3.385508523063283519e+02 3.510999596093930677e+02
3.396694044896623836e+02 3.512311986344630554e+02
3.407890676441975870e+02 3.513388900571030717e+02
3.419086435435918361e+02 3.514228331269422370e+02
3.430266629011447321e+02 3.514835188393818726e+02
3.441415949677102617e+02 3.515215950419263891e+02
3.452519024026281045e+02 3.515377819194002882e+02
3.463559587257096268e+02 3.515337779015018782e+02
3.474520733877672001e+02 3.515119845310163100e+02
3.485385549246320238e+02 3.514748179438524289e+02
3.496137939941513650e+02 3.514245553288652673e+02
3.506763547655540378e+02 3.513631803008308339e+02
3.517248234500581816e+02 3.512926391803915749e+02
3.527616306269994197e+02 3.512143847107521424e+02
3.538164617810556365e+02 3.511263703848059095e+02
3.549307794956130238e+02 3.510250376367614535e+02
3.561478298014686743e+02 3.509065933670616459e+02
3.575758480473386385e+02 3.507586925463575653e+02
3.594060612659023946e+02 3.505580692881918594e+02
3.618351012523521035e+02 3.502807464946184268e+02
