4.676720740196801529e+01 2.238961934894512069e+02
4.752832361864535216e+01 2.220687458897598674e+02
4.813067017088875588e+01 2.206242817061472010e+02
4.862745415300749130e+01 2.194376392583913002e+02
4.907100807777867146e+01 2.183857512670860217e+02
4.949425744583926701e+01 2.173920253217451091e+02
4.991110630917803803e+01 2.164254205540877365e+02
5.033466125260974877e+01 2.154568058297092534e+02
5.077570738470734568e+01 2.144632928524164868e+02
5.123616263429507001e+01 2.134458386566588501e+02
5.171582813714575622e+01 2.124110926877359589e+02
5.221445851517150771e+01 2.113656205815935323e+02
5.273084615668430786e+01 2.103142542076154768e+02
5.326287744273518143e+01 2.092601929780637420e+02
5.380840348924739658e+01 2.082065727628079799e+02
5.436492520833988351e+01 2.071558544598449600e+02
5.492866608823480590e+01 2.061080369002565646e+02
5.549555843529854826e+01 2.050625577003115723e+02
5.606160837837602173e+01 2.040188514765816308e+02
5.662424856347564628e+01 2.029762948806417455e+02
5.718220191578451761e+01 2.019342121349552031e+02
5.773423788882454488e+01 2.008919255858907889e+02
5.827958629036473326e+01 1.998489080838402856e+02
5.881908075284437132e+01 1.988051568190186060e+02
5.935390396034053140e+01 1.977607830974027081e+02
5.988525051712483105e+01 1.967159078805142940e+02
6.041453057946651484e+01 1.956708267303839932e+02
6.094334158579341221e+01 1.946259869105366818e+02
6.147328718163699790e+01 1.935818407280584097e+02
6.200584756025720878e+01 1.925388210657031607e+02
6.254209205597002352e+01 1.914972961605081991e+02
6.308300463808316039e+01 1.904576208179370553e+02
6.362952242737910069e+01 1.894201324899206611e+02
6.418178843656468757e+01 1.883848744765368792e+02
6.473928294832305141e+01 1.873516445907939385e+02
6.530146611786818767e+01 1.863202331983747797e+02
6.586827964857918971e+01 1.852906316432237475e+02
6.644119653185016716e+01 1.842634703654865689e+02
6.702199345076456893e+01 1.832395065536429115e+02
6.761248879843938653e+01 1.822195143233741987e+02
6.821516474601746438e+01 1.812045371716924933e+02
6.883303552449241636e+01 1.801958345216955024e+02
6.946912979035489855e+01 1.791946716451795680e+02
7.012558985352760033e+01 1.782019448387684690e+02
7.080186431203622988e+01 1.772174290399620133e+02
7.149689192354441047e+01 1.762406869459892391e+02
7.220954394263495146e+01 1.752712531790845105e+02
7.293768157779237526e+01 1.743082422763756369e+02
7.367838850201468404e+01 1.733504453926435644e+02
7.442872856779527524e+01 1.723966454388160514e+02
7.518596122371779700e+01 1.714457062751655201e+02
7.594791418771481517e+01 1.704967269457627594e+02
7.671251780102437579e+01 1.695488489663317750e+02
7.747773532717985745e+01 1.686012275077312097e+02
7.824199383540960184e+01 1.676532101128621264e+02
7.900406324978260386e+01 1.667042865300507799e+02
7.976272188451049772e+01 1.657539499875163074e+02
8.051701445240020405e+01 1.648018041508208285e+02
8.126672577395804353e+01 1.638477595021878983e+02
8.201176816092355182e+01 1.628917793761958706e+02
8.275214799427952528e+01 1.619338660911084844e+02
8.348912097797992260e+01 1.609745397031024368e+02
8.422482954494986984e+01 1.600146877419522866e+02
8.496143502374837908e+01 1.590552055685362234e+02
8.570111389865540730e+01 1.580969950858232664e+02
8.644608292890389123e+01 1.571409755817954874e+02
8.719856548952128605e+01 1.561880692001968498e+02
8.796064157865018274e+01 1.552391387746729094e+02
8.873259396920590802e+01 1.542943036884528851e+02
8.951348081653702593e+01 1.533531767424934174e+02
9.030233800843518566e+01 1.524153615275944276e+02
9.109873560855389485e+01 1.514806830928034742e+02
9.190360189018653614e+01 1.505495295727505152e+02
9.271807780627720774e+01 1.496223772746432985e+02
9.354324144390744777e+01 1.486996762305329014e+02
9.437942630443936309e+01 1.477815652684943188e+02
9.522647889090521289e+01 1.468679796727891471e+02
9.608423608097518809e+01 1.459588506951241129e+02
9.695214181613457072e+01 1.450539422365338851e+02
9.782868381782429879e+01 1.441526109460024259e+02
9.871220712786328022e+01 1.432541527055710162e+02
9.960108191808276956e+01 1.423578722282915692e+02
1.004939598849527300e+02 1.414631731586089245e+02
1.013896694386325521e+02 1.405695212404394852e+02
1.022870424897477193e+02 1.396763834790259295e+02
1.031851108823582877e+02 1.387833052614066389e+02
1.040833722641031756e+02 1.378900145880037371e+02
1.049813904839107437e+02 1.369962654127569408e+02
1.058787535709059284e+02 1.361018260852926574e+02
1.067753060168753478e+02 1.352066176403521069e+02
1.076710467816106700e+02 1.343106530752449714e+02
1.085659772778479919e+02 1.334139471832112918e+02
1.094601689056212876e+02 1.325166275651306762e+02
1.103538492158698006e+02 1.316190735106255261e+02
1.112472668877735771e+02 1.307216983644547952e+02
1.121406847191786085e+02 1.298249526999490513e+02
1.130345074092552267e+02 1.289296612606084977e+02
1.139292216497563857e+02 1.280368649907246947e+02
1.148253153163851721e+02 1.271476080564700055e+02
1.157233094963425373e+02 1.262630397653608583e+02
1.166237962582995209e+02 1.253845341388739456e+02
1.175273768098539193e+02 1.245134941306056788e+02
1.184346117167573027e+02 1.236512275306814104e+02
1.193456741485766770e+02 1.227981350354542371e+02
1.202605225788453538e+02 1.219541146274071650e+02
1.211791116983009289e+02 1.211190553475033482e+02
1.221011746656616879e+02 1.202923151019304555e+02
1.230259909656237198e+02 1.194721640893259007e+02
1.239527845332292202e+02 1.186567393250835636e+02
1.248808757814593093e+02 1.178444105576614760e+02
1.258104579619785994e+02 1.170356530782342475e+02
1.267421881833648172e+02 1.162320611367982508e+02
1.276767267546039903e+02 1.154352366894427746e+02
1.286145974768597569e+02 1.146464506060442972e+02
1.295560562153007140e+02 1.138663239042402324e+02
1.305013276540632319e+02 1.130954019751609110e+02
1.314505702148195212e+02 1.123340700346053893e+02
1.324033729314373318e+02 1.115813369251712146e+02
1.333590347465291188e+02 1.108355102559087300e+02
1.343168530554492293e+02 1.100948938911696757e+02
1.352762074728669290e+02 1.093579899522922290e+02
1.362366323253820042e+02 1.086236736204137969e+02
1.371976790404498274e+02 1.078908613122876687e+02
1.381589621040467932e+02 1.071586216948801820e+02
1.391206110010931809e+02 1.064272668626490770e+02
1.400830066938922585e+02 1.056977160839023497e+02
1.410465317730068762e+02 1.049708925593123752e+02
1.420115618396948491e+02 1.042477027130827025e+02
1.429784598837547378e+02 1.035290226980610271e+02
1.439475875719132887e+02 1.028157254913183607e+02
1.449192355921785804e+02 1.021085127251006384e+02
1.458931433453001318e+02 1.014067552071400087e+02
1.468687922904054233e+02 1.007092010661052512e+02
1.478456652522827426e+02 1.000146017280971478e+02
1.488234786061502177e+02 9.932227247359267608e+01
1.498023529237298987e+02 9.863250442356616077e+01
1.507824489928265166e+02 9.794568579157375154e+01
1.517639830199844084e+02 9.726233858292833645e+01
1.527475807908701597e+02 9.658397360764445239e+01
1.537340516657251328e+02 9.591254486093072273e+01
1.547242029557260707e+02 9.525000139101460661e+01
1.557186298615259830e+02 9.459778015967695808e+01
1.567175754174540998e+02 9.395646791345225779e+01
1.577212494543671255e+02 9.332657123760813533e+01
1.587298766729835506e+02 9.270863261532538502e+01
1.597437864009081636e+02 9.210344711363313763e+01
1.607633528739725932e+02 9.151191821426277784e+01
1.617889493956319598e+02 9.093494714793661160e+01
1.628208777986631048e+02 9.037326259729908884e+01
1.638593260550720458e+02 8.982731835664034747e+01
1.649044719731982411e+02 8.929754368261947661e+01
1.659564532954214542e+02 8.878427110397610988e+01
1.670151392473343321e+02 8.828718489166787720e+01
1.680802887138576693e+02 8.780570293033123619e+01
1.691516580193316486e+02 8.733923692293150509e+01
1.702288749661671261e+02 8.688688829994249829e+01
1.713113708559103259e+02 8.644728410732329849e+01
1.723985603994100870e+02 8.601901133843607283e+01
1.734898552453620368e+02 8.560064960009563606e+01
1.745846474870133989e+02 8.519073132732600584e+01
1.756823215265686713e+02 8.478777040276344223e+01
1.767822615207012973e+02 8.439028011703035759e+01
1.778838398132985787e+02 8.399674527927410850e+01
1.789864114120295540e+02 8.360560889977595878e+01
1.800893299415354534e+02 8.321531065423722850e+01
1.811919013181063747e+02 8.282417504047704426e+01
1.822931410240482535e+02 8.242982538826429106e+01
1.833919552495113976e+02 8.202962117337138181e+01
1.844872561429303346e+02 8.162093625277840658e+01
1.855782451755816567e+02 8.120184281251725622e+01
1.866645314491276224e+02 8.077139692270866078e+01
1.877457547582404231e+02 8.032872873618346432e+01
1.888216232351843473e+02 7.987313325960133170e+01
1.898922417232514022e+02 7.940486250336749663e+01
1.909578578601685308e+02 7.892451294728513744e+01
1.920187171390448952e+02 7.843267587805507901e+01
1.930749655131074860e+02 7.792970162413490698e+01
1.941266142804505535e+02 7.741561455152748294e+01
1.951736651809497403e+02 7.689041588845992692e+01
1.962162908135582882e+02 7.635451940415570959e+01
1.972556098973751091e+02 7.581062328463876554e+01
1.982930668023573730e+02 7.526221200327351823e+01
1.993300994719624555e+02 7.471275460669507140e+01
2.003678843427977085e+02 7.416509223402417206e+01
2.014072581448231176e+02 7.362125035031115772e+01
2.024490349048317057e+02 7.308319990773554764e+01
2.034939203747664465e+02 7.255265316652533159e+01
2.045420482426990816e+02 7.202995560303074285e+01
2.055933639631898870e+02 7.151500296317595939e+01
2.066478009524596473e+02 7.100766224645518321e+01
2.077048685754656958e+02 7.050678786286374589e+01
2.087635471666240505e+02 7.000997095350363963e+01
2.098227838174885278e+02 6.951472327904309623e+01
2.108814941247299259e+02 6.901847801200403865e+01
2.119384348800899431e+02 6.851827206419160632e+01
2.129923129355068738e+02 6.801101773426223929e+01
2.140418645982810233e+02 6.749369624057207773e+01
2.150867882415831787e+02 6.696553993713168040e+01
2.161279350221452091e+02 6.642847857348000673e+01
2.171662241053385287e+02 6.588460103241050092e+01
2.182026262960852137e+02 6.533606734207189959e+01
2.192383609387466663e+02 6.478537995084111856e+01
2.202747220572275637e+02 6.423514419533832154e+01
2.213129881926267331e+02 6.368792169870128816e+01
2.223539721021413982e+02 6.314495964266848915e+01
2.233979504499890254e+02 6.260599235547691421e+01
2.244451702540251290e+02 6.207067050337803238e+01
2.254957664643512771e+02 6.153844631970532930e+01
2.265493591014463277e+02 6.100786027696739211e+01
2.276054203828259404e+02 6.047719114015844610e+01
2.286633994874698885e+02 5.994471587706033233e+01
2.297221065207007200e+02 5.940866219842613560e+01
2.307796450356810283e+02 5.886720335702946727e+01
2.318340820213925326e+02 5.831850978743519676e+01
2.328831744291887560e+02 5.776110315784534066e+01
2.339233190656640886e+02 5.719504600939910688e+01
2.349505398558107743e+02 5.662082331119083278e+01
2.359608522679060911e+02 5.603901889833950634e+01
2.369500547036532794e+02 5.545275698585307822e+01
2.379137150271429277e+02 5.486785982328242284e+01
2.388473899584000151e+02 5.429028008173394682e+01
2.397517802418037434e+02 5.372259487105493747e+01
2.406491347785319022e+02 5.315324118077275983e+01
2.415673438952750587e+02 5.256695403944094380e+01
2.425360659790266880e+02 5.194735727448168205e+01
2.436271317301139732e+02 5.125157001815984614e+01
2.449553989921689094e+02 5.040966945918445674e+01
2.466376646370802916e+02 4.935051413476610804e+01
