2.196557395833682946e+01 7.232628465221068836e+01
2.268978939834795128e+01 7.102370379216725382e+01
2.330388346220044582e+01 6.985310031071884396e+01
2.384294373776377540e+01 6.877576649067108860e+01
2.434205159391389017e+01 6.775300255810438443e+01
2.483098126595044164e+01 6.675288733123396412e+01
2.532452854333323700e+01 6.576263100563747344e+01
2.583486557764015146e+01 6.477279484594997427e+01
2.637413533541672450e+01 6.377397984178485757e+01
2.695037435795864411e+01 6.276237641134656542e+01
2.756331422080364746e+01 6.174547921198458766e+01
2.821168463205204802e+01 6.073214658506998376e+01
2.889416812013630675e+01 5.973114692401648540e+01
2.960697836262897198e+01 5.874654176222888680e+01
3.034269707637550084e+01 5.777546830609903594e+01
3.109361525536063553e+01 5.681450949937413952e+01
3.185212526484050599e+01 5.586026887416770137e+01
3.261330759067979557e+01 5.490989591620357402e+01
3.337514526334961573e+01 5.396112961403607500e+01
3.413576564858834672e+01 5.301173827051438536e+01
3.489354919530400423e+01 5.205966771482216870e+01
3.565084545575410857e+01 5.110564792164608150e+01
3.641315537382463674e+01 5.015261942358921488e+01
3.718606670092867716e+01 4.920358364478741464e+01
3.797501064916379221e+01 4.826171332902906386e+01
3.878383519126504098e+01 4.733191394786196327e+01
3.961546899384796916e+01 4.642009707921954487e+01
4.047282939979292138e+01 4.553218669394993867e+01
4.135808942469581950e+01 4.467332306444981072e+01
4.226831839688739478e+01 4.384327281648160124e+01
4.319844488998683829e+01 4.303954858594660493e+01
4.414339015369319696e+01 4.225965529742751414e+01
4.509830613000592336e+01 4.150050260835873672e+01
4.605944601252304693e+01 4.075615856031750894e+01
4.702339123574245860e+01 4.001984421808894155e+01
4.798672350664976705e+01 3.928478094138656473e+01
4.894728434925785621e+01 3.854675590933536000e+01
4.990714198667619428e+01 3.781016465160114848e+01
5.086925005906022079e+01 3.708120599165718545e+01
5.183655955803546789e+01 3.636607322173355072e+01
5.281124731974563957e+01 3.566934287217673472e+01
5.379364454736551693e+01 3.499173701630849820e+01
5.478381327495661424e+01 3.433341558925894788e+01
5.578180984479457294e+01 3.369452496081935067e+01
5.678722851721353493e+01 3.307411021231553860e+01
5.779886774981871156e+01 3.246931977366303101e+01
5.881544731696791928e+01 3.187711454753372209e+01
5.983573040353789452e+01 3.129453113376533224e+01
6.086005613545946602e+01 3.072135418207511748e+01
6.189074849921216526e+01 3.016082944612036343e+01
6.293025804255513833e+01 2.961642337100385802e+01
6.398097879111728048e+01 2.909150941644922739e+01
6.504416812521969860e+01 2.858759113043981515e+01
6.612003074896642829e+01 2.810444028799191329e+01
6.720873166916275920e+01 2.764176335751803038e+01
6.830990411618473956e+01 2.719906404370863839e+01
6.941653791059067657e+01 2.677331295195282124e+01
7.051710696837012904e+01 2.635975879556576729e+01
7.159999890670816569e+01 2.595361738255543926e+01
7.265518292690404678e+01 2.554964464575569494e+01
7.368573874909534993e+01 2.513878438933821613e+01
7.470122864460221024e+01 2.471009549442380404e+01
7.571126095729069050e+01 2.425262344567846995e+01
7.672902340026294610e+01 2.375302784550895652e+01
7.778813843815871110e+01 2.318434720613765876e+01
7.892946893673617126e+01 2.251479384180651522e+01
8.019388624618416372e+01 2.171257441133282740e+01
