4.412148158289794964e+01 4.629959605016419744e+01
4.643688118400663001e+01 4.768522400517889537e+01
4.817190575321905044e+01 4.872002579143001100e+01
4.951898387092609966e+01 4.952001491602963767e+01
5.066436055929972326e+01 5.019747272441757246e+01
5.171033285413001579e+01 5.081401273517057149e+01
5.269869785759197356e+01 5.139473299706370568e+01
5.366980964641812335e+01 5.196386246246911611e+01
5.465102969641845476e+01 5.253801319647657664e+01
5.564448591962770507e+01 5.311900413598264947e+01
5.664940705266812415e+01 5.370695458187874749e+01
5.766500404961216475e+01 5.430188084302373142e+01
5.869038402066247073e+01 5.490319779083841922e+01
5.972461648899948017e+01 5.551010260221413972e+01
6.076677509911250041e+01 5.612178584330992948e+01
6.181602947801150805e+01 5.673729293961265796e+01
6.287164523522702808e+01 5.735552417593702046e+01
6.393289228681669556e+01 5.797537344593158792e+01
6.499913724499037926e+01 5.859567613420669829e+01
6.607001387008597248e+01 5.921510597902280892e+01
6.714520166972449999e+01 5.983230903781262811e+01
6.822438702960346291e+01 6.044597082696992629e+01
6.930731620016057093e+01 6.105512030199388107e+01
7.039376625580615610e+01 6.165896325298683678e+01
7.148351399269984086e+01 6.225671417799713225e+01
7.257631206433563875e+01 6.284791581481992750e+01
7.367187962453169803e+01 6.343256635738302407e+01
7.476993335954010433e+01 6.401069754823916469e+01
7.587018929571877379e+01 6.458241786136113660e+01
7.697236081984868861e+01 6.514814269640154976e+01
7.807616065881659040e+01 6.570836418443305149e+01
7.918130082094853606e+01 6.626358609469292560e+01
8.028748355939085002e+01 6.681447019614235217e+01
8.139440409689220246e+01 6.736179212554580431e+01
8.250175731368167931e+01 6.790633073511946805e+01
8.360921542542901364e+01 6.844894977166316608e+01
8.471640662985781489e+01 6.899067785988688684e+01
8.582295406731061860e+01 6.953256256792012380e+01
8.692848595751023311e+01 7.007564016205019186e+01
8.803266018198293352e+01 7.062088090976024546e+01
8.913514535855433962e+01 7.116923118979998719e+01
9.023561736453740423e+01 7.172161921007922558e+01
9.133391870485317554e+01 7.227855600703901473e+01
9.243005851203116663e+01 7.284013544565169695e+01
9.352405326373569494e+01 7.340643299740079897e+01
9.461599226840255028e+01 7.397733882450756937e+01
9.570616604830955509e+01 7.455223112443174216e+01
9.679489958222372081e+01 7.513040042418225539e+01
9.788252000898674510e+01 7.571112958443561070e+01
9.896937326809108981e+01 7.629363474038378001e+01
1.000558149793641576e+02 7.687709767069250688e+01
1.011421989134763635e+02 7.746070431211580853e+01
1.022287914573019094e+02 7.804384180875227628e+01
1.033157377464459898e+02 7.862617649428685240e+01
1.044031739852180607e+02 7.920739526734145386e+01
1.054911898702242183e+02 7.978729486579439367e+01
1.065796890672557709e+02 8.036611138454887282e+01
1.076685287344005246e+02 8.094419075776444572e+01
1.087575599663278751e+02 8.152189328721664197e+01
1.098465515407373516e+02 8.209977432943554732e+01
1.109352129108420115e+02 8.267852981370612042e+01
1.120232521970949335e+02 8.325885882434403129e+01
1.131103747295093314e+02 8.384146669237358651e+01
1.141962804186490672e+02 8.442707088085631995e+01
1.152806685524179784e+02 8.501639024674764755e+01
1.163632540259459631e+02 8.561010608271540434e+01
1.174438428751039680e+02 8.620868031913165908e+01
1.185222741247978604e+02 8.681249548663571147e+01
1.195983889703836667e+02 8.742192891551839296e+01
1.206720774810192296e+02 8.803724084694312069e+01
1.217432785996644213e+02 8.865857443294582652e+01
1.228119334390168262e+02 8.928606762721057066e+01
1.238780155843867306e+02 8.991978043121301312e+01
1.249415883350744707e+02 9.055955748329287758e+01
1.260027303532855711e+02 9.120520654233132518e+01
1.270615333623820788e+02 9.185650393268741709e+01
1.281182027661630229e+02 9.251295238195352511e+01
1.291730025017584751e+02 9.317391374449313446e+01
1.302261973799551527e+02 9.383874777668798117e+01
1.312780698730155393e+02 9.450677193994279435e+01
1.323289269597629527e+02 9.517724500835551282e+01
1.333790774241595329e+02 9.584942143315245744e+01
1.344288185113631755e+02 9.652258358959102225e+01
1.354784013113159062e+02 9.719612554905292257e+01
1.365280653751555917e+02 9.786946930695090430e+01
1.375780435194820086e+02 9.854205311807612588e+01
1.386284771328045338e+02 9.921353597454060491e+01
1.396794417129109718e+02 9.988373595021437268e+01
1.407310106398728635e+02 1.005524762309396465e+02
1.417831770639926958e+02 1.012197735960840959e+02
1.428357783174261613e+02 1.018860208124405915e+02
1.438886338298185308e+02 1.025516538453573503e+02
1.449415418902331680e+02 1.032171596287924729e+02
1.459941773341317912e+02 1.038833227355545148e+02
1.470461703120724906e+02 1.045510354709364549e+02
1.480971497349376591e+02 1.052211931143173587e+02
1.491467174186548448e+02 1.058947559313343305e+02
1.501944480841962957e+02 1.065727491738826274e+02
1.512399153159098546e+02 1.072562008190212595e+02
1.522827227253733042e+02 1.079460661077208101e+02
1.533225568821531510e+02 1.086430993286964792e+02
1.543591185618018073e+02 1.093480203589690944e+02
1.553921302153876809e+02 1.100614966856452668e+02
1.564215029512467368e+02 1.107837398095404353e+02
1.574472450161376855e+02 1.115147264470392372e+02
1.584693664485488398e+02 1.122544289859886675e+02
1.594879220819517514e+02 1.130027116389552049e+02
1.605030289060623545e+02 1.137592885175644852e+02
1.615148084889881375e+02 1.145238626770969717e+02
1.625233876698538893e+02 1.152961247157620619e+02
1.635289143718535456e+02 1.160757154034848497e+02
1.645315417891984566e+02 1.168622630531193352e+02
1.655314279175855745e+02 1.176553845729864634e+02
1.665287959376805702e+02 1.184545420434659491e+02
1.675239160078844520e+02 1.192590859629858642e+02
1.685170599451547560e+02 1.200683628890682826e+02
1.695085747601502817e+02 1.208815405984790630e+02
1.704989535008841983e+02 1.216974396491602306e+02
1.714887059941293614e+02 1.225148407058272682e+02
1.724783482560682160e+02 1.233325110174793338e+02
1.734684324468696843e+02 1.241491394900257035e+02
1.744595238092740317e+02 1.249633866725409348e+02
1.754521875878277228e+02 1.257739135019923680e+02
1.764469886535894432e+02 1.265793907364807467e+02
1.774444915041296724e+02 1.273784989552399054e+02
1.784452605440203001e+02 1.281699193558608840e+02
1.794498045266754787e+02 1.289524718656631421e+02
1.804584784547940330e+02 1.297253596887190952e+02
1.814716110023201736e+02 1.304878516626139913e+02
1.824894841222313744e+02 1.312393302021634440e+02
1.835119731220538313e+02 1.319801662647423655e+02
1.845387439301664187e+02 1.327112398019797297e+02
1.855694556159893125e+02 1.334334472326161460e+02
1.866035349445031102e+02 1.341482403327869974e+02
1.876400863416586731e+02 1.348578414767463869e+02
1.886781904901074824e+02 1.355645298005425161e+02
1.897169185808418206e+02 1.362705965370534784e+02
1.907553038382168040e+02 1.369783813064767344e+02
1.917923699949284639e+02 1.376902358258397499e+02
1.928271541948319339e+02 1.384084737818152462e+02
1.938588756516832632e+02 1.391348925609857758e+02
1.948868847940221940e+02 1.398709174609465435e+02
1.959105355669820483e+02 1.406179634524815185e+02
1.969292569094502028e+02 1.413771899235384240e+02
1.979426234093403423e+02 1.421492598821764091e+02
1.989502263887094955e+02 1.429347793055736702e+02
1.999516665203766195e+02 1.437342935510895074e+02
2.009465990823379968e+02 1.445479939775488845e+02
2.019346991173196102e+02 1.453759438115062892e+02
2.029156437655979346e+02 1.462181929434218830e+02
2.038891577840930438e+02 1.470744885984734367e+02
2.048550135463684683e+02 1.479442753365561884e+02
2.058129854828609666e+02 1.488269844887702220e+02
2.067628382978629702e+02 1.497219970459327385e+02
2.077043098246769830e+02 1.506285549208102168e+02
2.086371332951327702e+02 1.515458762100074352e+02
2.095610384973467148e+02 1.524731868873600433e+02
2.104757252463719510e+02 1.534097814877845565e+02
2.113808779243226184e+02 1.543549898478603666e+02
2.122761827563087138e+02 1.553081431753189463e+02
2.131614152256404964e+02 1.562686215708334316e+02
2.140364746677671519e+02 1.572358729775319830e+02
2.149012695410118567e+02 1.582093503357771738e+02
2.157557596589550712e+02 1.591885239820072115e+02
2.166001102562062215e+02 1.601729338369630966e+02
2.174345379226321029e+02 1.611621372174617761e+02
2.182592594355306233e+02 1.621556987838582700e+02
2.190744941167675393e+02 1.631532828923857039e+02
2.198804631220365877e+02 1.641546257484571356e+02
2.206773881957581409e+02 1.651594652283147298e+02
2.214655574195838881e+02 1.661675494478060386e+02
2.222453877119358765e+02 1.671786464096148848e+02
2.230173107937592079e+02 1.681925264012958223e+02
2.237817675925882099e+02 1.692089632217582675e+02
2.245392527992188150e+02 1.702277511749949497e+02
2.252902805644393993e+02 1.712486919869585904e+02
2.260353673110390389e+02 1.722715869971990799e+02
2.267750811004768821e+02 1.732962284225448286e+02
2.275100416328817516e+02 1.743223993571031087e+02
2.282408708631419074e+02 1.753498824950384574e+02
2.289681977059523206e+02 1.763784581361198320e+02
2.296926703042747135e+02 1.774078999649793502e+02
2.304149400937791370e+02 1.784379805334522189e+02
2.311356668166270936e+02 1.794684683316206133e+02
2.318555825122201952e+02 1.804990964972723759e+02
2.325754564453472995e+02 1.815295799655245617e+02
2.332960598661553888e+02 1.825596327212906260e+02
2.340182400188507188e+02 1.835889325229408655e+02
2.347429495948340161e+02 1.846171068619258051e+02
2.354711490526829607e+02 1.856437795270645097e+02
2.362037762310616245e+02 1.866685819252767828e+02
2.369416784889801590e+02 1.876911759358854113e+02
2.376856805655348239e+02 1.887112310563135509e+02
2.384365861376632552e+02 1.897284252097304034e+02
2.391949129424307330e+02 1.907425507072302651e+02
2.399609726447379501e+02 1.917534822974043323e+02
2.407350714724730665e+02 1.927610969062873494e+02
2.415174082555755035e+02 1.937653147152553572e+02
2.423079732411918030e+02 1.947661399139925891e+02
2.431067327116370222e+02 1.957635863442015705e+02
2.439136273306282874e+02 1.967576783273250953e+02
2.447284481582336753e+02 1.977485013828221270e+02
2.455509321044236231e+02 1.987361631812061660e+02
2.463808153857628724e+02 1.997207717039463546e+02
2.472178199883510956e+02 2.007024413817707398e+02
2.480616536678232933e+02 2.016812930946667848e+02
2.489120234677708936e+02 2.026574480426236562e+02
2.497685687694907415e+02 2.036310561352268564e+02
2.506307420196908708e+02 2.046023465997469089e+02
2.514979636538143666e+02 2.055715622460630811e+02
2.523696666349592874e+02 2.065389409861286936e+02
2.532453929632199845e+02 2.075046781017986746e+02
2.541247407811445100e+02 2.084689469249626086e+02
2.550073139012714023e+02 2.094319184918077212e+02
2.558929519488245887e+02 2.103936680686751401e+02
2.567818217559996583e+02 2.113541380343924345e+02
2.576741142568609462e+02 2.123132609793729841e+02
2.585700124083240894e+02 2.132709734435173061e+02
2.594696672587085686e+02 2.142272277646755185e+02
2.603732218791852802e+02 2.151819802301850189e+02
2.612808053254667584e+02 2.161351929240089476e+02
2.621923563794039183e+02 2.170869066250992034e+02
2.631076766956043116e+02 2.180372188265924365e+02
2.640265645907811631e+02 2.189862283802743832e+02
2.649487808044768826e+02 2.199340470338851503e+02
2.658740130957781957e+02 2.208808115810256822e+02
2.668019408387829685e+02 2.218266616929065833e+02
2.677322463260308609e+02 2.227717333262370687e+02
2.686646288927371984e+02 2.237161407463365492e+02
2.695987940428347542e+02 2.246599903671732079e+02
2.705344492645505170e+02 2.256033868901774326e+02
2.714713474891860869e+02 2.265463958774959394e+02
2.724092870911175055e+02 2.274890437519915452e+02
2.733480684584544633e+02 2.284313551976461554e+02
2.742875194915828274e+02 2.293733279483006129e+02
2.752275441006644883e+02 2.303148852810596168e+02
2.761680592120139863e+02 2.312559377228230346e+02
2.771089896570855444e+02 2.321963864960040951e+02
2.780503290713272122e+02 2.331360518395224801e+02
2.789921065169240251e+02 2.340747122944137004e+02
2.799343521542586473e+02 2.350121449528911057e+02
2.808771326260089722e+02 2.359480768904824686e+02
2.818205651966483742e+02 2.368821657809851331e+02
2.827647708594205938e+02 2.378140641861066626e+02
2.837098792326963803e+02 2.387434129883345975e+02
2.846560544353528712e+02 2.396698063532760159e+02
2.856034692113937012e+02 2.405928267673178595e+02
2.865522955305390269e+02 2.415120595800964907e+02
2.875026948508318583e+02 2.424271290127214797e+02
2.884548210547222880e+02 2.433376873003342951e+02
2.894088275005525475e+02 2.442433881723007687e+02
2.903648243662684081e+02 2.451439913252374083e+02
2.913228379670617301e+02 2.460394622599256991e+02
2.922828849828295006e+02 2.469297901227321290e+02
2.932449510313681458e+02 2.478150385937137798e+02
2.942088403386745199e+02 2.486957066036049184e+02
2.951742914747022155e+02 2.495724506251974333e+02
2.961410404392988198e+02 2.504459331849542423e+02
2.971087662027579768e+02 2.513169510458851050e+02
2.980770907058190460e+02 2.521864352075465661e+02
2.990456334137496697e+02 2.530553224942038639e+02
3.000140167456631843e+02 2.539245412744087105e+02
3.009818712814350761e+02 2.547949965556172742e+02
3.019488289984154790e+02 2.556675893448586976e+02
3.029145313052809456e+02 2.565431977104862540e+02
3.038787016981804641e+02 2.574225000694166283e+02
3.048411059395785969e+02 2.583060720393163479e+02
3.058015129423409917e+02 2.591944816377485949e+02
3.067598184984575482e+02 2.600879911086121865e+02
3.077160944537814089e+02 2.609864384129697896e+02
3.086704256221872811e+02 2.618896302594653775e+02
3.096229291922222160e+02 2.627972959153346437e+02
3.105738518511233792e+02 2.637088548821804466e+02
3.115234726608002234e+02 2.646236492201974784e+02
3.124720739429887431e+02 2.655410133267095034e+02
3.134199822748289535e+02 2.664601775679021216e+02
3.143675561276027679e+02 2.673802973364299760e+02
3.153151546580564286e+02 2.683005264199715612e+02
3.162631347653042440e+02 2.692200246808728252e+02
3.172118489638020264e+02 2.701379637793871211e+02
3.181616492642367007e+02 2.710535167312721114e+02
3.191128760967904441e+02 2.719658837079039131e+02
3.200658022655480295e+02 2.728744234599685683e+02
3.210206760968504796e+02 2.737785521370541346e+02
3.219777407882714328e+02 2.746776977563857827e+02
3.229371223522625201e+02 2.755715594699222493e+02
3.238988296161529661e+02 2.764601075643544732e+02
3.248628661811174538e+02 2.773433244142041190e+02
3.258291405651410173e+02 2.782214094326765235e+02
3.267972985943052322e+02 2.790951616584707153e+02
3.277669411105067638e+02 2.799654828120353613e+02
3.287376537349665568e+02 2.808333049093637328e+02
3.297088896126558666e+02 2.816998236498925507e+02
3.306800336773701474e+02 2.825663705019803729e+02
3.316504721257027768e+02 2.834342725328508550e+02
3.326196738891312634e+02 2.843046066295821106e+02
3.335872226997042844e+02 2.851781025364003312e+02
3.345527107456114209e+02 2.860554644271983307e+02
3.355157895620534987e+02 2.869372307859307512e+02
3.364763480722758686e+02 2.878232773368013113e+02
3.374343345465348989e+02 2.887133141140757857e+02
3.383897051657130532e+02 2.896070281265273252e+02
3.393425235053512665e+02 2.905037937888370720e+02
3.402929305385549696e+02 2.914027602342639511e+02
3.412410691444231361e+02 2.923030712331802761e+02
3.421871060751033156e+02 2.932038234409551478e+02
3.431312544477548272e+02 2.941040220086127874e+02
3.440737327065813247e+02 2.950026615739121780e+02
3.450147620281297804e+02 2.958987646298055552e+02
3.459545795448773902e+02 2.967915163338273601e+02
3.468934281646631916e+02 2.976801607211070859e+02
3.478315522333114131e+02 2.985639550328434098e+02
3.487692289870835793e+02 2.994424583819922532e+02
3.497067685526783407e+02 3.003155317532664981e+02
3.506444825956990030e+02 3.011830493696847384e+02
3.515827617235399885e+02 3.020449677031789406e+02
3.525222146407096488e+02 3.029014704595751937e+02
3.534634873993504698e+02 3.037527802569438791e+02
3.544072077838274026e+02 3.045991326421726626e+02
3.553538445811852853e+02 3.054408756907394036e+02
3.563037847117637966e+02 3.062784154183756300e+02
3.572574099542597992e+02 3.071121592970674214e+02
3.582148998367726449e+02 3.079425590718524290e+02
3.591761532502267755e+02 3.087701279197942767e+02
3.601410484139812525e+02 3.095953835430029244e+02
3.611094145278252086e+02 3.104188665877860558e+02
3.620808847132681194e+02 3.112412094772433306e+02
3.630550430722503847e+02 3.120630675786728716e+02
3.640314725807874083e+02 3.128850918252254587e+02
3.650097409293442183e+02 3.137078729520737852e+02
3.659894047923410767e+02 3.145319583106972345e+02
3.669700210147654502e+02 3.153578934001692460e+02
3.679511965074093496e+02 3.161861154693016260e+02
3.689326354163046062e+02 3.170168515287945183e+02
3.699140530591916445e+02 3.178503044343308943e+02
3.708951712417441513e+02 3.186866755319142044e+02
3.718757496568981651e+02 3.195261573515469991e+02
3.728555617111512674e+02 3.203689392322176559e+02
3.738343839823311896e+02 3.212152058076384833e+02
3.748120655538029382e+02 3.220650335913940694e+02
3.757885280144683406e+02 3.229183909769415095e+02
3.767636961279833940e+02 3.237752416379601073e+02
3.777375108539302460e+02 3.246355355436307946e+02
3.787099578973275129e+02 3.254991848009130422e+02
3.796810306255416663e+02 3.263660950331208142e+02
3.806507277659706574e+02 3.272361641870994049e+02
3.816190946981297429e+02 3.281092233959818714e+02
3.825862008224121382e+02 3.289850693909472170e+02
3.835521178857601399e+02 3.298634937930779643e+02
3.845170149328985758e+02 3.307440696333505912e+02
3.854811960161865159e+02 3.316260666333305380e+02
3.864449751325648776e+02 3.325087321729947121e+02
3.874086759487402105e+02 3.333912930408265538e+02
3.883726608104860816e+02 3.342728936593378535e+02
3.893373017333422581e+02 3.351526578595469914e+02
3.903029654594200792e+02 3.360297223068433823e+02
3.912699471387668382e+02 3.369033979060338311e+02
3.922384903262061471e+02 3.377731211334087220e+02
3.932088375186926896e+02 3.386383310300336689e+02
3.941812410374132583e+02 3.394984415357084799e+02
3.951559722836726678e+02 3.403528178398393038e+02
3.961333048509600303e+02 3.412008195307234359e+02
3.971135131440489658e+02 3.420418035406361810e+02
3.980968763053318753e+02 3.428751112916144166e+02
3.990836751920156757e+02 3.437000785916542895e+02
4.000741845023675864e+02 3.445160559925984671e+02
4.010685372246384759e+02 3.453227333328562167e+02
4.020667246370626913e+02 3.461201397374028943e+02
4.030687318000535697e+02 3.469083192177465662e+02
4.040745027998498244e+02 3.476874136187556132e+02
4.050838685209350842e+02 3.484578350752575489e+02
4.060966404627702104e+02 3.492200420073806413e+02
4.071126220204695301e+02 3.499745122083837714e+02
4.081315460513212656e+02 3.507218920895193719e+02
4.091531090931368340e+02 3.514629148823681817e+02
4.101770036616171069e+02 3.521983235098684304e+02
4.112027536819479110e+02 3.529292673764107917e+02
4.122296491479120846e+02 3.536574599084823376e+02
4.132569628220466029e+02 3.543846560780994537e+02
4.142839356444495706e+02 3.551126876076046415e+02
4.153096812654675887e+02 3.558436932206481060e+02
4.163332815130086146e+02 3.565798883912066799e+02
4.173538253495262325e+02 3.573234713726690188e+02
4.183704985960623048e+02 3.580764066317153720e+02
4.193825568780500248e+02 3.588404901487892857e+02
4.203892592255243130e+02 3.596175096864816396e+02
4.213900901568060817e+02 3.604087087245558223e+02
4.223849721220112201e+02 3.612142736645549803e+02
4.233738778868232089e+02 3.620342694564821500e+02
4.243568428821413363e+02 3.628686097969322759e+02
4.253342684817985742e+02 3.637163251155116086e+02
4.263066885152580312e+02 3.645761261371008004e+02
4.272746412747349609e+02 3.654467128178465032e+02
4.282387634937049370e+02 3.663265475753849501e+02
4.291997903469038533e+02 3.672138552888408753e+02
4.301584612802639640e+02 3.681068505310191199e+02
4.311155093177829940e+02 3.690037634199796912e+02
4.320716497412020090e+02 3.699028670215684542e+02
4.330275947940217520e+02 3.708024417561448445e+02
4.339840424160218504e+02 3.717008025837872651e+02
4.349415660516262960e+02 3.725965650880576163e+02
4.359006750433945854e+02 3.734884996416295166e+02
4.368618750721053630e+02 3.743753854582553799e+02
4.378255299499063540e+02 3.752563442745544648e+02
4.387918066360704188e+02 3.761309731021303264e+02
4.397608575898059371e+02 3.769989039610562713e+02
4.407327995831792578e+02 3.778598550307586379e+02
4.417076066396886631e+02 3.787138891280776534e+02
4.426852170956901773e+02 3.795611552292062925e+02
4.436655649612565639e+02 3.804018127542430534e+02
4.446485255128332028e+02 3.812361629097338209e+02
4.456339316985055348e+02 3.820646090853866781e+02
4.466216154464341344e+02 3.828875571329417653e+02
4.476113983455870766e+02 3.837054378481081471e+02
4.486030819046828810e+02 3.845187304714937682e+02
4.495964653253472534e+02 3.853279198097158087e+02
4.505913347123536710e+02 3.861335222760316697e+02
4.515873996894367224e+02 3.869362388554185372e+02
4.525843421974789749e+02 3.877368373398912240e+02
4.535818430801871273e+02 3.885360881665297370e+02
4.545795588244362193e+02 3.893348204895186768e+02
4.555771215602691768e+02 3.901339221801462145e+02
4.565741623845514710e+02 3.909342836002138029e+02
4.575703311101480040e+02 3.917367498682647238e+02
4.585653292577112552e+02 3.925420411066397719e+02
4.595588672024971970e+02 3.933508560329381680e+02
4.605506627801375998e+02 3.941638753329114024e+02
4.615404987591544455e+02 3.949816227484484443e+02
4.625281913416015414e+02 3.958045412120453648e+02
4.635135581600406454e+02 3.966330701996704420e+02
4.644964691279058115e+02 3.974675228703360403e+02
4.654768667020824751e+02 3.983080371092403880e+02
4.664546986829633397e+02 3.991547378910186126e+02
4.674299451665839911e+02 4.000076722146204702e+02
4.684027154315523944e+02 4.008665751762571858e+02
4.693731510521188284e+02 4.017311038964543286e+02
4.703414037132040448e+02 4.026008911042711702e+02
4.713077623621863381e+02 4.034752383902108477e+02
4.722726148692394190e+02 4.043532086986634226e+02
4.732363513400511579e+02 4.052338595842353470e+02
4.741993681249873589e+02 4.061162339331043540e+02
4.751620737025073709e+02 4.069993461431774904e+02
4.761248779445110699e+02 4.078822073392409493e+02
4.770881676294011413e+02 4.087638846872754357e+02
4.780521946776358959e+02 4.096437726142293627e+02
4.790171621968872842e+02 4.105213840014696416e+02
4.799832687128723023e+02 4.113962428843273074e+02
4.809506089148812862e+02 4.122681260814293864e+02
4.819191736557777972e+02 4.131370631946989533e+02
4.828889492723708941e+02 4.140030948219469451e+02
4.838599210670831212e+02 4.148662654105961565e+02
4.848320714845744419e+02 4.157266300436161828e+02
4.858053824801334031e+02 4.165842456252422608e+02
4.867798226285531200e+02 4.174392017901603822e+02
4.877552440447631739e+02 4.182918730492105510e+02
4.887314388792528348e+02 4.191427805941461884e+02
4.897081972503307270e+02 4.199924505758845044e+02
4.906852396737051549e+02 4.208415788671600239e+02
4.916621900864970485e+02 4.216910968418724224e+02
4.926386653119065500e+02 4.225419532207954489e+02
4.936143123203386835e+02 4.233950234901299154e+02
4.945888986710194786e+02 4.242508901977867595e+02
4.955622220703799599e+02 4.251100626571039811e+02
4.965340946763931811e+02 4.259730146363194763e+02
4.975045248411682905e+02 4.268397373433931534e+02
4.984736623107022524e+02 4.277098742130259552e+02
4.994416602968713050e+02 4.285830600715481751e+02
5.004087136773848670e+02 4.294588171391418996e+02
5.013750982511990628e+02 4.303364489380990108e+02
5.023410991146046740e+02 4.312152338637196181e+02
5.033069864590276552e+02 4.320944786310686254e+02
5.042729434366968349e+02 4.329736553327255706e+02
5.052391216953884623e+02 4.338522959208306133e+02
5.062056657060612110e+02 4.347299474514950930e+02
5.071725558723148310e+02 4.356065024731746576e+02
5.081396085303898076e+02 4.364821990266694911e+02
5.091066328252715607e+02 4.373572902696901110e+02
5.100733959305981671e+02 4.382320986006458270e+02
5.110395490633047757e+02 4.391071377132818725e+02
5.120047235835368156e+02 4.399829540593564730e+02
5.129685451964285221e+02 4.408600991671393672e+02
5.139305903875629156e+02 4.417391687493458221e+02
5.148904102996908705e+02 4.426207812689809771e+02
5.158475558040022406e+02 4.435055551359912442e+02
5.168015749580479223e+02 4.443940978404150997e+02
5.177520119152529787e+02 4.452870017201359474e+02
5.186984105414669557e+02 4.461848579969395132e+02
5.196403766170921017e+02 4.470881335882136227e+02
5.205777635807406796e+02 4.479967981937582522e+02
5.215104867855770863e+02 4.489106972089760461e+02
5.224384817608806770e+02 4.498296482190012284e+02
5.233619579468565917e+02 4.507530912567621044e+02
5.242813221868111668e+02 4.516801942595192827e+02
5.251969873631771861e+02 4.526101177906360249e+02
5.261095697697405740e+02 4.535418570210789539e+02
5.270200807553943605e+02 4.544740859051766506e+02
5.279295770583423746e+02 4.554054414915157736e+02
5.288391503530853015e+02 4.563345404757252481e+02
5.297500963298778061e+02 4.572598806992779146e+02
5.306637845239175704e+02 4.581799169835451266e+02
5.315815716503745989e+02 4.590931142199706869e+02
5.325045172211089266e+02 4.599981702764310967e+02
5.334333835446702778e+02 4.608940159972350443e+02
5.343689197679813105e+02 4.617795926639739719e+02
5.353117012236872370e+02 4.626540647654026088e+02
5.362618230375377379e+02 4.635172134577917404e+02
5.372192981031487307e+02 4.643689254974910909e+02
5.381841044852401410e+02 4.652091461103249799e+02
5.391559171081487420e+02 4.660383294231039599e+02
5.401342548111630322e+02 4.668571915925079452e+02
5.411186341126332309e+02 4.676664529383722311e+02
5.421085248314211640e+02 4.684669242653022252e+02
5.431033319875056122e+02 4.692595419319954431e+02
5.441024558278189716e+02 4.700452515453885667e+02
5.451052932033711613e+02 4.708250231986928043e+02
5.461112273814844684e+02 4.715999249302218459e+02
5.471196382335587032e+02 4.723710492645639079e+02
5.481299077706656817e+02 4.731394896326140724e+02
5.491414470520539908e+02 4.739063517692793539e+02
5.501536880715154894e+02 4.746727502767660098e+02
5.511660638554469642e+02 4.754397989148330907e+02
5.521780764529603402e+02 4.762084858199062865e+02
5.531893619655469365e+02 4.769795551492086361e+02
5.541995718964609523e+02 4.777537230283106169e+02
5.552083866959436591e+02 4.785316446281245248e+02
5.562156558545128746e+02 4.793136191656839742e+02
5.572212900480080862e+02 4.800998170180016018e+02
5.582252063602769567e+02 4.808903934389470010e+02
5.592274673182915876e+02 4.816851599374306829e+02
5.602282808921485184e+02 4.824835842774049297e+02
5.612278613899754873e+02 4.832851192247778727e+02
5.622264335723034492e+02 4.840891794027724018e+02
5.632242510771275192e+02 4.848950740555767425e+02
5.642215724875111391e+02 4.857020943819430272e+02
5.652186364809037968e+02 4.865095703631620836e+02
5.662155084821893070e+02 4.873171695322469077e+02
5.672121647096111019e+02 4.881247332254379216e+02
5.682085790531757539e+02 4.889321063273768004e+02
5.692046533368250039e+02 4.897392293889755592e+02
5.702001893876799841e+02 4.905461757049399125e+02
5.711949816671570943e+02 4.913530283478048091e+02
5.721888083947536643e+02 4.921598739307875690e+02
5.731813828222979055e+02 4.929668132298409091e+02
5.741724019596994140e+02 4.937739505616003726e+02
5.751615498002336153e+02 4.945814156821313645e+02
5.761483336233457067e+02 4.953896837131883331e+02
5.771321333537280225e+02 4.961994786759004228e+02
5.781123256455459796e+02 4.970115313773540606e+02
5.790882316219463064e+02 4.978267288405774593e+02
5.800590645565768000e+02 4.986462614831959854e+02
5.810240253318658006e+02 4.994713545809374864e+02
5.819823457860959479e+02 5.003032176683569219e+02
5.829334385289054126e+02 5.011429683570634666e+02
5.838767816014017171e+02 5.019916909865074217e+02
5.848118643584964502e+02 5.028504525278229380e+02
5.857384342968254032e+02 5.037199215364111637e+02
5.866564970547499343e+02 5.046003681519401880e+02
5.875660694424224175e+02 5.054920449945047380e+02
5.884671307429082390e+02 5.063950617505616947e+02
5.893595565609878122e+02 5.073091332154265274e+02
5.902432047472468639e+02 5.082339065620177507e+02
5.911179271458620406e+02 5.091690142545513140e+02
5.919835233230023732e+02 5.101139607370550948e+02
5.928397659272254714e+02 5.110681845367800520e+02
5.936864329788670602e+02 5.120311212311767122e+02
5.945235558965165410e+02 5.130020974586145712e+02
5.953515177069695028e+02 5.139802886966936057e+02
5.961707273362709429e+02 5.149648592886022698e+02
5.969817503069355098e+02 5.159549234188079936e+02
5.977857785273557738e+02 5.169493946368924071e+02
5.985841605023945249e+02 5.179471363337155481e+02
5.993782521443974929e+02 5.189470133756776704e+02
6.001695099297082834e+02 5.199479106611075849e+02
6.009594628094906739e+02 5.209487275250161247e+02
6.017496405871746674e+02 5.219483642505495027e+02
6.025414825884544143e+02 5.229457972805364534e+02
6.033362524178023705e+02 5.239401509712405414e+02
6.041351934904437258e+02 5.249305666732340114e+02
6.049395082859659851e+02 5.259162227448326803e+02
6.057501602341542366e+02 5.268965136566248475e+02
6.065680262390278585e+02 5.278709121025621016e+02
6.073939723169702347e+02 5.288389019101098256e+02
6.082286168136819242e+02 5.298002204959622077e+02
6.090723304041808888e+02 5.307548588660436053e+02
6.099254728101213914e+02 5.317028192901994998e+02
6.107882695759381022e+02 5.326442768080694350e+02
6.116605755467933250e+02 5.335798837805285757e+02
6.125421820881433632e+02 5.345103743064373703e+02
6.134328217007233661e+02 5.354365102127575256e+02
6.143317145441795901e+02 5.363592946636339320e+02
6.152378169770015575e+02 5.372798550861859894e+02
6.161500799286253596e+02 5.381993171275546501e+02
6.170673071663410383e+02 5.391186792906645451e+02
6.179880982594305578e+02 5.400387636567420486e+02
6.189110377360742632e+02 5.409603793118982367e+02
6.198346934229123235e+02 5.418842937739968875e+02
6.207575663404290935e+02 5.428111082879154310e+02
6.216781408075692070e+02 5.437413825302827490e+02
6.225949050470082966e+02 5.446756702169918753e+02
6.235064002784720287e+02 5.456144441409530828e+02
6.244112059157880594e+02 5.465581187752153483e+02
6.253079033354904368e+02 5.475071068495219606e+02
6.261952093735116023e+02 5.484617659434563848e+02
6.270721039480910122e+02 5.494223465267887150e+02
6.279375972039448470e+02 5.503890867630545927e+02
6.287907857460445484e+02 5.513621952541260498e+02
6.296312710769982459e+02 5.523417079720998117e+02
6.304588374506806758e+02 5.533275984045056930e+02
6.312732805011435175e+02 5.543198367068009702e+02
6.320746518088819812e+02 5.553183183790546309e+02
6.328632589008340119e+02 5.563228642659455545e+02
6.336394206007045113e+02 5.573332919101535481e+02
6.344035780111878466e+02 5.583493781727476062e+02
6.351565100623085982e+02 5.593707875213220859e+02
6.358990535347027162e+02 5.603971651768611082e+02
6.366320524401739931e+02 5.614281528942083241e+02
6.373564137284604385e+02 5.624633622599433238e+02
6.380730767556417504e+02 5.635023893272002624e+02
6.387829793365435762e+02 5.645448300623286286e+02
6.394869773415971395e+02 5.655902823156148997e+02
6.401858129375232238e+02 5.666383465514430782e+02
6.408802199156965571e+02 5.676886234267494729e+02
6.415708846832191057e+02 5.687407044239122342e+02
6.422583041101081562e+02 5.697941443270759692e+02
6.429429276821092571e+02 5.708484887458272397e+02
6.436251959702292424e+02 5.719032760639506705e+02
6.443054285189814436e+02 5.729579465677509234e+02
6.449838576510746861e+02 5.740118698462903239e+02
6.456607131902235324e+02 5.750644132902455112e+02
6.463361555773885812e+02 5.761148671390880054e+02
6.470102105019014971e+02 5.771623717931727242e+02
6.476828881709914185e+02 5.782060504372964260e+02
6.483541385037428881e+02 5.792450180398120665e+02
6.490235593575655457e+02 5.802783415879165432e+02
6.496906211586585869e+02 5.813050707016885781e+02
6.503547859051833484e+02 5.823242574010830594e+02
6.510153257930824111e+02 5.833350094541796125e+02
6.516713232160790312e+02 5.843364903771822583e+02
6.523218523297099409e+02 5.853278662744091889e+02
6.529659975000880650e+02 5.863084223551168179e+02
6.536028713026860260e+02 5.872777728867558835e+02
6.542315911436347733e+02 5.882355884857346382e+02
6.548531257166469004e+02 5.891843730193949114e+02
6.554845567740094339e+02 5.901512901317285014e+02
6.561512625790214770e+02 5.911762006283208848e+02
6.568795298277473194e+02 5.923003929398159926e+02
6.577336880607904277e+02 5.936250684476759716e+02
6.588308539873414702e+02 5.953345620391208968e+02
6.602920325877007599e+02 5.976193321654362762e+02
