4.777669479647025241e+01 2.207337630528132308e+02
4.894890516382055523e+01 2.191868934993176197e+02
4.985166933892287489e+01 2.179381787457871553e+02
5.057178120036315505e+01 2.168877820834537147e+02
5.119452908220779364e+01 2.159375338393159325e+02
5.177217819916963037e+01 2.150258296629976655e+02
5.232483812931566547e+01 2.141266699940758258e+02
5.287128641196707690e+01 2.132155302034632314e+02
5.342663697604574224e+01 2.122734829773717706e+02
5.399221919505699674e+01 2.113026612389153343e+02
5.456612101077013222e+01 2.103101502160301948e+02
5.514645394278223733e+01 2.093029494946460431e+02
5.573180113566203175e+01 2.082863455720561205e+02
5.632118115110107226e+01 2.072640433750893010e+02
5.691362886557635647e+01 2.062396885046244961e+02
5.750806336851395173e+01 2.052162600995154662e+02
5.810299388697981016e+01 2.041943781600401167e+02
5.869683900221242823e+01 2.031741409355447274e+02
5.928804158823014347e+01 2.021556242749028627e+02
5.987548913258386563e+01 2.011384940470086917e+02
6.045845828987383896e+01 2.001220572682095167e+02
6.103623897342298932e+01 1.991056088856561814e+02
6.160872966778077853e+01 1.980886982401293039e+02
6.217785611870495188e+01 1.970717221037619140e+02
6.274596567970344552e+01 1.960552534882481552e+02
6.331535718523647205e+01 1.950398531732595586e+02
6.388751450138300214e+01 1.940258764787112113e+02
6.446324525999334298e+01 1.930135082407017819e+02
6.504333643320276792e+01 1.920029280688800384e+02
6.562813205229878122e+01 1.909941621562231830e+02
6.621658706060610200e+01 1.899867555722059933e+02
6.680738481812851148e+01 1.889801593209006683e+02
6.739921436156392076e+01 1.879738278756382215e+02
6.799085247581709268e+01 1.869672693362522296e+02
6.858114496014071904e+01 1.859600339800545896e+02
6.916893972473268093e+01 1.849516733234579249e+02
6.975339721977125862e+01 1.839418658677009830e+02
7.033460103767285432e+01 1.829306651862181070e+02
7.091280438557878085e+01 1.819181937668153068e+02
7.148822046596295365e+01 1.809045570168566144e+02
7.206049198659073340e+01 1.798896167645845310e+02
7.262883642635628689e+01 1.788730532820003418e+02
7.319246188148061094e+01 1.778545428234721442e+02
7.375117412227326952e+01 1.768340079417899346e+02
7.430644240090082064e+01 1.758120567020732210e+02
7.486002307596839955e+01 1.747894154845301102e+02
7.541363879279811044e+01 1.737667966858482771e+02
7.596856763992485639e+01 1.727447283104427243e+02
7.652577374379183084e+01 1.717236081382320663e+02
7.708621288659760751e+01 1.707038304895453393e+02
7.764995469354403212e+01 1.696854228466175414e+02
7.821474349991841279e+01 1.686674501027473241e+02
7.877794684984418438e+01 1.676488211728314184e+02
7.933700444818224184e+01 1.666284748900202430e+02
7.989023768077252896e+01 1.656057156374328088e+02
8.043655777172956789e+01 1.645800923485049907e+02
8.097488740052254741e+01 1.635511587060087493e+02
8.150437677880702836e+01 1.625185626861138815e+02
8.202473930031079874e+01 1.614821856576901098e+02
8.253577398351697525e+01 1.604419444740336758e+02
8.303731810379480294e+01 1.593977718336051907e+02
8.352964287011751310e+01 1.583497801606620214e+02
8.401329440301273621e+01 1.572981957418073762e+02
8.448882397581294867e+01 1.562432469977964047e+02
8.495699177036490823e+01 1.551852488675919517e+02
8.541904597787447528e+01 1.541247183963047291e+02
8.587630435470448731e+01 1.530622014390378922e+02
8.632996024892254638e+01 1.519981923178707177e+02
8.677989477392793560e+01 1.509326417945001992e+02
8.722520201441608378e+01 1.498651746236726865e+02
8.766496662044178834e+01 1.487954116520515413e+02
8.809852460142801078e+01 1.477230778418141881e+02
8.852576640805520469e+01 1.466481278101413750e+02
8.894665653241995074e+01 1.455705468428939469e+02
8.936126284294938671e+01 1.444903630460044894e+02
8.977066877714206328e+01 1.434080251897897256e+02
9.017653419891558997e+01 1.423242208092859187e+02
9.058052692705118147e+01 1.412396407345592593e+02
9.098452668752889849e+01 1.401550635713277302e+02
9.139085478694983067e+01 1.390714508356915076e+02
9.180188772458922131e+01 1.379897869055176329e+02
9.221997520711033758e+01 1.369110450608689575e+02
9.264722144502546541e+01 1.358360968945150944e+02
9.308559883351441044e+01 1.347657593998180801e+02
9.353707547441432268e+01 1.337008477917823370e+02
9.400323336864617829e+01 1.326420173572270471e+02
9.448489405961321097e+01 1.315896083912536767e+02
9.498279022236491187e+01 1.305439243784978203e+02
9.549755161439696849e+01 1.295052261737241963e+02
9.602892731493797385e+01 1.284734098426064577e+02
9.657621926359644249e+01 1.274481862394173959e+02
9.713872313721857665e+01 1.264292636243037151e+02
9.771544710936682065e+01 1.254162311692165588e+02
9.830486390034354827e+01 1.244084562532921154e+02
9.890538779290992011e+01 1.234052820499558862e+02
9.951551226601178257e+01 1.224060845365498409e+02
1.001343644243607969e+02 1.214105021450634467e+02
1.007613754391397691e+02 1.204182992551082094e+02
1.013959760318953727e+02 1.194292400600365767e+02
1.020373903809011722e+02 1.184430031994512831e+02
1.026844787689653202e+02 1.174591165812407496e+02
1.033360644374194237e+02 1.164770927700814411e+02
1.039909836117145687e+02 1.154964497094362912e+02
1.046481697457437861e+02 1.145167456205115002e+02
1.053066003725145379e+02 1.135375569846768116e+02
1.059652530729857460e+02 1.125584603033165081e+02
1.066230928349408913e+02 1.115790268720519407e+02
1.072790636492145211e+02 1.105988193067922225e+02
1.079321075159953409e+02 1.096173994005538788e+02
1.085811698019218738e+02 1.086343303453787570e+02
1.092252194897521917e+02 1.076491851476689021e+02
1.098632356719037944e+02 1.066615410151871401e+02
1.104942089579033251e+02 1.056709799262946916e+02
1.111178536602294571e+02 1.046773836271398181e+02
1.117350264188659423e+02 1.036811070317459098e+02
1.123466845848106033e+02 1.026825467700334826e+02
1.129539648217799055e+02 1.016821737225023554e+02
1.135591831919950323e+02 1.006809471400413258e+02
1.141651322485557785e+02 9.968002358092510917e+01
1.147746086660065288e+02 9.868056130570235496e+01
1.153905611879362141e+02 9.768378130708961748e+01
1.160161658683509813e+02 9.669099834886188205e+01
1.166546173653639755e+02 9.570353486943932353e+01
1.173087171403152524e+02 9.472255036071950940e+01
1.179788401207551658e+02 9.374819872332824389e+01
1.186644364936748985e+02 9.278025063181006260e+01
1.193649329450184240e+02 9.181846703421928169e+01
1.200787247850809933e+02 9.086218206501514771e+01
1.208027469407013967e+02 8.991012550900624944e+01
1.215338235894908934e+02 8.896098131971162104e+01
1.222690865549660941e+02 8.801356160267962991e+01
1.230074501472516317e+02 8.706742097058233298e+01
1.237484691078987566e+02 8.612238081223141251e+01
1.244917021185099060e+02 8.517826427914722842e+01
1.252368377497742529e+02 8.423495371091757988e+01
1.259837388339178403e+02 8.329241085490717467e+01
1.267322804228678166e+02 8.235060302677361221e+01
1.274822651324549554e+02 8.140946837406821146e+01
1.282331013390347323e+02 8.046878629449899734e+01
1.289840639448428874e+02 7.952828243926475693e+01
1.297344246606951401e+02 7.858768068908099735e+01
1.304833408514495545e+02 7.764664089051952089e+01
1.312298244969377947e+02 7.670474147401959897e+01
1.319728781715988646e+02 7.576155560296717795e+01
1.327116749899241199e+02 7.481670777415598650e+01
1.334462603406399239e+02 7.387008504328332492e+01
1.341769577560460220e+02 7.292165818865196059e+01
1.349040958371062970e+02 7.197139703473770567e+01
1.356281666814060998e+02 7.101923870331859234e+01
1.363498594256200249e+02 7.006508090428876301e+01
1.370698749371220515e+02 6.910881900116049792e+01
1.377888171633659340e+02 6.815031490148204796e+01
1.385068240214860680e+02 6.718926964294573168e+01
1.392238935292088229e+02 6.622533597111188897e+01
1.399400101202164990e+02 6.525817927061642365e+01
1.406547567603148536e+02 6.428783948159133388e+01
1.413672577483923192e+02 6.331478446437041896e+01
1.420766123227090247e+02 6.233950545997753068e+01
1.427819053833261478e+02 6.136295780391790800e+01
1.434821569989904901e+02 6.038819527202030457e+01
1.441763689234550156e+02 5.941886445428789187e+01
1.448635379014242801e+02 5.845866891226395978e+01
1.455425270803083606e+02 5.751283108769295893e+01
1.462120549007133832e+02 5.658821860757788613e+01
1.468708325689547678e+02 5.569178134625187937e+01
1.475204347511440233e+02 5.482536145646739811e+01
1.481746133003436796e+02 5.396907992671575727e+01
1.488503564793086014e+02 5.309728477125252510e+01
1.495658069157776993e+02 5.218277134220859637e+01
1.503669737881450885e+02 5.116085376024117437e+01
1.513284845988137022e+02 4.992835375992569880e+01
1.525262715773509399e+02 4.838033818405146746e+01
