4.877423555277525935e+01 5.064851884904292234e+01
5.087380554156913348e+01 5.114458730420466992e+01
5.246958654497124996e+01 5.151948225834519945e+01
5.373004381094817461e+01 5.181282714908246589e+01
5.481868609112240165e+01 5.206305978952997293e+01
5.582756934220890344e+01 5.229152604343322253e+01
5.679509943402930361e+01 5.250673834276002339e+01
5.775830935061613758e+01 5.271688191619723796e+01
5.874262791772216019e+01 5.292756841566883708e+01
5.974892674466694586e+01 5.313896317979870787e+01
6.077495195123847083e+01 5.335053837438105262e+01
6.181843269329210244e+01 5.356177060471409845e+01
6.287698358533928200e+01 5.377216645185571764e+01
6.394817185641004187e+01 5.398124489776409973e+01
6.502957520841638939e+01 5.418852949993485879e+01
6.611910503044907728e+01 5.439368629325301896e+01
6.721506518285669074e+01 5.459654888955537189e+01
6.831578201698371799e+01 5.479696050546541386e+01
6.941972699580365713e+01 5.499484370176178061e+01
7.052587535587815637e+01 5.519039649261016933e+01
7.163331158352407613e+01 5.538387662777143561e+01
7.274115326160344353e+01 5.557553089848535421e+01
7.384891682319081951e+01 5.576547403361375643e+01
7.495638288292977336e+01 5.595373328946571689e+01
7.606333819574722099e+01 5.614033305685028097e+01
7.716971640931909349e+01 5.632516289509408125e+01
7.827572402741654400e+01 5.650786191146183768e+01
7.938159723522984734e+01 5.668804196892097025e+01
8.048757713444861395e+01 5.686532090556170971e+01
8.159393347205407565e+01 5.703935137268740618e+01
8.270094634120073351e+01 5.720979859551904667e+01
8.380888390981363045e+01 5.737635537544009878e+01
8.491771968415480387e+01 5.753939467308818223e+01
8.602712091477691558e+01 5.769999637056720587e+01
8.713674051478064086e+01 5.785927343526393685e+01
8.824611069656242535e+01 5.801860286624453522e+01
8.935439938742131005e+01 5.818015853287138128e+01
9.046070606139122106e+01 5.834626404539412192e+01
9.156413699049537058e+01 5.851922108339564232e+01
9.266386761929683757e+01 5.870110817225396715e+01
9.375911374665624010e+01 5.889387365228749616e+01
9.484909274660593326e+01 5.909946138516632885e+01
9.593309641178566949e+01 5.931961705270379070e+01
9.701053814151960353e+01 5.955576249303825165e+01
9.808084256313036065e+01 5.980928964367978296e+01
9.914348643829481489e+01 6.008146220023355966e+01
1.001982094028964809e+02 6.037289723115354434e+01
1.012448337595611463e+02 6.068400845835456181e+01
1.022831949943499268e+02 6.101517776734919352e+01
1.033133894570109703e+02 6.136615711628139991e+01
1.043357531219209022e+02 6.173611982349547134e+01
1.053506312892121599e+02 6.212421669041292915e+01
1.063585911098332986e+02 6.252906418582089998e+01
1.073607832910904989e+02 6.294787327001508004e+01
1.083584533486168340e+02 6.337762655532333156e+01
1.093527718251164487e+02 6.381548802666982567e+01
1.103442599315830819e+02 6.426019251568202151e+01
1.113331058982429624e+02 6.471128039256277020e+01
1.123194917033564764e+02 6.516830716467808315e+01
1.133034237150915828e+02 6.563125379421299499e+01
1.142846553916461545e+02 6.610071397445530295e+01
1.152629205432344293e+02 6.657732900033803958e+01
1.162380394601366191e+02 6.706153165083065915e+01
1.172102104766987907e+02 6.755284318590999248e+01
1.181797352012653448e+02 6.805053585698640006e+01
1.191469267139385693e+02 6.855385423495715713e+01
1.201122841667178989e+02 6.906159391276419512e+01
1.210764577240817204e+02 6.957218610122029645e+01
1.220401015319016125e+02 7.008405240466038322e+01
1.230037770625531124e+02 7.059583812324275698e+01
1.239678327404332947e+02 7.110670281357623423e+01
1.249325871638666001e+02 7.161587802661706803e+01
1.258983329514586131e+02 7.212265800893979417e+01
1.268651699841740026e+02 7.262680213168924581e+01
1.278331114704114810e+02 7.312827892878581793e+01
1.288021689876750600e+02 7.362706086827266461e+01
1.297723090802238062e+02 7.412322903410361619e+01
1.307434410530196374e+02 7.461700256598302872e+01
1.317154705098252236e+02 7.510860953055596667e+01
1.326883012230755128e+02 7.559828238999644157e+01
1.336618300196571170e+02 7.608627027709347601e+01
1.346359520801367751e+02 7.657282627611154169e+01
1.356105627519549159e+02 7.705820306596255875e+01
1.365855596289155471e+02 7.754264786892284178e+01
1.375608419142677405e+02 7.802640399776933577e+01
1.385363087949536123e+02 7.850971480410490244e+01
1.395118523396519663e+02 7.899284082153528175e+01
1.404873502760852659e+02 7.947607719974382690e+01
1.414626786098830848e+02 7.995972324518726282e+01
1.424377071824631287e+02 8.044409314717941584e+01
1.434122664695017590e+02 8.092959613957634701e+01
1.443861714643611833e+02 8.141667883669356343e+01
1.453592361522485703e+02 8.190579028698567754e+01
1.463312467363527958e+02 8.239744661725171682e+01
1.473019582258756373e+02 8.289223927066834108e+01
1.482711239756341683e+02 8.339076368484526824e+01
1.492385060319064962e+02 8.389359431653817012e+01
1.502038950638767574e+02 8.440123652790219921e+01
1.511670876243297528e+02 8.491418147830630403e+01
1.521278947168437981e+02 8.543288544011582530e+01
1.530862906152029552e+02 8.595741051992287396e+01
1.540423527299146542e+02 8.648756983237315410e+01
1.549961606423786975e+02 8.702317125115490626e+01
1.559478423833659235e+02 8.756390568342250447e+01
1.568976117357298676e+02 8.810925701354162243e+01
1.578456912621420543e+02 8.865868792963057388e+01
1.587922907955363598e+02 8.921169185210757746e+01
1.597375499335789186e+02 8.976793176430251719e+01
1.606815841825740279e+02 9.032712881122851911e+01
1.616245038379964285e+02 9.088901671793946946e+01
1.625663014840849314e+02 9.145361338921721028e+01
1.635068528988474554e+02 9.202121872469940911e+01
1.644460288116293327e+02 9.259214481255872897e+01
1.653836609757692599e+02 9.316679783721829722e+01
1.663194694584512376e+02 9.374585361689156571e+01
1.672531544478612204e+02 9.433003596186094342e+01
1.681844161562325723e+02 9.492006862433638048e+01
1.691129550259488781e+02 9.551667480073992067e+01
1.700384716273547383e+02 9.612057737848186889e+01
1.709606680543104744e+02 9.673249556687770223e+01
1.718793390396534164e+02 9.735292492488001415e+01
1.727944236653003713e+02 9.798201252179994469e+01
1.737058735193888879e+02 9.861987523424853919e+01
1.746136354827357593e+02 9.926664130328386193e+01
1.755176339412886932e+02 9.992249327723506269e+01
1.764177865692029457e+02 1.005876299080876919e+02
1.773140136190833118e+02 1.012622437229089059e+02
1.782062827031438701e+02 1.019464129127329954e+02
1.790946029657274607e+02 1.026401154013216939e+02
1.799789852695504635e+02 1.033433249639203098e+02
1.808595580336076409e+02 1.040557315697967908e+02
1.817367435686772410e+02 1.047763156706469090e+02
1.826110093615319272e+02 1.055039486536613964e+02
1.834828107961591286e+02 1.062375311247147778e+02
1.843525044130983019e+02 1.069762023186704312e+02
1.852203984869810256e+02 1.077192179945020598e+02
1.860868006870446152e+02 1.084658353727371036e+02
1.869520063526918534e+02 1.092153414409170438e+02
1.878162938811994707e+02 1.099670640887147215e+02
1.886799404394656960e+02 1.107203341762148057e+02
1.895432280079959355e+02 1.114744709423655422e+02
1.904064585176509183e+02 1.122287454614452855e+02
1.912699390671040760e+02 1.129824163314629004e+02
1.921339605889789652e+02 1.137347811787248872e+02
1.929985698417194158e+02 1.144857271181558360e+02
1.938636244439740040e+02 1.152355978885425287e+02
1.947289770709444383e+02 1.159847491632074963e+02
1.955944784937528027e+02 1.167335412124086531e+02
1.964599753188665545e+02 1.174823443609439835e+02
1.973253136019810654e+02 1.182315302633165004e+02
1.981903411268327204e+02 1.189814664021719040e+02
1.990549177903129987e+02 1.197324910164348921e+02
1.999189086712144103e+02 1.204849298348234754e+02
2.007821852159899265e+02 1.212390932131682177e+02
2.016448315437581584e+02 1.219947780702118507e+02
2.025071897865755091e+02 1.227511584265413802e+02
2.033696176010796535e+02 1.235073708230990945e+02
2.042325261704040713e+02 1.242624225763369168e+02
2.050965191806810139e+02 1.250148562590007657e+02
2.059622435781405727e+02 1.257631100046416748e+02
2.068303297100341354e+02 1.265056620202809512e+02
2.077011989370770664e+02 1.272414950509535885e+02
2.085751297695661890e+02 1.279699367130331211e+02
2.094523973921256470e+02 1.286903226517752046e+02
2.103332124546553530e+02 1.294021443130986881e+02
2.112176617881175957e+02 1.301051920683861454e+02
2.121058182069369593e+02 1.307992901279476143e+02
2.129977203861321584e+02 1.314843451219002191e+02
2.138932006886881254e+02 1.321607617616108996e+02
2.147920143686859547e+02 1.328291309157850151e+02
2.156939155514151025e+02 1.334900461782779075e+02
2.165986323316593030e+02 1.341441639862793522e+02
2.175058649008824432e+02 1.347922081416976425e+02
2.184153120794816232e+02 1.354349057564949135e+02
2.193266713190180894e+02 1.360729872472640238e+02
2.202396357935507467e+02 1.367071933572984221e+02
2.211538978438952938e+02 1.373382668414988927e+02
2.220691601412958107e+02 1.379669255149284481e+02
2.229852349247221639e+02 1.385936226729965597e+02
2.239020004260179064e+02 1.392186522903647017e+02
2.248193370826538171e+02 1.398423030168398498e+02
2.257372243852285010e+02 1.404646243667165209e+02
2.266558089243041536e+02 1.410852624391102381e+02
2.275752533763466658e+02 1.417038244983117750e+02
2.284957161273421775e+02 1.423199281667396292e+02
2.294173331383170762e+02 1.429332452054188423e+02
2.303402330680764010e+02 1.435434650044840055e+02
2.312645427130784981e+02 1.441502814501716045e+02
2.321903500133966531e+02 1.447534822362976570e+02
2.331177060965298722e+02 1.453529439300641855e+02
2.340466605712328203e+02 1.459485467652457942e+02
2.349772178454576022e+02 1.465402801000043667e+02
2.359092593049673781e+02 1.471284302943323610e+02
2.368426456025860887e+02 1.477133337619638951e+02
2.377772397301487786e+02 1.482953212697748029e+02
2.387129257564087936e+02 1.488746727005836306e+02
2.396495989149323691e+02 1.494516409830324903e+02
2.405871556781274876e+02 1.500264760549360972e+02
2.415255535770273241e+02 1.505992804455842133e+02
2.424648408858382140e+02 1.511699376109212380e+02
2.434050732462071664e+02 1.517383132203208334e+02
2.443463413835663403e+02 1.523041882433839760e+02
2.452888949459385515e+02 1.528669599765328826e+02
2.462330285583061311e+02 1.534259171321747601e+02
2.471790289479509113e+02 1.539803674894407095e+02
2.481270482637222585e+02 1.545299437283266570e+02
2.490771259921407363e+02 1.550745505195749558e+02
2.500292977450781393e+02 1.556141018881517937e+02
2.509834837551575504e+02 1.561487904092287238e+02
2.519393299960308354e+02 1.566794707778429370e+02
2.528964425750576481e+02 1.572070939347948411e+02
2.538544312273940591e+02 1.577326020626391596e+02
2.548129336496064639e+02 1.582568698393402542e+02
2.557716005351174999e+02 1.587807405657807180e+02
2.567300877527993634e+02 1.593050450482050167e+02
2.576882537961870980e+02 1.598301249137470847e+02
2.586462228465899216e+02 1.603556803626382816e+02
2.596041370924673970e+02 1.608813681220124181e+02
2.605621970580486391e+02 1.614067040839260017e+02
2.615208325051775091e+02 1.619306507115927047e+02
2.624805294967310942e+02 1.624520345454392896e+02
2.634417733267973745e+02 1.629696839819146987e+02
2.644050384588465477e+02 1.634824535649054837e+02
2.653707913501307871e+02 1.639892171670296364e+02
2.663394985440623941e+02 1.644888484528960930e+02
2.673116697553983272e+02 1.649801168622854277e+02
2.682879045706807801e+02 1.654615748653317837e+02
2.692688137961341681e+02 1.659317478454651109e+02
2.702549888017319404e+02 1.663892081093148931e+02
2.712468921452974087e+02 1.668328389431450773e+02
2.722449339839586173e+02 1.672616501395245336e+02
2.732495131307079532e+02 1.676746788781902922e+02
2.742606877849208900e+02 1.680717846530090185e+02
2.752781216830351241e+02 1.684537792757540728e+02
2.763014565266925047e+02 1.688215277549099937e+02
2.773303323409358541e+02 1.691758991467035287e+02
2.783643834319171333e+02 1.695177763142400522e+02
2.794032428874897960e+02 1.698480450619120177e+02
2.804465475768001852e+02 1.701675820652585571e+02
2.814939789618160830e+02 1.704771563431672234e+02
2.825452475786306650e+02 1.707774667233404671e+02
2.836000647884594628e+02 1.710692100414591437e+02
2.846581740015323021e+02 1.713530057600819987e+02
2.857193772069360307e+02 1.716293319199763232e+02
2.867834826393076355e+02 1.718986514838260007e+02
2.878503248135595527e+02 1.721613639681161771e+02
2.889198886008904310e+02 1.724175058971407282e+02
2.899922122542899388e+02 1.726669849201495595e+02
2.910673353129390648e+02 1.729097055812457597e+02
2.921453266442390486e+02 1.731455016198425199e+02
2.932262851308177574e+02 1.733741343120787519e+02
2.943103109766154830e+02 1.735953617441587653e+02
2.953974537903975488e+02 1.738090641498523041e+02
2.964876131043309329e+02 1.740154840799106637e+02
2.975806607537956552e+02 1.742149309510488706e+02
2.986764784940646109e+02 1.744076902312488357e+02
2.997750469668695246e+02 1.745938086555318591e+02
3.008764035871660099e+02 1.747731958962728527e+02
3.019805866178557494e+02 1.749457595787243633e+02
3.030876457843714320e+02 1.751113796551409791e+02
3.041976492478283376e+02 1.752698915701014357e+02
3.053106668360304070e+02 1.754211267444434270e+02
3.064267363765983418e+02 1.755649938542149755e+02
3.075457372099714917e+02 1.757017841970449865e+02
3.086674997006584817e+02 1.758319073088188134e+02
3.097918457456305532e+02 1.759557931678819784e+02
3.109184338945372019e+02 1.760742661082194900e+02
3.120467749500164132e+02 1.761885071569453487e+02
3.131763747280976986e+02 1.762997093799216373e+02
3.143068950433552686e+02 1.764086892292010873e+02
3.154384011356825681e+02 1.765152892019465583e+02
3.165710225931728701e+02 1.766191964450196963e+02
3.177048617049959489e+02 1.767201640106711125e+02
3.188397889319991236e+02 1.768185046338640234e+02
3.199755577719015491e+02 1.769148134233457768e+02
3.211119200255046735e+02 1.770096895845908307e+02
3.222485893286680607e+02 1.771038244616752877e+02
3.233852252081635470e+02 1.771980400299704002e+02
3.245214830798537378e+02 1.772931681894905296e+02
3.256570903023419987e+02 1.773898671550450103e+02
3.267920831886988253e+02 1.774880492590999665e+02
3.279265809705993320e+02 1.775874266508286041e+02
3.290606790158209378e+02 1.776877690919342569e+02
3.301940947185153732e+02 1.777897588529670827e+02
3.313262434429360610e+02 1.778948073689838907e+02
3.324565320605218517e+02 1.780043465785090859e+02
3.335843546913170030e+02 1.781198392049151664e+02
3.347090766248893488e+02 1.782428175750926869e+02
3.358300591902047927e+02 1.783748235777524087e+02
3.369467217711180638e+02 1.785172589446852953e+02
3.380589063514105987e+02 1.786705051610674104e+02
3.391666418260272167e+02 1.788344924685467845e+02
3.402699621178921916e+02 1.790091389701599951e+02
3.413690514654276740e+02 1.791939998753932741e+02
3.424642822185458044e+02 1.793881762526279147e+02
3.435560386060041651e+02 1.795907404921875639e+02
3.446448384879882383e+02 1.798004423694824538e+02
3.457316976349774222e+02 1.800148295977311363e+02
3.468177477602031331e+02 1.802311699794935009e+02
3.479040847374043892e+02 1.804468178414844033e+02
3.489913327095714521e+02 1.806602663687563961e+02
3.500797830922903131e+02 1.808708120210650350e+02
3.511697185285329397e+02 1.810777724371256454e+02
3.522611869719380024e+02 1.812810318459073073e+02
3.533537712070325938e+02 1.814815974941216723e+02
3.544469992423959184e+02 1.816806088693371350e+02
3.555403501342426580e+02 1.818793236406560823e+02
3.566329960362949123e+02 1.820797404057936149e+02
3.577239904276646030e+02 1.822841442684932076e+02
3.588124024301002351e+02 1.824947825678448510e+02
3.598977424304821398e+02 1.827128373350068387e+02
3.609800086731199826e+02 1.829383128094820563e+02
3.620592246850180231e+02 1.831711521929684636e+02
3.631355373819924921e+02 1.834110008000471055e+02
3.642094929687480658e+02 1.836565399760825983e+02
3.652817182705002210e+02 1.839062564311954020e+02
3.663528332424895098e+02 1.841586534610798935e+02
3.674233818493282797e+02 1.844124178188849044e+02
3.684938608078571178e+02 1.846663503238777082e+02
3.695647647167811556e+02 1.849192569089551341e+02
3.706364699141208803e+02 1.851702290135073667e+02
3.717091467538159577e+02 1.854188553663900905e+02
3.727829449263089145e+02 1.856647745825437710e+02
3.738579709787293837e+02 1.859077294341112179e+02
3.749340976837414132e+02 1.861480270748888302e+02
3.760111190018544107e+02 1.863861649281010955e+02
3.770888281103078725e+02 1.866226423079581025e+02
3.781670022323381772e+02 1.868579970451193901e+02
3.792454030023440623e+02 1.870928046051056697e+02
3.803237914685060446e+02 1.873276418686962757e+02
3.814019821390418201e+02 1.875629566527582881e+02
3.824799400988460434e+02 1.877988332499987223e+02
3.835576567516103523e+02 1.880352924139451432e+02
3.846351269003721427e+02 1.882723466913591324e+02
3.857123772316368786e+02 1.885099316553275344e+02
3.867894518756399975e+02 1.887479407659540414e+02
3.878663952516083100e+02 1.889862667856540099e+02
3.889432582641450153e+02 1.892247868198570870e+02
3.900201017648838047e+02 1.894633539598854099e+02
3.910969874489270524e+02 1.897018192607607432e+02
3.921739980267639680e+02 1.899399830418462898e+02
3.932513148585225053e+02 1.901774074610861760e+02
3.943291482253002869e+02 1.904135848549921946e+02
3.954077047465754049e+02 1.906480164000053605e+02
3.964871254245740602e+02 1.908803616865902768e+02
3.975674946018792753e+02 1.911104170936615105e+02
3.986488947728529411e+02 1.913379834621333089e+02
3.997314130828233374e+02 1.915628504045206455e+02
4.008151481101914442e+02 1.917847799315241559e+02
4.019002001584755135e+02 1.920035298890529134e+02
4.029866744658150424e+02 1.922188462097891772e+02
4.040747157975993673e+02 1.924303793992062879e+02
4.051644879067623606e+02 1.926377341227965871e+02
4.062561540245667970e+02 1.928405163054775642e+02
4.073498499921248026e+02 1.930383979977711135e+02
4.084456745978196182e+02 1.932311407033093076e+02
4.095437239999223493e+02 1.934185122753696646e+02
4.106440359083242129e+02 1.936004216740517450e+02
4.117464100520750208e+02 1.937773523958293254e+02
4.128505855995025513e+02 1.939499341436410873e+02
4.139562988121880949e+02 1.941188036379544428e+02
4.150632430640674215e+02 1.942847011394920855e+02
4.161710790211559470e+02 1.944484458731266727e+02
4.172794663810540214e+02 1.946108594016966720e+02
4.183880387189297494e+02 1.947728263530701156e+02
4.194963734102043986e+02 1.949353670330912678e+02
4.206040405387769283e+02 1.950995193508676095e+02
4.217106277771812302e+02 1.952662787528282990e+02
4.228158437984398574e+02 1.954363485646695722e+02
4.239194481798195966e+02 1.956103092184934553e+02
4.250212021952777945e+02 1.957887370502265298e+02
4.261209164102556883e+02 1.959720893955675933e+02
4.272184602703072187e+02 1.961606814409785216e+02
4.283137066812636249e+02 1.963548200190693933e+02
4.294065869373340547e+02 1.965546710004516626e+02
4.304972386435244402e+02 1.967599021774682342e+02
4.315858449500559573e+02 1.969700713865973967e+02
4.326725993291846066e+02 1.971847115447197893e+02
4.337578223874397167e+02 1.974030486394266291e+02
4.348419202765612681e+02 1.976241021338964856e+02
4.359253007524187069e+02 1.978468876185955310e+02
4.370083728180204048e+02 1.980704176729754806e+02
4.380915478307207991e+02 1.982936991922993286e+02
4.391752374091477691e+02 1.985157384410272243e+02
4.402598115601208519e+02 1.987356421434242861e+02
4.413453933801802123e+02 1.989531131179730039e+02
4.424320152461116322e+02 1.991680732000423859e+02
4.435197122939638916e+02 1.993804375635596386e+02
4.446085932914719479e+02 1.995899436200025150e+02
4.456988447260418980e+02 1.997961411491412491e+02
4.467906568163072052e+02 1.999985709227746327e+02
4.478842458111806195e+02 2.001967108700088716e+02
4.489799078979863225e+02 2.003898459314297327e+02
4.500779545583524168e+02 2.005772241238851734e+02
4.511786869119893026e+02 2.007581184800930316e+02
4.522822984392691410e+02 2.009320618969993006e+02
4.533889188143678552e+02 2.010987413132631900e+02
4.544986757123367056e+02 2.012578484938534018e+02
4.556116122145864438e+02 2.014092794307260306e+02
4.567276309520163409e+02 2.015532691931540512e+02
4.578466213133598899e+02 2.016900848198056622e+02
4.589683791536218109e+02 2.018202191597776505e+02
4.600922201670913410e+02 2.019453242728382065e+02
4.612173063926273926e+02 2.020674231758312658e+02
4.623428083540201214e+02 2.021885184011845809e+02
4.634680707371971948e+02 2.023101920171823167e+02
4.645926007008119996e+02 2.024336338486676823e+02
4.657159116789912900e+02 2.025600185701675002e+02
4.668375535253329076e+02 2.026904329316109852e+02
4.679571735371127943e+02 2.028257284324992327e+02
4.690744351360630162e+02 2.029667176443575443e+02
4.701890091540976186e+02 2.031141952490085600e+02
4.713006318830128976e+02 2.032687978946699729e+02
4.724090737324515885e+02 2.034310798620688843e+02
4.735141085165869868e+02 2.036015872126649811e+02
4.746156705170858459e+02 2.037804786048657775e+02
4.757139287754839643e+02 2.039673459362473409e+02
4.768090709793701762e+02 2.041617360888017743e+02
4.779012072376684728e+02 2.043633832358823383e+02
4.789901024422003388e+02 2.045728549781911454e+02
4.800754254953128566e+02 2.047909506553934307e+02
4.811568397478887391e+02 2.050184830096209225e+02
4.822339163389755186e+02 2.052564874028535087e+02
4.833061504000499440e+02 2.055061826962280236e+02
4.843730357226154410e+02 2.057687909858799173e+02
4.854343117951764270e+02 2.060449412029436758e+02
4.864902924448256272e+02 2.063338757026127155e+02
4.875413734327811426e+02 2.066346390336128707e+02
4.885879870265625300e+02 2.069461876106055911e+02
4.896308415354097860e+02 2.072668114241504327e+02
4.906707714748273474e+02 2.075944957757320708e+02
4.917086080385167861e+02 2.079272339863652519e+02
4.927450301340756482e+02 2.082633870277639687e+02
4.937805200720066523e+02 2.086017904983995948e+02
4.948155471464189645e+02 2.089413114210580034e+02
4.958504084534096137e+02 2.092812325413016197e+02
4.968847363182047161e+02 2.096224415035494815e+02
4.979180026705985824e+02 2.099662131810475216e+02
4.989496636095996109e+02 2.103138606659785239e+02
4.999789572466425511e+02 2.106672233195933472e+02
5.010049630501047773e+02 2.110285235017373395e+02
5.020267574034081690e+02 2.113999910200062118e+02
5.030434905305722282e+02 2.117836774151918462e+02
5.040544638733111356e+02 2.121812691566256035e+02
5.050589973890345732e+02 2.125944080128353448e+02
5.060564747000261718e+02 2.130245820517733080e+02
5.070466935994900268e+02 2.134722794445028740e+02
5.080296175483850902e+02 2.139375884048132832e+02
5.090052192435564962e+02 2.144205748490887515e+02
5.099737309384565265e+02 2.149206780685689750e+02
5.109356808622025596e+02 2.154366228059540447e+02
5.118916133720127846e+02 2.159670948672612667e+02
5.128421110160145417e+02 2.165106878574123073e+02
5.137878843408561806e+02 2.170656863652824882e+02
5.147296706784095477e+02 2.176303103144383044e+02
5.156682096653397593e+02 2.182027740642114395e+02
5.166042675406561102e+02 2.187812277505213387e+02
5.175386276159669023e+02 2.193637802925978519e+02
5.184720732632378031e+02 2.199485404639601427e+02
5.194053673649048051e+02 2.205336665042705704e+02
5.203392359509797416e+02 2.211174056228900611e+02
5.212744012008939762e+02 2.216980143253132383e+02
5.222115322859374373e+02 2.222738770900057261e+02
5.231510005618172272e+02 2.228440973858451173e+02
5.240930734531650614e+02 2.234080295935167726e+02
5.250380029324019233e+02 2.239650653986471127e+02
5.259856830970919646e+02 2.245154604732737482e+02
5.269356473971586183e+02 2.250603411699385390e+02
5.278874133190392968e+02 2.256008723804511362e+02
5.288404263572479067e+02 2.261383928003211565e+02
5.297939221230999465e+02 2.266747478274053833e+02
5.307470981877909253e+02 2.272118746964394518e+02
5.316991729798071447e+02 2.277516602879487948e+02
5.326495686398516227e+02 2.282954996751696797e+02
5.335978224047086087e+02 2.288445100634070855e+02
5.345434774610266686e+02 2.293997942936542529e+02
5.354863723865881866e+02 2.299617420661945744e+02
5.364268133770088980e+02 2.305296141465676953e+02
5.373651480160375513e+02 2.311025713800434573e+02
5.383017968445049064e+02 2.316795984760338456e+02
5.392375353294112301e+02 2.322588232672464699e+02
5.401732467125177664e+02 2.328381133923234358e+02
5.411098162538794440e+02 2.334153316170005041e+02
5.420481667599042339e+02 2.339882500561909069e+02
5.429892544765682487e+02 2.345545600892856442e+02
5.439340365065413607e+02 2.351119510272545199e+02
5.448833395052839705e+02 2.356584271097234193e+02
5.458376584497414115e+02 2.361927933222279421e+02
5.467974363799060029e+02 2.367139800376924370e+02
5.477630463177973752e+02 2.372210866712701716e+02
5.487342782015248304e+02 2.377146203595855809e+02
5.497106325502342088e+02 2.381957869745294261e+02
5.506916058366089146e+02 2.386658021582584297e+02
5.516766045386698352e+02 2.391260988710129141e+02
5.526649095254937265e+02 2.395784133920747934e+02
5.536557923351515456e+02 2.400245045331332676e+02
5.546485202829267109e+02 2.404661413363820657e+02
5.556423428688696049e+02 2.409051360048039214e+02
5.566365048957006820e+02 2.413433121215556980e+02
5.576302627869478101e+02 2.417824652243138814e+02
5.586230526835715864e+02 2.422239571234118216e+02
5.596144521199382780e+02 2.426688083924711066e+02
5.606040427904069929e+02 2.431180295653552150e+02
5.615914779052069434e+02 2.435724585608957966e+02
5.625765697075895559e+02 2.440325494461983453e+02
5.635591518773719599e+02 2.444987045477749064e+02
5.645390527636095612e+02 2.449713390281267493e+02
5.655160626376612072e+02 2.454509597373740348e+02
5.664899552075117981e+02 2.459381134087286966e+02
5.674605028975084906e+02 2.464333498554938160e+02
5.684274360392491872e+02 2.469373198727782892e+02
5.693904330992295399e+02 2.474507986816745984e+02
5.703491693478529214e+02 2.479745691707724973e+02
5.713033549042206687e+02 2.485093295146493801e+02
5.722528274543303723e+02 2.490554677843708475e+02
5.731974538659457039e+02 2.496133011127845691e+02
5.741371150758861859e+02 2.501831124591297737e+02
5.750718731186599371e+02 2.507647448979999467e+02
5.760019157754276193e+02 2.513577360665111655e+02
5.769274329536860932e+02 2.519616184186244539e+02
5.778485643757123853e+02 2.525760440603618804e+02
5.787653518997078663e+02 2.532008984261681519e+02
5.796778260843237831e+02 2.538360938909796687e+02
5.805859841276605948e+02 2.544816233007313713e+02
5.814896178897231493e+02 2.551379748097851063e+02
5.823884411670629788e+02 2.558058248740727549e+02
5.832821717988090313e+02 2.564858403819625323e+02
5.841706405925191348e+02 2.571784206742826200e+02
5.850538013371040051e+02 2.578836738303238008e+02
5.859316140370542598e+02 2.586016932108034325e+02
5.868040787437303152e+02 2.593324828837762084e+02
5.876713228546177561e+02 2.600757629731473344e+02
5.885334990230384165e+02 2.608311972897849955e+02
5.893907865845380911e+02 2.615983887677049324e+02
5.902436538608808405e+02 2.623762810041532703e+02
5.910927460222657146e+02 2.631634141076666538e+02
5.919387113913916210e+02 2.639583213150460779e+02
5.927822469133873255e+02 2.647594506055627335e+02
5.936241328785815767e+02 2.655651038159406312e+02
5.944651577681230492e+02 2.663735684206224050e+02
5.953060880317763122e+02 2.671831958461359022e+02
5.961475728757426396e+02 2.679926778503496507e+02
5.969902226592298575e+02 2.688008189550992029e+02
5.978346368047593842e+02 2.696064499036744451e+02
5.986811803798992742e+02 2.704089630480153801e+02
5.995299929693346712e+02 2.712082910876665096e+02
6.003812047897924913e+02 2.720043890850457728e+02
6.012347753730748536e+02 2.727975574002465464e+02
6.020901916782488570e+02 2.735890524137420243e+02
6.029468595549425345e+02 2.743802945913854501e+02
6.038041788199473103e+02 2.751726680632049238e+02
6.046614938312490040e+02 2.759672229303459403e+02
6.055181190904472714e+02 2.767648294686842974e+02
6.063733691851928143e+02 2.775663460658015538e+02
6.072265796500967099e+02 2.783720631175297058e+02
6.080771176446082791e+02 2.791814134896662836e+02
6.089243529524019323e+02 2.799937588902644734e+02
6.097676015354813899e+02 2.808083208779585789e+02
6.106059311728062085e+02 2.816236747529521267e+02
6.114383381543843825e+02 2.824382096611599309e+02
6.122638052224090188e+02 2.832503008358956436e+02
6.130810786819911300e+02 2.840580808889415607e+02
6.138887038145461474e+02 2.848594761502380379e+02
6.146852196161016764e+02 2.856524066753568718e+02
6.154692011115022297e+02 2.864348846226163232e+02
6.162393104153256900e+02 2.872051447833434281e+02
6.169942225404131477e+02 2.879614549215126544e+02
6.177350185714043391e+02 2.887045204403241314e+02
6.184816842878047964e+02 2.894541994655970711e+02
6.192631386098962594e+02 2.902394004658621043e+02
6.201093797446063718e+02 2.910901196974954814e+02
6.210926288435135803e+02 2.920788975077850296e+02
6.223413408423176634e+02 2.933349357403631075e+02
6.239878714694837072e+02 2.949913667009225264e+02
