4.751601920890316677e+01 5.182729864163288624e+01
4.900328909527958388e+01 5.227966480801230631e+01
5.021748404349757777e+01 5.263715853728651695e+01
5.125143484376090441e+01 5.293273007733293412e+01
5.219606920804573491e+01 5.319862097042130955e+01
5.310685882535135249e+01 5.345386894935911926e+01
5.400790284603337454e+01 5.370582862550313763e+01
5.492221359562292093e+01 5.396145036278342388e+01
5.586602645962481972e+01 5.422593016457791748e+01
5.683506789229075196e+01 5.449915484459818060e+01
5.782119962062232332e+01 5.478001074657873204e+01
5.881646624822316483e+01 5.506750387305896055e+01
5.981525254168374772e+01 5.536217142905656630e+01
6.081356141812285898e+01 5.566560939887645532e+01
6.180743288504660882e+01 5.597943196856321180e+01
6.279410867382036798e+01 5.630452264550574171e+01
6.377360759978652993e+01 5.664007639943817196e+01
6.474633955921159156e+01 5.698505041295098295e+01
6.571286244235852791e+01 5.733813897359843281e+01
6.667509164654083520e+01 5.769562490715890135e+01
6.763567209624250154e+01 5.805249511473406443e+01
6.859725045645652131e+01 5.840373419031072899e+01
6.956199689735315417e+01 5.874524421733495672e+01
7.053123185383864779e+01 5.907456344214621424e+01
7.150618792637482102e+01 5.938939923606316285e+01
7.248784830057755357e+01 5.968801835779089515e+01
7.347551062619410800e+01 5.997246788432705245e+01
7.446777470170229662e+01 6.024636003285355201e+01
7.546323989511053298e+01 6.051330875677125221e+01
7.646058707903320339e+01 6.077678012372584959e+01
7.745861021955681736e+01 6.104003499929716270e+01
7.845611161316506355e+01 6.130631913400425503e+01
7.945210624279926037e+01 6.157834588917034324e+01
8.044668542287818980e+01 6.185613439134797176e+01
8.144028014749714828e+01 6.213885349297344618e+01
8.243330946821413363e+01 6.242566558434966595e+01
8.342586936165461964e+01 6.271556878554135039e+01
8.441770528050066957e+01 6.300738298968840922e+01
8.540854510410294154e+01 6.329991915213587106e+01
8.639808975899993015e+01 6.359129266437432904e+01
8.738593729611984884e+01 6.387696403514932797e+01
8.837166122540598678e+01 6.415176045071800104e+01
8.935482831864071329e+01 6.441053682207871134e+01
9.033488787807574738e+01 6.464863139868745634e+01
9.131118942757096590e+01 6.486179297675076327e+01
9.228307994781258117e+01 6.504578599342407585e+01
9.325055835766653445e+01 6.519907361480775876e+01
9.421550839281934486e+01 6.532792129542070825e+01
9.518015241779563951e+01 6.543999625988125501e+01
9.614666573437708053e+01 6.554307846604940835e+01
9.711665532907245790e+01 6.564630920388856339e+01
9.809135120367332661e+01 6.575973278572072900e+01
9.907197011762083605e+01 6.589339909024737096e+01
1.000584085335106437e+02 6.605519044722441890e+01
1.010476428329152583e+02 6.624819525043558599e+01
1.020362582401708522e+02 6.647485972561104006e+01
1.030210211299206264e+02 6.673716613401913378e+01
1.040002745554070032e+02 6.703305852772409423e+01
1.049731733916192127e+02 6.735840171064678827e+01
1.059388856935608914e+02 6.770904649792414887e+01
1.068970930540420454e+02 6.808109727631611463e+01
1.078483549219278217e+02 6.847109189508870486e+01
1.087933167129184397e+02 6.887561065169711583e+01
1.097326691729833072e+02 6.929133394254463951e+01
1.106673947181928099e+02 6.971558623412022371e+01
1.115985912677923295e+02 7.014594704867421626e+01
1.125273719287954179e+02 7.057996281290938612e+01
1.134554624621835757e+02 7.101379299179311033e+01
1.143854043810591321e+02 7.144175030312902663e+01
1.153197957647103919e+02 7.185801940689516698e+01
1.162610329258830575e+02 7.225723420027173916e+01
1.172105382576965127e+02 7.263619703177567999e+01
1.181694406800981056e+02 7.299236367375384305e+01
1.191388282489751163e+02 7.332328516129570062e+01
1.201187779038927914e+02 7.362886980998791842e+01
1.211083133995982450e+02 7.391148129290482416e+01
1.221064092664371259e+02 7.417359804309070626e+01
1.231119666658959773e+02 7.441786803257102179e+01
1.241236195194205720e+02 7.464755676517926020e+01
1.251399409204800293e+02 7.486607030456264056e+01
1.261595263617354163e+02 7.507676058370498140e+01
1.271813373470350399e+02 7.528209502026740552e+01
1.282046337998312708e+02 7.548381986075132488e+01
1.292286846317894629e+02 7.568365963352950132e+01
1.302529648149343018e+02 7.588284314047676560e+01
1.312775186163251249e+02 7.608122961081268443e+01
1.323024877908877670e+02 7.627844374384126525e+01
1.333280401032097018e+02 7.647405206073894135e+01
1.343546400358180222e+02 7.666695738722916076e+01
1.353829408556427154e+02 7.685564027814042731e+01
1.364136005056137151e+02 7.703857101547012576e+01
1.374475550719590444e+02 7.721362922308180998e+01
1.384863295624331840e+02 7.737744390585253029e+01
1.395315239841699508e+02 7.752648480185790447e+01
1.405846657193238798e+02 7.765741009229864744e+01
1.416466819465645983e+02 7.776843533191012625e+01
1.427182038241123223e+02 7.785854417229006685e+01
1.437998410464298615e+02 7.792676695394962394e+01
1.448908449771300866e+02 7.797502746313681143e+01
1.459882407188195828e+02 7.800999175151869736e+01
1.470888470120046634e+02 7.803876545257682551e+01
1.481894678388075022e+02 7.806808461110318831e+01
1.492868167319492443e+02 7.810242018138069398e+01
1.503775729748538197e+02 7.814538542535514409e+01
1.514584541833533535e+02 7.820045926973639894e+01
1.525276169809861528e+02 7.826614684853646509e+01
1.535850568389020054e+02 7.833459749462443256e+01
1.546308891033235113e+02 7.839754620412996644e+01
1.556652989737988548e+02 7.844830167820163069e+01
1.566887933101292845e+02 7.848741920717155551e+01
1.577019714985902681e+02 7.851753858308111944e+01
1.587054392486650727e+02 7.854160569857886287e+01
1.596999475125059291e+02 7.856960245475887916e+01
1.606863924849336627e+02 7.861854676116080043e+01
1.616656766843658772e+02 7.870576206346544268e+01
1.626387994838488851e+02 7.884437077112610837e+01
1.636070969631359162e+02 7.903289075595003510e+01
1.645719783228679205e+02 7.926666829637676415e+01
1.655348841713983177e+02 7.954075933949636124e+01
1.664977369019561593e+02 7.984576623669357787e+01
1.674628359331119896e+02 8.016880613563149893e+01
1.684324905626791065e+02 8.049690550279406409e+01
1.694089142608744396e+02 8.081831668288960202e+01
1.703940674256068064e+02 8.112452945788839997e+01
1.713898691616614940e+02 8.140756185363902375e+01
1.723979514503452322e+02 8.166029145574535164e+01
1.734168487477751626e+02 8.188486889153088555e+01
1.744432055861054209e+02 8.208910264182613048e+01
1.754736457256429958e+02 8.228086862534755141e+01
1.765056728868407276e+02 8.246615485345148500e+01
1.775385749748156172e+02 8.264712146486183997e+01
1.785718557820914896e+02 8.282546542343466456e+01
1.796052200169083335e+02 8.300238603880026744e+01
1.806399500484320697e+02 8.317517486443514940e+01
1.816780733634610954e+02 8.333927784937348804e+01
1.827216115406752692e+02 8.349015498755598230e+01
1.837719431742318932e+02 8.362482219273461226e+01
1.848294362608041297e+02 8.374274086310384746e+01
1.858943702102455688e+02 8.384358676280753286e+01
1.869665739778939155e+02 8.392813647586483228e+01
1.880432460223066471e+02 8.400359498923990031e+01
1.891206326751491815e+02 8.407949409575583388e+01
1.901950207496271332e+02 8.416525559146442959e+01
1.912641300099111277e+02 8.426641995702573240e+01
1.923274377323354258e+02 8.438376724571578791e+01
1.933845287496518495e+02 8.451778618166618173e+01
1.944350958549579218e+02 8.466816972641900918e+01
1.954793061515108263e+02 8.483111475897511866e+01
1.965174569610598496e+02 8.500185833365247845e+01
1.975498206797515763e+02 8.517560966014677604e+01
1.985761363062382827e+02 8.534698274301551635e+01
1.995956307477486291e+02 8.551002015659844346e+01
2.006075102987932155e+02 8.565874170844755042e+01
2.016112417967141823e+02 8.578860879305807430e+01
2.026071567159030451e+02 8.589986685318216075e+01
2.035957656572651331e+02 8.599375244094923687e+01
2.045776586446156955e+02 8.607195908049112631e+01
2.055545710752206503e+02 8.614277037932646408e+01
2.065290985556802354e+02 8.621941929249172176e+01
2.075038563290904392e+02 8.631524999542364185e+01
2.084809444663167710e+02 8.643993589843898917e+01
2.094611621186899697e+02 8.659388094860941010e+01
2.104451062535236474e+02 8.677604846792216620e+01
2.114334204646724800e+02 8.698481254385103512e+01
2.124272244760180399e+02 8.721253025643453327e+01
2.134279165431760532e+02 8.744803879109802836e+01
2.144368900054798246e+02 8.768016225519950524e+01
2.154545186716001979e+02 8.790150888007437402e+01
2.164791962699962369e+02 8.811203622874964481e+01
2.175090890305494042e+02 8.831254625555308735e+01
2.185424275109374150e+02 8.850396925744493615e+01
2.195779224910090761e+02 8.868819363940606593e+01
2.206145018801416597e+02 8.886754100912197885e+01
2.216510987740210226e+02 8.904433036475366237e+01
2.226868759455107920e+02 8.922061679086669983e+01
2.237213424124072390e+02 8.939805751471284623e+01
2.247540358653880901e+02 8.957827681659105679e+01
2.257845774323571959e+02 8.976267217577120050e+01
2.268130526549660146e+02 8.995137869116345541e+01
2.278397077106637312e+02 9.014409481767918919e+01
2.288647820726490352e+02 9.034053168698413572e+01
2.298882993523190805e+02 9.054081261775901623e+01
2.309100290260422810e+02 9.074554619823283019e+01
2.319297259927664925e+02 9.095536885214480094e+01
2.329470584190131603e+02 9.117111241904399321e+01
2.339613308896726949e+02 9.139442791997211657e+01
2.349717527333609155e+02 9.162718099676256145e+01
2.359775497872255983e+02 9.187119649783349473e+01
2.369782771822465861e+02 9.212748557144144002e+01
2.379737935567237912e+02 9.239630938533633753e+01
2.389639689369897724e+02 9.267790096842870184e+01
2.399487972302802063e+02 9.297219120275130422e+01
2.409286648810487179e+02 9.327815356776690692e+01
2.419040359003274432e+02 9.359457235720361723e+01
2.428753565796799592e+02 9.392028197258692046e+01
2.438428326511595685e+02 9.425479707889897441e+01
2.448064964795356389e+02 9.459812259581113381e+01
2.457663773276584891e+02 9.495027304272862523e+01
2.467227315071675662e+02 9.531088001558292433e+01
2.476763637257500932e+02 9.567865022662618912e+01
2.486281598392426417e+02 9.605215352972359710e+01
2.495790286350593874e+02 9.642994639420417968e+01
2.505301007471882997e+02 9.681045580360890312e+01
2.514826312115902738e+02 9.719203613144317444e+01
2.524378746420712787e+02 9.757304047643377487e+01
2.533968985491645469e+02 9.795177268257519643e+01
2.543604222808929478e+02 9.832644494046110140e+01
2.553291272289668541e+02 9.869525944872732737e+01
2.563033272216026717e+02 9.905658843004232494e+01
2.572807260014129724e+02 9.941001145570098174e+01
2.582578978521352724e+02 9.975563055136503010e+01
2.592313779472321471e+02 1.000935377918069094e+02
2.601959675826074658e+02 1.004232217623919041e+02
2.611439605271979758e+02 1.007432982844569551e+02
2.620674545943534213e+02 1.010523149754913561e+02
2.629624437417154468e+02 1.013498268764452348e+02
2.638455975788554611e+02 1.016407351179577034e+02
2.647404177462983625e+02 1.019317073844071615e+02
2.656715945971620840e+02 1.022295984292874635e+02
2.666981427553015465e+02 1.025466520077128223e+02
2.679178688003563025e+02 1.029012023148299733e+02
2.694306614441467218e+02 1.033119104460651840e+02
