5.512556622340534318e+01 5.635600889798199375e+01
5.667423833359372765e+01 5.846450841955265076e+01
5.783731911791007718e+01 6.005326748096716472e+01
5.873975640320088587e+01 6.129165872962058614e+01
5.950334334502261413e+01 6.234482212468684992e+01
6.019776052988743231e+01 6.330797710529630251e+01
6.084990302046391264e+01 6.421893688148045953e+01
6.148538428599977124e+01 6.511379437780544777e+01
6.212318301948737087e+01 6.601941326722415226e+01
6.276526741573398738e+01 6.693899490737156555e+01
6.341091778477112229e+01 6.787200169560003360e+01
6.405939374420520949e+01 6.881787074651990110e+01
6.470975990677199263e+01 6.977580091084489311e+01
6.536097379008998587e+01 7.074486018665986364e+01
6.601199340942540061e+01 7.172411510699191695e+01
6.666189893878626549e+01 7.271262348747903559e+01
6.730997656866679790e+01 7.370942844218421897e+01
6.795553231401214589e+01 7.471357167047466419e+01
6.859791910822764294e+01 7.572411638244891208e+01
6.923676188931736419e+01 7.674025049429801015e+01
6.987178337866515676e+01 7.776120675301100960e+01
7.050270876060716319e+01 7.878622276670924407e+01
7.112933098628279538e+01 7.981467553094968537e+01
7.175151965327370363e+01 8.084609969297889620e+01
7.236914847847438637e+01 8.188003837366291293e+01
7.298209789091551158e+01 8.291608364104182272e+01
7.359027298458410371e+01 8.395400742838367592e+01
7.419358451754426653e+01 8.499362297332847049e+01
7.479194894534163041e+01 8.603474761050570407e+01
7.538536671355863916e+01 8.707725907075696625e+01
7.597390228446286642e+01 8.812108111854193737e+01
7.655762217374933698e+01 8.916613857505413421e+01
7.713671732332619513e+01 9.021232785738752114e+01
7.771167299417408003e+01 9.125947819528064997e+01
7.828301699569888683e+01 9.230740910548902889e+01
7.885130332488093075e+01 9.335593120552670143e+01
7.941731035588378518e+01 9.440477886351182235e+01
7.998193050484735522e+01 9.545364769303471064e+01
8.054605645361074551e+01 9.650223323316926383e+01
8.111054201304388300e+01 9.755024520069683547e+01
8.167618023560369522e+01 9.859741547328182776e+01
8.224375888734046214e+01 9.964347785674040381e+01
8.281400339115994313e+01 1.006881898184237798e+02
8.338730773919564854e+01 1.017314346159511587e+02
8.396395621651329577e+01 1.027731371448418400e+02
8.454422808193463368e+01 1.038132240500427201e+02
8.512827784001947862e+01 1.048516653424562435e+02
8.571612894628424328e+01 1.058884765870759708e+02
8.630779862974677030e+01 1.069236755135918315e+02
8.690323387048476889e+01 1.079573062006242452e+02
8.750214440330218224e+01 1.089895017126096377e+02
8.810418993042597435e+01 1.100204138801735496e+02
8.870899542968734863e+01 1.110502085560808894e+02
8.931572698656565024e+01 1.120792368994896293e+02
8.992322610407731531e+01 1.131079811399607138e+02
9.053032693113165408e+01 1.141369264759054118e+02
9.113576608471112195e+01 1.151665973304067165e+02
9.173806712341395553e+01 1.161976038127989312e+02
9.233572546961319460e+01 1.172305673480363168e+02
9.292727657120863682e+01 1.182660926788219058e+02
9.351156836798173799e+01 1.193046543042771077e+02
9.408759566278718012e+01 1.203466655124204294e+02
9.465436123349607556e+01 1.213925362873706604e+02
9.521122699612021734e+01 1.224425279367838471e+02
9.575807547116517071e+01 1.234966862478081850e+02
9.629482999774752727e+01 1.245550401094516104e+02
9.682152472036329982e+01 1.256175726229735972e+02
9.733873438470392614e+01 1.266840434987505120e+02
9.784719835450617609e+01 1.277541444225765588e+02
9.834767076302834710e+01 1.288275609816645328e+02
9.884122999238132934e+01 1.299038448757462447e+02
9.932927079084811339e+01 1.309824171719560013e+02
9.981320102530084171e+01 1.320626935206699670e+02
1.002943558348863036e+02 1.331441198419451553e+02
1.007738444686241337e+02 1.342262360725572137e+02
1.012527324479818276e+02 1.353086003489303835e+02
1.017320416806451533e+02 1.363907888924671568e+02
1.022122753149406833e+02 1.374725930343671507e+02
1.026935961509747699e+02 1.385539452353063155e+02
1.031761601823468624e+02 1.396347807783892563e+02
1.036600011473087619e+02 1.407150856454416896e+02
1.041449059096882905e+02 1.417949481959583409e+02
1.046306316061117059e+02 1.428744691171655461e+02
1.051169532159711366e+02 1.439537417107207489e+02
1.056037728978783861e+02 1.450328066356092904e+02
1.060910480277095331e+02 1.461116816950045347e+02
1.065787394985039782e+02 1.471903832351543144e+02
1.070669467927806551e+02 1.482688701910468296e+02
1.075559557998517448e+02 1.493470242778921317e+02
1.080460655294184278e+02 1.504247217757256010e+02
1.085375641370433470e+02 1.515018434546127253e+02
1.090306911530966545e+02 1.525782901993960650e+02
1.095256724969695341e+02 1.536539685253702032e+02
1.100227392045202492e+02 1.547287828274778576e+02
1.105222215072505492e+02 1.558025963922930828e+02
1.110245395289607586e+02 1.568752352534864087e+02
1.115301166709882068e+02 1.579465240864587372e+02
1.120394016562038217e+02 1.590162770710111033e+02
1.125529156016942807e+02 1.600842783800434859e+02
1.130711924791417147e+02 1.611503068583154175e+02
1.135947318445368808e+02 1.622141556050078464e+02
1.141236635206688419e+02 1.632757708568012447e+02
1.146578924551981942e+02 1.643351919900092071e+02
1.151973180079584438e+02 1.653924606953778493e+02
1.157415851788622660e+02 1.664477240201406971e+02
1.162898637445949817e+02 1.675013258501290068e+02
1.168412714147162177e+02 1.685536316375020078e+02
1.173948960335698928e+02 1.696050192047478049e+02
1.179496307835549800e+02 1.706559470043517592e+02
1.185042908460757758e+02 1.717069057972200312e+02
1.190576971051858663e+02 1.727583839821500931e+02
1.196088809877190329e+02 1.738107827485417261e+02
1.201571367860423720e+02 1.748643944036721791e+02
1.207017753297260469e+02 1.759195044049068031e+02
1.212423181432192507e+02 1.769763109372316876e+02
1.217791537247486531e+02 1.780346530745606515e+02
1.223128935371831005e+02 1.790942775361434656e+02
1.228441774506238744e+02 1.801549192746306005e+02
1.233741332914923134e+02 1.812161111256056074e+02
1.239042995343208702e+02 1.822772158295261704e+02
1.244362274696902375e+02 1.833375908182974001e+02
1.249714761965066572e+02 1.843965902898720515e+02
1.255116253823881891e+02 1.854535599233175844e+02
1.260582580418945042e+02 1.865078440115079559e+02
1.266129265295008821e+02 1.875587995471969975e+02
1.271768847773562641e+02 1.886059071342702964e+02
1.277512185699105345e+02 1.896487170259841832e+02
1.283370064714969487e+02 1.906867824662707562e+02
1.289348879626521125e+02 1.917198385736722912e+02
1.295447429171758245e+02 1.927479351063972786e+02
1.301663756688190574e+02 1.937711531123920281e+02
1.307994873822789259e+02 1.947896163736302242e+02
1.314431634523655816e+02 1.958037037323591960e+02
1.320962617838779920e+02 1.968138882602868875e+02
1.327576401650021864e+02 1.978206430774220053e+02
1.334261639148944880e+02 1.988244381842746691e+02
1.341007070832103238e+02 1.998257399649848480e+02
1.347801442089520947e+02 2.008250146009937680e+02
1.354634845572576580e+02 2.018226724683389932e+02
1.361502466530936033e+02 2.028189130006870471e+02
1.368400693286312162e+02 2.038138857988187738e+02
1.375325968278764890e+02 2.048077382218577043e+02
1.382275562154265742e+02 2.058005833234859097e+02
1.389247392675457604e+02 2.067925073529127644e+02
1.396239396485919997e+02 2.077835957772729785e+02
1.403250050488858847e+02 2.087739116853894643e+02
1.410279144156383779e+02 2.097634637976404974e+02
1.417326662453933750e+02 2.107522527367961516e+02
1.424392742830615077e+02 2.117402728095457860e+02
1.431478871001723689e+02 2.127274624755603440e+02
1.438587235940048004e+02 2.137137310646295987e+02
1.445720020226042948e+02 2.146989881713222701e+02
1.452878585088012358e+02 2.156831774117337659e+02
1.460062975080638807e+02 2.166662969403764123e+02
1.467273116245404196e+02 2.176483498207411742e+02
1.474508545262426651e+02 2.186293552441928227e+02
1.481766668433060659e+02 2.196094206452638105e+02
1.489044167132852863e+02 2.205886834858931138e+02
1.496337680003390744e+02 2.215672829981180030e+02
1.503642734675186716e+02 2.225454044335600088e+02
1.510953662616186080e+02 2.235232825905142136e+02
1.518264736089255678e+02 2.245011547196303923e+02
1.525570050678122129e+02 2.254792653898404637e+02
1.532863088296145122e+02 2.264578845891091987e+02
1.540137197707270786e+02 2.274372878206253574e+02
1.547385887917261869e+02 2.284177439501434321e+02
1.554604863115950195e+02 2.293994309159073168e+02
1.561791419419420208e+02 2.303824607164103782e+02
1.568942891153293431e+02 2.313669437674548135e+02
1.576057163815971478e+02 2.323529676545263101e+02
1.583133359169310950e+02 2.333405687554185306e+02
1.590170767265540519e+02 2.343297764771124321e+02
1.597168909644616406e+02 2.353206106380513063e+02
1.604129171611409106e+02 2.363130138569948144e+02
1.611053837649192815e+02 2.373068915075074301e+02
1.617945216050570423e+02 2.383021479769388691e+02
1.624806582543007778e+02 2.392986475801843653e+02
1.631642650835002257e+02 2.402961950690289257e+02
1.638458251408873991e+02 2.412945903583285485e+02
1.645258289850463598e+02 2.422936302520517700e+02
1.652048048774215658e+02 2.432930959371427377e+02
1.658832928852690429e+02 2.442927637104217240e+02
1.665618313932350816e+02 2.452924105656691722e+02
1.672409199919736977e+02 2.462918295656705823e+02
1.679210194781464907e+02 2.472908298422161408e+02
1.686025889453859747e+02 2.482892212325144499e+02
1.692860402882440383e+02 2.492868331242770523e+02
1.699716346670045937e+02 2.502835573414065777e+02
1.706596032159176559e+02 2.512792981449985348e+02
1.713501572158420458e+02 2.522739680196930863e+02
1.720432634681937429e+02 2.532675807168429571e+02
1.727387242952114548e+02 2.542602181173141105e+02
1.734363382646772038e+02 2.552519636571195178e+02
1.741357965414997295e+02 2.562429452599864135e+02
1.748365676721331852e+02 2.572333830611990493e+02
1.755380925528488376e+02 2.582235086491193101e+02
1.762398148705297274e+02 2.592135524561957141e+02
1.769411988119315424e+02 2.602037364235177961e+02
1.776417177034253996e+02 2.611942787064086815e+02
1.783408474533474646e+02 2.621853963907059892e+02
1.790381773177030595e+02 2.631772596121058427e+02
1.797334528530781199e+02 2.641699737644842116e+02
1.804264310255296095e+02 2.651636395157592574e+02
1.811168779248817202e+02 2.661583537546650291e+02
1.818046016913536960e+02 2.671541959521085232e+02
1.824894225717091842e+02 2.681512405643065904e+02
1.831711641505783064e+02 2.691495606648853709e+02
1.838497174459306223e+02 2.701492013956399205e+02
1.845250361086829969e+02 2.711501819549239372e+02
1.851970762760994376e+02 2.721525205112114918e+02
1.858659275782719646e+02 2.731561799384365372e+02
1.865320719479014997e+02 2.741609606134722412e+02
1.871960630173709887e+02 2.751666332142114584e+02
1.878584681672008969e+02 2.761729627238875082e+02
1.885200075187893844e+02 2.771796508584560570e+02
1.891814964745873624e+02 2.781863598672090347e+02
1.898437515373226745e+02 2.791927515436897238e+02
1.905075490714505975e+02 2.801985043072805865e+02
1.911735884894187336e+02 2.812033284519728227e+02
1.918425605007016088e+02 2.822069378766514092e+02
1.925151428671674410e+02 2.832090518432845556e+02
1.931919264186890359e+02 2.842094256223098228e+02
1.938734662035147949e+02 2.852078293054230471e+02
1.945603141570709340e+02 2.862040342736941625e+02
1.952529093216497813e+02 2.871978586701110316e+02
1.959515462543761828e+02 2.881891804854411134e+02
1.966565100711256662e+02 2.891778816211497656e+02
1.973680239541284891e+02 2.901638696324641842e+02
1.980860489207864816e+02 2.911471606668637264e+02
1.988104766320510066e+02 2.921277996002167470e+02
1.995411918958081401e+02 2.931058341470212554e+02
2.002779570473160220e+02 2.940813627515461235e+02
2.010204287763535262e+02 2.950545276178046947e+02
2.017682603530151084e+02 2.960254723662885112e+02
2.025211328600549905e+02 2.969943290970214775e+02
2.032788026635258802e+02 2.979611987264291884e+02
2.040410387428070749e+02 2.989261769462871143e+02
2.048076108672374573e+02 2.998893591211196963e+02
2.055782967497379445e+02 3.008508373247196346e+02
2.063528786949452467e+02 3.018107017287021563e+02
2.071311379412373128e+02 3.027690429463342525e+02
2.079127556800443699e+02 3.037259930312822007e+02
2.086972355431683752e+02 3.046817575841033658e+02
2.094840629198315014e+02 3.056365497616055222e+02
2.102727505986866277e+02 3.065905713711969156e+02
2.110629797522602189e+02 3.075439544722720484e+02
2.118544954752189255e+02 3.084968046463800420e+02
2.126470471983900268e+02 3.094492256789473572e+02
2.134405195167478269e+02 3.104012653677846174e+02
2.142349576352839051e+02 3.113529049829132305e+02
2.150304161091304707e+02 3.123041219213444606e+02
2.158269581128369623e+02 3.132548900096153375e+02
2.166246803366208269e+02 3.142051691908620796e+02
2.174236876157897598e+02 3.151549160342306664e+02
2.182240779615653707e+02 3.161040899355283500e+02
2.190258409135637976e+02 3.170526952214953553e+02
2.198288791308079340e+02 3.180007722064099198e+02
2.206330927058212978e+02 3.189483622676449954e+02
2.214383339819373191e+02 3.198955265624256867e+02
2.222443361379795874e+02 3.208423756112512706e+02
2.230508140704427831e+02 3.217890275079806202e+02
2.238574607196499926e+02 3.227356094418551606e+02
2.246637686291759906e+02 3.236823316168237170e+02
2.254691230816331995e+02 3.246294486698787978e+02
2.262729101022609370e+02 3.255772149305617518e+02
2.270746400820100916e+02 3.265258332226826496e+02
2.278740278903480885e+02 3.274754216858134441e+02
2.286708074301144791e+02 3.284260905769056080e+02
2.294647324659731566e+02 3.293779419298513176e+02
2.302556686199572482e+02 3.303310314681068576e+02
2.310435206387739413e+02 3.312853987169943366e+02
2.318281928311807860e+02 3.322410833839060160e+02
2.326095762529223236e+02 3.331981306839871877e+02
2.333875473351180574e+02 3.341565919101579993e+02
2.341619817531134800e+02 3.351165186694253180e+02
2.349327271997347566e+02 3.360779741650341634e+02
2.356995314003183637e+02 3.370410630277643236e+02
2.364621197654104492e+02 3.380058991358702087e+02
2.372202136831053849e+02 3.389725980334094402e+02
2.379734773928636855e+02 3.399412989312032209e+02
2.387215326453541877e+02 3.409121586358070317e+02
2.394640008270313842e+02 3.418853341044390390e+02
2.402006620927081144e+02 3.428609165028721009e+02
2.409316622805780241e+02 3.438388454626655175e+02
2.416571985328374410e+02 3.448190393556989193e+02
2.423775123935600675e+02 3.458013981427649810e+02
2.430932141495013354e+02 3.467856688867633466e+02
2.438050966934719384e+02 3.477715229336172911e+02
2.445139544999206862e+02 3.487586309704367977e+02
2.452205978872232208e+02 3.497466569430497429e+02
2.459258613230965693e+02 3.507352545222089475e+02
2.466305813055710701e+02 3.517240765148088144e+02
2.473355475978438562e+02 3.527127949959544821e+02
2.480413085378103233e+02 3.537011815775069863e+02
2.487483347339261002e+02 3.546890399182425426e+02
2.494570917060504769e+02 3.556761757683141241e+02
2.501679234818186046e+02 3.566624448091451995e+02
2.508810495695022951e+02 3.576477538975328230e+02
2.515966838193504884e+02 3.586320122155992749e+02
2.523150349817199185e+02 3.596151309243948049e+02
2.530362950590600803e+02 3.605970276837164761e+02
2.537606526210532536e+02 3.615776214853892156e+02
2.544882865908225540e+02 3.625568353217144022e+02
2.552192528583493072e+02 3.635346432074495624e+02
2.559535224394070667e+02 3.645110543551086835e+02
2.566910641156625843e+02 3.654860789065483004e+02
2.574317517135303319e+02 3.664597668729728639e+02
2.581752570158163280e+02 3.674322530986728452e+02
2.589212259265682405e+02 3.684036832937856047e+02
2.596693048553394760e+02 3.693742033630434207e+02
2.604191440395709947e+02 3.703439606847296659e+02
2.611703954689988905e+02 3.713131033116754907e+02
2.619227133866385202e+02 3.722817784469184517e+02
2.626758583964175955e+02 3.732500928529023554e+02
2.634297414745565220e+02 3.742180961174495906e+02
2.641842849759510159e+02 3.751858335019782089e+02
2.649394414029894733e+02 3.761533397664244376e+02
2.656953062119244464e+02 3.771205998746337400e+02
2.664520171880179760e+02 3.780875840456999413e+02
2.672097104952127893e+02 3.790542635784453296e+02
2.679684879769441181e+02 3.800206325840678119e+02
2.687284188046835425e+02 3.809867068903763538e+02
2.694895708072423304e+02 3.819525032085408043e+02
2.702519420821336098e+02 3.829180704517017944e+02
2.710153200649830296e+02 3.838835548168330547e+02
2.717794525652693665e+02 3.848491208002954522e+02
2.725440935341942463e+02 3.858149303884850951e+02
2.733090675118028230e+02 3.867811167199448050e+02
2.740742441982526998e+02 3.877477944774357184e+02
2.748394945127923847e+02 3.887150777621899920e+02
2.756047506928978805e+02 3.896830450467390392e+02
2.763700656194400267e+02 3.906517047042704576e+02
2.771355062538563061e+02 3.916210569265173262e+02
2.779011269363201109e+02 3.925910986516674370e+02
2.786668947022766361e+02 3.935618043122452718e+02
2.794327396782595088e+02 3.945331388262912924e+02
2.801985910511962174e+02 3.955050655463347766e+02
2.809643458795425772e+02 3.964774869338008330e+02
2.817298590691262916e+02 3.974502255608480823e+02
2.824949826663426506e+02 3.984230985803298495e+02
2.832595722195412691e+02 3.993958796184409152e+02
2.840234985267837260e+02 4.003681527589124585e+02
2.847866365360737291e+02 4.013394505048113956e+02
2.855488745531905579e+02 4.023092899500481394e+02
2.863103494336531298e+02 4.032769014866567545e+02
2.870714177877500219e+02 4.042412620197631554e+02
2.878324437455513021e+02 4.052013396356219346e+02
2.885937521186396566e+02 4.061560372791495865e+02
2.893555583461331935e+02 4.071040766912233266e+02
2.901180590013374285e+02 4.080441483565774092e+02
2.908814105829050050e+02 4.089749542531745305e+02
2.916453531320886441e+02 4.098953157970661891e+02
2.924093797491665327e+02 4.108041252258529994e+02
2.931729782368343535e+02 4.117002783008559277e+02
2.939354371155948797e+02 4.125829221237186175e+02
2.946956820416201595e+02 4.134516614508163457e+02
2.954526001666948218e+02 4.143061496013432929e+02
2.962083041077766552e+02 4.151495504371014817e+02
2.969853191014277058e+02 4.160072445753098123e+02
2.978141321242127901e+02 4.169132780584863553e+02
2.987267689788872076e+02 4.179033111250715820e+02
2.998066289764769863e+02 4.190668696053154463e+02
3.011996841221405248e+02 4.205590873697591974e+02
3.030556943034099504e+02 4.225390699181483001e+02
