2.259720487311754766e+01 3.244540133347442179e+01
2.380914077268272777e+01 3.109431921165199597e+01
2.480721497254969066e+01 2.999768475817148783e+01
2.566425128537111178e+01 2.907802080247822829e+01
2.645230589921287745e+01 2.825892184770336968e+01
2.722110293504985634e+01 2.749515999220039220e+01
2.799507854931918160e+01 2.677681163101598827e+01
2.879730722935930487e+01 2.609585417300866439e+01
2.964778254540818025e+01 2.544749174606435105e+01
3.055007429559948662e+01 2.484412949199511900e+01
3.150230149383964928e+01 2.430388129082530924e+01
3.250253496721752811e+01 2.384471209865013819e+01
3.354657698801251087e+01 2.347681935736815717e+01
3.462692956108099906e+01 2.319910041863840888e+01
3.573583462264345911e+01 2.300956216111328700e+01
3.686544694270832423e+01 2.290558211393159738e+01
3.800729641972141337e+01 2.288002616571352732e+01
3.915264027606244923e+01 2.292379145428055054e+01
4.029275577732859404e+01 2.302777556149288785e+01
4.142120438615732070e+01 2.318380817829438101e+01
4.253584143172950860e+01 2.338547118772887501e+01
4.363499627382123691e+01 2.362653990984057728e+01
4.471708831798710548e+01 2.390123609115802594e+01
4.578142157950969704e+01 2.420816717199196688e+01
4.682780216893263514e+01 2.454842986672987237e+01
4.785604239927209136e+01 2.492314937888492921e+01
4.886610358853327085e+01 2.533342305658534244e+01
4.985831231473904523e+01 2.578027996528995658e+01
5.083305009875481062e+01 2.626473889929798133e+01
5.179081427474806532e+01 2.678748840541311083e+01
5.273371080625671681e+01 2.734462994233144073e+01
5.366502334684248865e+01 2.792890672601049218e+01
5.458806252467850584e+01 2.853298500781712832e+01
5.550608804364026128e+01 2.914952415317061707e+01
5.642219502136060783e+01 2.977116127225445297e+01
5.733944538630532861e+01 3.039052898743631914e+01
5.826084257062586147e+01 3.100040658266792093e+01
5.918818386608907645e+01 3.159659736933204854e+01
6.012213307201692203e+01 3.217774654379454802e+01
6.106331003858455375e+01 3.274260949144004940e+01
6.201259488036703260e+01 3.328937389362134525e+01
6.297198587722437679e+01 3.381378842374099492e+01
6.394378153392027997e+01 3.431094688696628481e+01
6.493023102854729700e+01 3.477604652817841924e+01
6.593195380738039546e+01 3.520770220604504175e+01
6.694760523406675645e+01 3.560864754024328249e+01
6.797572374082272972e+01 3.598186136040802552e+01
6.901489293499834332e+01 3.632964444179251018e+01
7.006395544272936604e+01 3.665040982743455089e+01
7.112184603929053139e+01 3.694118745151608607e+01
7.218750442980976345e+01 3.719896563736412531e+01
7.326015942169254913e+01 3.741833645398229180e+01
7.433948793087444074e+01 3.759017777617290790e+01
7.542520542026150565e+01 3.770504797816191456e+01
7.651689525212592002e+01 3.775484740122647764e+01
7.761311842312906606e+01 3.774186226387536180e+01
7.871195903771204883e+01 3.767322337641399344e+01
7.981149902987414180e+01 3.755608800699588556e+01
8.090988990609673692e+01 3.739750897001067642e+01
8.200542279451633476e+01 3.720432945663227997e+01
8.309640551153876231e+01 3.698336760283330449e+01
8.418128804758316619e+01 3.674131203901920628e+01
8.526003811479634464e+01 3.648346891078898580e+01
8.633354206800112252e+01 3.621430757691906877e+01
8.740269899728357927e+01 3.593828405137642790e+01
8.846837141743722555e+01 3.565900154744109329e+01
8.953132586911232238e+01 3.537782551596067293e+01
9.059231334125995261e+01 3.509575879961667511e+01
9.165197275381763120e+01 3.481353781224354549e+01
9.270923410516255103e+01 3.452783623894686826e+01
9.376169528220427196e+01 3.423216085088161975e+01
9.480691895094939525e+01 3.391993469731655608e+01
9.584265065393807959e+01 3.358513292203642919e+01
9.686727028024344577e+01 3.322364572722730003e+01
9.787929516841876421e+01 3.283177826773656705e+01
9.887733762651575375e+01 3.240606798073859807e+01
9.986219426104817387e+01 3.194839479692721085e+01
1.008368459769916257e+02 3.146598114051569439e+01
1.018043686488201303e+02 3.096628171804427154e+01
1.027677834642400967e+02 3.045657682377116160e+01
1.037298592246895907e+02 2.994334181747159107e+01
1.046932919708624041e+02 2.943282000337959659e+01
1.056607665530202240e+02 2.893122356564821729e+01
1.066345450459754858e+02 2.844358907472247466e+01
1.076163471599577406e+02 2.797344494526539549e+01
1.086078570375818941e+02 2.752422068890390250e+01
1.096107159041461614e+02 2.709933364083454421e+01
1.106263001294717725e+02 2.670212599189417801e+01
1.116558851482093928e+02 2.633591129575931689e+01
1.127007416141801173e+02 2.600401283163641253e+01
1.137618115123704570e+02 2.571045551761999803e+01
1.148394938224782322e+02 2.546042347397675343e+01
1.159341366576691854e+02 2.525920941032935119e+01
1.170457093724609479e+02 2.511158688777593539e+01
1.181710124541575055e+02 2.501798603460537862e+01
1.193052673659727532e+02 2.497667267729874396e+01
1.204436873932032341e+02 2.498588996212249924e+01
1.215820874924385038e+02 2.504266429207596900e+01
1.227175724883198882e+02 2.514141360556012827e+01
1.238474138703151652e+02 2.527621879929261439e+01
1.249689363151056085e+02 2.544141701934493582e+01
1.260800828007317733e+02 2.563432431052790506e+01
1.271791952093365694e+02 2.585417858780668965e+01
1.282646211777314420e+02 2.610025215521519826e+01
1.293339695971860692e+02 2.637376631881605960e+01
1.303827728450134202e+02 2.668142076617622394e+01
1.314062011363949978e+02 2.703087066234358105e+01
1.323994892212122920e+02 2.742971424319108209e+01
1.333589558306395020e+02 2.788459351235720618e+01
1.342818191482346606e+02 2.840135702310533361e+01
1.351653246071668946e+02 2.898582927691126443e+01
1.360086284307737685e+02 2.964106870912650749e+01
1.368180034380096401e+02 3.035983174791315164e+01
1.376013789082040830e+02 3.113247692395333743e+01
1.383666042337276849e+02 3.194936337573113505e+01
1.391194684423936678e+02 3.280086591754916014e+01
1.398635681443147405e+02 3.367737604422526942e+01
1.406023936200613207e+02 3.456928605956156275e+01
1.413394810988866652e+02 3.546713974978249695e+01
1.420785946711729366e+02 3.636223210775386860e+01
1.428235689293550195e+02 3.724609055567485427e+01
1.435782743971638808e+02 3.811022005210775632e+01
1.443481485394150923e+02 3.894514235147746462e+01
1.451407691357780436e+02 3.974003623083758185e+01
1.459638680579306254e+02 4.048398377956025485e+01
1.468242796939784967e+02 4.116638352724112337e+01
1.477228719612402017e+02 4.177873769808164184e+01
1.486580788015864982e+02 4.231340670216930278e+01
1.496283056549007426e+02 4.276276356301899284e+01
1.506301002714662900e+02 4.312005969017496909e+01
1.516567374563306601e+02 4.338009406569786819e+01
1.527011588564355407e+02 4.353782320142403961e+01
1.537563617216033549e+02 4.358882938906727844e+01
1.548158469639777195e+02 4.353436336306769050e+01
1.558733834276401922e+02 4.337869128462995150e+01
1.569227404686504315e+02 4.312611238594965357e+01
1.579572138273736641e+02 4.278215360515626742e+01
1.589690138941361681e+02 4.235515532321819876e+01
1.599501996587887902e+02 4.185385038120227108e+01
1.608928492886315667e+02 4.128710017463053816e+01
1.617892843125321463e+02 4.066539745329718869e+01
1.626319935424853895e+02 4.000035633569366667e+01
1.634134728683210938e+02 3.930360948973446256e+01
1.641319664090950994e+02 3.858149034737671457e+01
1.648030382882649292e+02 3.782436519895863114e+01
1.654455016696064718e+02 3.701960507652161425e+01
1.660789743613145504e+02 3.615257674259667198e+01
1.667380174640127279e+02 3.517142507052611222e+01
1.674703886568229620e+02 3.399142389235593953e+01
1.683242992274861649e+02 3.252671715728754265e+01
