2.260410693525706805e+01 4.446203011427915897e+01
2.299974556704308171e+01 4.290293678316292159e+01
2.336474217985351132e+01 4.164439205265766475e+01
2.371435949220622419e+01 4.059346109656957680e+01
2.406382158806581373e+01 3.965778291515545817e+01
2.442642410952509380e+01 3.877363902840876619e+01
2.481267841400566709e+01 3.791866503072668593e+01
2.523287878467642997e+01 3.707372064976022585e+01
2.569653759652005576e+01 3.622141141357892025e+01
2.620563519091262350e+01 3.536115994931127204e+01
2.675794258319886865e+01 3.450178722941150511e+01
2.735118483202435513e+01 3.365221650490629912e+01
2.798316072026737089e+01 3.282039348524826750e+01
2.865190134974089631e+01 3.201118346238268941e+01
2.935548346892928961e+01 3.122884647924300339e+01
3.009197604684275973e+01 3.047758071306927974e+01
3.085920647380815751e+01 2.975966320448388558e+01
3.165471958333722924e+01 2.907512398192715963e+01
3.247604417071689653e+01 2.842386553104259406e+01
3.332073933793178355e+01 2.780578180551414391e+01
3.418658817240427084e+01 2.722070370251218918e+01
3.507147415249284705e+01 2.666843385709107039e+01
3.597328282003503830e+01 2.614877583255012894e+01
3.689049924726634089e+01 2.566193348203915292e+01
3.782310632628556135e+01 2.520911071156788097e+01
3.877131701801909003e+01 2.479166503773342356e+01
3.973536855344167407e+01 2.441097749706396414e+01
4.071600724905899682e+01 2.406892247725018308e+01
4.171446262401109806e+01 2.376784263421459542e+01
4.273198328648840061e+01 2.351009912294251691e+01
4.376941966450964117e+01 2.329748948494478711e+01
4.482533246313196429e+01 2.312857021959722204e+01
4.589746553470121881e+01 2.300074159292327280e+01
4.698355489394329254e+01 2.291140525707336906e+01
4.808042214641318424e+01 2.285833988942122375e+01
4.918306343008175219e+01 2.284007683621710072e+01
5.028625806359868022e+01 2.285523684171337422e+01
5.138485309688925895e+01 2.290258392390964559e+01
5.247470904044733686e+01 2.298302590057895145e+01
5.355246656871922539e+01 2.309912089080505027e+01
5.461478642467735511e+01 2.325346946515237789e+01
5.565912795557867554e+01 2.344754762891004063e+01
5.668655260452452893e+01 2.367775904805784037e+01
5.769913693863875181e+01 2.393907792814314917e+01
5.869896587942457700e+01 2.422646345539284596e+01
5.968867349646154707e+01 2.453388607985441539e+01
6.067177595749334529e+01 2.485372804175326422e+01
6.165186904206979790e+01 2.517822824097278911e+01
6.263248295566641843e+01 2.549975904486028710e+01
6.361642134354948297e+01 2.581217163917612822e+01
6.460603553268610710e+01 2.611023784450325280e+01
6.560366998810059158e+01 2.638874345436055080e+01
6.661117274083294149e+01 2.664359622611220857e+01
6.762863026101865671e+01 2.687468512652651143e+01
6.865573847113790862e+01 2.708278177819903476e+01
6.969219999757643791e+01 2.726864001928900194e+01
7.073797808104605167e+01 2.743232231799127518e+01
7.179337450948608534e+01 2.757299302846340794e+01
7.285871369651695773e+01 2.768975648239020870e+01
7.393412431436937027e+01 2.778218865412859273e+01
7.501808702918485494e+01 2.785383642064998355e+01
7.610825699155195423e+01 2.791023575465077400e+01
7.720228280164451462e+01 2.795693846510978986e+01
7.829750058485507225e+01 2.800029209816102949e+01
7.939037056732094300e+01 2.804887473380362550e+01
8.047720065731324723e+01 2.811165233929309792e+01
8.155437465172184375e+01 2.819741838394293865e+01
8.262019732201599709e+01 2.831059988308380326e+01
8.367499731183332301e+01 2.845102350762477528e+01
8.471919975051480378e+01 2.861829661251505286e+01
8.575346778923000102e+01 2.881151565047895247e+01
8.678001417552970054e+01 2.902645094132376258e+01
8.780167191188195375e+01 2.925754145798345363e+01
8.882127307977341957e+01 2.949922699961761552e+01
8.984110579434693022e+01 2.974687103200189142e+01
9.086224450998767566e+01 2.999789784312618579e+01
9.188559946482602925e+01 3.025001056373242392e+01
9.291194573750513541e+01 3.050102582476093005e+01
9.393967720583316350e+01 3.075075987088796126e+01
9.496515188321353662e+01 3.100073856420975460e+01
9.598466222281753346e+01 3.125254282103687942e+01
9.699411068656864643e+01 3.150722958645270921e+01
9.798741487422140040e+01 3.176318905167612172e+01
9.895786250815655194e+01 3.201796513862500859e+01
9.989884634823388865e+01 3.226912704021339806e+01
1.008133970768473233e+02 3.251658862787227378e+01
1.017217911672571944e+02 3.276445926591083690e+01
1.026460953960816056e+02 3.301728385708623392e+01
1.036114026992286909e+02 3.328022593832839249e+01
1.046816207905901166e+02 3.356638390582916998e+01
1.059475411448598265e+02 3.389435197127848909e+01
1.075004938280701907e+02 3.428283444995808082e+01
