2.485461778988324966e+01 2.677220356843380955e+01
2.668033549395412507e+01 2.787247126752960114e+01
2.810712711377331274e+01 2.870958197369490961e+01
2.926354567513735461e+01 2.936597919059100903e+01
3.027635083623059842e+01 2.992293421561202038e+01
3.122629533690608028e+01 3.043164665441794625e+01
3.214531440182515354e+01 3.091140731891960769e+01
3.306298714899361357e+01 3.137996698931934958e+01
3.400400555579033579e+01 3.185243817382735898e+01
3.497065336587836271e+01 3.233183652895262128e+01
3.595879576213404505e+01 3.281771271798082523e+01
3.696431253439632059e+01 3.330960761270421244e+01
3.798357467312148827e+01 3.380675354478175620e+01
3.901354012891165013e+01 3.430801415586032022e+01
4.005120132959447687e+01 3.481223143124643116e+01
4.109376735183634111e+01 3.531828145615457970e+01
4.213958706184457270e+01 3.582521971541542882e+01
4.318738282842453913e+01 3.633216048210105242e+01
4.423588591923530089e+01 3.683822664642683975e+01
4.528419399168696202e+01 3.734290330373930544e+01
4.633189806554757695e+01 3.784616327694018878e+01
4.737862394418743861e+01 3.834801377526208910e+01
4.842398362323655192e+01 3.884863206439773364e+01
4.946750558555260113e+01 3.934922395534479733e+01
5.050868707697527071e+01 3.985137997496205742e+01
5.154702373032449003e+01 4.035669626098643192e+01
5.258192256349415317e+01 4.086704988828677187e+01
5.361265598978380353e+01 4.138474467054842876e+01
5.463848515899131542e+01 4.191212013029257832e+01
5.565877671102945357e+01 4.245124221692364586e+01
5.667363296721597266e+01 4.300226899819235626e+01
5.768346953569815838e+01 4.356454607847796012e+01
5.868870437209844937e+01 4.413741227112927845e+01
5.968985096801775114e+01 4.471990216865184209e+01
6.068758675480666653e+01 4.531052832054938051e+01
6.168260529778214618e+01 4.590775189998629457e+01
6.267557065802065352e+01 4.651009587509749110e+01
6.366690868273592230e+01 4.711658213954098073e+01
6.465693001868470446e+01 4.772647386784576184e+01
6.564594583704578667e+01 4.833903261794151973e+01
6.663442159485606453e+01 4.895313409927910442e+01
6.762312239524023028e+01 4.956690464616445979e+01
6.861284776874593661e+01 5.017838449448266402e+01
6.960435837171077367e+01 5.078570766295891303e+01
7.059804957956589533e+01 5.138788939931043842e+01
7.159411662630215289e+01 5.198442778634553463e+01
7.259275230373121701e+01 5.257482681198916197e+01
7.359407088267322194e+01 5.315878258353899355e+01
7.459801365924174377e+01 5.373641443005010387e+01
7.560449886457058710e+01 5.430789811426950564e+01
7.661342168760006643e+01 5.487346549657218020e+01
7.762442366197743127e+01 5.543396597664330727e+01
7.863698917700396862e+01 5.599063153168000895e+01
7.965060013653362603e+01 5.654470019717373930e+01
8.066468345350907043e+01 5.709754668921278409e+01
8.167852829906840384e+01 5.765088808286152755e+01
8.269140262652636864e+01 5.820649419034928229e+01
8.370260160159457996e+01 5.876607062446789342e+01
8.471177423047842581e+01 5.933048821815118146e+01
8.571881696971982478e+01 5.990003401994348309e+01
8.672363136407261663e+01 6.047498308839614367e+01
8.772612896764746893e+01 6.105560008933343852e+01
8.872624991559263208e+01 6.164212001285450526e+01
8.972393941134578199e+01 6.223477258664757983e+01
9.071911106772147093e+01 6.283386590527068449e+01
9.171118836117796036e+01 6.344092394470642660e+01
9.269920833303491747e+01 6.405842931071666158e+01
9.368219755643754354e+01 6.468889057668985743e+01
9.465923677945865222e+01 6.533467893772849777e+01
9.562958353286128954e+01 6.599771729848063728e+01
9.659253134789224760e+01 6.667983727256739712e+01
9.754739176759331087e+01 6.738281859162499643e+01
9.849381397277164751e+01 6.810746844026616031e+01
9.943174700726339665e+01 6.885373026413178366e+01
1.003611503393557740e+02 6.962151748077789648e+01
1.012820707967080125e+02 7.041039833291776517e+01
1.021948816265991411e+02 7.121865131222429568e+01
1.031000323011255375e+02 7.204425373044233538e+01
1.039979612408986611e+02 7.288518542193902761e+01
1.048888526823750880e+02 7.373948424139402391e+01
1.057726366778565534e+02 7.460524606379937040e+01
1.066492322281598319e+02 7.548056928676943755e+01
1.075184258945105711e+02 7.636373800423874059e+01
1.083794370884527041e+02 7.725383152257153085e+01
1.092313334358009058e+02 7.815014197007712937e+01
1.100731879972128695e+02 7.905197110027003760e+01
1.109042302308326668e+02 7.995889749737482077e+01
1.117238656941985795e+02 8.087081144960511381e+01
1.125315093391361074e+02 8.178761987349304263e+01
1.133269351147538089e+02 8.270913150298169114e+01
1.141116798493901854e+02 8.363467294009990383e+01
1.148878206044504680e+02 8.456342303789963921e+01
1.156574516360371945e+02 8.549455337243449549e+01
1.164232959078436380e+02 8.642696866704004321e+01
1.171888738070294238e+02 8.735923518147620825e+01
1.179577571168684926e+02 8.828989736060343319e+01
1.187333125244441021e+02 8.921754235064288707e+01
1.195177501408364407e+02 9.014099809882124248e+01
1.203128750329804859e+02 9.105917688321545711e+01
1.211204730100970295e+02 9.197099438534638693e+01
1.219414124312161221e+02 9.287552776621407702e+01
1.227752497515999721e+02 9.377208509367225986e+01
1.236214405334632147e+02 9.465999219365775730e+01
1.244794128163752021e+02 9.553854808011377031e+01
1.253484159684750381e+02 9.640687770895920039e+01
1.262276280265816411e+02 9.726403654661137921e+01
1.271162276074464046e+02 9.810908322231830425e+01
1.280134447505996036e+02 9.894130079045902448e+01
1.289185924998944870e+02 9.976033456230518937e+01
1.298309914393451265e+02 1.005658627567539725e+02
1.307499502021013882e+02 1.013576873495839692e+02
1.316746877963825284e+02 1.021365384253522706e+02
1.326043825456246168e+02 1.029035673788940386e+02
1.335382148977449503e+02 1.036599245060989887e+02
1.344755925512617125e+02 1.044064473782558622e+02
1.354163379629028725e+02 1.051434028086654706e+02
1.363603177291188899e+02 1.058709968689763770e+02
1.373074611436635166e+02 1.065893084537305953e+02
1.382582431990424823e+02 1.072973095456178214e+02
1.392134198645659353e+02 1.079934021854805053e+02
1.401737497191596162e+02 1.086759834786242891e+02
1.411400354616230004e+02 1.093434159589919403e+02
1.421131710227335816e+02 1.099939906731544284e+02
1.430940616329059765e+02 1.106259898135353978e+02
1.440836296012103617e+02 1.112376689595579080e+02
1.450829707756009839e+02 1.118270132717918841e+02
1.460932821339114014e+02 1.123918503240735589e+02
1.471157614114090961e+02 1.129300069859959450e+02
1.481514704713994774e+02 1.134396506785724625e+02
1.492011521134211307e+02 1.139197485287849645e+02
1.502655033861300637e+02 1.143693823342781286e+02
1.513452035408219274e+02 1.147876323487097636e+02
1.524407191412478824e+02 1.151735603743035199e+02
1.535523767314882662e+02 1.155262160660569180e+02
1.546804998812847032e+02 1.158446487825650308e+02
1.558251181974691804e+02 1.161278603300538634e+02
1.569854753713422326e+02 1.163747253825701620e+02
1.581606851533915119e+02 1.165840975945243656e+02
1.593497438740353118e+02 1.167548861643567903e+02
1.605499824053012503e+02 1.168867881138443181e+02
1.617574947861363341e+02 1.169800855324968012e+02
1.629683454169098695e+02 1.170350744609827416e+02
1.641780301343557653e+02 1.170522009647290815e+02
1.653803097326981515e+02 1.170323689283348187e+02
1.665686152128693891e+02 1.169765692577205982e+02
1.677364150833051610e+02 1.168858535788049551e+02
1.688778164017877543e+02 1.167623072497279537e+02
1.699874605994046703e+02 1.166088807127566298e+02
1.710600061851080795e+02 1.164285509262775236e+02
1.720975672335513309e+02 1.162226102444347617e+02
1.731282864049634327e+02 1.159864697955281372e+02
1.741859830835687148e+02 1.157142580374727174e+02
1.753070210183981317e+02 1.153990418175720407e+02
1.765804821014798449e+02 1.150118918684638629e+02
1.781451311980524963e+02 1.145031492021709880e+02
1.801416698350192007e+02 1.138223467781255067e+02
