5.382463067802296308e+01 9.588645388524142277e+01
5.571047370738413917e+01 9.450019597903916235e+01
5.714186351044570955e+01 9.344665382248592778e+01
5.826821795373104607e+01 9.261663702412556631e+01
5.923515713226856860e+01 9.190373935129596816e+01
6.012671788370910519e+01 9.124670146019258254e+01
6.097697273612524782e+01 9.062089300696059979e+01
6.181852890196456940e+01 9.000275803046291401e+01
6.267523616392296049e+01 8.937521911954314646e+01
6.354906542703535877e+01 8.873738436569371402e+01
6.443862694673126157e+01 8.809084799355977680e+01
6.534251438558493419e+01 8.743721152531581708e+01
6.625917206588825081e+01 8.677814216291827165e+01
6.718696527856991452e+01 8.611534186627790177e+01
6.812426209947211930e+01 8.545051273918666368e+01
6.906966257228745576e+01 8.478534545859784544e+01
7.002213935134602707e+01 8.412151234649974185e+01
7.098069872012175097e+01 8.346068406829441244e+01
7.194439996486545397e+01 8.280442896496580829e+01
7.291258905214320407e+01 8.215376192731947924e+01
7.388470842957072193e+01 8.150951158484051007e+01
7.486020778700712697e+01 8.087249750425718275e+01
7.583871829737388737e+01 8.024331339903457661e+01
7.682006233785054405e+01 7.962231503147563672e+01
7.780407141636719359e+01 7.900984682946956639e+01
7.879066142372563775e+01 7.840630625672831400e+01
7.978003036889121802e+01 7.781226809220146379e+01
8.077243514999898366e+01 7.722834412751080890e+01
8.176812484714398011e+01 7.665511571882140629e+01
8.276724826298958249e+01 7.609277384446922099e+01
8.376988474638187654e+01 7.554123910061301217e+01
8.477611175995865267e+01 7.500042546550852762e+01
8.578592437102550150e+01 7.447004690226462742e+01
8.679914379395280832e+01 7.394939534498097089e+01
8.781556919278673945e+01 7.343770920046725337e+01
8.883501520656551520e+01 7.293427197016018226e+01
8.985741084418984315e+01 7.243870043297384598e+01
9.088273637547146677e+01 7.195076074377409725e+01
9.191096901419260234e+01 7.147021265665989631e+01
9.294194121740272863e+01 7.099650403839802948e+01
9.397528721822703801e+01 7.052865567005299852e+01
9.501062692619547079e+01 7.006565747161739921e+01
9.604754391612574693e+01 6.960642135816588905e+01
9.708545787551605599e+01 6.914950740444874100e+01
9.812374230598767610e+01 6.869337653139540123e+01
9.916177647345720914e+01 6.823650441832133140e+01
1.001990503357855005e+02 6.777765012943086731e+01
1.012351535697131624e+02 6.731582802143307731e+01
1.022696795889077492e+02 6.685006199570570118e+01
1.033023610557124528e+02 6.637971438940975588e+01
1.043333209609664323e+02 6.590509621034550491e+01
1.053627501731822633e+02 6.542668343903888228e+01
1.063908617661186611e+02 6.494500560410575929e+01
1.074180980519491584e+02 6.446114504403472267e+01
1.084450365812119230e+02 6.397651022547716337e+01
1.094722569232903453e+02 6.349251447058739473e+01
1.105003634449591345e+02 6.301062971475590757e+01
1.115300048846533940e+02 6.253243277402658862e+01
1.125618345870760209e+02 6.205951135221228299e+01
1.135964915667315154e+02 6.159341822761946617e+01
1.146345271830611523e+02 6.113549254596129146e+01
1.156764596639403777e+02 6.068699270482171926e+01
1.167228079094646773e+02 6.024917868724300263e+01
1.177741136141810614e+02 5.982336438890624919e+01
1.188309451336295695e+02 5.941092676314028154e+01
1.198938723361042804e+02 5.901324634115336920e+01
1.209633918259070811e+02 5.863152595713594906e+01
1.220397242098676713e+02 5.826629903147409095e+01
1.231230251145642285e+02 5.791794137920695107e+01
1.242134381789529129e+02 5.758679948190076914e+01
1.253109276716448903e+02 5.727278090545324574e+01
1.264153197816044951e+02 5.697545533761119430e+01
1.275264366893214429e+02 5.669438265200210481e+01
1.286439737688012599e+02 5.642881091257301307e+01
1.297673270841995929e+02 5.617725219796643898e+01
1.308958495331196445e+02 5.593811244281339157e+01
1.320289160301400102e+02 5.570984848883280449e+01
1.331660868574277856e+02 5.549134577994651352e+01
1.343070151510710275e+02 5.528170445454068016e+01
1.354513587636419061e+02 5.508003581285095152e+01
1.365990057427272291e+02 5.488599808339516528e+01
1.377501946467218943e+02 5.470008228542129558e+01
1.389051934619630231e+02 5.452284935704098956e+01
1.400642255155974567e+02 5.435475502501224554e+01
1.412272868416268921e+02 5.419571954244603518e+01
1.423943013447074009e+02 5.404549323491895763e+01
1.435651927667144889e+02 5.390382871399090448e+01
1.447398817809458933e+02 5.377053275993547743e+01
1.459182859921212412e+02 5.364546632173986040e+01
1.471003228709124357e+02 5.352849272774179212e+01
1.482859083367419544e+02 5.341953472371356781e+01
1.494749534207534793e+02 5.331870229094796088e+01
1.506673681936282492e+02 5.322614219929441504e+01
1.518630233890864929e+02 5.314193205023085653e+01
1.530613212055401959e+02 5.306532559347952827e+01
1.542613561347925213e+02 5.299503552107653803e+01
1.554622171325910926e+02 5.292976613199522973e+01
1.566629719627112820e+02 5.286836408981061197e+01
1.578626460826396567e+02 5.280996026562061019e+01
1.590602599249471041e+02 5.275371928717971315e+01
1.602549163993430739e+02 5.269902432849922036e+01
1.614462902985976882e+02 5.264677392777623766e+01
1.626342987011259424e+02 5.259850862681785344e+01
1.638188688081826569e+02 5.255578102868211943e+01
1.650002874323488982e+02 5.252052275273346993e+01
1.661793085340380003e+02 5.249515777392416993e+01
1.673567172939389707e+02 5.248214297215901070e+01
1.685332981997004254e+02 5.248337200138728775e+01
1.697098327953463013e+02 5.249834626658277870e+01
1.708871018435104361e+02 5.252593214621385442e+01
1.720658706373049540e+02 5.256497157487993377e+01
1.732466319323719119e+02 5.261387592649462164e+01
1.744296454719487315e+02 5.267068845685171397e+01
1.756151630429154125e+02 5.273344155500401342e+01
1.768031937991547125e+02 5.280069690656574721e+01
1.779931049686388747e+02 5.287241653915461370e+01
1.791841588347378433e+02 5.294879141387094279e+01
1.803756248112687786e+02 5.303002614173581719e+01
1.815668409988432472e+02 5.311645682192181539e+01
1.827571838841354293e+02 5.320849303661130136e+01
1.839460328168090086e+02 5.330654175813266704e+01
1.851329562105895263e+02 5.341074592060561343e+01
1.863178429559103506e+02 5.352080089505898997e+01
1.875006129862746320e+02 5.363635869919200161e+01
1.886811344301812596e+02 5.375723904314266122e+01
1.898589775130274404e+02 5.388422594731577675e+01
1.910336061840539230e+02 5.401844744729593373e+01
1.922044896364312478e+02 5.416102216820330284e+01
1.933712474270237465e+02 5.431279360046360694e+01
1.945336660224083403e+02 5.447429982398941206e+01
1.956915405898224094e+02 5.464606299599901007e+01
1.968447516122882064e+02 5.482840924251888737e+01
1.979934823098609513e+02 5.502096908674705844e+01
1.991379830210463808e+02 5.522321883294259948e+01
2.002785052148103375e+02 5.543463163242099512e+01
2.014153160045271420e+02 5.565463700297958383e+01
2.025486939281939840e+02 5.588263259822202400e+01
2.036789177392989529e+02 5.611801541588567943e+01
2.048062566972817535e+02 5.636019730620988355e+01
2.059309588791064414e+02 5.660862325732767886e+01
2.070532694956093565e+02 5.686274274114624205e+01
2.081734272706318620e+02 5.712201897909231718e+01
2.092916197821409128e+02 5.738602359890486326e+01
2.104080103681828859e+02 5.765437960608119283e+01
2.115227603862666115e+02 5.792671463299638646e+01
2.126359396008407998e+02 5.820287186305635174e+01
2.137474855342803153e+02 5.848300569227849621e+01
2.148573253988253953e+02 5.876729478009184504e+01
2.159653574082667262e+02 5.905598696813805759e+01
2.170713408545968548e+02 5.934966152672225803e+01
2.181749934776443354e+02 5.964899685802400597e+01
2.192760334955895303e+02 5.995467018616039212e+01
2.203741893186506502e+02 6.026733364697192741e+01
2.214691990309009668e+02 6.058761556355925393e+01
2.225608011308671905e+02 6.091614324052740415e+01
2.236487769597085844e+02 6.125344078582120488e+01
2.247330351596392575e+02 6.159972567254646236e+01
2.258135079088788189e+02 6.195515868174777552e+01
2.268901337731148828e+02 6.231988524693375808e+01
2.279629220911282914e+02 6.269388075103894664e+01
2.290319262613180058e+02 6.307701471242479840e+01
2.300972007721774446e+02 6.346915402834257947e+01
2.311588467206710789e+02 6.387005340097891803e+01
2.322170532766755571e+02 6.427925552500926187e+01
2.332720193956458274e+02 6.469627953944221588e+01
2.343239443043431152e+02 6.512064398126965159e+01
2.353730289958157584e+02 6.555186346816596199e+01
2.364194751701015775e+02 6.598945104902543335e+01
2.374634832852848660e+02 6.643292277375819310e+01
2.385052107043704268e+02 6.688189881297817863e+01
2.395447616737409930e+02 6.733612767074708927e+01
2.405822371641354493e+02 6.779536576530854575e+01
2.416176537511219635e+02 6.825957326275806736e+01
2.426506904295846994e+02 6.872952532059852615e+01
2.436809417992371891e+02 6.920620084418469276e+01
2.447079996463785392e+02 6.969058552893358183e+01
2.457314101360290408e+02 7.018377517540118049e+01
2.467506824193222883e+02 7.068695491568392697e+01
2.477653247530989802e+02 7.120131204004393055e+01
2.487749110125035372e+02 7.172787540588208799e+01
2.497791790083186072e+02 7.226727805432776108e+01
2.507778917322453651e+02 7.282009222815437965e+01
2.517708399484578763e+02 7.338682311901206390e+01
2.527580643810606489e+02 7.396737243990992283e+01
2.537397380337663435e+02 7.456132254099736656e+01
2.547160360142837590e+02 7.516825069279911986e+01
2.556871929614767680e+02 7.578759044338238482e+01
2.566535391392789052e+02 7.641854447901003766e+01
2.576154134420510218e+02 7.706029465002653467e+01
2.585731574004290678e+02 7.771201644508234097e+01
2.595271268040771702e+02 7.837285094383015860e+01
2.604776822414749518e+02 7.904192764571948260e+01
2.614251858387598872e+02 7.971837233869484862e+01
2.623700385533829262e+02 8.040121708197747807e+01
2.633126822541191245e+02 8.108939518545749081e+01
2.642535607579896464e+02 8.178183525646686292e+01
2.651931060192905534e+02 8.247749454801436286e+01
2.661317103315420809e+02 8.317542608450889929e+01
2.670697577094986173e+02 8.387470288162175791e+01
2.680076265442716590e+02 8.457441153088625185e+01
2.689456230957859475e+02 8.527381275349056011e+01
2.698840036647070519e+02 8.597228787571802400e+01
2.708230232291763286e+02 8.666922141630918475e+01
2.717628832038923861e+02 8.736412716541947532e+01
2.727036719854791045e+02 8.805679167398226070e+01
2.736454636361162329e+02 8.874703608805342014e+01
2.745883076115930521e+02 8.943474092859700875e+01
2.755320715110922833e+02 9.012022553425769900e+01
2.764765414251280049e+02 9.080400592306359897e+01
2.774215001936864269e+02 9.148660595428242459e+01
2.783666048525456063e+02 9.216885295273277734e+01
2.793113401663679269e+02 9.285198979649425155e+01
2.802551784515618465e+02 9.353728939138784426e+01
2.811976080599854981e+02 9.422598581218372260e+01
2.821381896712169350e+02 9.491913798662426416e+01
2.830765043478580765e+02 9.561775548342214393e+01
2.840121426291642592e+02 9.632282497890342654e+01
2.849448769296554929e+02 9.703489380044557322e+01
2.858746435095391689e+02 9.775411347982145571e+01
2.868013845177970893e+02 9.848062132376682598e+01
2.877250676045920272e+02 9.921449323426634237e+01
2.886457319025457764e+02 9.995563298941199548e+01
2.895634289749973505e+02 1.007039144351503097e+02
2.904782140379830935e+02 1.014592027866194428e+02
2.913901800165831446e+02 1.022212741578153583e+02
2.922994420821901826e+02 1.029898520978411511e+02
2.932061156730420635e+02 1.037646595551934183e+02
2.941103143340007477e+02 1.045454266899884885e+02
2.950121482219818745e+02 1.053318965665847031e+02
2.959117271421949340e+02 1.061238135889432783e+02
2.968091905252502443e+02 1.069208519682255911e+02
2.977048590146256970e+02 1.077222565597611634e+02
2.985991217480294608e+02 1.085271099324062334e+02
2.994923648294970349e+02 1.093345021977089857e+02
3.003848761885556655e+02 1.101437670965256928e+02
3.012768289272320317e+02 1.109545233249929055e+02
3.021683896293544649e+02 1.117664057547523839e+02
3.030596628604669718e+02 1.125792006195513011e+02
3.039505195530655328e+02 1.133932643590070057e+02
3.048407756335838599e+02 1.142090876607810372e+02
3.057302595054529775e+02 1.150271305446970871e+02
3.066189862649522411e+02 1.158473941488538230e+02
3.075071147248858097e+02 1.166695263632895916e+02
3.083948075957242736e+02 1.174931654396841623e+02
3.092822833495797568e+02 1.183177964377740068e+02
3.101698920765080061e+02 1.191425428280760883e+02
3.110580028485420598e+02 1.199664759326065422e+02
3.119469646138430221e+02 1.207887043180952418e+02
3.128369568915976515e+02 1.216086501258066903e+02
3.137280743310062121e+02 1.224258925720650808e+02
3.146204070043947354e+02 1.232400198242258966e+02
3.155138193660954471e+02 1.240510650976473670e+02
3.164078323289202217e+02 1.248597392684762042e+02
3.173019379628611887e+02 1.256668101074313597e+02
3.181956246161489616e+02 1.264730121509736023e+02
3.190883616950926580e+02 1.272789107896610403e+02
3.199796125949600309e+02 1.280850177371875134e+02
3.208688421469414607e+02 1.288918375385368336e+02
3.217555482647247800e+02 1.296997103609600970e+02
3.226392619444952174e+02 1.305088119939751152e+02
3.235195156053829351e+02 1.313193111486914404e+02
3.243958037779985375e+02 1.321315446742001711e+02
3.252675015990942597e+02 1.329463792540215081e+02
3.261339607465846484e+02 1.337647856750196524e+02
3.269945690780436962e+02 1.345877212901808946e+02
3.278491453803183617e+02 1.354159834440374652e+02
3.286977914494175934e+02 1.362502643969203575e+02
3.295406169226795328e+02 1.370912513969336146e+02
3.303781191602714102e+02 1.379392064034496457e+02
3.312115695472500647e+02 1.387935423568048350e+02
3.320423314032277631e+02 1.396535713553742539e+02
3.328716875833825384e+02 1.405186072274961191e+02
3.337003630156004306e+02 1.413879757967912951e+02
3.345288462546632786e+02 1.422610079688372764e+02
3.353576131089161549e+02 1.431370399260525517e+02
3.361866769554308121e+02 1.440156122767086515e+02
3.370154504566986020e+02 1.448965311854904598e+02
3.378433061284443966e+02 1.457796205646647820e+02
3.386695902059279319e+02 1.466647386641103594e+02
3.394935373006171631e+02 1.475518895794634773e+02
3.403143523932578773e+02 1.484411161213620289e+02
3.411312657524301244e+02 1.493324548381146144e+02
3.419439531644198951e+02 1.502258319449843498e+02
3.427524713214935446e+02 1.511210793253673330e+02
3.435568894150055144e+02 1.520180257737509635e+02
3.443574014552476115e+02 1.529164726602844553e+02
3.451545316817508819e+02 1.538161487994732965e+02
3.459488583212366279e+02 1.547167711441374536e+02
3.467409269573464030e+02 1.556180731337796033e+02
3.475309687266104106e+02 1.565199470222612490e+02
3.483190390347425591e+02 1.574223738178826295e+02
3.491051937128159466e+02 1.583253345922327355e+02
3.498896700417485590e+02 1.592287402922791557e+02
3.506730128725409941e+02 1.601323829988892271e+02
3.514557968490594817e+02 1.610360432789306628e+02
3.522385731736355865e+02 1.619395117544414120e+02
3.530217582487676964e+02 1.628426368694109385e+02
3.538057203874645325e+02 1.637452876956592718e+02
3.545908264133836383e+02 1.646473340398808887e+02
3.553774031511173348e+02 1.655486655522730075e+02
3.561657330246951005e+02 1.664491939101147011e+02
3.569560961403994952e+02 1.673488319403734010e+02
3.577486930234311444e+02 1.682475294149467402e+02
3.585434418111476589e+02 1.691453672022062165e+02
3.593401980339822899e+02 1.700424552353262015e+02
3.601387756254967485e+02 1.709389219845603236e+02
3.609384128610546441e+02 1.718351524543978712e+02
3.617379276308397493e+02 1.727317189882578532e+02
3.625361287988293952e+02 1.736291980090668119e+02
3.633319420294366182e+02 1.745281259947284411e+02
3.641245535842738263e+02 1.754289503005245763e+02
3.649131849854624647e+02 1.763321062228623077e+02
3.656971885426530093e+02 1.772379738526983317e+02
3.664769477428922073e+02 1.781464980207413191e+02
3.672533347863097219e+02 1.790574172717797978e+02
3.680272292383693298e+02 1.799704660965008998e+02
3.687997318238343496e+02 1.808852384549736314e+02
3.695722625773003642e+02 1.818011254091390185e+02
3.703462664280668264e+02 1.827175022021677648e+02
3.711230258125275441e+02 1.836337665444122820e+02
3.719030447183331489e+02 1.845494237789213230e+02
3.726865942954482307e+02 1.854640114421897579e+02
3.734739194092009598e+02 1.863770649358591527e+02
3.742647144680285010e+02 1.872880747585935808e+02
3.750581514097738136e+02 1.881964887890342482e+02
3.758533815705945926e+02 1.891017530801652242e+02
3.766496075836451496e+02 1.900031253284516879e+02
3.774461845041284960e+02 1.908993035545826444e+02
3.782424955677376488e+02 1.917888823038121302e+02
3.790378887626052915e+02 1.926704372835533263e+02
3.798313215341773343e+02 1.935423354780938894e+02
3.806215081964965066e+02 1.944028139316456816e+02
3.814071576268123636e+02 1.952501094248002573e+02
3.821867850442421286e+02 1.960826453689299456e+02
3.829585397250802430e+02 1.968991978391140094e+02
3.837205302865555154e+02 1.976985820940847134e+02
3.844739198079228686e+02 1.984827287793950177e+02
3.852397568694038341e+02 1.992738506809926093e+02
3.860470495946888150e+02 2.001022788906392975e+02
3.869261612722588097e+02 2.009996948580056255e+02
3.879536764030212339e+02 2.020438201129950926e+02
3.892631492097763157e+02 2.033691226538323917e+02
3.909916471751785707e+02 2.051135699707959361e+02
