5.364400989539100806e+01 1.865062842989339060e+02
5.438974355436012331e+01 1.848590813791679182e+02
5.500070285832070027e+01 1.835023165174145277e+02
5.551945575658006504e+01 1.823408077111446346e+02
5.598820214800121420e+01 1.812802796926599740e+02
5.643646503772258427e+01 1.802576881878907216e+02
5.687818567027177608e+01 1.792483763918849036e+02
5.732634850279068672e+01 1.782300446560569753e+02
5.779238116889234789e+01 1.771834909875416884e+02
5.827764250040732463e+01 1.761095475725983306e+02
5.877948524518337337e+01 1.750170176158684399e+02
5.929525513465524966e+01 1.739147062762915539e+02
5.982264388206014871e+01 1.728094505107842735e+02
6.035999135822839179e+01 1.717044000734190092e+02
6.090570868692223172e+01 1.706022993785540223e+02
6.145835909996278446e+01 1.695057609137370775e+02
6.201816607097794787e+01 1.684159572006914232e+02
6.258637504312490307e+01 1.673331743835117891e+02
6.316424598138900137e+01 1.662576853726698118e+02
6.375253955004073703e+01 1.651894595347967538e+02
6.435055546238024249e+01 1.641275780690227180e+02
6.495732763211803729e+01 1.630709605848269064e+02
6.557187279521194512e+01 1.620185300468388618e+02
6.619285745041976554e+01 1.609692778278493961e+02
6.681862110079859463e+01 1.599222591692916922e+02
6.744749072682388658e+01 1.588765317585038872e+02
6.807794412057968714e+01 1.578312526126319710e+02
6.870916568032410510e+01 1.567860441443993125e+02
6.934054657551257606e+01 1.557406649532826179e+02
6.997148475648155852e+01 1.546948767566834420e+02
7.060169729418285556e+01 1.536485877643302729e+02
7.123135183723782404e+01 1.526019130236429078e+02
7.186065006539745070e+01 1.515549832040319984e+02
7.248982955639641546e+01 1.505079415000393510e+02
7.311940235065731031e+01 1.494610268687185055e+02
7.375000717923505533e+01 1.484145224706295494e+02
7.438228286784791976e+01 1.473687114321274976e+02
7.501675916932748578e+01 1.463238263101754910e+02
7.565372954091537849e+01 1.452799901081652365e+02
7.629345653388460846e+01 1.442373115005742079e+02
7.693611693623751080e+01 1.431958635062549376e+02
7.758075201637606710e+01 1.421552470578066618e+02
7.822559881351388356e+01 1.411147287338080787e+02
7.886887741821325903e+01 1.400735680664547260e+02
7.950940730910467380e+01 1.390312732132524900e+02
8.014805627384305353e+01 1.379882019673493971e+02
8.078612927257131560e+01 1.369448934604138230e+02
8.142496581844999071e+01 1.359019011560514514e+02
8.206680768972258022e+01 1.348601527603338184e+02
8.271486305897902014e+01 1.338209768214024109e+02
8.337238749663856652e+01 1.327857215471203745e+02
8.404220760436604110e+01 1.317555574514083787e+02
8.472479218365296560e+01 1.307306783644438894e+02
8.541980422434086506e+01 1.297109443208828736e+02
8.612689013940138238e+01 1.286962084915691094e+02
8.684461124662132647e+01 1.276858747616433334e+02
8.756976607112218858e+01 1.266786171286262714e+02
8.829899163446071952e+01 1.256730427191838260e+02
8.902917105794486474e+01 1.246678608183990491e+02
8.975942612756547589e+01 1.236627100029914175e+02
9.049007361221624990e+01 1.226577248987878477e+02
9.122144227044630327e+01 1.216530451113668931e+02
9.195416489807519156e+01 1.206489375202157532e+02
9.268963845139074920e+01 1.196459888922142056e+02
9.342937804006410829e+01 1.186448354547665645e+02
9.417481678416172031e+01 1.176460792659881633e+02
9.492605256207457387e+01 1.166497659200506405e+02
9.568209693613231082e+01 1.156554882873000736e+02
9.644192992946274501e+01 1.146628260940732957e+02
9.720466840773507045e+01 1.136714082350177790e+02
9.796997660678394482e+01 1.126810602780224428e+02
9.873765560498533489e+01 1.116916569592865898e+02
9.950756047629842271e+01 1.107030943766536524e+02
1.002814060839574211e+02 1.097160043947490209e+02
1.010631932448299750e+02 1.087319232434243759e+02
1.018570631432079523e+02 1.077524426844614851e+02
1.026667459132276292e+02 1.067789891852863633e+02
1.034933132101013484e+02 1.058119201672356411e+02
1.043367789574398614e+02 1.048511677092360799e+02
1.051971367621236624e+02 1.038966572282108416e+02
1.060725034474329220e+02 1.029477201660279349e+02
1.069574798958311135e+02 1.020025752197827558e+02
1.078462804771579329e+02 1.010593187608763799e+02
1.087333553097353445e+02 1.001162082413545136e+02
1.096157276792075095e+02 9.917325928980301342e+01
1.104920047962742728e+02 9.823156978851537247e+01
1.113608185954785483e+02 9.729225407173170481e+01
1.122225845411552569e+02 9.635713613810500533e+01
1.130829366953756647e+02 9.543011646020839578e+01
1.139484585710581115e+02 9.451547329599382863e+01
1.148255558323820367e+02 9.361728356222495506e+01
1.157170079855887082e+02 9.273551903017877862e+01
1.166222090083249725e+02 9.186631874027320066e+01
1.175404232265069595e+02 9.100567495519995020e+01
1.184704453601103182e+02 9.014941331520134327e+01
1.194088698577928653e+02 8.929257877491787099e+01
1.203516473120566559e+02 8.842998784024078418e+01
1.212947588639882497e+02 8.755651420689882514e+01
1.222356326343994937e+02 8.666973468164385963e+01
1.231737397858904046e+02 8.577104268916754393e+01
1.241087057874646860e+02 8.486211991482848305e+01
1.250402832430109612e+02 8.394477719141873706e+01
1.259691967826604753e+02 8.302181276517357844e+01
1.268966197190967620e+02 8.209648066753685214e+01
1.278237279493887399e+02 8.117203685794973467e+01
1.287517296664201467e+02 8.025164032901314215e+01
1.296819030287540500e+02 7.933824000428711543e+01
1.306155353460218578e+02 7.843475733162983943e+01
1.315538391025482383e+02 7.754393124321794062e+01
1.324970360834719258e+02 7.666608413402923361e+01
1.334446464134740324e+02 7.579982689203662005e+01
1.343961753366527034e+02 7.494373409631286620e+01
1.353509033601218050e+02 7.409573758885392181e+01
1.363073429897334279e+02 7.325157276460436151e+01
1.372638428161206150e+02 7.240650622878487752e+01
1.382188104706318938e+02 7.155593228895138225e+01
1.391721952842891596e+02 7.069857987769744057e+01
1.401255978654116916e+02 6.983674956398409961e+01
1.410806998109547408e+02 6.897291709144356275e+01
1.420389980279683755e+02 6.810928418613958968e+01
1.430009742868865601e+02 6.724654645355511207e+01
1.439667634208065579e+02 6.638488476110303793e+01
1.449364753449638101e+02 6.552446739487234595e+01
1.459085376903947804e+02 6.466463335074428187e+01
1.468786451313519592e+02 6.380337440021274631e+01
1.478422419540120814e+02 6.293855888474752902e+01
1.487946566889247038e+02 6.206870865702641282e+01
1.497301648869689359e+02 6.119829028301543161e+01
1.506424800261452219e+02 6.033494357333646008e+01
1.515253281823387965e+02 5.948632092198833021e+01
1.523794117439175579e+02 5.865336557161182895e+01
1.532229672068372395e+02 5.782015813404796489e+01
1.540769421653391760e+02 5.696817194561951680e+01
1.549642525386515786e+02 5.607680889656109002e+01
1.559398694018381661e+02 5.509173634261695440e+01
1.570848430269157916e+02 5.393117614609451493e+01
1.584809808477296258e+02 5.251255333955128179e+01
