2.156664424082172005e+01 5.271640142756152159e+01
2.317291307680542545e+01 5.290775307107041669e+01
2.447103679928974884e+01 5.312328510641415136e+01
2.556190830662576374e+01 5.335861644994781727e+01
2.654500666575244949e+01 5.360943856945929298e+01
2.748428046571972772e+01 5.387326619614647427e+01
2.840638905517175417e+01 5.414952757635416702e+01
2.933622594142604001e+01 5.443774157141665881e+01
3.029408819270020814e+01 5.473645994817506022e+01
3.127972462906704010e+01 5.503991110549095822e+01
3.228714427511884821e+01 5.534111578462830039e+01
3.331039906544685181e+01 5.563319777468549887e+01
3.434485024579978329e+01 5.591240778112526755e+01
3.538737276323371361e+01 5.617861155336802170e+01
3.643492588417345246e+01 5.643187621360359429e+01
3.748463267148027001e+01 5.667291777858280710e+01
3.853443499198728972e+01 5.690569603186401082e+01
3.958253004627510308e+01 5.713518228499421525e+01
4.062713336698433864e+01 5.736631390187310586e+01
4.166713979677139434e+01 5.760275213854230003e+01
4.270230960345865867e+01 5.784653251930204476e+01
4.373245921160189909e+01 5.809958507604549993e+01
4.475756381503428827e+01 5.836334176670057161e+01
4.577848703333097546e+01 5.863644747515153455e+01
4.679640134192715806e+01 5.891657817577212342e+01
4.781247077028543657e+01 5.920142540784745933e+01
4.882745085099065108e+01 5.948945224454264036e+01
4.984152331392687074e+01 5.978020550836854596e+01
5.085482687041219663e+01 6.007331327161529089e+01
5.186745537803764705e+01 6.036850387299103460e+01
5.287922129596464060e+01 6.066613469174164663e+01
5.388982820237913529e+01 6.096680650060823581e+01
5.489898091638083599e+01 6.127111730787050448e+01
5.590647286808121663e+01 6.157946760926310503e+01
5.691223483465984856e+01 6.189195175607566313e+01
5.791620940809787754e+01 6.220863776459180627e+01
5.891855538578420237e+01 6.252907786460971806e+01
5.992095558175752501e+01 6.284918854341810146e+01
6.092574800503177102e+01 6.316332323436934360e+01
6.193526606007822721e+01 6.346584745808456773e+01
6.295127359546213341e+01 6.375257340147464902e+01
6.397455932178038296e+01 6.402179009211113225e+01
6.500581626334486884e+01 6.427202959977005037e+01
6.604543178256022884e+01 6.450258595558364050e+01
6.709136576942482577e+01 6.471880445230034695e+01
6.814042051971684089e+01 6.492891606139085070e+01
6.918940106283623948e+01 6.514114448898165222e+01
7.023620314043557755e+01 6.536094462221376489e+01
7.128078772210493241e+01 6.558852868013818238e+01
7.232334581270859530e+01 6.582352492757506468e+01
7.336438372009841657e+01 6.606461130236660040e+01
7.440723850293569797e+01 6.630193382553744641e+01
7.545674222899722849e+01 6.652113254274607357e+01
7.651772622554483405e+01 6.670783209477833964e+01
7.759270649352139060e+01 6.685177176930126564e+01
7.867934379992613003e+01 6.695131925898931513e+01
7.977468755153687141e+01 6.700592872601660588e+01
8.087577479647551115e+01 6.701543055279088890e+01
8.197951663592388627e+01 6.698348917833388327e+01
8.308275060832109205e+01 6.691600842692329820e+01
8.418232040064313537e+01 6.681892744303482345e+01
8.527689505330243946e+01 6.670005348007893531e+01
8.636938947112443543e+01 6.657153910733056534e+01
8.746332090067842557e+01 6.644615334453996525e+01
8.856201502657307856e+01 6.633597019316923138e+01
8.966657062562509850e+01 6.624498406708096354e+01
9.077664975994647989e+01 6.617197674297678134e+01
9.189188783846985586e+01 6.611563632234926047e+01
9.301067060069404135e+01 6.607151377145993365e+01
9.412815406655776940e+01 6.602705225882340301e+01
9.523897945227537321e+01 6.596840260406781908e+01
9.633790461670031391e+01 6.588202335656838216e+01
9.742124325532985551e+01 6.575847771576630407e+01
9.848641668202996868e+01 6.559125102966442000e+01
9.953087106199340894e+01 6.537389403326133674e+01
1.005531578160968138e+02 6.510269764009174764e+01
1.015550076398502739e+02 6.478183490375674580e+01
1.025387193923281615e+02 6.441688748369112716e+01
1.035066212789658096e+02 6.401350881372076174e+01
1.044614937586974008e+02 6.357845843482000703e+01
1.054064722839835326e+02 6.311936411978047090e+01
1.063447017713935452e+02 6.264387678805321258e+01
1.072791078464830434e+02 6.215910994355184016e+01
1.082119129126336503e+02 6.167045370665308468e+01
1.091451986981813889e+02 6.118295344600826979e+01
1.100810336781123908e+02 6.070162192812901480e+01
1.110212484032795714e+02 6.023088664591510621e+01
1.119674676265221507e+02 5.977466884624095655e+01
1.129213092987025249e+02 5.933687304440466903e+01
1.138840344589754636e+02 5.892054161969246451e+01
1.148556264162424156e+02 5.852563053746402488e+01
1.158357826638327737e+02 5.815140536292659590e+01
1.168241432949036351e+02 5.779699314558209977e+01
1.178191362841764658e+02 5.745859590120538485e+01
1.188180346580067521e+02 5.712962857227520885e+01
1.198180654849589502e+02 5.680339519784298830e+01
1.208169085554747397e+02 5.647429304893782387e+01
1.218140545475049237e+02 5.614109232449960984e+01
1.228094468608776140e+02 5.580365645544593178e+01
1.238030517443028771e+02 5.546190403865740848e+01
1.247954096533510295e+02 5.511714002656862021e+01
1.257876636737546221e+02 5.477212435191859896e+01
1.267809854289487106e+02 5.442968584840348001e+01
1.277764054821589070e+02 5.409231277373379498e+01
1.287743237910221978e+02 5.376097085052039404e+01
1.297749641644801102e+02 5.343620050769355601e+01
1.307785300554095329e+02 5.311849302869265443e+01
1.317846077988261300e+02 5.280684979404776414e+01
1.327920702766382988e+02 5.249854969993607767e+01
1.337997506284915232e+02 5.219077569309456521e+01
1.348065033277887039e+02 5.188076222230115775e+01
1.358112894935099177e+02 5.156600119050488473e+01
1.368131035007208141e+02 5.124406478450854507e+01
1.378109830438173731e+02 5.091262977337442663e+01
1.388055780222909732e+02 5.057326513898652820e+01
1.397995922474401027e+02 5.023249845186893481e+01
1.407958628072258875e+02 4.989717904131933324e+01
1.417971377485513642e+02 4.957394127363834002e+01
1.428056668709937469e+02 4.926821664601176565e+01
1.438235267614473685e+02 4.898501848542002790e+01
1.448527634561889954e+02 4.872928636310393813e+01
1.458940058268846087e+02 4.850253851102597480e+01
1.469458920986978967e+02 4.830148731360207393e+01
1.480069112560204587e+02 4.812248485602040660e+01
1.490754093126748501e+02 4.796153806003026432e+01
1.501488353292923819e+02 4.781248839857543231e+01
1.512242913100600958e+02 4.766833947148655426e+01
1.522988871555242554e+02 4.752211394202472405e+01
1.533702516704190941e+02 4.736808721554663748e+01
1.544368179609693925e+02 4.720247644765712636e+01
1.554970883206250960e+02 4.702166582624045077e+01
1.565496339956910390e+02 4.682220601239251323e+01
1.575935122762761580e+02 4.660182112512106301e+01
1.586279894091686629e+02 4.635873976855705791e+01
1.596523415516731745e+02 4.609121447399507332e+01
1.606665705816337777e+02 4.579924989577681060e+01
1.616719208846893139e+02 4.548585050211715242e+01
1.626697587686666679e+02 4.515431512064947128e+01
1.636614309762865673e+02 4.480789535679718227e+01
1.646481288702416066e+02 4.444946779178570750e+01
1.656309697168013031e+02 4.408173016820854428e+01
1.666110739117339961e+02 4.370738778155034510e+01
1.675899584036506553e+02 4.333010299520451269e+01
1.685698910009852227e+02 4.295535034931262430e+01
1.695532231466423241e+02 4.258880623320078485e+01
1.705422072651773249e+02 4.223590776292648741e+01
1.715382068067840464e+02 4.189994388905016365e+01
1.725421157261536678e+02 4.158306904792884495e+01
1.735548191912229754e+02 4.128741644823111301e+01
1.745764649694455954e+02 4.101333823208354801e+01
1.756056545011642243e+02 4.075745164918750874e+01
1.766407945166632203e+02 4.051590365992652210e+01
1.776802099832198678e+02 4.028464461702395738e+01
1.787213926221304519e+02 4.005762124651680267e+01
1.797613474746669624e+02 3.982761000167052146e+01
1.807970752540207400e+02 3.958737699573671875e+01
1.818260349402120255e+02 3.933080766723993804e+01
1.828467514650835994e+02 3.905439106190129195e+01
1.838579009822830130e+02 3.875498558751906586e+01
1.848581781849583194e+02 3.842949636010177983e+01
1.858464932879501248e+02 3.807537147860165305e+01
1.868218955523525437e+02 3.769040935354755817e+01
1.877834375619504783e+02 3.727241656960049454e+01
1.887306358092524192e+02 3.682027755703211369e+01
1.896642057398966017e+02 3.633566239402840381e+01
1.905850539076113250e+02 3.582068517934572327e+01
1.914941375188831785e+02 3.527755686899056542e+01
1.923930894114937757e+02 3.470978034840491944e+01
1.932840234130740384e+02 3.412177824276036375e+01
1.941690629687769842e+02 3.351799106181196208e+01
1.950496418707027146e+02 3.290103673636961901e+01
1.959252101197898810e+02 3.226829053792816637e+01
1.967948631965325603e+02 3.161619082993031071e+01
1.976577769681957761e+02 3.094142397221418861e+01
1.985143661336235255e+02 3.024449816945889324e+01
1.993660178046802400e+02 2.952892155930268103e+01
2.002141450783769301e+02 2.879828306363650015e+01
2.010597450682567455e+02 2.805677301948215785e+01
2.019024809125493789e+02 2.731051038122149421e+01
2.027417488963547498e+02 2.656599991066016386e+01
2.035767529876268043e+02 2.582964061424190305e+01
2.044032446769160458e+02 2.510593297815503178e+01
2.052139891541307293e+02 2.439773531932940642e+01
2.060016533702445827e+02 2.370785166355913631e+01
2.067638962115518382e+02 2.303591695425953745e+01
2.075162475017423560e+02 2.237022094121776306e+01
2.082782346157724191e+02 2.169651556704538109e+01
2.090708612309573482e+02 2.099978358333621031e+01
2.099463060756989989e+02 2.024876474841872565e+01
2.109864525452491080e+02 1.939672193488190644e+01
2.122743660451663459e+02 1.839630215792926649e+01
