4.437929125505907990e+01 5.377403950971573465e+01
4.707287844861647841e+01 5.378099501128843940e+01
4.941398660361552686e+01 5.378832899260158484e+01
5.145110793358676204e+01 5.379615157903881340e+01
5.323273465206066390e+01 5.380457289598371062e+01
5.480735897256779054e+01 5.381370306881996868e+01
5.622347310863858638e+01 5.382365222293114471e+01
5.752956916953905164e+01 5.383453048418212461e+01
5.876726455307770891e+01 5.384647970793082550e+01
5.995269246532853913e+01 5.385975936908761952e+01
6.109608232919691773e+01 5.387465619084065338e+01
6.220766356758818461e+01 5.389145689637803116e+01
6.329766560340770809e+01 5.391044820888787115e+01
6.437631785956082808e+01 5.393191685155830584e+01
6.545384952531301792e+01 5.395614954681665409e+01
6.653841839882450415e+01 5.398342627213952483e+01
6.763106413753588697e+01 5.401400382661473998e+01
6.873129858030225137e+01 5.404813403438307517e+01
6.983863356597866812e+01 5.408606871958526341e+01
7.095258093342023642e+01 5.412805970636208031e+01
7.207265252148202705e+01 5.417435881885428017e+01
7.319836016917876975e+01 5.422521786555378753e+01
7.432921616556147626e+01 5.428084453850474489e+01
7.546473423406750669e+01 5.434130591882016859e+01
7.660442838328191328e+01 5.440664113496949028e+01
7.774781262178977670e+01 5.447688931542214164e+01
7.889440095817607812e+01 5.455208958864754720e+01
8.004370740102591242e+01 5.463228108311512443e+01
8.119524600285828342e+01 5.471750287195190054e+01
8.234858675685934770e+01 5.480772356139667778e+01
8.350346513737498810e+01 5.490270330571541280e+01
8.465964707177504067e+01 5.500216389835467368e+01
8.581689848742931304e+01 5.510582713276097166e+01
8.697498531170762703e+01 5.521341480238083221e+01
8.813367347197981871e+01 5.532464870066080209e+01
8.929272894559534279e+01 5.543925062705670825e+01
9.045195250706623824e+01 5.555694656486379301e+01
9.161124053868826422e+01 5.567747399278619014e+01
9.277050569915294886e+01 5.580057234652169740e+01
9.392966064715180607e+01 5.592598106176809836e+01
9.508861804137634977e+01 5.605343957422317658e+01
9.624729054051810806e+01 5.618268731958472983e+01
9.740559080335893327e+01 5.631346390248776146e+01
9.856343152745243685e+01 5.644558143969608466e+01
9.972072550937605229e+01 5.657903724503936616e+01
1.008773855612889179e+02 5.671385777378637272e+01
1.020333244953501293e+02 5.685006948120591375e+01
1.031884551237188958e+02 5.698769882256679153e+01
1.043426902585542990e+02 5.712677225313775153e+01
1.054959426821273780e+02 5.726731645440651164e+01
1.066481165914524496e+02 5.740942308830150864e+01
1.077990957848769398e+02 5.755333821101645952e+01
1.089487610970065248e+02 5.769933031083432695e+01
1.100969933624468524e+02 5.784766787603803095e+01
1.112436734158036273e+02 5.799861939491054841e+01
1.123886820916825258e+02 5.815245335573480645e+01
1.135319003220957512e+02 5.830943810509776881e+01
1.146732289100680759e+02 5.846981308348570394e+01
1.158126126168087637e+02 5.863375378599195642e+01
1.169500020934153639e+02 5.880142713976692193e+01
1.180853479909853689e+02 5.897300007196103877e+01
1.192186009606161718e+02 5.914863950972468842e+01
1.203497116534053646e+02 5.932851238020830920e+01
1.214786309219617806e+02 5.951278514113192841e+01
1.226053401535101415e+02 5.970155311837220324e+01
1.237298836738712282e+02 5.989476501934544217e+01
1.248523135747842900e+02 6.009235146039073783e+01
1.259726819479885478e+02 6.029424305784716154e+01
1.270910408852231654e+02 6.050037042805383436e+01
1.282074424782274491e+02 6.071066418734986314e+01
1.293219388176894142e+02 6.092505491466765477e+01
1.304345818717876568e+02 6.114346882905127245e+01
1.315454233732420448e+02 6.136582377000529220e+01
1.326545150280616099e+02 6.159203662644915767e+01
1.337619085422555543e+02 6.182202428730235511e+01
1.348676556218328813e+02 6.205570364148438500e+01
1.359718079728027647e+02 6.229299157791474073e+01
1.370744171284356412e+02 6.253380533478809866e+01
1.381755186978484176e+02 6.277809434871215188e+01
1.392751197330474895e+02 6.302586579836772529e+01
1.403732243132334077e+02 6.327713287340755954e+01
1.414698365176063817e+02 6.353190876348437399e+01
1.425649604253669906e+02 6.379020665825090219e+01
1.436586001157154442e+02 6.405203974735985639e+01
1.447507598214449729e+02 6.431742078273505570e+01
1.458414552312263197e+02 6.458632986781539387e+01
1.469307212145384085e+02 6.485869244202062589e+01
1.480185944692910027e+02 6.513442873386490817e+01
1.491051116933938090e+02 6.541345897186241132e+01
1.501903095847565908e+02 6.569570338452722069e+01
1.512742248412891115e+02 6.598108220037354954e+01
1.523568946199457628e+02 6.626951449217781942e+01
1.534383843035652433e+02 6.656084826835538593e+01
1.545188034225362230e+02 6.685482038695258211e+01
1.555982653517193057e+02 6.715115802678138834e+01
1.566768834659752088e+02 6.744958836665387025e+01
1.577547711401646211e+02 6.774983858538205084e+01
1.588320417491481749e+02 6.805163586177799573e+01
1.599088091532854605e+02 6.835470617869981425e+01
1.609852122128210112e+02 6.865871393552927771e+01
1.620614263330323013e+02 6.896323350842666855e+01
1.631376298185777500e+02 6.926783213136107520e+01
1.642140009741159759e+02 6.957207703830157186e+01
1.652907181043053129e+02 6.987553546321720432e+01
1.663679595138042941e+02 7.017777464007707522e+01
1.674459034957882579e+02 7.047836182624899948e+01
1.685247278416144923e+02 7.077686530164042722e+01
1.696046096567594930e+02 7.107285474375683521e+01
1.706857259972738348e+02 7.136589993081759076e+01
1.717682539192081208e+02 7.165557064104213225e+01
1.728523704786128974e+02 7.194143665264985543e+01
1.739382527315385971e+02 7.222306774386014183e+01
1.750260766846255365e+02 7.250003623400645836e+01
1.761159789794617723e+02 7.277200976364403573e+01
1.772080459337069556e+02 7.303877783112083932e+01
1.783023605823073297e+02 7.330013788377161177e+01
1.793990059602088252e+02 7.355588736893113833e+01
1.804980651023575717e+02 7.380582373393414741e+01
1.815996210436996705e+02 7.404974442611541008e+01
1.827037552755837169e+02 7.428745063157921891e+01
1.838104990967928245e+02 7.451886510857184476e+01
1.849198237741109665e+02 7.474405601971511715e+01
1.860316970430490642e+02 7.496310008077901443e+01
1.871460866391179820e+02 7.517607400753351499e+01
1.882629602978286698e+02 7.538305451574856875e+01
1.893822857546918783e+02 7.558411832119409723e+01
1.905040297592655065e+02 7.577934453129347503e+01
1.916281310325792901e+02 7.596888024303396492e+01
1.927544969259997174e+02 7.615294864765026261e+01
1.938830331340551538e+02 7.633177695541425578e+01
1.950136453512739081e+02 7.650559237659787470e+01
1.961462392721843457e+02 7.667462212147310652e+01
1.972807205913148039e+02 7.683909340031186730e+01
1.984169951285360867e+02 7.699923312849122681e+01
1.995549718421349041e+02 7.715526083759166909e+01
2.006945629777085855e+02 7.730738832509042879e+01
2.018356809359959811e+02 7.745582702346128201e+01
2.029782381177358843e+02 7.760078836517803325e+01
2.041221469236672021e+02 7.774248378271444437e+01
2.052673197545285859e+02 7.788112470854426306e+01
2.064136695721601598e+02 7.801692122416667985e+01
2.075611217937687911e+02 7.815005342204861449e+01
2.087096140469621730e+02 7.828067199543446009e+01
2.098590844714497052e+02 7.840892640457057894e+01
2.110094712069408729e+02 7.853496610970336178e+01
2.121607123931452747e+02 7.865894057107915671e+01
2.133127461697724812e+02 7.878099924894439710e+01
2.144655103377142495e+02 7.890129242212960037e+01
2.156189359915757109e+02 7.901998657186962305e+01
2.167729480729316265e+02 7.913726304513369314e+01
2.179274712954478446e+02 7.925330373951992158e+01
2.190824303727903271e+02 7.936829055262637667e+01
2.202377500186247801e+02 7.948240538205118355e+01
2.213933549466171371e+02 7.959583012539238212e+01
2.225491692742326677e+02 7.970874811855271957e+01
2.237051065430107428e+02 7.982136821134116644e+01
2.248610712138367660e+02 7.993392116020181959e+01
2.260169674526300696e+02 8.004663843316993166e+01
2.271726994253100429e+02 8.015975149828082635e+01
2.283281712977960751e+02 8.027349182356974211e+01
2.294832872360075839e+02 8.038809087707197421e+01
2.306379522490465206e+02 8.050377808965245663e+01
2.317920848113394925e+02 8.062075035929605349e+01
2.329456142149811626e+02 8.073917844797472299e+01
2.340984700577481874e+02 8.085923237911809736e+01
2.352505819374171097e+02 8.098108217615585147e+01
2.364018794517645290e+02 8.110489786251753230e+01
2.375522921985670166e+02 8.123084946163282893e+01
2.387017515341761680e+02 8.135910275002028413e+01
2.398502141992969428e+02 8.148976220167696738e+01
2.409976560109939498e+02 8.162288622171143970e+01
2.421440532509423349e+02 8.175853209320960957e+01
2.432893822008173572e+02 8.189675709925742808e+01
2.444336191422942761e+02 8.203761852294081791e+01
2.455767403570486351e+02 8.218117364734578700e+01
2.467187234738583470e+02 8.232747650252034077e+01
2.478595637601422936e+02 8.247653852401879249e+01
2.489992688789878912e+02 8.262834121383900765e+01
2.501378467509181291e+02 8.278286545231368621e+01
2.512753052964557696e+02 8.294009211977552809e+01
2.524116524361239442e+02 8.310000209655724746e+01
2.535468960904453297e+02 8.326257626299150161e+01
2.546810436207980786e+02 8.342779684892806813e+01
2.558140957262135657e+02 8.359566216403683825e+01
2.569460487290991750e+02 8.376618108113257222e+01
2.580768988753167150e+02 8.393936265777504957e+01
2.592066424107282501e+02 8.411521595152400721e+01
2.603352755811957877e+02 8.429375001993926730e+01
2.614627946325811081e+02 8.447497392058058097e+01
2.625891959447706654e+02 8.465889638738704548e+01
2.637144773549644583e+02 8.484552263541078787e+01
2.648386375948479099e+02 8.503485571984306546e+01
2.659616754090895370e+02 8.522689866452728324e+01
2.670835895423572879e+02 8.542165449330666149e+01
2.682043787393193952e+02 8.561912623002449152e+01
2.693240417446440915e+02 8.581931689852410727e+01
2.704425793679191656e+02 8.602222453759752341e+01
2.715600129601330082e+02 8.622779759576214076e+01
2.726763756464490598e+02 8.643595609676579272e+01
2.737917006913925206e+02 8.664661972791428468e+01
2.749060213594887045e+02 8.685970817651356413e+01
2.760193709152626980e+02 8.707514112986945065e+01
2.771317826232398147e+02 8.729283827528782069e+01
2.782432906056070578e+02 8.751271722964393973e+01
2.793539368074754634e+02 8.773467672495392833e+01
2.804637673589314204e+02 8.795860539053286686e+01
2.815728284296179140e+02 8.818439176020388004e+01
2.826811661891781569e+02 8.841192436779010677e+01
2.837888268072554183e+02 8.864109174711472861e+01
2.848958564534925699e+02 8.887178243200082761e+01
2.860023018907905907e+02 8.910388352414688029e+01
2.871082148534495673e+02 8.933727012429187653e+01
2.882136495562884875e+02 8.957181134519970556e+01
2.893186602323768852e+02 8.980737625557890169e+01
2.904233011147838397e+02 9.004383392413787135e+01
2.915276264365786005e+02 9.028105341958504937e+01
2.926316904308305311e+02 9.051890381062891322e+01
2.937355484982168718e+02 9.075725134720067899e+01
2.948392650440663374e+02 9.099594054068252547e+01
2.959429086612991000e+02 9.123480579299597082e+01
2.970465479660655888e+02 9.147368144998179673e+01
2.981502515745159485e+02 9.171240185748077067e+01
2.992540881028006652e+02 9.195080136133377380e+01
3.003581261670701679e+02 9.218871430738155937e+01
3.014624281873361724e+02 9.242599000029984779e+01
3.025670125400610004e+02 9.266258407554134635e+01
3.036718785257512536e+02 9.289849822209306751e+01
3.047770253682893440e+02 9.313373431392979285e+01
3.058824522915577404e+02 9.336829422502628972e+01
3.069881585194390823e+02 9.360217982935736813e+01
3.080941432758154406e+02 9.383539300089769597e+01
3.092004009457698430e+02 9.406794729552534307e+01
3.103068941706854389e+02 9.429993290523223948e+01
3.114135727973638836e+02 9.453147091088293053e+01
3.125203866373093433e+02 9.476268247855601601e+01
3.136272855020262114e+02 9.499368877433013836e+01
3.147342192030191086e+02 9.522461096428392580e+01
3.158411375517922579e+02 9.545557021449599233e+01
3.169479912882450776e+02 9.568668544969229117e+01
3.180547367795006153e+02 9.591806200922664516e+01
3.191613325016846261e+02 9.614980014084957816e+01
3.202677369346421870e+02 9.638200008333205915e+01
3.213739085582187727e+02 9.661476207544518502e+01
3.224798058522592328e+02 9.684818635595982528e+01
3.235853872966091558e+02 9.708237316364707681e+01
3.246906149487630273e+02 9.731741410005591320e+01
3.257954709203107768e+02 9.755335235180042730e+01
3.268999443059917667e+02 9.779021424665761231e+01
3.280040242076530603e+02 9.802802609524391642e+01
3.291076997271418350e+02 9.826681420817584467e+01
3.302109599663056656e+02 9.850660489606995895e+01
3.313137940269917863e+02 9.874742446954276431e+01
3.324161990349261941e+02 9.898927986784319444e+01
3.335182137412658108e+02 9.923207753748782523e+01
3.346198903538009972e+02 9.947569143778817136e+01
3.357212810870818203e+02 9.971999551173695409e+01
3.368224381556582898e+02 9.996486370232682361e+01
3.379234137740803590e+02 1.002101699525505580e+02
3.390242601568979808e+02 1.004557882054007791e+02
3.401250324874275748e+02 1.007015852366275084e+02
3.412258002106307231e+02 1.009473933912921950e+02
3.423266370487790482e+02 1.011930346881061098e+02
3.434276167249547598e+02 1.014383311438245414e+02
3.445288129622398401e+02 1.016831047752026791e+02
3.456302994837162146e+02 1.019271775989957973e+02
3.467321500124661497e+02 1.021703716319591564e+02
3.478344317489489868e+02 1.024125246378493017e+02
3.489371828660019901e+02 1.026535444592922488e+02
3.500404334644509277e+02 1.028933584264697743e+02
3.511442136447957409e+02 1.031318938703511350e+02
3.522485535075361440e+02 1.033690781219056305e+02
3.533534831531718510e+02 1.036048385121025603e+02
3.544590326822025759e+02 1.038391023719111246e+02
3.555652132396721186e+02 1.040718427948209239e+02
3.566719578038350846e+02 1.043032215856454599e+02
3.577791792069908752e+02 1.045334491858384780e+02
3.588867902814179729e+02 1.047627360369030214e+02
3.599947038593954858e+02 1.049912925803422041e+02
3.611028327732019534e+02 1.052193292576590551e+02
3.622110898550694742e+02 1.054470565104696931e+02
3.633193740606032520e+02 1.056747182815367836e+02
3.644275313170122104e+02 1.059026865355226477e+02
3.655353948865119378e+02 1.061313638130943104e+02
3.666427980313177386e+02 1.063611526549187687e+02
3.677495740136453151e+02 1.065924556016630333e+02
3.688555560957099146e+02 1.068256751939940727e+02
3.699605775406669750e+02 1.070612139703100638e+02
3.710644874210228750e+02 1.072994363018577104e+02
3.721671908057506357e+02 1.075405713724476300e+02
3.732686051558158624e+02 1.077848184489739367e+02
3.743686479321838760e+02 1.080323767983306738e+02
3.754672365958199407e+02 1.082834456874118416e+02
3.765642886076894911e+02 1.085382243831114977e+02
3.776597214325059895e+02 1.087969121432747244e+02
3.787534683197175127e+02 1.090596701180054993e+02
3.798455143627692223e+02 1.093265342948607071e+02
3.809358552829497739e+02 1.095975150034975343e+02
3.820244868015483917e+02 1.098726225735733237e+02
3.831114046398538449e+02 1.101518673347453330e+02
3.841966045191554144e+02 1.104352596166709048e+02
3.852800821646856662e+02 1.107228097394864506e+02
3.863618400063151057e+02 1.110145118368560304e+02
3.874419009062400505e+02 1.113103107143087556e+02
3.885202916049407804e+02 1.116101418143413042e+02
3.895970388428980300e+02 1.119139405794504540e+02
3.906721693605923633e+02 1.122216424521328832e+02
3.917457098985042308e+02 1.125331828748853127e+02
3.928176872020430324e+02 1.128484972783055156e+02
3.938881323102410761e+02 1.131675107271943403e+02
3.949570884117104583e+02 1.134901189544671780e+02
3.960246008290571922e+02 1.138162125410857755e+02
3.970907148848870634e+02 1.141456820680118227e+02
3.981554759018061418e+02 1.144784181162071093e+02
3.992189292024204406e+02 1.148143112666333110e+02
4.002811201176781424e+02 1.151532520801114288e+02
4.013420982739817191e+02 1.154951207472307289e+02
4.024019245925929340e+02 1.158397701901456287e+02
4.034606618291244899e+02 1.161870489024571782e+02
4.045183727391891466e+02 1.165368053777663988e+02
4.055751200783994364e+02 1.168888881096742978e+02
4.066309666023683462e+02 1.172431455917820102e+02
4.076859750494252239e+02 1.175994263594165830e+02
4.087402023754391394e+02 1.179575929079514083e+02
4.097936913956392573e+02 1.183175418711736029e+02
4.108464828038557357e+02 1.186791750043617384e+02
4.118986172939190737e+02 1.190423940627943580e+02
4.129501355596597705e+02 1.194071008017501185e+02
4.140010782949080408e+02 1.197731969765074922e+02
4.150514861341258097e+02 1.201405844856746796e+02
4.161013859078259429e+02 1.205091985536729595e+02
4.171507730274241794e+02 1.208790502576379566e+02
4.181996385552412789e+02 1.212501611743925878e+02
4.192479735535971486e+02 1.216225528807594998e+02
4.202957690848123775e+02 1.219962469535615242e+02
4.213430162112075550e+02 1.223712649696214925e+02
4.223897059730915089e+02 1.227476285589057170e+02
4.234358256716503206e+02 1.231253683789559119e+02
4.244813546806225304e+02 1.235045342269995530e+02
4.255262713626185587e+02 1.238851783414871193e+02
4.265705540802491669e+02 1.242673529608691325e+02
4.276141811961247754e+02 1.246511103235960150e+02
4.286571310728560888e+02 1.250365026681181888e+02
4.296993821232603068e+02 1.254235821116864713e+02
4.307409192355933101e+02 1.258123851396459543e+02
4.317817400957391101e+02 1.262029173434842306e+02
4.328218438913194177e+02 1.265951806894485685e+02
4.338612298099556028e+02 1.269891771437862076e+02
4.348998970392693764e+02 1.273849086727444728e+02
4.359378447668823355e+02 1.277823772425705897e+02
4.369750722180474440e+02 1.281815847286812584e+02
4.380115824170042060e+02 1.285825238369287149e+02
4.390473853916802796e+02 1.289851703684527706e+02
4.400824919247673961e+02 1.293894983026304146e+02
4.411169127989565482e+02 1.297954816188383518e+02
4.421506587969390694e+02 1.302030942964534290e+02
4.431837407014065207e+02 1.306123103148526070e+02
4.442161693044241702e+02 1.310231036308121588e+02
4.452479561571954605e+02 1.314354463708368144e+02
4.462791141172659195e+02 1.318493075118595925e+02
4.473096561712085872e+02 1.322646557197297170e+02
4.483395953055962764e+02 1.326814596602964400e+02
4.493689445070020270e+02 1.330996879994090136e+02
4.503977167619991064e+02 1.335193094029166616e+02
4.514259249062134245e+02 1.339402929011094443e+02
4.524535717688845580e+02 1.343626316833409930e+02
4.534806440972110977e+02 1.347863577668732376e+02
4.545071271858891464e+02 1.352115066758380237e+02
4.555330063296149774e+02 1.356381139343673397e+02
4.565582668230846366e+02 1.360662150665930028e+02
4.575828939609941131e+02 1.364958455966470297e+02
4.586068729510852222e+02 1.369270412585396457e+02
4.596301842025196720e+02 1.373598493683960839e+02
4.606528009179140781e+02 1.377943346364562842e+02
4.616746957062283627e+02 1.382305632058406673e+02
4.626958411764233006e+02 1.386686012196698812e+02
4.637162099374587569e+02 1.391085148210643752e+02
4.647357745982951656e+02 1.395503701531447120e+02
4.657545077024179818e+02 1.399942335168363172e+02
4.667723787424021680e+02 1.404401785662598172e+02
4.677893529274355728e+02 1.408882892791999097e+02
4.688053951458060169e+02 1.413386504068637350e+02
4.698204702858012070e+02 1.417913467004586039e+02
4.708345432357085656e+02 1.422464629111916850e+02
4.718475788838162543e+02 1.427040837902702322e+02
4.728595422522881790e+02 1.431642937649702105e+02
4.738704036948137173e+02 1.436271643622506247e+02
4.748801405653508141e+02 1.440927501710162346e+02
4.758887306932589922e+02 1.445611046298744498e+02
4.768961519078976039e+02 1.450322811774326510e+02
4.779023820386268540e+02 1.455063332522982193e+02
4.789073989148058672e+02 1.459833142930785073e+02
4.799111806009568681e+02 1.464632771692392907e+02
4.809137132492817273e+02 1.469462551763696752e+02
4.819149929459628652e+02 1.474322575677475982e+02
4.829150163865071477e+02 1.479212921219613293e+02
4.839137802664203605e+02 1.484133666175987685e+02
4.849112812812088578e+02 1.489084888332481000e+02
4.859075161263788232e+02 1.494066665474975082e+02
4.869024807379438471e+02 1.499079093704128240e+02
4.878961482904589388e+02 1.504122818001670225e+02
4.888884657986517368e+02 1.509199114180319157e+02
4.898793788339553998e+02 1.514309292857116702e+02
4.908688329678033142e+02 1.519454664649104529e+02
4.918567737716285819e+02 1.524636540173322885e+02
4.928431468168643050e+02 1.529856230046812016e+02
4.938278970890052619e+02 1.535115059014309509e+02
4.948109541509850260e+02 1.540414723677201607e+02
4.957922309777400756e+02 1.545757320593635313e+02
4.967716397247926352e+02 1.551144966078825291e+02
4.977490925476645884e+02 1.556579776447983647e+02
4.987245016018789556e+02 1.562063868016326467e+02
4.996977790429572224e+02 1.567599357099065003e+02
5.006688373108058840e+02 1.573188353161913824e+02
5.016375954647785420e+02 1.578832806238558817e+02
5.026039792276494609e+02 1.584534505871543502e+02
5.035679146153720467e+02 1.590295234542088281e+02
5.045293276438990802e+02 1.596116774731412136e+02
5.054881443291836831e+02 1.602000908920733480e+02
5.064442906871789774e+02 1.607949419591272431e+02
5.073976930206476368e+02 1.613964082416606232e+02
5.083482835718459683e+02 1.620046532092045481e+02
5.092960001788805471e+02 1.626198270491251492e+02
5.102407808978625212e+02 1.632420794313380839e+02
5.111825637849031523e+02 1.638715600257590665e+02
5.121212868961139293e+02 1.645084185023039822e+02
5.130568882876058296e+02 1.651528045308884032e+02
5.139893075218064951e+02 1.658048641769306073e+02
5.149185120627938659e+02 1.664646767393634263e+02
5.158444939759964427e+02 1.671322626479968108e+02
5.167672461698176676e+02 1.678076403154663012e+02
5.176867615526617783e+02 1.684908281544074384e+02
5.186030330329319895e+02 1.691818445774554789e+02
5.195160535190323117e+02 1.698807079972461906e+02
5.204258190981136067e+02 1.705874292140865975e+02
5.213323787728356820e+02 1.713018923084638629e+02
5.222358252038213777e+02 1.720238768106297016e+02
5.231362523574375700e+02 1.727531591238919759e+02
5.240337542000517033e+02 1.734895156515586621e+02
5.249284246980312219e+02 1.742327227969377930e+02
5.258203578177436839e+02 1.749825569633375153e+02
5.267096488179271319e+02 1.757387915257432951e+02
5.275964123729866060e+02 1.765011543637750435e+02
5.284807781435206380e+02 1.772693382409568699e+02
5.293628761779422121e+02 1.780430350120780645e+02
5.302428365246626072e+02 1.788219365319271503e+02
5.311207892320942392e+02 1.796057346552935599e+02
5.319968643486494102e+02 1.803941212369660718e+02
5.328711919485035651e+02 1.811867881664219908e+02
5.337439024564494048e+02 1.819834278052102547e+02
5.346151265503884815e+02 1.827837328556657610e+02
5.354849949138314287e+02 1.835873960276767036e+02
5.363536382302899028e+02 1.843941100311315608e+02
5.372211871832751058e+02 1.852035675759186688e+02
5.380877724562983531e+02 1.860154613719264773e+02
5.389535239836186520e+02 1.868294859402215025e+02
5.398185624320492479e+02 1.876453582041981463e+02
5.406830022136329035e+02 1.884628102069961528e+02
5.415469576230451594e+02 1.892815742754678183e+02
5.424105429549618975e+02 1.901013827364656379e+02
5.432738725040587724e+02 1.909219679168418224e+02
5.441370605650117795e+02 1.917430621434488671e+02
5.450002177573536528e+02 1.925644063126287620e+02
5.458634132626455084e+02 1.933858379434296353e+02
5.467266901263149066e+02 1.942072554976519712e+02
5.475900909842844158e+02 1.950285583919566079e+02
5.484536584724762633e+02 1.958496460430044408e+02
5.493174352268125631e+02 1.966704178674562229e+02
5.501814638832157698e+02 1.974907732819728494e+02
5.510457832554859579e+02 1.983106199466159296e+02
5.519103927692791558e+02 1.991299504722162226e+02
5.527752686451652835e+02 1.999488075174071753e+02
5.536403868050211940e+02 2.007672343850288712e+02
5.545057231707247638e+02 2.015852743779213085e+02
5.553712536641531869e+02 2.024029707989243150e+02
5.562369542071836577e+02 2.032203669508782298e+02
5.571027987822941441e+02 2.040375087605131341e+02
5.579687430622657303e+02 2.048544669264690299e+02
5.588347326499107339e+02 2.056713257714431791e+02
5.597007130436077205e+02 2.064881697594249204e+02
5.605666297417357100e+02 2.073050833544038483e+02
5.614324282426736090e+02 2.081221510203695004e+02
5.622980540447997555e+02 2.089394572213112724e+02
5.631634495094026533e+02 2.097570905200311984e+02
5.640285298087578667e+02 2.105751750035442456e+02
5.648931961644109379e+02 2.113938529863992244e+02
5.657573496840589087e+02 2.122132669318966691e+02
5.666208914753987074e+02 2.130335593033368582e+02
5.674837226461273758e+02 2.138548725640204680e+02
5.683457443039415011e+02 2.146773491772478337e+02
5.692068582714764489e+02 2.155011256195870715e+02
5.700669720701307597e+02 2.163262906474629972e+02
5.709259959474094330e+02 2.171529101895027054e+02
5.717838401678212676e+02 2.179810500319454434e+02
5.726404149958759717e+02 2.188107759610308278e+02
5.734956306960823440e+02 2.196421537629980207e+02
5.743493975329494106e+02 2.204752492240862694e+02
5.752016273326350984e+02 2.213101219645618016e+02
5.760522433879064010e+02 2.221467863302260071e+02
5.769011741017159238e+02 2.229852364899537918e+02
5.777483479005022673e+02 2.238254665198892894e+02
5.785936932107043731e+02 2.246674704961768327e+02
5.794371384587606144e+02 2.255112424949605838e+02
5.802786120711094782e+02 2.263567765923846764e+02
5.811180459411959873e+02 2.272040639663072170e+02
5.819553954451866957e+02 2.280530761639174671e+02
5.827906257013562481e+02 2.289037765883704481e+02
5.836237018594438268e+02 2.297561286165178842e+02
5.844545890691891827e+02 2.306100956252114997e+02
5.852832524803316119e+02 2.314656409913026778e+02
5.861096572426105240e+02 2.323227280916430857e+02
5.869337768413936374e+02 2.331813177250429874e+02
5.877556369043702489e+02 2.340413545637447328e+02
5.885752831802408309e+02 2.349027770569681479e+02
5.893927614605810277e+02 2.357655236406728250e+02
5.902081175369667108e+02 2.366295327508182140e+02
5.910213972009728423e+02 2.374947428233635947e+02
5.918326462441757485e+02 2.383610922942686727e+02
5.926419087866004247e+02 2.392285220583207490e+02
5.934492192818926242e+02 2.400969872294213019e+02
5.942546087169092743e+02 2.409664480210714146e+02
5.950581080740448670e+02 2.418368646533371589e+02
5.958597483356929843e+02 2.427081973462842370e+02
5.966595604842481180e+02 2.435804063199786071e+02
5.974575755021045325e+02 2.444534517944863126e+02
5.982538111422870770e+02 2.453273011709495677e+02
5.990482143743790857e+02 2.462019602726997789e+02
5.998407085927076423e+02 2.470774477200293404e+02
6.006312171755104146e+02 2.479537821419639556e+02
6.014196635010252976e+02 2.488309821675295552e+02
6.022059709474900728e+02 2.497090664257518995e+02
6.029900628931421807e+02 2.505880535456567770e+02
6.037718485482369033e+02 2.514679692407925415e+02
6.045511669405588009e+02 2.523488743185742464e+02
6.053278354061523032e+02 2.532308404330995302e+02
6.061016712747187967e+02 2.541139392416386329e+02
6.068724918759593265e+02 2.549982424014616527e+02
6.076401145395748244e+02 2.558838215698383465e+02
6.084043565952663357e+02 2.567707484040388408e+02
6.091650477154857981e+02 2.576590901253453012e+02
6.099220742052744981e+02 2.585488936012691283e+02
6.106753386025395685e+02 2.594401998652259635e+02
6.114247434465414699e+02 2.603330499501446411e+02
6.121701912765408906e+02 2.612274848889538816e+02
6.129115846317988598e+02 2.621235457145825194e+02
6.136488260515753836e+02 2.630212734599591045e+02
6.143818429508446570e+02 2.639206991292309112e+02
6.151106684984704316e+02 2.648218110912764587e+02
6.158353639614897475e+02 2.657245863870393805e+02
6.165559906071614478e+02 2.666290020573747483e+02
6.172726097027446031e+02 2.675350351431369518e+02
6.179852825154978291e+02 2.684426626851804940e+02
6.186940703126848575e+02 2.693518617243582298e+02
6.193990725088941645e+02 2.702625935329014055e+02
6.201005388019951852e+02 2.711747572617759374e+02
6.207987558928593899e+02 2.720882367663447212e+02
6.214940104823576803e+02 2.730029159019710505e+02
6.221865892713611856e+02 2.739186785240184463e+02
6.228767789607412624e+02 2.748354084878499748e+02
6.235648662515927754e+02 2.757529896487345695e+02
6.242511465181864878e+02 2.766713022159367483e+02
6.249359468011467698e+02 2.775902130869091593e+02
6.256196013660500057e+02 2.785095861218996447e+02
6.263024444784724665e+02 2.794292851811563878e+02
6.269848104039908776e+02 2.803491741249270035e+02
6.276670334081819647e+02 2.812691168134597888e+02
6.283494477490241934e+02 2.821889771101437532e+02
6.290323363465724924e+02 2.831086401042304033e+02
6.297158083467622873e+02 2.840280627325513478e+02
6.303999361635649166e+02 2.849472171189098617e+02
6.310847922109521733e+02 2.858660753871091629e+02
6.317704489028951684e+02 2.867846096609524125e+02
6.324569786533659226e+02 2.877027920642432264e+02
6.331444538541910561e+02 2.886205947299519039e+02
6.338328947400833613e+02 2.895380113828448998e+02
6.345221577781553606e+02 2.904551035435529798e+02
6.352120673767083190e+02 2.913719460042864284e+02
6.359024479440437290e+02 2.922886135572554167e+02
6.365931238884629693e+02 2.932051809946702861e+02
6.372839196182670776e+02 2.941217231087413211e+02
6.379746595492883898e+02 2.950383146884861389e+02
6.386651764918231038e+02 2.959550269641270575e+02
6.393553277227114222e+02 2.968719207934040583e+02
6.400449749519913212e+02 2.977890551546221900e+02
6.407339798897015726e+02 2.987064890260870698e+02
6.414222042458801525e+02 2.996242813861040872e+02
6.421095097305653780e+02 3.005424912129783479e+02
6.427957581262504618e+02 3.014611774544034120e+02
6.434808566406994714e+02 3.023803798658416895e+02
6.441648354728019967e+02 3.033000862388619794e+02
6.448477454340720669e+02 3.042202756561743513e+02
6.455296373360240523e+02 3.051409272004889885e+02
6.462105619901726641e+02 3.060620199545160744e+02
6.468905702080325000e+02 3.069835330009656218e+02
6.475697128805255716e+02 3.079054453871010537e+02
6.482480721732104030e+02 3.088277221994275124e+02
6.489258089766474313e+02 3.097502933822136129e+02
6.496030963741141022e+02 3.106730834369922150e+02
6.502801074488882023e+02 3.115960168652965194e+02
6.509570152842472908e+02 3.125190181686592723e+02
6.516339929634690407e+02 3.134420118486135038e+02
6.523112136444929092e+02 3.143649223682463116e+02
6.529888704288422332e+02 3.152876639209578116e+02
6.536672031289776896e+02 3.162101266469642837e+02
6.543464582356957635e+02 3.171321972475614643e+02
6.550268822397931672e+02 3.180537624240446917e+02
6.557087216320653624e+02 3.189747088777087924e+02
6.563922229033096301e+02 3.198949233098497871e+02
6.570776324499487373e+02 3.208142924448506506e+02
6.577651785860844029e+02 3.217327074308516330e+02
6.584550501883766174e+02 3.226500690641823326e+02
6.591474309350779777e+02 3.235662794129383428e+02
6.598425045044415356e+02 3.244812405452154280e+02
6.605404545747209113e+02 3.253948545291094661e+02
6.612414648241685882e+02 3.263070234327160506e+02
6.619457188174261546e+02 3.272176493481885586e+02
6.626533838253471913e+02 3.281266378179259959e+02
6.633645940021571050e+02 3.290339013968471704e+02
6.640794794834231425e+02 3.299393534908306833e+02
6.647981704047124367e+02 3.308429075057549085e+02
6.655207969015917797e+02 3.317444768474986176e+02
6.662474891096287593e+02 3.326439749219403552e+02
6.669783769510321463e+02 3.335413152125493070e+02
6.677135666682813735e+02 3.344364198142912983e+02
6.684531196208947676e+02 3.353292271445061488e+02
6.691970921627801090e+02 3.362196774409007958e+02
6.699455406478450641e+02 3.371077109411818924e+02
6.706985214299979816e+02 3.379932678830567738e+02
6.714560908631466418e+02 3.388762885042320931e+02
6.722183049059555060e+02 3.397567132717001073e+02
6.729851846510492805e+02 3.406345028786670923e+02
6.737566895207452262e+02 3.415096537940341932e+02
6.745327726284015171e+02 3.423821661466062096e+02
6.753133870873762135e+02 3.432520400651883392e+02
6.760984860110276031e+02 3.441192756785857796e+02
6.768880225127136328e+02 3.449838731156033305e+02
6.776819494374208261e+02 3.458458328988494941e+02
6.784802003984834755e+02 3.467051837711096027e+02
6.792826772462749432e+02 3.475620010835567086e+02
6.800892788570147331e+02 3.484163645515844792e+02
6.808999041069217810e+02 3.492683538905870364e+02
6.817144518722150224e+02 3.501180488159576498e+02
6.825328210291137339e+02 3.509655290430904415e+02
6.833549099223114354e+02 3.518108747135080989e+02
6.841805853900722241e+02 3.526541912277498909e+02
6.850096656558503128e+02 3.534956229613281948e+02
6.858419647868068978e+02 3.543353176218976159e+02
6.866772968501028345e+02 3.551734229171123047e+02
6.875154759128987507e+02 3.560100865546263549e+02
6.883563160423555018e+02 3.568454562420940874e+02
6.891996316944773753e+02 3.576796786928077836e+02
6.900452566822827976e+02 3.585128511196708132e+02
6.908930527363631882e+02 3.593449993438629235e+02
6.917428837605652916e+02 3.601761436290431106e+02
6.925946136587360797e+02 3.610063042388703707e+02
6.934481063347227519e+02 3.618355014370039271e+02
6.943032256923718251e+02 3.626637554871027760e+02
6.951598364287071945e+02 3.634910855550765518e+02
6.960178368315703210e+02 3.643174643174555740e+02
6.968771704894190862e+02 3.651428017551369294e+02
6.977377841917091246e+02 3.659670034188672503e+02
6.985996247278953888e+02 3.667899748593930553e+02
6.994626388874335134e+02 3.676116216274611475e+02
7.003267734597791332e+02 3.684318492738181590e+02
7.011919757069750858e+02 3.692505633278759660e+02
7.020582101063689606e+02 3.700676685418828811e+02
7.029254628516119965e+02 3.708830686877303151e+02
7.037937215243935043e+02 3.716966674746483363e+02
7.046629737064033634e+02 3.725083686118672404e+02
7.055332069793304299e+02 3.733180758086170385e+02
7.064044089248648106e+02 3.741256927741280265e+02
7.072765674148158723e+02 3.749311235559831061e+02
7.081496794986353507e+02 3.757342829051952435e+02
7.090237530576057452e+02 3.765350982054065412e+02
7.098987965968173057e+02 3.773334975677758507e+02
7.107748186213618737e+02 3.781294091034624216e+02
7.116518276363295854e+02 3.789227609236249918e+02
7.125298321468117138e+02 3.797134811394225835e+02
7.134088410628580732e+02 3.805014976076587914e+02
7.142888745117106737e+02 3.812867311396018977e+02
7.151699650095615652e+02 3.820690947650015232e+02
7.160521457126392306e+02 3.828485011115998304e+02
7.169354497771726074e+02 3.836248628071387543e+02
7.178199103593900645e+02 3.843980924793600593e+02
7.187055606155197438e+02 3.851681027560057373e+02
7.195924336082869104e+02 3.859348068640050542e+02
7.204805601160330752e+02 3.866981326689105458e+02
7.213699685558244710e+02 3.874580231676485482e+02
7.222606872358387591e+02 3.882144220549166107e+02
7.231527444642536011e+02 3.889672730254117710e+02
7.240461685492462038e+02 3.897165197738314077e+02
7.249409877989945699e+02 3.904621059948728998e+02
7.258372294208144240e+02 3.912039781322417298e+02
7.267348967495054239e+02 3.919421422427197967e+02
7.276339700247543760e+02 3.926766620548781930e+02
7.285344285409203167e+02 3.934076036579053834e+02
7.294362515923619412e+02 3.941350331409899468e+02
7.303394184734387409e+02 3.948590165933204048e+02
7.312439084785097521e+02 3.955796201040853362e+02
7.321497001689151602e+02 3.962969114529975059e+02
7.330567579172098931e+02 3.970109911426239364e+02
7.339650332491552263e+02 3.977219893034290408e+02
7.348744772267202734e+02 3.984300371354926256e+02
7.357850409118748303e+02 3.991352658388946111e+02
7.366966753665889200e+02 3.998378066137153724e+02
7.376093316528322248e+02 4.005377906600347728e+02
7.385229608378389230e+02 4.012353490158216118e+02
7.394375140802559372e+02 4.019306099041403399e+02
7.403529426161833271e+02 4.026236991630311195e+02
7.412691976841692849e+02 4.033147425551391052e+02
7.421862305227624574e+02 4.040038658431100203e+02
7.431039923705109231e+02 4.046911947895893036e+02
7.440224344659627604e+02 4.053768551572222805e+02
7.449415092422634643e+02 4.060609696780780382e+02
7.458611878224025986e+02 4.067436136698956943e+02
7.467814561454911200e+02 4.074248248633498406e+02
7.477023005573654473e+02 4.081046399572892369e+02
7.486237074038624542e+02 4.087830956505625295e+02
7.495456630308192416e+02 4.094602286420184214e+02
7.504681537840721148e+02 4.101360756305057294e+02
7.513911672643166639e+02 4.108106701785819155e+02
7.523147088310424806e+02 4.114840014639114543e+02
7.532387970120463478e+02 4.121560257523584028e+02
7.541634506460670764e+02 4.128266985326434906e+02
7.550886885718433632e+02 4.134959752934876178e+02
7.560145296281139053e+02 4.141638115236115141e+02
7.569409926536173998e+02 4.148301627117361363e+02
7.578680976220057346e+02 4.154949815455204316e+02
7.587958790859853480e+02 4.161581847302746269e+02
7.597243817068417684e+02 4.168196640224757630e+02
7.606536503489214738e+02 4.174793106774293960e+02
7.615837298765700325e+02 4.181370159504409116e+02
7.625146651541344909e+02 4.187926710968163775e+02
7.634465010459607583e+02 4.194461673718610086e+02
7.643792809647627564e+02 4.200973995115274420e+02
7.653130313439805832e+02 4.207463029637589216e+02
7.662477676130775990e+02 4.213928395612464328e+02
7.671835050158754257e+02 4.220369715818016516e+02
7.681202587961961399e+02 4.226786613032361402e+02
7.690580441978613635e+02 4.233178710033616881e+02
7.699968764646928321e+02 4.239545629599898007e+02
7.709367666207774619e+02 4.245887096368567200e+02
7.718776806248740741e+02 4.252203922799048996e+02
7.728195571498466734e+02 4.258497579998961555e+02
7.737623344877941918e+02 4.264769548267144614e+02
7.747059509308151064e+02 4.271021307902437911e+02
7.756503447710076671e+02 4.277254339203682321e+02
7.765954543004706920e+02 4.283470122469715307e+02
7.775412162982049722e+02 4.289670174634551358e+02
7.784875527526234009e+02 4.295856370742359900e+02
7.794343772901041802e+02 4.302030788299134088e+02
7.803816034422335406e+02 4.308195507105986053e+02
7.813291447405973713e+02 4.314352606964031338e+02
7.822769147167816755e+02 4.320504167674378095e+02
7.832248269023726834e+02 4.326652269038144141e+02
7.841727977145159230e+02 4.332798921394083322e+02
7.851207694438185172e+02 4.338945512244624751e+02
7.860686980314253560e+02 4.345093100490956317e+02
7.870165395414749128e+02 4.351242742073522436e+02
7.879642500381060017e+02 4.357395492932766388e+02
7.889117855854567551e+02 4.363552409009130315e+02
7.898591022476659873e+02 4.369714546243056930e+02
7.908061586770722897e+02 4.375882898474551439e+02
7.917529348546411256e+02 4.382057947791431616e+02
7.926994212552837098e+02 4.388239924493160515e+02
7.936456084270829479e+02 4.394429057123551843e+02
7.945914869181219728e+02 4.400625574226423282e+02
7.955370472764830083e+02 4.406829704345587970e+02
7.964822800502490736e+02 4.413041676024862454e+02
7.974271758501288332e+02 4.419261717061655190e+02
7.983717257619402972e+02 4.425490049590826516e+02
7.993159210893421687e+02 4.431726893150912474e+02
8.002597531371297919e+02 4.437972467266902186e+02
8.012032132100986246e+02 4.444226991463781360e+02
8.021462926130438973e+02 4.450490685266542528e+02
8.030889826507615226e+02 4.456763768200170261e+02
8.040312761880762764e+02 4.463046423485188825e+02
8.049731770012779180e+02 4.469338580414241164e+02
8.059146935253895663e+02 4.475640059863563351e+02
8.068558342128737877e+02 4.481950682303517510e+02
8.077966075161936033e+02 4.488270268204466902e+02
8.087370218878115793e+02 4.494598638036773082e+02
8.096770857801915326e+02 4.500935612270802721e+02
8.106168087121114922e+02 4.507280987517166295e+02
8.115562070872566665e+02 4.513634406330680235e+02
8.124953000444396594e+02 4.519995450065287059e+02
8.134341067294172944e+02 4.526363699919533019e+02
8.143726462879471910e+02 4.532738737091968346e+02
8.153109378657865136e+02 4.539120142781142135e+02
8.162490006086918584e+02 4.545507498185601776e+02
8.171868513968912566e+02 4.551900441004506774e+02
8.181244935926790731e+02 4.558298946064039683e+02
8.190619255656666837e+02 4.564703112704141859e+02
8.199991456775027245e+02 4.571113040463362154e+02
8.209361522898350358e+02 4.577528828880245442e+02
8.218729437643114579e+02 4.583950577493334322e+02
8.228095184625801721e+02 4.590378385841175941e+02
8.237458770711737088e+02 4.596812297000649323e+02
8.246820331075191461e+02 4.603252042440219611e+02
8.256180044913187430e+02 4.609697246715597885e+02
8.265538091462241255e+02 4.616147534286581049e+02
8.274894649958877153e+02 4.622602529612969420e+02
8.284249899639607975e+02 4.629061857154560471e+02
8.293604019740953390e+02 4.635525141371153381e+02
8.302957190354597969e+02 4.641991998053928228e+02
8.312309595940723739e+02 4.648461998711724164e+02
8.321661422350795192e+02 4.654934700750229126e+02
8.331012855436869131e+02 4.661409661569146010e+02
8.340364081051003495e+02 4.667886438568177141e+02
8.349715285045260771e+02 4.674364589147025413e+02
8.359066653271694349e+02 4.680843670705391446e+02
8.368418333872524499e+02 4.687323312303611260e+02
8.377770296589649206e+02 4.693803482019112607e+02
8.387122458460326015e+02 4.700284248084823844e+02
8.396474736514020378e+02 4.706765678748496953e+02
8.405827047780193197e+02 4.713247842257883349e+02
8.415179309288303102e+02 4.719730806860731605e+02
8.424531438067810996e+02 4.726214640804793703e+02
8.433883303589941534e+02 4.732699487923852644e+02
8.443234566882206309e+02 4.739185823338869454e+02
8.452584831880948286e+02 4.745674212907867968e+02
8.461933702521041596e+02 4.752165222491212830e+02
8.471280782737353547e+02 4.758659417949270392e+02
8.480625676464757134e+02 4.765157365142403023e+02
8.489967987638121940e+02 4.771659629930979349e+02
8.499307247512383583e+02 4.778166893179296721e+02
8.508642692161583909e+02 4.784680302826437810e+02
8.517973482732184038e+02 4.791201125371927105e+02
8.527298780370638269e+02 4.797730627315306720e+02
8.536617746223398626e+02 4.804270075156118764e+02
8.545929541436920545e+02 4.810820735393905352e+02
8.555233327156747691e+02 4.817383874529880359e+02
8.564528148793136779e+02 4.823960971052082414e+02
8.573812616160189464e+02 4.830554301309375091e+02
8.583085236609912272e+02 4.837166329325568199e+02
8.592344517494306047e+02 4.843799519124477229e+02
8.601588966165380725e+02 4.850456334729917671e+02
8.610817089975145109e+02 4.857139240165705587e+02
8.620027396270364761e+02 4.863850699466485707e+02
8.629218329627623234e+02 4.870593306518023269e+02
8.638388115633296138e+02 4.877370108225660488e+02
8.647534932146090796e+02 4.884184250227762618e+02
8.656656957024714529e+02 4.891038878162704577e+02
8.665752368127876935e+02 4.897937137668855598e+02
8.674819343314283060e+02 4.904882174384586619e+02
8.683856060477685332e+02 4.911877133903089998e+02
8.692860817338780635e+02 4.918925007334273687e+02
8.701832299311975021e+02 4.926028285965582540e+02
8.710769270076783641e+02 4.933189360183551457e+02
8.719670493312708004e+02 4.940410620374704536e+02
8.728534732699256438e+02 4.947694456925569284e+02
8.737360751915936135e+02 4.955043260222673780e+02
8.746147314880042813e+02 4.962459420249127788e+02
8.754893533935756977e+02 4.969944735876167670e+02
8.763599567560265768e+02 4.977499231193282867e+02
8.772265769752194728e+02 4.985122598584677007e+02
8.780892494510160304e+02 4.992814530434552580e+02
8.789480095832784627e+02 5.000574719127113212e+02
8.798028927718688692e+02 5.008402857046560825e+02
8.806539344196778529e+02 5.016298635977648246e+02
8.815011722817956752e+02 5.024261282045328016e+02
8.823446506719102445e+02 5.032288722984412743e+02
8.831844150378489076e+02 5.040378662006737045e+02
8.840205108274385566e+02 5.048528802324134404e+02
8.848529834885065384e+02 5.056736847148437732e+02
8.856818784688797450e+02 5.065000499691479376e+02
8.865072411856571080e+02 5.073317463165990944e+02
8.873291026352732160e+02 5.081685441205975735e+02
8.881474564439267851e+02 5.090102138537135943e+02
8.889622902636995150e+02 5.098565260059700677e+02
8.897735917466731053e+02 5.107072510673899615e+02
8.905813485449285736e+02 5.115621595279957319e+02
8.913855483105473922e+02 5.124210218778102899e+02
8.921861787408781765e+02 5.132836086377016045e+02
8.929832415487489925e+02 5.141496998787376924e+02
8.937767722303995015e+02 5.150190986921306830e+02
8.945668112698754157e+02 5.158916115678017604e+02
8.953533991512230159e+02 5.167670449956729044e+02
8.961365763584884689e+02 5.176452054656659811e+02
8.969163833757183966e+02 5.185258994677027431e+02
8.976928607579959589e+02 5.194089335576295525e+02
8.984660645172359636e+02 5.202941286355976445e+02
8.992360853485208736e+02 5.211813377885590626e+02
9.000030186704680091e+02 5.220704184870182871e+02
9.007669599016937809e+02 5.229612282014788889e+02
9.015280044608150547e+02 5.238536244024446660e+02
9.022862477664489234e+02 5.247474645604199850e+02
9.030417852856828631e+02 5.256426062351098381e+02
9.037947202565574116e+02 5.265389212871266409e+02
9.045451721618240981e+02 5.274363114722724504e+02
9.052932625222146044e+02 5.283346822968510423e+02
9.060391128584604985e+02 5.292339392671656242e+02
9.067828446912938034e+02 5.301339878895206539e+02
9.075245795414466556e+02 5.310347336702194525e+02
9.082644388288825894e+02 5.319360822488847589e+02
9.090025316257900840e+02 5.328379556016232073e+02
9.097389429393914497e+02 5.337403075432262085e+02
9.104737550002729449e+02 5.346430955620592158e+02
9.112070500390209418e+02 5.355462771464874550e+02
9.119389102862216987e+02 5.364498097848756970e+02
9.126694179724620426e+02 5.373536509655892814e+02
9.133986552377779162e+02 5.382577582702421068e+02
9.141266954909386868e+02 5.391620982719634867e+02
9.148535962651080808e+02 5.400666538926816429e+02
9.155794134118737020e+02 5.409714097860220363e+02
9.163042027828239497e+02 5.418763506056111510e+02
9.170280202295462004e+02 5.427814610050743340e+02
9.177509216036282851e+02 5.436867256380377285e+02
9.184729621149656396e+02 5.445921294424755388e+02
9.191941471209649990e+02 5.454976794471049288e+02
9.199143973597875856e+02 5.464034201773060886e+02
9.206336253583637017e+02 5.473093997970372584e+02
9.213517436436250136e+02 5.482156664702572471e+02
9.220686647425015963e+02 5.491222683609242949e+02
9.227843011819245476e+02 5.500292536329970972e+02
9.234985653939991153e+02 5.509366704788558309e+02
9.242113637586915047e+02 5.518445689048526219e+02
9.249225930605038002e+02 5.527530017933320323e+02
9.256321492329137754e+02 5.536620222817108470e+02
9.263399282093992042e+02 5.545716835074061919e+02
9.270458259234382012e+02 5.554820386078348520e+02
9.277497383085092224e+02 5.563931407204140669e+02
9.284515615306372638e+02 5.573050428597250630e+02
9.291512041488741716e+02 5.582177914941426025e+02
9.298485930845291705e+02 5.591314233927855639e+02
9.305436567434582003e+02 5.600459745406103593e+02
9.312363235315177690e+02 5.609614809225727186e+02
9.319265218545637026e+02 5.618779785236289399e+02
9.326141801184527367e+02 5.627955033287353217e+02
9.332992272805305447e+02 5.637140910656979713e+02
9.339816171785336110e+02 5.646337658610827930e+02
9.346613381156530522e+02 5.655545357708811025e+02
9.353383809276308511e+02 5.664764076702062994e+02
9.360127364502079672e+02 5.673993884341716694e+02
9.366843955191264968e+02 5.683234849378909530e+02
9.373533489701270582e+02 5.692487040564767540e+02
9.380195886023050207e+02 5.701750522425323879e+02
9.386831434414344812e+02 5.711025196216594395e+02
9.393440907430660900e+02 5.720310751666834221e+02
9.400025109730838722e+02 5.729606864424308696e+02
9.406584845973721940e+02 5.738913210137289980e+02
9.413120920818159902e+02 5.748229464454049094e+02
9.419634138922984903e+02 5.757555303022849102e+02
9.426125314110294084e+02 5.766890397553744378e+02
9.432595566577983845e+02 5.776234288081449222e+02
9.439046387865873839e+02 5.785586355043941467e+02
9.445479291821088736e+02 5.794945969291894698e+02
9.451895792290749796e+02 5.804312501675973408e+02
9.458297403121981688e+02 5.813685323046852318e+02
9.464685638161903398e+02 5.823063804255194782e+02
9.471062017153234365e+02 5.832447313653556193e+02
9.477428231895469253e+02 5.841835146689483054e+02
9.483786169326507434e+02 5.851226516125243506e+02
9.490137726919099350e+02 5.860620630259195423e+02
9.496484802146012498e+02 5.870016697389710316e+02
9.502829292480005279e+02 5.879413925815146058e+02
9.509173095393833819e+02 5.888811523833868478e+02
9.515518108080611910e+02 5.898208699865637072e+02
9.521866220555464224e+02 5.907604665446408490e+02
9.528219315214682865e+02 5.916998635419664652e+02
9.534579274086676151e+02 5.926389824788620899e+02
9.540947979199846714e+02 5.935777448556486888e+02
9.547327312582594914e+02 5.945160721726470001e+02
9.553719156263322247e+02 5.954538859301778757e+02
9.560125381863559824e+02 5.963911080633051824e+02
9.566547624475422253e+02 5.973276703880027299e+02
9.572987284222519975e+02 5.982635145359500939e+02
9.579445751133775957e+02 5.991985825605277114e+02
9.585924415238102938e+02 6.001328165151151097e+02
9.592424666564427298e+02 6.010661584530934078e+02
9.598947895141662912e+02 6.019985504278423605e+02
9.605495462038634287e+02 6.029299356966330379e+02
9.612068142063645837e+02 6.038602818879799088e+02
9.618666164953906446e+02 6.047895792893687030e+02
9.625289739738109347e+02 6.057178190491524674e+02
9.631939075444950049e+02 6.066449923156837940e+02
9.638614381103124060e+02 6.075710902373156159e+02
9.645315865741322341e+02 6.084961039624001842e+02
9.652043712777307292e+02 6.094200257036168296e+02
9.658797641428718634e+02 6.103428669646441449e+02
9.665576967016324943e+02 6.112646560341065651e+02
9.672380991383878381e+02 6.121854217607000237e+02
9.679209016375131114e+02 6.131051929931203404e+02
9.686060343833828483e+02 6.140239985800634486e+02
9.692934275603722654e+02 6.149418673702250544e+02
9.699830087871009709e+02 6.158588292772766408e+02
9.706746638519117596e+02 6.167749315774989327e+02
9.713682444873254553e+02 6.176902356828184111e+02
9.720636014356352916e+02 6.186048034161775604e+02
9.727605854391340472e+02 6.195186966005192062e+02
9.734590472401149555e+02 6.204319770587858329e+02
9.741588375808713636e+02 6.213447066139206072e+02
9.748598068667646430e+02 6.222569472293962463e+02
9.755618005418591565e+02 6.231687629379860027e+02
9.762646602716090456e+02 6.240802193484778400e+02
9.769682276265864402e+02 6.249913821092336548e+02
9.776723441773633567e+02 6.259023168686162535e+02
9.783768514945116976e+02 6.268130892749873055e+02
9.790815911486035930e+02 6.277237649767093899e+02
9.797864062719218055e+02 6.286344089753911248e+02
9.804911608425090890e+02 6.295450776397617574e+02
9.811957336861330532e+02 6.304558211896421653e+02
9.819000039472048229e+02 6.313666897128945266e+02
9.826038507701355229e+02 6.322777332973798821e+02
9.833071532993355959e+02 6.331890020309598412e+02
9.840097906792166214e+02 6.341005460014958999e+02
9.847116435286097840e+02 6.350124146857925780e+02
9.854126103647213313e+02 6.359246501428717693e+02
9.861126016226413640e+02 6.368372894925203127e+02
9.868115279534225692e+02 6.377503697650220147e+02
9.875093000081177479e+02 6.386639279906604543e+02
9.882058284377803830e+02 6.395780011997198926e+02
9.889010238934630479e+02 6.404926264224837951e+02
9.895947948319137595e+02 6.414078415976910037e+02
9.902870254146365596e+02 6.423236947224526148e+02
9.909775846864224604e+02 6.432402400522869357e+02
9.916663414640261180e+02 6.441575319371211208e+02
9.923531645642012791e+02 6.450756247268811876e+02
9.930379228037031680e+02 6.459945727714946315e+02
9.937204849992862137e+02 6.469144304208881522e+02
9.944007232767467030e+02 6.478352506539358728e+02
9.950785432643151580e+02 6.487570725682764987e+02
9.957538700590787357e+02 6.496799271949159902e+02
9.964266289985287131e+02 6.506038454652530163e+02
9.970967454201565943e+02 6.515288583106867009e+02
9.977641446614535425e+02 6.524549966626150308e+02
9.984287520599114032e+02 6.533822914524371299e+02
9.990905033749843369e+02 6.543107692943633538e+02
9.997494310748051021e+02 6.552404167420604608e+02
1.000405620084858697e+03 6.561711986192934773e+02
1.001059155850254569e+03 6.571030795345773186e+02
1.001710123816102964e+03 6.580360240964281502e+02
1.002358609427513102e+03 6.589699969133614559e+02
1.003004698129594885e+03 6.599049625938927193e+02
1.003648483722509127e+03 6.608408822856233655e+02
1.004290131207150125e+03 6.617776876426632953e+02
1.004929841611091547e+03 6.627152953957834143e+02
1.005567816241235846e+03 6.636536221600500767e+02
1.006204256404484568e+03 6.645925845505286134e+02
1.006839363407739825e+03 6.655320991822845826e+02
1.007473338557903389e+03 6.664720826703838839e+02
1.008106379662512836e+03 6.674124530793324084e+02
1.008738657093372467e+03 6.683531398375422441e+02
1.009370328281732441e+03 6.692940777334154063e+02
1.010001550582664549e+03 6.702352015869076922e+02
1.010632481351240358e+03 6.711764462179739894e+02
1.011263277942531772e+03 6.721177464465700950e+02
1.011894097711610584e+03 6.730590370926512378e+02
1.012525089154050534e+03 6.740002566458961155e+02
1.013156336761904640e+03 6.749413701071050582e+02
1.013787896907344248e+03 6.758823541247131743e+02
1.014419825841600641e+03 6.768231853972507679e+02
1.015052179815905447e+03 6.777638406232474608e+02
1.015685015081489837e+03 6.787042965012327613e+02
1.016318387889585551e+03 6.796445297297368597e+02
1.016952343066583694e+03 6.805845217396132512e+02
1.017586849284121968e+03 6.815242855060486136e+02
1.018221844072266549e+03 6.824638469034920263e+02
1.018857264868001607e+03 6.834032318449469585e+02
1.019493049108312448e+03 6.843424662434182437e+02
1.020129134230182672e+03 6.852815760119095785e+02
1.020765457670597584e+03 6.862205870634251141e+02
1.021401948033870326e+03 6.871595289695598012e+02
1.022038479537902845e+03 6.880984538293677133e+02
1.022674905717353795e+03 6.890374223091333761e+02
1.023311080066710247e+03 6.899764950917792703e+02
1.023946856080460407e+03 6.909157328602291273e+02
1.024582087253091458e+03 6.918551962974053140e+02
1.025216627079092405e+03 6.927949460862320166e+02
1.025850326890312999e+03 6.937350438053967991e+02
1.026483025705952059e+03 6.946755561334935010e+02
1.027114558193954281e+03 6.956165515514057915e+02
1.027744759017270326e+03 6.965580985420867819e+02
1.028373462838850855e+03 6.975002655884899241e+02
1.029000504321645167e+03 6.984431211735675333e+02
1.029625718128604376e+03 6.993867337802727207e+02
1.030248941089151003e+03 7.003311709942036032e+02
1.030870021446535702e+03 7.012764956733376494e+02
1.031488811189327635e+03 7.022227691243371055e+02
1.032105162308299214e+03 7.031700526529516537e+02
1.032718926794223762e+03 7.041184075649314309e+02
1.033329956637873693e+03 7.050678951660262328e+02
1.033938103830021646e+03 7.060185767619859689e+02
1.034543239975089364e+03 7.069705055345459641e+02
1.035145332355415803e+03 7.079236950354513738e+02
1.035744377384012978e+03 7.088781467504622924e+02
1.036340371480808471e+03 7.098338621624728830e+02
1.036933311065732141e+03 7.107908427543779908e+02
1.037523192558712253e+03 7.117490900090723471e+02
1.038110012379677755e+03 7.127086054094506835e+02
1.038693781455488761e+03 7.136693844300865521e+02
1.039274576266380564e+03 7.146313953953787177e+02
1.039852491800117150e+03 7.155945989644799283e+02
1.040427623045564815e+03 7.165589557960881848e+02
1.041000064991588033e+03 7.175244265489003510e+02
1.041569912627052645e+03 7.184909718816148825e+02
1.042137260940823808e+03 7.194585524529294389e+02
1.042702204876950645e+03 7.204271289413985642e+02
1.043264839191835790e+03 7.213966621087213298e+02
1.043825258592778709e+03 7.223671127383536259e+02
1.044383557787078871e+03 7.233384416137514563e+02
1.044939831482035743e+03 7.243106095183712796e+02
1.045494174384948110e+03 7.252835772356692132e+02
1.046046681203097478e+03 7.262573055491092191e+02
1.046597428494115320e+03 7.272317627619927407e+02
1.047146422394565889e+03 7.282069463547745727e+02
1.047693651963893899e+03 7.291828608833724275e+02
1.048239106261545658e+03 7.301595109037039038e+02
1.048782774346966107e+03 7.311369009716866003e+02
1.049324645279600645e+03 7.321150356432380022e+02
1.049864708118108638e+03 7.330939194746016483e+02
1.050402932476020396e+03 7.340735650785370581e+02
1.050939218040562082e+03 7.350540140397080222e+02
1.051473448786242443e+03 7.360353144528796747e+02
1.052005508687568636e+03 7.370175144128174907e+02
1.052535281719049181e+03 7.380006620142870588e+02
1.053062651855191234e+03 7.389848053520537405e+02
1.053587503072489199e+03 7.399699925200610551e+02
1.054109729829942353e+03 7.409562672706193780e+02
1.054629261537900675e+03 7.419436588799285346e+02
1.055146034882341382e+03 7.429321936107772899e+02
1.055659986549242376e+03 7.439218977259556596e+02
1.056171053224578827e+03 7.449127974882518402e+02
1.056679171594328409e+03 7.459049191604556199e+02
1.057184278345876237e+03 7.468982890047701630e+02
1.057686312969271512e+03 7.478929321171372067e+02
1.058185223624053606e+03 7.488888699858988502e+02
1.058680960140925436e+03 7.498861234039832198e+02
1.059173472350591055e+03 7.508847131643185548e+02
1.059662710083754064e+03 7.518846600598319583e+02
1.060148623171116924e+03 7.528859848834515560e+02
1.060631161442538541e+03 7.538887084284372122e+02
1.061110273897683555e+03 7.548928518145723956e+02
1.061585907152081063e+03 7.558984370993440507e+02
1.062058007395929735e+03 7.569054865075261205e+02
1.062526520819428470e+03 7.579140222638920932e+02
1.062991393612775937e+03 7.589240665932150023e+02
1.063452571966171945e+03 7.599356417202691318e+02
1.063910002113003202e+03 7.609487698518721572e+02
1.064363654775703026e+03 7.619634630139356659e+02
1.064813566018163783e+03 7.629797060677606169e+02
1.065259782684495576e+03 7.639974793929558246e+02
1.065702351618807143e+03 7.650167633691290803e+02
1.066141319665208130e+03 7.660375383758879480e+02
1.066576733667807730e+03 7.670597847928413557e+02
1.067008640532925028e+03 7.680834829736621714e+02
1.067437109716613804e+03 7.691086038709954664e+02
1.067862266621426670e+03 7.701350951132861837e+02
1.068284245178030005e+03 7.711629007735920140e+02
1.068703179317089962e+03 7.721919649249700797e+02
1.069119202969273374e+03 7.732222316404788671e+02
1.069532450065246167e+03 7.742536449931749303e+02
1.069943054472905942e+03 7.752861490818352195e+02
1.070351134433326024e+03 7.763196944079461446e+02
1.070756772107566803e+03 7.773542462559040587e+02
1.071160044580876729e+03 7.783897719897951220e+02
1.071561028938504023e+03 7.794262389737061767e+02
1.071959802265697135e+03 7.804636145717236104e+02
1.072356441647705196e+03 7.815018661479342654e+02
1.072751023943638756e+03 7.825409611599391155e+02
1.073143585247723649e+03 7.835808839229600835e+02
1.073534073996743246e+03 7.846216550014519271e+02
1.073922427261184339e+03 7.856632996602063486e+02
1.074308582111532132e+03 7.867058431640151639e+02
1.074692475618273193e+03 7.877493107776700754e+02
1.075074044851893859e+03 7.887937277659624442e+02
1.075453226616779375e+03 7.898391195048271811e+02
1.075829921549197707e+03 7.908855264765055608e+02
1.076203957798119063e+03 7.919330194389475537e+02
1.076575154862302043e+03 7.929816727630294508e+02
1.076943332240505697e+03 7.940315608196291350e+02
1.077308309431488624e+03 7.950827579796224427e+02
1.077669905934009194e+03 7.961353386138869155e+02
1.078027941225228915e+03 7.971893771065837200e+02
1.078382232497375298e+03 7.982449492472584325e+02
1.078732592671475231e+03 7.993021334525283237e+02
1.079078834200286792e+03 8.003610084270279685e+02
1.079420769536567377e+03 8.014216528753916009e+02
1.079758211133073473e+03 8.024841455022537957e+02
1.080090971442562932e+03 8.035485650122489005e+02
1.080418863602071951e+03 8.046149898387275243e+02
1.080741758560943708e+03 8.056834754952491267e+02
1.081059628128726217e+03 8.067540375091642773e+02
1.081372454253918477e+03 8.078266873882200798e+02
1.081680218885017894e+03 8.089014366401625011e+02
1.081982903970523694e+03 8.099782967727378491e+02
1.082280491458934193e+03 8.110572792936930000e+02
1.082572964000008142e+03 8.121383954452708167e+02
1.082860352559988087e+03 8.132216381766404538e+02
1.083142766823263628e+03 8.143069706335445517e+02
1.083420323713678499e+03 8.153943532208003262e+02
1.083693140155077799e+03 8.164837463432254481e+02
1.083961333071304580e+03 8.175751104056364511e+02
1.084225019386203257e+03 8.186684058128508923e+02
1.084484316156420164e+03 8.197635929508162462e+02
1.084739348031833970e+03 8.208606311265280056e+02
1.084990251221172230e+03 8.219594780045417792e+02
1.085237162903253193e+03 8.230600911115698182e+02
1.085480220256894199e+03 8.241624279743248280e+02
1.085719560460912817e+03 8.252664461195182639e+02
1.085955320694126840e+03 8.263721030738629452e+02
1.086187637323291483e+03 8.274793567214549057e+02
1.086416607613887663e+03 8.285881821546494166e+02
1.086642273191530194e+03 8.296985789526054305e+02
1.086864671432492742e+03 8.308105485645943418e+02
1.087083839713047837e+03 8.319240924398870902e+02
1.087299815409468692e+03 8.330392120277552976e+02
1.087512635898028520e+03 8.341559087774701311e+02
1.087722337687687968e+03 8.352741844211041098e+02
1.087928921676607388e+03 8.363940523022101843e+02
1.088132341376698150e+03 8.375155412153986845e+02
1.088332547017051184e+03 8.386386810256971103e+02
1.088529488826757643e+03 8.397635015981331890e+02
1.088723117034907773e+03 8.408900327977344205e+02
1.088913381870592275e+03 8.420183044895277362e+02
1.089100231796369371e+03 8.431483469217580478e+02
1.089283552759576423e+03 8.442802039042154547e+02
1.089463152891546315e+03 8.454139361274632165e+02
1.089638835450864235e+03 8.465496053391182159e+02
1.089810403696117419e+03 8.476872732867983586e+02
1.089977660885891510e+03 8.488270017181206413e+02
1.090140410278773061e+03 8.499688523807018328e+02
1.090298453962617941e+03 8.511128866174526593e+02
1.090451557983862131e+03 8.522591533121812972e+02
1.090599446412737052e+03 8.534076868380125234e+02
1.090741840953133305e+03 8.545585207500530487e+02
1.090878463308942628e+03 8.557116886034099252e+02
1.091009035184055392e+03 8.568672239531908872e+02
1.091133278282363563e+03 8.580251603545031003e+02
1.091250915579157436e+03 8.591855291429533281e+02
1.091361704374640794e+03 8.603483017326527715e+02
1.091465439380296402e+03 8.615133842283069043e+02
1.091561917197713228e+03 8.626806794350325163e+02
1.091650934428481378e+03 8.638500901579478750e+02
1.091732287674190047e+03 8.650215192021701114e+02
1.091805773536428887e+03 8.661948693728169246e+02
1.091871190734569154e+03 8.673700402724755349e+02
1.091928388483729123e+03 8.685468551436091502e+02
1.091977267507822262e+03 8.697250593366110252e+02
1.092017730851179067e+03 8.709043946929182312e+02
1.092049681558130715e+03 8.720846030539676121e+02
1.092073022673008381e+03 8.732654262611965805e+02
1.092087657240143017e+03 8.744466061560417529e+02
1.092093487903878895e+03 8.756278835022327485e+02
1.092090408833197671e+03 8.768089762278124226e+02
1.092078306105598358e+03 8.779895804594518722e+02
1.092057065475422633e+03 8.791693914531169867e+02
1.092026572697010351e+03 8.803481044647724048e+02
1.091986713524703191e+03 8.815254147503841295e+02
1.091937373712841691e+03 8.827010175659178230e+02
1.091878442660961355e+03 8.838746110727477117e+02
1.091809878784714783e+03 8.850459484416742271e+02
1.091731702165069237e+03 8.862148319939525436e+02
1.091643935052177994e+03 8.873810657797915837e+02
1.091546599696195017e+03 8.885444538494001563e+02
1.091439718347274265e+03 8.897048002529877522e+02
1.091323313255568792e+03 8.908619090407634076e+02
1.091197417640642698e+03 8.920155906242625861e+02
1.091062251203132519e+03 8.931657635582081411e+02
1.090918189559913799e+03 8.943124368155009734e+02
1.090765613122832974e+03 8.954556221497197157e+02
1.090604902303736253e+03 8.965953313144412959e+02
1.090436437514470981e+03 8.977315760632436650e+02
1.090260599166882912e+03 8.988643681497046600e+02
1.090077769945975433e+03 8.999937217979373827e+02
1.089888367384191497e+03 9.011196891053139097e+02
1.089692836272801742e+03 9.022423517949304141e+02
1.089491622129754433e+03 9.033617923796580271e+02
1.089285170472997379e+03 9.044780933723673115e+02
1.089073926820479073e+03 9.055913372859301944e+02
1.088858336690147098e+03 9.067016066332168975e+02
1.088638836140995863e+03 9.078089820026426651e+02
1.088415729970927259e+03 9.089135172771025282e+02
1.088189226941901552e+03 9.100152468006501749e+02
1.087959533618284013e+03 9.111142044702310159e+02
1.087726856564440141e+03 9.122104241827908027e+02
1.087491402344736798e+03 9.133039398352750595e+02
1.087253377523538802e+03 9.143947853246296518e+02
1.087012975935168242e+03 9.154829939765033942e+02
1.086770230959043147e+03 9.165685919156769614e+02
1.086525066209893339e+03 9.176516003409299174e+02
1.086277403170814296e+03 9.187320403553791266e+02
1.086027163324901039e+03 9.198099330621407717e+02
1.085774268155249047e+03 9.208852995643321719e+02
1.085518639144953340e+03 9.219581609650693963e+02
1.085260200023603829e+03 9.230285473052405223e+02
1.084998900318154483e+03 9.240965912616073865e+02
1.084734706049191345e+03 9.251624911315199142e+02
1.084467583505539324e+03 9.262264462795329791e+02
1.084197498976023780e+03 9.272886560702014549e+02
1.083924418749470078e+03 9.283493198680795331e+02
1.083648309114704261e+03 9.294086370377222011e+02
1.083369142132477691e+03 9.304668067964307738e+02
1.083086950412846363e+03 9.315240268167790418e+02
1.082801802729379233e+03 9.325804938487406162e+02
1.082513768340501883e+03 9.336364046299190704e+02
1.082222916504639670e+03 9.346919558979182057e+02
1.081929316480218176e+03 9.357473443903420502e+02
1.081633037525662985e+03 9.368027668447940641e+02
1.081334147645104167e+03 9.378584104657949183e+02
1.081032702793772842e+03 9.389143708819922267e+02
1.080728752208133983e+03 9.399706926570540872e+02
1.080422345051770890e+03 9.410274198007173254e+02
1.080113530488266406e+03 9.420845963227179709e+02
1.079802357681203375e+03 9.431422662327922808e+02
1.079488875794164869e+03 9.442004735406768532e+02
1.079173130453070598e+03 9.452592568046513861e+02
1.078855136098847197e+03 9.463186065276465797e+02
1.078534890946816859e+03 9.473784882093164015e+02
1.078212393073092016e+03 9.484388671347924173e+02
1.077887640553783285e+03 9.494997085892069890e+02
1.077560631465002189e+03 9.505609778576916824e+02
1.077231363882860478e+03 9.516226402253785182e+02
1.076899852315884573e+03 9.526846668866857044e+02
1.076566244448503994e+03 9.537470769276294504e+02
1.076230752575341739e+03 9.548099126687970966e+02
1.075893589417412613e+03 9.558732165841136066e+02
1.075554967695730966e+03 9.569370311475023527e+02
1.075215100131312965e+03 9.580013988328877304e+02
1.074874199445172053e+03 9.590663621141934527e+02
1.074532484888177578e+03 9.601319651416005172e+02
1.074190224445656213e+03 9.611982645757516366e+02
1.073847708133031347e+03 9.622653227325624812e+02
1.073505226073717267e+03 9.633332019556705745e+02
1.073163068391128036e+03 9.644019645887133265e+02
1.072821525208676576e+03 9.654716729753281470e+02
1.072480886649777403e+03 9.665423894591519911e+02
1.072141427305804655e+03 9.676141654867855095e+02
1.071803314865121138e+03 9.686869775033393353e+02
1.071466672023457022e+03 9.697607703877919221e+02
1.071131621319906344e+03 9.708354889092288431e+02
1.070798285293564732e+03 9.719110778367364674e+02
1.070466786483525766e+03 9.729874819394008227e+02
1.070137247428885075e+03 9.740646459863075961e+02
1.069809779658124171e+03 9.751424997681631339e+02
1.069484424726065299e+03 9.762208778864105625e+02
1.069161196790018039e+03 9.772995776720542835e+02
1.068840109943460902e+03 9.783783963692657153e+02
1.068521178279872629e+03 9.794571312222182087e+02
1.068204415892732868e+03 9.805355794750834093e+02
1.067889836875519904e+03 9.816135383720338723e+02
1.067577456273567350e+03 9.826907900593326985e+02
1.067267294723412533e+03 9.837670279979129191e+02
1.066959374896552617e+03 9.848419133710210644e+02
1.066653719467409019e+03 9.859151073155442191e+02
1.066350351110401789e+03 9.869862709683681032e+02
1.066049292499952344e+03 9.880550654663792329e+02
1.065750566310480735e+03 9.891211519464643516e+02
1.065454194499532377e+03 9.901841786620457242e+02
1.065160195129170006e+03 9.912437238580503163e+02
1.064868584944590566e+03 9.922993421131315017e+02
1.064579380689959635e+03 9.933505879873574713e+02
1.064292599109441653e+03 9.943970160407957337e+02
1.064008256947200152e+03 9.954381808335139112e+02
1.063726370947400028e+03 9.964736369255801947e+02
1.063446937487352216e+03 9.975029432828850986e+02
1.063169850492441128e+03 9.985256810340522406e+02
1.062894971743928409e+03 9.995414382612257214e+02
1.062622163011672683e+03 1.000549803049015509e+03
1.062351286065533259e+03 1.001550363482032139e+03
1.062082202675369217e+03 1.002542707644886377e+03
1.061814774611039411e+03 1.003526423622188076e+03
1.061548484149440810e+03 1.004502471919515528e+03
1.061281045501328208e+03 1.005478207182211236e+03
1.061009658367188422e+03 1.006462844761208316e+03
1.060731522389477050e+03 1.007465600217317274e+03
1.060443837210647644e+03 1.008495689111347133e+03
1.060143802473155574e+03 1.009562327004108283e+03
1.059828617819454848e+03 1.010674729456409636e+03
1.059493895412555503e+03 1.011847360540814634e+03
1.059128394922857296e+03 1.013117339985762328e+03
1.058719027466568605e+03 1.014527899194674546e+03
1.058252704131860355e+03 1.016122269663662678e+03
1.057716336006905067e+03 1.017943682888840613e+03
1.057096834179874122e+03 1.020035370366320421e+03
1.056381109738940040e+03 1.022440563592214630e+03
