5.140365779582384675e+01 5.236811872666990553e+01
5.236506745398872198e+01 5.396431834939058803e+01
5.311941387360976563e+01 5.521070058145292592e+01
5.373559838015260226e+01 5.622440930967086814e+01
5.428099102010639143e+01 5.711986336491739991e+01
5.479651187288121861e+01 5.796441135700777636e+01
5.530074382920287235e+01 5.878565075330637058e+01
5.581156259446625256e+01 5.960991916381134104e+01
5.634298942621321515e+01 6.045580016641088861e+01
5.689853175685679787e+01 6.132072656960784229e+01
5.747992092890362414e+01 6.219855820370183608e+01
5.808872854652584294e+01 6.308331690367492683e+01
5.872484274814020466e+01 6.397073185507107951e+01
5.938714264566001333e+01 6.485755558588277836e+01
6.007448234635782569e+01 6.574056566266246193e+01
6.078445727191132164e+01 6.661778056627565547e+01
6.151227672003660274e+01 6.748957121205442888e+01
6.225288382050121783e+01 6.835657092527533507e+01
6.300143882976490772e+01 6.921942474940601642e+01
6.375459079390635253e+01 7.007885807695424774e+01
6.450961323562782468e+01 7.093563000303875299e+01
6.526381776734824314e+01 7.179048491235181473e+01
6.601601596410155537e+01 7.264354866331119354e+01
6.676702923121172262e+01 7.349411833845090314e+01
6.751781964564544580e+01 7.434143301278778893e+01
6.826922690752009260e+01 7.518472559671516819e+01
6.902152688459520391e+01 7.602320059807942698e+01
6.977483316780801204e+01 7.685605435017819786e+01
7.052929297128575570e+01 7.768247744044818148e+01
7.128576665383043576e+01 7.850153865629026484e+01
7.204579563012731569e+01 7.931219046560691766e+01
7.281094847637314160e+01 8.011338093482974898e+01
7.358267050214791993e+01 8.090461746229063067e+01
7.436202126548079150e+01 8.168715782411052828e+01
7.514998507003906525e+01 8.246260126895427334e+01
7.594738864895879260e+01 8.323262809618481128e+01
7.675309022839319084e+01 8.399993116039235019e+01
7.756460992802304588e+01 8.476789160770749731e+01
7.837944245733622495e+01 8.553989956935812700e+01
7.919511204483399069e+01 8.631858087645174749e+01
8.000920664845720864e+01 8.710491129076825700e+01
8.081932252821835050e+01 8.789965161858737019e+01
8.162315265188858859e+01 8.870346452138116433e+01
8.241916129431588445e+01 8.951622989214928339e+01
8.320618188262258741e+01 9.033745298612340946e+01
8.398306622230761320e+01 9.116663223371210734e+01
8.474957809879748538e+01 9.200301165354025557e+01
8.550686559291480648e+01 9.284544909228924325e+01
8.625619250777670288e+01 9.369277011400512833e+01
8.699864272755917227e+01 9.454393506071207298e+01
8.773434429166908899e+01 9.539862030146662164e+01
8.846310905079164399e+01 9.625673906352582776e+01
8.918472394029967631e+01 9.711821859545153757e+01
8.989832055249965492e+01 9.798335394864041348e+01
9.060232286171506644e+01 9.885283731594564927e+01
9.129511967101343828e+01 9.972738063055996349e+01
9.197551790145708139e+01 1.006074845284258572e+02
9.264382913470160474e+01 1.014928892604997515e+02
9.330070329854736144e+01 1.023831640934444920e+02
9.394687429280335778e+01 1.032778187287446343e+02
9.458433248733251730e+01 1.041754715963281512e+02
9.521603548513333237e+01 1.050740550235137079e+02
9.584496732010894959e+01 1.059714823435274269e+02
9.647465402601531537e+01 1.068651966147649404e+02
9.710995768929967653e+01 1.077514816481614730e+02
9.775594260954218839e+01 1.086264458011970930e+02
9.841757548675903422e+01 1.094862382084947541e+02
9.909891257643599261e+01 1.103273883888218734e+02
9.980351418995532242e+01 1.111466330666208648e+02
1.005349126112187292e+02 1.119407310863942087e+02
1.012947692488150722e+02 1.127080680841151548e+02
1.020815234687787125e+02 1.134498313743668376e+02
1.028932960647611310e+02 1.141674852815530699e+02
1.037280235597618798e+02 1.148626765019830316e+02
1.045825112067354326e+02 1.155381713452687933e+02
1.054531352152524448e+02 1.161971607434919633e+02
1.063362962598024239e+02 1.168428021029312731e+02
1.072292539111312664e+02 1.174770864155413221e+02
1.081303166148456825e+02 1.181005802606626105e+02
1.090378565719482111e+02 1.187137636353432413e+02
1.099504248855916444e+02 1.193170506586173047e+02
1.108673139774095660e+02 1.199105824701881033e+02
1.117880082553736116e+02 1.204944295136906334e+02
1.127120041291216523e+02 1.210686670032545038e+02
1.136390158664106593e+02 1.216334567527632373e+02
1.145689474693293874e+02 1.221890359965003370e+02
1.155017093613300574e+02 1.227356443823783536e+02
1.164372789249153897e+02 1.232734296437951684e+02
1.173758225226649472e+02 1.238022801016878134e+02
1.183175396190763706e+02 1.243220386380762079e+02
1.192625998502279572e+02 1.248326152893976371e+02
1.202108451176509050e+02 1.253346579395127236e+02
1.211619145760917036e+02 1.258292709276495032e+02
1.221154441363741086e+02 1.263175655742045507e+02
1.230710404499463380e+02 1.268006789426173242e+02
1.240282528810402027e+02 1.272797984988805524e+02
1.249866241471321189e+02 1.277561175569487517e+02
1.259457011189715985e+02 1.282308120564729848e+02
1.269050602290550245e+02 1.287049342720517870e+02
1.278642907286276795e+02 1.291794828538725710e+02
1.288229818322216715e+02 1.296554562324922415e+02
1.297807187828117890e+02 1.301338527038400912e+02
1.307370813339341566e+02 1.306156703777647863e+02
1.316916488370459319e+02 1.311019073504854191e+02
1.326440259106933581e+02 1.315935011228421843e+02
1.335939377904612684e+02 1.320910999326274577e+02
1.345411456632515126e+02 1.325952657994042170e+02
1.354854311302495091e+02 1.331065116375453101e+02
1.364270324639636840e+02 1.336242518681848424e+02
1.373666376539061957e+02 1.341468191473816205e+02
1.383049537571939140e+02 1.346725002651735679e+02
1.392428636590474298e+02 1.351991585989634928e+02
1.401818199317885671e+02 1.357232856594727934e+02
1.411233903188646650e+02 1.362410956131944602e+02
1.420691264660534898e+02 1.367488415670079576e+02
1.430203698568491859e+02 1.372432850119696468e+02
1.439783145853391488e+02 1.377215439752423265e+02
1.449441507194035239e+02 1.381807462187227884e+02
1.459188604292137370e+02 1.386185214157367795e+02
1.469029620376947491e+02 1.390336190702979593e+02
1.478969111061988428e+02 1.394249402068514030e+02
1.489010290271721431e+02 1.397917097265381301e+02
1.499145250018352158e+02 1.401358373017268377e+02
1.509360583037792765e+02 1.404605601012117404e+02
1.519642800648129821e+02 1.407691349470613318e+02
1.529975800931266861e+02 1.410654494481740642e+02
1.540339388779941316e+02 1.413543792335266289e+02
1.550713011949428903e+02 1.416408861384669251e+02
1.561078540127440419e+02 1.419293473088414430e+02
1.571431180231435292e+02 1.422209200904316617e+02
1.581770705615252268e+02 1.425156594252650279e+02
1.592097065001445060e+02 1.428135779261897937e+02
1.602415029129040818e+02 1.431135243088125151e+02
1.612734737844438087e+02 1.434130513393594981e+02
1.623066612140215454e+02 1.437096439233893648e+02
1.633419841391364855e+02 1.440010843902568638e+02
1.643799024055934410e+02 1.442862637315787708e+02
1.654207689109908301e+02 1.445643312085998673e+02
1.664648999361867538e+02 1.448345244527887417e+02
1.675120375017058336e+02 1.450974670058381832e+02
1.685614676764259912e+02 1.453548827954712124e+02
1.696124643254628950e+02 1.456085251988198195e+02
1.706644523063167185e+02 1.458597819405063092e+02
1.717172413889827851e+02 1.461091086172170321e+02
1.727707017867895445e+02 1.463568144523196679e+02
1.738247246442477945e+02 1.466031575682386006e+02
1.748794043685347788e+02 1.468478998462489074e+02
1.759349496895132745e+02 1.470905240626535146e+02
1.769915692016527373e+02 1.473305132539591114e+02
1.780493450346977511e+02 1.475676528966470471e+02
1.791081344675060905e+02 1.478022661973562037e+02
1.801677716246840362e+02 1.480347317360421471e+02
1.812280932186284019e+02 1.482654231240457818e+02
1.822889524411870070e+02 1.484946823318020961e+02
1.833502089487198816e+02 1.487228389177409724e+02
1.844117301842376264e+02 1.489502045054933319e+02
1.854736657181605324e+02 1.491764406897037532e+02
1.865365204537203851e+02 1.494003903688560797e+02
1.876008219513453525e+02 1.496208442386565878e+02
1.886672200981769834e+02 1.498363219662941219e+02
1.897368898876657113e+02 1.500441797871911831e+02
1.908111471849387613e+02 1.502414618198127130e+02
1.918912695990808004e+02 1.504253086689916472e+02
1.929778041617372821e+02 1.505947035342348386e+02
1.940706417700787654e+02 1.507502844565819942e+02
1.951696497549810090e+02 1.508927488472473328e+02
1.962744104072055507e+02 1.510234374628085732e+02
1.973836734984163854e+02 1.511455700841438841e+02
1.984960376215812801e+02 1.512627077076601836e+02
1.996101929336618355e+02 1.513781307925313229e+02
2.007258790159617092e+02 1.514919045318801807e+02
2.018435054392601273e+02 1.516020413796948105e+02
2.029634891873784568e+02 1.517065229500211103e+02
2.040857631453600334e+02 1.518036704808496609e+02
2.052092811413963318e+02 1.518924920764987974e+02
2.063328788954037236e+02 1.519720787012318510e+02
2.074552583949158304e+02 1.520415881624894041e+02
2.085741332615734791e+02 1.521006722805669540e+02
2.096867741284990245e+02 1.521492042937839244e+02
2.107904724219420984e+02 1.521870260515069901e+02
2.118836269735647022e+02 1.522124097935615055e+02
2.129662156623645899e+02 1.522213896564221614e+02
2.140383373166461354e+02 1.522098283459533263e+02
2.151005222150612894e+02 1.521741549311839208e+02
2.161554347796666491e+02 1.521135999627483955e+02
2.172063981140770181e+02 1.520282586399570732e+02
2.182567080328492182e+02 1.519183498006284196e+02
2.193090105497486775e+02 1.517870102150318417e+02
2.203652918293811638e+02 1.516403397081166986e+02
2.214275084652283567e+02 1.514845703977067330e+02
2.224971320094633427e+02 1.513252197584717464e+02
2.235740066956753651e+02 1.511654076299426208e+02
2.246576358636305883e+02 1.510077515904353902e+02
2.257475464445577984e+02 1.508548648258199876e+02
2.268435874554168663e+02 1.507093005534821089e+02
2.279458409391751275e+02 1.505735686041710153e+02
2.290543939314438546e+02 1.504501756156926149e+02
2.301692839939018427e+02 1.503410771657114253e+02
2.312904345947312663e+02 1.502469580136170748e+02
2.324177531725654262e+02 1.501683243753721229e+02
2.335510258864413231e+02 1.501053332855881024e+02
2.346889936079000449e+02 1.500551322462658845e+02
2.358298633291710757e+02 1.500133316443015872e+02
2.369718388536279008e+02 1.499755313306140181e+02
2.381131978103569793e+02 1.499374524273231941e+02
2.392523371656592133e+02 1.498950120880774648e+02
2.403876647471883814e+02 1.498441453081315728e+02
2.415178144638823312e+02 1.497813426986735124e+02
2.426427109311038635e+02 1.497062669028343862e+02
2.437627360847870364e+02 1.496197044718868199e+02
2.448782683024066102e+02 1.495224347611763278e+02
2.459895634875133510e+02 1.494149824794999404e+02
2.470967369157682185e+02 1.492975799435629369e+02
2.481998961155295262e+02 1.491704433618375845e+02
2.492988969838187643e+02 1.490331894513404620e+02
2.503926237914347439e+02 1.488831201076289688e+02
2.514797263269328482e+02 1.487169785911430608e+02
2.525589141043998609e+02 1.485316526637799939e+02
2.536298792152851718e+02 1.483264073598908226e+02
2.546931183580029767e+02 1.481024544002110304e+02
2.557491524630254958e+02 1.478610641281084952e+02
2.567987890422127180e+02 1.476041976177584445e+02
2.578435912441539699e+02 1.473356372115358965e+02
2.588852453018190545e+02 1.470594619150929532e+02
2.599254190907147972e+02 1.467797061040670314e+02
2.609655948188830052e+02 1.464999527659206819e+02
2.620071468867645876e+02 1.462235227900906693e+02
2.630514445102976424e+02 1.459537245179548393e+02
2.640994730420460428e+02 1.456929386618001558e+02
2.651515131456634435e+02 1.454418430104861955e+02
2.662077699422222281e+02 1.452009327996490811e+02
2.672683808558165310e+02 1.449705397480634872e+02
2.683330360263885268e+02 1.447499151939196906e+02
2.694012441429947557e+02 1.445378721947011513e+02
2.704725100824690003e+02 1.443332145987253341e+02
2.715462106981392481e+02 1.441344369830990786e+02
2.726215565362708162e+02 1.439396321706879576e+02
2.736977470285477239e+02 1.437468661344450425e+02
2.747741054860649683e+02 1.435545037986930765e+02
2.758505061245755883e+02 1.433622395556731988e+02
2.769269762462840845e+02 1.431701372327422916e+02
2.780035516115290761e+02 1.429782810710228205e+02
2.790804379495296530e+02 1.427871655327500662e+02
2.801579984020207235e+02 1.425976649963971283e+02
2.812366019657548577e+02 1.424106679720089232e+02
2.823164904900428382e+02 1.422267567968773960e+02
2.833975214549623729e+02 1.420455882419977627e+02
2.844794799906573530e+02 1.418666448587496802e+02
2.855621429368234203e+02 1.416893897377020153e+02
2.866451879609998059e+02 1.415130531749466627e+02
2.877282273956706717e+02 1.413367121005450713e+02
2.888108717137937447e+02 1.411594390698058419e+02
2.898926180815476528e+02 1.409800391055746331e+02
2.909727269218300876e+02 1.407967582481401507e+02
2.920504289742742685e+02 1.406077724516323997e+02
2.931251023247585294e+02 1.404116141178512294e+02
2.941972561375426949e+02 1.402095518584911247e+02
2.952679234841726270e+02 1.400041216777839281e+02
2.963381415532703613e+02 1.397978691233287520e+02
2.974090134640445626e+02 1.395934774511208332e+02
2.984817393271038100e+02 1.393938325018860951e+02
2.995575270168017710e+02 1.392018363323882397e+02
3.006374753977147520e+02 1.390201014673990301e+02
3.017221245536409810e+02 1.388497562995775638e+02
3.028118360104034537e+02 1.386914549682873314e+02
3.039069483035493136e+02 1.385457896669135209e+02
3.050072266273473360e+02 1.384118076778977127e+02
3.061118358211026589e+02 1.382869385823448738e+02
3.072199123776465512e+02 1.381685355844627736e+02
3.083302771887050540e+02 1.380531542855479756e+02
3.094406545869708225e+02 1.379345790080197389e+02
3.105485309027623657e+02 1.378059925827840004e+02
3.116514539511152293e+02 1.376607600718975277e+02
3.127478500030489386e+02 1.374948501445070690e+02
3.138368009327654136e+02 1.373061745757611334e+02
3.149174043185724372e+02 1.370926947093832382e+02
3.159887547175864029e+02 1.368532468516566212e+02
3.170499394842212837e+02 1.365887532719358717e+02
3.181000449224414410e+02 1.363004404586915541e+02
3.191380248017705412e+02 1.359896104996929580e+02
3.201616447561732457e+02 1.356582432100584015e+02
3.211680436755148094e+02 1.353086759075611099e+02
3.221543497491763901e+02 1.349432553145259988e+02
3.231173179238480202e+02 1.345647847001482091e+02
3.240530804259180968e+02 1.341768290391077016e+02
3.249577103939657263e+02 1.337830255817247576e+02
3.258310636485932150e+02 1.333856797892399300e+02
3.266953881523580208e+02 1.329792134017807541e+02
3.275811409965058942e+02 1.325551579276568077e+02
3.285201308304591521e+02 1.321045673242400369e+02
3.295868160673214788e+02 1.316034254557750387e+02
3.309061576637916460e+02 1.310098713505815340e+02
3.326060403413895301e+02 1.302810109384498105e+02
