2.046336217614065944e+01 2.793668009225773119e+01
2.211247604903645936e+01 2.792954054255897489e+01
2.347832401432432903e+01 2.794818808139489619e+01
2.464639510500881059e+01 2.798933702404308121e+01
2.570198766480163854e+01 2.804970923072490052e+01
2.670963167809291150e+01 2.812684829685948529e+01
2.769470579243121122e+01 2.821984690660340078e+01
2.867825135677441750e+01 2.832796935665424343e+01
2.968061913884715253e+01 2.845049784880121280e+01
3.070778758409979758e+01 2.858708722419167003e+01
3.175215530563061606e+01 2.873774441599501017e+01
3.280558899314581112e+01 2.890249014886036250e+01
3.386032147847338081e+01 2.908158242845433961e+01
3.491144799360552753e+01 2.927713425931690949e+01
3.595541056079439812e+01 2.949213144303650580e+01
3.698865911231977321e+01 2.972956480556944570e+01
3.800850499815705064e+01 2.999157679294276591e+01
3.901528469020796308e+01 3.027733051521335383e+01
4.000999836338610294e+01 3.058533542473287170e+01
4.099364287634844572e+01 3.091411031542653731e+01
4.196696730634316452e+01 3.126287195745122460e+01
4.293030561844486215e+01 3.163200645175470527e+01
4.388395217601701148e+01 3.202201145346940336e+01
4.482826191092854629e+01 3.243321055136735254e+01
4.576463372781258698e+01 3.286292708618498182e+01
4.669534699391368804e+01 3.330595405848979595e+01
4.762270864520897362e+01 3.375700523973673484e+01
4.854906904232649367e+01 3.421066244082067698e+01
4.947707390189625443e+01 3.466060993304632376e+01
5.040949193379714188e+01 3.510015823093158360e+01
5.134909212673942136e+01 3.552261696576709937e+01
5.229839718636112877e+01 3.592197420290898435e+01
5.325916947281897507e+01 3.629431252550431708e+01
5.423302507374152981e+01 3.663611745249714602e+01
5.522157320919640000e+01 3.694389402805225586e+01
5.622605097670319196e+01 3.721520528110190895e+01
5.724714054266182472e+01 3.744919196994426613e+01
5.828547880390518543e+01 3.764512355916702546e+01
5.934159180897484021e+01 3.780246708250507481e+01
6.041440279021287552e+01 3.792354633428131194e+01
6.150162906043147615e+01 3.801283446529906485e+01
6.260095848331581436e+01 3.807485711466639344e+01
6.370990739963885829e+01 3.811381479526028215e+01
6.482497358279947264e+01 3.813197729847492923e+01
6.594228028591763291e+01 3.813090450257885067e+01
6.705795054351506224e+01 3.811215298471373814e+01
6.816834048546776614e+01 3.807585352836228054e+01
6.927044018148413329e+01 3.801825924472858986e+01
7.036134645435444668e+01 3.793497025959931790e+01
7.143818974053283455e+01 3.782163446745047963e+01
7.249947693065053045e+01 3.767585585454767028e+01
7.354554439317560366e+01 3.749783829506803556e+01
7.457685502043582915e+01 3.728796546741861562e+01
7.559388042029443966e+01 3.704664869595205090e+01
7.659719903887545911e+01 3.677463819926144595e+01
7.758746096529498004e+01 3.647291144970841970e+01
7.856531761084812615e+01 3.614245011364695159e+01
7.953150276315648171e+01 3.578449673891148564e+01
8.048717841374580928e+01 3.540164997251237367e+01
8.143364525342477123e+01 3.499694771477225430e+01
8.237220446562402287e+01 3.457342885704102287e+01
8.330428516734475863e+01 3.413436470682869128e+01
8.423162369527854310e+01 3.368358469583833426e+01
8.515600155502414736e+01 3.322500031385930441e+01
8.607918981734934505e+01 3.276248563692126936e+01
8.700262629582249474e+01 3.229871985781095134e+01
8.792735365782985468e+01 3.183496538506349083e+01
8.885439164543376478e+01 3.137240242918401734e+01
8.978467398169205183e+01 3.091204042453994560e+01
9.071823272316876796e+01 3.045309869967071847e+01
9.165456171962912890e+01 2.999372806484016252e+01
9.259314761758682266e+01 2.953206502947838175e+01
9.353324622886009365e+01 2.906671097417784821e+01
9.447306123338617567e+01 2.859838613679319863e+01
9.541049671160098455e+01 2.812841410974935386e+01
9.634345274344859433e+01 2.765813034449928054e+01
9.726914658087272869e+01 2.719089799902010185e+01
9.818334422758769620e+01 2.673438981657515257e+01
9.908162605180068283e+01 2.629682979832671919e+01
9.996000997319247006e+01 2.588621833430650199e+01
1.008256844592060588e+02 2.550484709462315891e+01
1.016976604142818559e+02 2.514896588079812290e+01
1.025955168036765031e+02 2.481453418628848340e+01
1.035432670348852184e+02 2.449777901905436650e+01
1.046049527353091264e+02 2.419734215057734161e+01
1.058658490462236017e+02 2.391314629650429424e+01
1.074114260691162741e+02 2.364512593375475547e+01
