4.811534204405155180e+01 1.852501517479272195e+02
4.984502405198375641e+01 1.843817491069240191e+02
5.120640191973085820e+01 1.837070186964736820e+02
5.232077749294631275e+01 1.831618911455311434e+02
5.330718467112869519e+01 1.826835014251300606e+02
5.423856278860911573e+01 1.822334619941406118e+02
5.514489524190079806e+01 1.817961961014173653e+02
5.605452531577061848e+01 1.813569979486417196e+02
5.698935011344347856e+01 1.809046453740730271e+02
5.794933099786820208e+01 1.804397706986102605e+02
5.892976760119912427e+01 1.799655255293075413e+02
5.992597544691707867e+01 1.794849363492851637e+02
6.093352661287364924e+01 1.789990096031196174e+02
6.194820073754821266e+01 1.785071174600988968e+02
6.296578390065697306e+01 1.780085850245094719e+02
6.398258447723522835e+01 1.775025426784599745e+02
6.499642643813747611e+01 1.769875557595186422e+02
6.600540710639005226e+01 1.764620876940775247e+02
6.700771745428755821e+01 1.759246932797483964e+02
6.800277182080965588e+01 1.753751209220403950e+02
6.899084286862631643e+01 1.748139564711533467e+02
6.997222122284853185e+01 1.742418031024621996e+02
7.094727331174145490e+01 1.736592650151096677e+02
7.191655378032595536e+01 1.730669489502203646e+02
7.288064598885203793e+01 1.724654620367356586e+02
7.384014451633260023e+01 1.718554523613106539e+02
7.479576424939803303e+01 1.712380072323780382e+02
7.574829314662854074e+01 1.706144807311016223e+02
7.669852127405792430e+01 1.699862338899952761e+02
7.764742632443781645e+01 1.693551835388472000e+02
7.859638606931402194e+01 1.687244316409169471e+02
7.954682965183243937e+01 1.680972323349943451e+02
8.050011256205391419e+01 1.674766748298286245e+02
8.145693457770667578e+01 1.668643800092277729e+02
8.241765153885718576e+01 1.662611985835230257e+02
8.338261327565992076e+01 1.656679674559575801e+02
8.435187279664987159e+01 1.650848240042944610e+02
8.532493773858541886e+01 1.645106203176624433e+02
8.630125721123283711e+01 1.639440705534508709e+02
8.728031560535681876e+01 1.633839731851005581e+02
8.826186033509637241e+01 1.628297552706546867e+02
8.924575759848133316e+01 1.622811277430208179e+02
9.023187145620906335e+01 1.617377962441535999e+02
9.121989184618210800e+01 1.611990385583941645e+02
9.220923223445689132e+01 1.606634531185708283e+02
9.319928151834899666e+01 1.601295779867667477e+02
9.418945546297574367e+01 1.595960148217321262e+02
9.517933865671463423e+01 1.590617648905202941e+02
9.616858110422317907e+01 1.585259843019326524e+02
9.715684245519369711e+01 1.579878524108446527e+02
9.814420369968743785e+01 1.574475643432934646e+02
9.913132527076231781e+01 1.569067121517185228e+02
1.001189097337817486e+02 1.563669894615014471e+02
1.011076051672101528e+02 1.558299584138747491e+02
1.020977697593104239e+02 1.552964816063797002e+02
1.030896656698576521e+02 1.547671899070184907e+02
1.040835476944546940e+02 1.542426964215314626e+02
1.050794344303809424e+02 1.537230445515126576e+02
1.060770626834504640e+02 1.532075980249504710e+02
1.070761527496793946e+02 1.526956807486346293e+02
1.080764390308339102e+02 1.521866507926747261e+02
1.090777196560599123e+02 1.516800205712471552e+02
1.100798107428217492e+02 1.511753460652065542e+02
1.110825345069076917e+02 1.506721979824365008e+02
1.120858627173858224e+02 1.501705081914274729e+02
1.130899220630711142e+02 1.496705826809152882e+02
1.140948464038451391e+02 1.491727447572552876e+02
1.151008097962558736e+02 1.486774147667251214e+02
1.161081406968667835e+02 1.481853857970987463e+02
1.171172046285163901e+02 1.476975404189053904e+02
1.181283597781672938e+02 1.472147434904843522e+02
1.191418238571752539e+02 1.467375206972333217e+02
1.201576882054278030e+02 1.462660926055081916e+02
1.211760396270948235e+02 1.458006688303542546e+02
1.221968444599434349e+02 1.453411681461673197e+02
1.232196752221483109e+02 1.448865585332341652e+02
1.242440240843430956e+02 1.444356139896980551e+02
1.252694029131788511e+02 1.439871560635801870e+02
1.262956246887153497e+02 1.435407332471133373e+02
1.273227375075950647e+02 1.430964616480331415e+02
1.283507955211811691e+02 1.426544719913010795e+02
1.293797060610733638e+02 1.422145405478548525e+02
1.304089668397552941e+02 1.417754546812774947e+02
1.314380046918180653e+02 1.413358306408988767e+02
1.324662152980982626e+02 1.408942094644050655e+02
1.334926074302619554e+02 1.404481981102645136e+02
1.345159279647104427e+02 1.399947712673008766e+02
1.355349201688459004e+02 1.395308949114727852e+02
1.365487242241530907e+02 1.390544932547969097e+02
1.375574287120529959e+02 1.385657801509435387e+02
1.385612608777737478e+02 1.380653042178699366e+02
1.395604510285002675e+02 1.375536214658112613e+02
1.405552607848745765e+02 1.370313635029883130e+02
1.415459701065282161e+02 1.364992062122183825e+02
1.425328596271411641e+02 1.359578271036197634e+02
1.435162760333710708e+02 1.354080631532371513e+02
1.444967016711351846e+02 1.348510788473998616e+02
1.454746355537883176e+02 1.342880789111739546e+02
1.464505994573871988e+02 1.337203230236448803e+02
1.474253088742640045e+02 1.331495385363230639e+02
1.483995772037441156e+02 1.325776891690919683e+02
1.493742175862233239e+02 1.320067380167235740e+02
1.503499532674287309e+02 1.314384311490435380e+02
1.513273482820894174e+02 1.308741302664962802e+02
1.523069503504852378e+02 1.303151576829580449e+02
1.532892143272997600e+02 1.297626115149267036e+02
1.542739320653315076e+02 1.292159892507816323e+02
1.552606071488106352e+02 1.286740924370257630e+02
1.562487401088268655e+02 1.281357152492271609e+02
1.572377226333491933e+02 1.275993890922973861e+02
1.582267797198845756e+02 1.270632429445938385e+02
1.592151222600814435e+02 1.265253717299037106e+02
1.602020549488573522e+02 1.259840968331360358e+02
1.611874476738795749e+02 1.254391041351873355e+02
1.621713809793997996e+02 1.248905880869322687e+02
1.631539349027516721e+02 1.243387419154388880e+02
1.641351541959598137e+02 1.237836736615990390e+02
1.651150367850650582e+02 1.232253783185060598e+02
1.660935773651323188e+02 1.226638430789956828e+02
1.670708005674212586e+02 1.220991274082423956e+02
1.680468838840868102e+02 1.215316598101193222e+02
1.690220534711188805e+02 1.209619862733426032e+02
1.699965376905801975e+02 1.203906581125621926e+02
1.709706306634781754e+02 1.198183853986367637e+02
1.719447022370982552e+02 1.192460610219167449e+02
1.729191264501557441e+02 1.186745879917641560e+02
1.738942425408482961e+02 1.181047853016813747e+02
1.748702387832707643e+02 1.175371074856828955e+02
1.758472625257035702e+02 1.169719102741528189e+02
1.768254490778873844e+02 1.164095203338665101e+02
1.778046568803089826e+02 1.158495959100212929e+02
1.787844675042011318e+02 1.152911268262360238e+02
1.797644504831791323e+02 1.147330738447473664e+02
1.807441850225936264e+02 1.141744210774461408e+02
1.817232860041735876e+02 1.136142387666917699e+02
1.827013765338309952e+02 1.130516170097947111e+02
1.836780683141062411e+02 1.124856183738850035e+02
1.846527670236015410e+02 1.119148080402014500e+02
1.856246994345072210e+02 1.113373192716049118e+02
1.865930864579102604e+02 1.107512711809983728e+02
1.875573498579172167e+02 1.101552677833095828e+02
1.885175423101208025e+02 1.095494362483496360e+02
1.894738400474774949e+02 1.089342020397563289e+02
1.904264516881212330e+02 1.083100688059062975e+02
1.913760552030110489e+02 1.076786733131891225e+02
1.923236822398083916e+02 1.070425061791294183e+02
1.932703731531101710e+02 1.064040790416546685e+02
1.942171914089057623e+02 1.057659593346559177e+02
1.951652624811752048e+02 1.051308641928951033e+02
1.961157221351699036e+02 1.045015355965183517e+02
1.970696480573195970e+02 1.038805753109901389e+02
1.980274316103090655e+02 1.032689281696655144e+02
1.989890160110957424e+02 1.026664570863944306e+02
1.999543360685642313e+02 1.020730046761436256e+02
2.009231568646311814e+02 1.014880037967274404e+02
2.018948531185021125e+02 1.009099448869991136e+02
2.028687448719124404e+02 1.003371863827202333e+02
2.038441573030713698e+02 9.976809912017534998e+01
2.048204657164988021e+02 9.920117495104852878e+01
2.057970737193325590e+02 9.863497405546493724e+01
2.067733869338380828e+02 9.806806147849722777e+01
2.077490305974138209e+02 9.749953246318469269e+01
2.087240644723503351e+02 9.692953128871963031e+01
2.096985993799449375e+02 9.635832550167165778e+01
2.106727629541329065e+02 9.578622323792332338e+01
2.116468196699204611e+02 9.521386299704634837e+01
2.126211006307199796e+02 9.464204413387150794e+01
2.135959364498316404e+02 9.407156481999187747e+01
2.145715837021300274e+02 9.350304448217886488e+01
2.155481725433616589e+02 9.293679734400370762e+01
2.165258207674976632e+02 9.237310778503018582e+01
2.175047019099081353e+02 9.181239475623348767e+01
2.184853707528101268e+02 9.125599761832481249e+01
2.194685416337269714e+02 9.070564093194232669e+01
2.204549268842429228e+02 9.016304441493031163e+01
2.214451041911999880e+02 8.962960272262581896e+01
2.224394523249553117e+02 8.910623028150330072e+01
2.234383340391990487e+02 8.859380285022234602e+01
2.244420156914417248e+02 8.809296346622993212e+01
2.254502065442167691e+02 8.760301021928633247e+01
2.264624161805268443e+02 8.712275912960595292e+01
2.274781479022466328e+02 8.665101105353238609e+01
2.284966780908270039e+02 8.618601901735773652e+01
2.295169925111169107e+02 8.572533444235661193e+01
2.305380579185507486e+02 8.526646285737840003e+01
2.315589812180588183e+02 8.480724814733584083e+01
2.325795562505569194e+02 8.434719263304728543e+01
2.335997869854278974e+02 8.388630593819661385e+01
2.346196835446014006e+02 8.342461254116440728e+01
2.356394271360218227e+02 8.296254999026595556e+01
2.366593891483137782e+02 8.250101500589524051e+01
2.376799509016613001e+02 8.204092828719606700e+01
2.387013787844951196e+02 8.158293307013896367e+01
2.397234604356430054e+02 8.112651681450321917e+01
2.407458588557452117e+02 8.067086608404981973e+01
2.417682466680824973e+02 8.021519066994444813e+01
2.427905043872632120e+02 7.975920217739691509e+01
2.438127132178053387e+02 7.930309664267092273e+01
2.448349625454554825e+02 7.884708985010676940e+01
2.458573271803988973e+02 7.839136227333092677e+01
2.468798302958482225e+02 7.793596929038298526e+01
2.479024836354193440e+02 7.748093858999354211e+01
2.489252929292425165e+02 7.702628330511900856e+01
2.499481612684646734e+02 7.657176812879563954e+01
2.509709057119753197e+02 7.611694951108620444e+01
2.519933407464450852e+02 7.566137767527287394e+01
2.530154160100884155e+02 7.520492894963047092e+01
2.540374891357581646e+02 7.474846410615697323e+01
2.550599944417651557e+02 7.429302894996096995e+01
2.560833469149700932e+02 7.383962272583033837e+01
2.571076956780006526e+02 7.338860433733590583e+01
2.581329965310444550e+02 7.293986706570731826e+01
2.591592010526245531e+02 7.249329403104785285e+01
2.601863239977836315e+02 7.204892365615496885e+01
2.612145431645541294e+02 7.160719516171835153e+01
2.622440622988551695e+02 7.116861155441488052e+01
2.632750740137139474e+02 7.073365005513831250e+01
2.643076456438215587e+02 7.030249771757152644e+01
2.653417656231980573e+02 6.987515884722071746e+01
2.663774209991699990e+02 6.945163454407493475e+01
2.674145669633611533e+02 6.903185341844852019e+01
2.684530881692574553e+02 6.861558356664417602e+01
2.694928598086161742e+02 6.820257155419896833e+01
2.705337520321318152e+02 6.779254895249610513e+01
2.715755880163900997e+02 6.738510761296919327e+01
2.726181653720577742e+02 6.697976334369300844e+01
2.736612805610851638e+02 6.657602849224059582e+01
2.747046289399222019e+02 6.617310972137222791e+01
2.757477131088003262e+02 6.576963091003605655e+01
2.767900140165503444e+02 6.536415047581327542e+01
2.778310666860173228e+02 6.495532716085892844e+01
2.788708272650719664e+02 6.454260102880752470e+01
2.799094493984465544e+02 6.412577856307585478e+01
2.809470918013294067e+02 6.370467649939367050e+01
2.819841926413861302e+02 6.327969005223330612e+01
2.830216501843356696e+02 6.285216685898032551e+01
2.840604056003366509e+02 6.242354337107069284e+01
2.851013296571883870e+02 6.199515861850166942e+01
2.861448316635971878e+02 6.156771307299759854e+01
2.871911350784242813e+02 6.114165003082018046e+01
2.882404515265772602e+02 6.071741139763798145e+01
2.892924452015724910e+02 6.029540599983918980e+01
2.903460000442847786e+02 5.987599551599350889e+01
2.913999402668993071e+02 5.945953801548393614e+01
2.924527913514019133e+02 5.904642832204129377e+01
2.935014224759753461e+02 5.863726504316508681e+01
2.945421320335628366e+02 5.823271701306521919e+01
2.955711929678549268e+02 5.783345532877667949e+01
2.965840096519065696e+02 5.744022768370710708e+01
2.975749128659858798e+02 5.705387644786245716e+01
2.985381668905639572e+02 5.667524985564593720e+01
2.994730400489900148e+02 5.630358169198620288e+01
3.004023471519043369e+02 5.593050896157643592e+01
3.013558225362473877e+02 5.554543622908668254e+01
3.023649443669919492e+02 5.513718271613241484e+01
3.035068629333641184e+02 5.467923676510880426e+01
3.049077377376275990e+02 5.412863567003003595e+01
3.066961396347914501e+02 5.344160729994258219e+01
