4.459845310523569140e+01 1.148722382398692332e+02
4.683862953725094513e+01 1.146484215956400590e+02
4.873757949342309104e+01 1.144532893559578355e+02
5.035306981944589921e+01 1.142815224792302331e+02
5.174286736101328898e+01 1.141278019238651638e+02
5.296473896381905888e+01 1.139868086482703973e+02
5.407642739090501749e+01 1.138532256556820528e+02
5.512437355268209416e+01 1.137226955757301567e+02
5.612573032656351302e+01 1.135933478488715878e+02
5.709296851716135990e+01 1.134637094646009814e+02
5.803855892908775616e+01 1.133323074124129448e+02
5.897497236695481604e+01 1.131976686818021420e+02
5.991462394308284445e+01 1.130583274201909205e+02
6.086541859185684444e+01 1.129133974517704928e+02
6.182750003504670389e+01 1.127629901211658847e+02
6.280024541790703552e+01 1.126073152982939405e+02
6.378303188569255866e+01 1.124465828530715896e+02
6.477523658365790027e+01 1.122810026554157190e+02
6.577623435650863826e+01 1.121107836235270838e+02
6.678532922557710094e+01 1.119361053766248801e+02
6.780174272664270063e+01 1.117571134104098434e+02
6.882469174549697755e+01 1.115739512969251024e+02
6.985339316793164244e+01 1.113867626082139708e+02
7.088706387973824974e+01 1.111956909163196485e+02
7.192492668153410307e+01 1.110008748956639693e+02
7.296629691325966860e+01 1.108023765958278943e+02
7.401056327414499947e+01 1.106001973230922317e+02
7.505711647725121338e+01 1.103943367162360687e+02
7.610534723563941384e+01 1.101847944140383930e+02
7.715464626237070433e+01 1.099715700552783346e+02
7.820442003307506695e+01 1.097546547574825695e+02
7.925421879728615693e+01 1.095339619139365936e+02
8.030366971825785072e+01 1.093093633383317638e+02
8.135240068624173659e+01 1.090807304513441238e+02
8.240003959148928914e+01 1.088479346736496893e+02
8.344621432425213925e+01 1.086108474259245895e+02
8.449058092779031881e+01 1.083693500866580166e+02
8.553295573035106258e+01 1.081233807276745154e+02
8.657321170439652747e+01 1.078728974560467577e+02
8.761122188741093453e+01 1.076178584018458366e+02
8.864685931687844800e+01 1.073582216951429302e+02
8.967999703106148957e+01 1.070939454666375639e+02
9.071053820465684225e+01 1.068250121836371846e+02
9.173849604253145174e+01 1.065514931680584851e+02
9.276390885388659058e+01 1.062734800147652550e+02
9.378681494792363083e+01 1.059910643186214259e+02
9.480725263384391610e+01 1.057043376744908159e+02
9.582526026242730666e+01 1.054133916909537447e+02
9.684088812772561994e+01 1.051183219165886698e+02
9.785421490114016763e+01 1.048192332614544000e+02
9.886532337704427675e+01 1.045162319957480008e+02
9.987429634981135962e+01 1.042094243896666512e+02
1.008812166138147148e+02 1.038989167134074734e+02
1.018861670411220359e+02 1.035848154145647158e+02
1.028892354625436667e+02 1.032672382628794594e+02
1.038905175708111983e+02 1.029463209789799691e+02
1.048901097559318742e+02 1.026222008755626121e+02
1.058881084079129380e+02 1.022950152653238547e+02
1.068846099167616330e+02 1.019649014609601636e+02
1.078797111279451713e+02 1.016319984168785453e+02
1.088735208751446066e+02 1.012964882991373372e+02
1.098661608861687711e+02 1.009585997508227706e+02
1.108577535257707325e+02 1.006185637108936248e+02
1.118484211587034451e+02 1.002766111183086650e+02
1.128382861497200054e+02 9.993297291202661370e+01
1.138274690851539361e+02 9.958787701013190485e+01
1.148160658723647884e+02 9.924150941029445505e+01
1.158041543625730441e+02 9.889402543950753000e+01
1.167918119938198913e+02 9.854557972292630552e+01
1.177791162041465469e+02 9.819632688570590062e+01
1.187661444315942845e+02 9.784642155300150534e+01
1.197529656406615004e+02 9.749599955793236461e+01
1.207395789677705267e+02 9.714504187375072775e+01
1.217259491930735464e+02 9.679345328075437749e+01
1.227120408571664711e+02 9.644113802796954360e+01
1.236978185006451127e+02 9.608800036442254111e+01
1.246832466641053117e+02 9.573394453913959978e+01
1.256682717523549400e+02 9.537883245387533293e+01
1.266527460872780324e+02 9.502230632568532087e+01
1.276364915757114176e+02 9.466393735214272454e+01
1.286193301092136210e+02 9.430329669514642887e+01
1.296010835793434239e+02 9.393995551659534726e+01
1.305815738763877221e+02 9.357348497545604005e+01
1.315606161762475210e+02 9.320344074977550974e+01
1.325380032673473352e+02 9.282932690026231626e+01
1.335135232778366401e+02 9.245063674273409049e+01
1.344869643358648545e+02 9.206686359300836386e+01
1.354581145695813973e+02 9.167750076690271044e+01
1.364267623835466736e+02 9.128204224703350178e+01
1.373927491439670803e+02 9.088010977781001998e+01
1.383560317261003263e+02 9.047160375139165467e+01
1.393165822309131272e+02 9.005646128960967189e+01
1.402743727593722838e+02 8.963461951429540875e+01
1.412293754124443410e+02 8.920601554728010285e+01
1.421815636965613123e+02 8.877058989123709409e+01
1.431309834900402223e+02 8.832845713916849206e+01
1.440777864650017932e+02 8.787998637071997621e+01
1.450221326869518066e+02 8.742556685579755538e+01
1.459641822213963565e+02 8.696558786430729526e+01
1.469040951338413379e+02 8.650043866615521893e+01
1.478420313031733713e+02 8.603050804756315983e+01
1.487781463667582216e+02 8.555617380148616746e+01
1.497125917484313504e+02 8.507780280015907692e+01
1.506455186910069983e+02 8.459576144664210062e+01
1.515770784372995763e+02 8.411041614399550781e+01
1.525074222301233533e+02 8.362213329527946826e+01
1.534366951074283918e+02 8.313126427753589098e+01
1.543649653596603173e+02 8.263797461210394601e+01
1.552922494789541474e+02 8.214230438287026459e+01
1.562185629854818387e+02 8.164429131996615752e+01
1.571439213994155466e+02 8.114397315352309192e+01
1.580683402409273413e+02 8.064138761367243546e+01
1.589918313039710824e+02 8.013656340510637222e+01
1.599143785725021587e+02 7.962946187267792197e+01
1.608359534591458271e+02 7.912001391166104725e+01
1.617565273149035079e+02 7.860815026806771755e+01
1.626760714907769625e+02 7.809380168790987398e+01
1.635945573377673838e+02 7.757689891719948605e+01
1.645119621786143682e+02 7.705738716144007583e+01
1.654282915875696460e+02 7.653528003210050201e+01
1.663435594852024622e+02 7.601061134975923039e+01
1.672577797933171553e+02 7.548341493798555746e+01
1.681709664337181493e+02 7.495372462034870864e+01
1.690831333346355905e+02 7.442157423604238886e+01
1.699943053487079965e+02 7.388702418747496381e+01
1.709045406206137727e+02 7.335021582822199093e+01
1.718139036142334248e+02 7.281130587729708736e+01
1.727224587934474869e+02 7.227045105371394129e+01
1.736302706221364360e+02 7.172780807648615564e+01
1.745374036720655795e+02 7.118353392795407331e+01
1.754439371785719288e+02 7.063782138148403078e+01
1.763499797653806240e+02 7.009093494198182839e+01
1.772556435632558021e+02 6.954314767437736577e+01
1.781610407029616852e+02 6.899473264360059943e+01
1.790662833152624387e+02 6.844596291458148585e+01
1.799714840427756144e+02 6.789711279896492613e+01
1.808767772049621954e+02 6.734850940643309514e+01
1.817823263547009560e+02 6.680055105016408845e+01
1.826882971105395086e+02 6.625364107466265295e+01
1.835948550910257779e+02 6.570818282443353553e+01
1.845021659147075184e+02 6.516457964398149727e+01
1.854103967903689352e+02 6.462323871348954185e+01
1.863197464026710293e+02 6.408464313350410180e+01
1.872304423154466804e+02 6.354934566163894516e+01
1.881427131622174045e+02 6.301790163561504698e+01
1.890567875765046892e+02 6.249086639315338232e+01
1.899728941918299654e+02 6.196879527197494752e+01
1.908912652225620263e+02 6.145225207493377440e+01
1.918121725300494518e+02 6.094189433045569615e+01
1.927359126443382422e+02 6.043843788383659898e+01
1.936627824676030230e+02 5.994259946008543949e+01
1.945930789020184193e+02 5.945509578421116714e+01
1.955270988497590565e+02 5.897664358122277406e+01
1.964651321011854748e+02 5.850794151601837711e+01
1.974074202769255066e+02 5.804956592876828836e+01
1.983541850137771689e+02 5.760204241166577788e+01
1.993056478839950501e+02 5.716589639299832015e+01
2.002620304598336247e+02 5.674165330105340388e+01
2.012235543135472824e+02 5.632983856411844670e+01
2.021903998764325650e+02 5.593087542439363347e+01
2.031625699912748075e+02 5.554474602897668944e+01
2.041400195939147011e+02 5.517131353349071787e+01
2.051227036194660229e+02 5.481044109175405765e+01
2.061105770030428346e+02 5.446199185758519690e+01
2.071035946272374133e+02 5.412582884989978993e+01
2.081016705755995417e+02 5.380171029438181307e+01
2.091046051725015502e+02 5.348910222378470536e+01
2.101121790706091872e+02 5.318742014365488302e+01
2.111241729225885422e+02 5.289607955953870544e+01
2.121403673811055342e+02 5.261449597698256042e+01
2.131605431406507591e+02 5.234208492645963418e+01
2.141844851180210014e+02 5.207826445486057310e+01
2.152119860141197876e+02 5.182245724826185551e+01
2.162428393687171706e+02 5.157408649268919021e+01
2.172768387215832036e+02 5.133257537416825755e+01
2.183137776124880531e+02 5.109734707872478765e+01
2.193534511860092948e+02 5.086782877540623815e+01
2.203957113786896400e+02 5.064358858700906296e+01
2.214404808190394647e+02 5.042437008892858330e+01
2.224876865622165383e+02 5.020992784319390978e+01
2.235372556633785450e+02 5.000001641183413881e+01
2.245891151776831407e+02 4.979439035687835258e+01
2.256431973778342694e+02 4.959281957588027723e+01
2.266995251341774349e+02 4.939534025292866914e+01
2.277581980790338321e+02 4.920221419256343154e+01
2.288193182712944918e+02 4.901371033154979528e+01
2.298829877698502457e+02 4.883009760665301968e+01
2.309493086335920964e+02 4.865164495463832139e+01
2.320183842760606296e+02 4.847863874710152032e+01
2.330903315865757861e+02 4.831153879378143756e+01
2.341652751786719477e+02 4.815090431784631164e+01
2.352433397573092009e+02 4.799729571914389936e+01
2.363246500274474613e+02 4.785127339752195752e+01
2.374093306940466732e+02 4.771339775282824291e+01
2.384974771736382877e+02 4.758420434397268650e+01
2.395890045417814349e+02 4.746407577393343757e+01
2.406837592900599248e+02 4.735333647629053644e+01
2.417815877768559005e+02 4.725231077164906424e+01
2.428823363605515908e+02 4.716132298061415895e+01
2.439858513995223177e+02 4.708069742378732769e+01
2.450919263544799946e+02 4.701073058287741446e+01
2.462001462931653180e+02 4.695160926689307246e+01
2.473100449724516920e+02 4.690349328104663584e+01
2.484211561492124929e+02 4.686654243055041746e+01
2.495330135803210680e+02 4.684091652061674438e+01
2.506451509688049839e+02 4.682677546366860355e+01
2.517570789056590854e+02 4.682432518965980250e+01
2.528682489534001832e+02 4.683388915800887276e+01
2.539781033861970059e+02 4.685580932182764258e+01
2.550860844782182824e+02 4.689042763422798288e+01
2.561916345036327129e+02 4.693808604832175035e+01
2.572941964777444923e+02 4.699912624972317587e+01
2.583932709939644496e+02 4.707386914241013187e+01
2.594884563783552380e+02 4.716260035576485166e+01
2.605793604407008957e+02 4.726560209621494835e+01
2.616655909907851765e+02 4.738315657018802796e+01
2.627467558383920050e+02 4.751554598411173203e+01
2.638224675392493168e+02 4.766304620479286314e+01
2.648924808816943823e+02 4.782574310505739845e+01
2.659567141225154501e+02 4.800350419696330562e+01
2.670150945374116418e+02 4.819618494512893392e+01
2.680675494020820793e+02 4.840364081417264686e+01
2.691140059922258843e+02 4.862572726871274398e+01
2.701544011302200943e+02 4.886228462959314811e+01
2.711888179888052264e+02 4.911292106392896528e+01
2.722174542208475714e+02 4.937706314046076272e+01
2.732405105310735962e+02 4.965413258680163722e+01
2.742581876242098247e+02 4.994355113056474949e+01
2.752706862049830647e+02 5.024474049936327447e+01
2.762782097619219712e+02 5.055712302270541159e+01
2.772809867446043199e+02 5.088012642701033172e+01
2.782792587717677861e+02 5.121318128604476527e+01
2.792732675808067029e+02 5.155571819923057575e+01
2.802632549091147780e+02 5.190716776598956272e+01
2.812494624940861740e+02 5.226696058574359682e+01
2.822321198016694552e+02 5.263456084644838739e+01
2.832113875116648956e+02 5.300962101264737925e+01
2.841874023514607757e+02 5.339185910973500881e+01
2.851603010240642675e+02 5.378099322983937469e+01
2.861302202324829977e+02 5.417674146508870336e+01
2.870972966788469307e+02 5.457882190970008907e+01
2.880616453622646986e+02 5.498700435623483429e+01
2.890233032359748222e+02 5.540124450879307005e+01
2.899822897159978083e+02 5.582153984653894696e+01
2.909386242183544482e+02 5.624788784863669378e+01
2.918923261590651919e+02 5.668028599425045400e+01
2.928434149506973654e+02 5.711873175455676943e+01
2.937919090834034819e+02 5.756322046708180551e+01
2.947378248868980108e+02 5.801374247201466972e+01
2.956811783820143091e+02 5.847028739506742312e+01
2.966219855895860746e+02 5.893284486195219074e+01
2.975602625304466073e+02 5.940140449838099812e+01
2.984960258899618566e+02 5.987595423653889526e+01
2.994293332144769693e+02 6.035637787649132235e+01
3.003603059601910559e+02 6.084239634730411694e+01
3.012890711487226554e+02 6.133371639485530835e+01
3.022157558016907615e+02 6.183004476502294011e+01
3.031404869407136857e+02 6.233108820368497760e+01
3.040633919629414095e+02 6.283655237737465882e+01
3.049846079048364800e+02 6.334611524747399613e+01
3.059042820341271067e+02 6.385942536883298004e+01
3.068225621125952784e+02 6.437612987630163275e+01
3.077395959020228133e+02 6.489587590472989120e+01
3.086555311641914159e+02 6.541831058896769946e+01
3.095705140254582943e+02 6.594308481992267446e+01
3.104846683556900189e+02 6.646990060467619799e+01
3.113981019579380245e+02 6.699849685074332228e+01
3.123109222791221100e+02 6.752861328356135573e+01
3.132232367661616763e+02 6.805998962856762091e+01
3.141351528659769201e+02 6.859236561119951148e+01
3.150467761981553849e+02 6.912548525727251558e+01
3.159581975727403460e+02 6.965912744485657981e+01
3.168695006149355322e+02 7.019308796056863287e+01
3.177807689025283935e+02 7.072716270261247473e+01
3.186920860133065503e+02 7.126114756919191962e+01
3.196035355250575662e+02 7.179483845851079593e+01
3.205152011510026000e+02 7.232803096904299878e+01
3.214271672962056527e+02 7.286051916813735829e+01
3.223395185860699144e+02 7.339209663550609264e+01
3.232523396460927074e+02 7.392255695065442467e+01
3.241657151017710135e+02 7.445169369308761986e+01
3.250797295773223254e+02 7.497930044543642225e+01
3.259944623077690835e+02 7.550518395279624428e+01
3.269099748276532296e+02 7.602919419157392156e+01
3.278263250429777713e+02 7.655119000044901156e+01
3.287435708597457733e+02 7.707103021810101495e+01
3.296617701839600727e+02 7.758857368320954606e+01
3.305809808466353843e+02 7.810367941664119940e+01
3.315012471609162503e+02 7.861623928145343143e+01
3.324225843722356331e+02 7.912621576183747152e+01
3.333450039568974717e+02 7.963358049923056114e+01
3.342685173912053642e+02 8.013830513507002706e+01
3.351931361514631931e+02 8.064036131079308234e+01
3.361188711718266404e+02 8.113972198036482553e+01
3.370457063977440839e+02 8.163642543677039498e+01
3.379735868503168490e+02 8.213060420791642002e+01
3.389024545205628556e+02 8.262239815746919191e+01
3.398322513995002510e+02 8.311194714909501613e+01
3.407629194781470119e+02 8.359939104646014130e+01
3.416944003735604269e+02 8.408487062111497323e+01
3.426266274015895874e+02 8.456854679788749252e+01
3.435595257401399749e+02 8.505060025851859962e+01
3.444930202258126428e+02 8.553121251335016950e+01
3.454270356952092129e+02 8.601056507272440399e+01
3.463614969849308522e+02 8.648883944698327753e+01
3.472963302181836411e+02 8.696621404352634954e+01
3.482314771366023365e+02 8.744282960232017388e+01
3.491668898815722741e+02 8.791880178194324458e+01
3.501025207829316628e+02 8.839424578647667374e+01
3.510383221705182564e+02 8.886927682000145978e+01
3.519742463741698657e+02 8.934401008659867216e+01
3.529102502503041592e+02 8.981854986107379091e+01
3.538463238923381482e+02 9.029292016859547232e+01
3.547824722060236127e+02 9.076710927044203459e+01
3.557187001651877836e+02 9.124110526352492911e+01
3.566550127436580624e+02 9.171489624475569258e+01
3.575914149152616801e+02 9.218847031104587586e+01
3.585279215643626003e+02 9.266179162764218802e+01
3.594645937487333640e+02 9.313471286163347429e+01
3.604015059626876223e+02 9.360705423395441471e+01
3.613387327020549264e+02 9.407863596187988264e+01
3.622763484626643731e+02 9.454927826268479407e+01
3.632144277515707245e+02 9.501880132653818123e+01
3.641530615240285442e+02 9.548698562638854526e+01
3.650923901201310855e+02 9.595349238635813549e+01
3.660325631099583461e+02 9.641796054305874009e+01
3.669737300635904944e+02 9.688002903310217562e+01
3.679160405511076988e+02 9.733933679310030129e+01
3.688596442568878047e+02 9.779552248367080836e+01
3.698047056070201393e+02 9.824818916870859198e+01
3.707514181621309035e+02 9.869686956111449661e+01
3.716999789016393265e+02 9.914108811845093783e+01
3.726505848049646943e+02 9.958036929828016071e+01
3.736034328515259517e+02 1.000142375581645240e+02
3.745587195597270238e+02 1.004422184685481625e+02
3.755166225192290312e+02 1.008638832934543075e+02
3.764772941317703498e+02 1.012788641000144594e+02
3.774408850541225320e+02 1.016867971676729212e+02
3.784075459430573005e+02 1.020873187758739959e+02
3.793774274553458099e+02 1.024800652040618871e+02
3.803506770543303901e+02 1.028646804412209406e+02
3.813273803893096101e+02 1.032409577070964701e+02
3.823075671419680930e+02 1.036088253378084403e+02
3.832912649734671504e+02 1.039682165474011981e+02
3.842785015449682646e+02 1.043190645499190623e+02
3.852693045176330315e+02 1.046613025594063942e+02
3.862636942266447022e+02 1.049948814764263147e+02
3.872616113482212654e+02 1.053199445157630691e+02
3.882629476646326339e+02 1.056367529329203165e+02
3.892675942485066116e+02 1.059455696966336546e+02
3.902754421724708322e+02 1.062466577756385249e+02
3.912863825091533272e+02 1.065402801386703970e+02
3.923002963301108821e+02 1.068267238993805819e+02
3.933169980425934114e+02 1.071064371145993590e+02
3.943362747931564058e+02 1.073799336548254644e+02
3.953579136468752608e+02 1.076477275872722572e+02
3.963817016688244053e+02 1.079103329791528694e+02
3.974074259240791207e+02 1.081682638976806174e+02
3.984348691342751181e+02 1.084220448963385763e+02
3.994637955558271187e+02 1.086722451087933905e+02
4.004939645390510350e+02 1.089194455133985571e+02
4.015251354342237846e+02 1.091642270886009101e+02
4.025570675916226264e+02 1.094071708128473404e+02
4.035895203745658364e+02 1.096488576331018834e+02
4.046222622257332660e+02 1.098898465770709834e+02
4.056550865340258838e+02 1.101306364476767214e+02
4.066877909352215283e+02 1.103717157950939765e+02
4.077201730650989475e+02 1.106135731694976556e+02
4.087520305594360934e+02 1.108566971210626662e+02
4.097831611499525479e+02 1.111015759683428428e+02
4.108133718194610537e+02 1.113486756959340909e+02
4.118424863715528090e+02 1.115984216797664033e+02
4.128703303915093556e+02 1.118512349944184052e+02
4.138967294646123491e+02 1.121075367144687789e+02
4.149215091761436156e+02 1.123677479144961922e+02
4.159444957601307920e+02 1.126322881028693530e+02
4.169655377622231640e+02 1.129015229229921715e+02
4.179845111331145517e+02 1.131757518567069241e+02
4.190012935044491087e+02 1.134552703276856107e+02
4.200157625078715000e+02 1.137403737596003026e+02
4.210277957750261066e+02 1.140313575761229998e+02
4.220372739522248366e+02 1.143285099228729109e+02
4.230441289354297396e+02 1.146319952178397443e+02
4.240483354702744236e+02 1.149418744307309623e+02
4.250498696201700568e+02 1.152582053498565102e+02
4.260487074485276366e+02 1.155810457635263759e+02
4.270448250187585586e+02 1.159104534600505758e+02
4.280382084988890483e+02 1.162464618330360508e+02
4.290289428299297469e+02 1.165888658169733958e+02
4.300171687953697983e+02 1.169373255306614965e+02
4.310030278117316129e+02 1.172914995646214749e+02
4.319866612955379424e+02 1.176510465093745097e+02
4.329682106633107423e+02 1.180156249554417087e+02
4.339478346679892411e+02 1.183848516395207611e+02
4.349257971426596328e+02 1.187580896123173915e+02
4.359024013029455205e+02 1.191346068466556147e+02
4.368779504339248660e+02 1.195136711476798297e+02
4.378527478206761430e+02 1.198945503205347052e+02
4.388270967482911260e+02 1.202765121703313298e+02
4.398013140972142310e+02 1.206587916800865514e+02
4.407757694981797272e+02 1.210404964823073612e+02
4.417508453738743128e+02 1.214207033269860574e+02
4.427269241469845156e+02 1.217984889641147390e+02
4.437043882401973178e+02 1.221729301436857611e+02
4.446836200898477500e+02 1.225431035827395903e+02
4.456650075079240878e+02 1.229080730203309599e+02
4.466489518380886921e+02 1.232668695271262322e+02
4.476358565197543840e+02 1.236185191141996995e+02
4.486261249923333025e+02 1.239620477926253557e+02
4.496201606952380985e+02 1.242964815734773651e+02
4.506183665149113722e+02 1.246208478028160300e+02
4.516211040939665509e+02 1.249342733980922446e+02
4.526286660196373077e+02 1.252360519911514700e+02
4.536413382963802405e+02 1.255254931060657384e+02
4.546594069286520039e+02 1.258019062669071104e+02
4.556831579209093661e+02 1.260646009977476751e+02
4.567128722755960553e+02 1.263128988985848764e+02
4.577486850166750401e+02 1.265464739926205056e+02
4.587905656064404525e+02 1.267654000042515037e+02
4.598384745690701152e+02 1.269697722363957126e+02
4.608923724287419077e+02 1.271596859919709033e+02
4.619522197096334253e+02 1.273352365738948748e+02
4.630179650700583238e+02 1.274965479318182702e+02
4.640893789040110278e+02 1.276441743835818983e+02
4.651660940102209452e+02 1.277790024314193715e+02
4.662477396267238987e+02 1.279019271738403347e+02
4.673339449915558816e+02 1.280138437093544610e+02
4.684243393427528872e+02 1.281156471364712957e+02
4.695185560128384168e+02 1.282082226687407740e+02
4.706162644278149401e+02 1.282923683824179193e+02
4.717171527931822084e+02 1.283688370160778618e+02
4.728209094755628712e+02 1.284383809193106458e+02
4.739272228415794643e+02 1.285017524417063157e+02
4.750357812578549215e+02 1.285597039328549727e+02
4.761462947202310829e+02 1.286129355247863941e+02
4.772585925948671957e+02 1.286618591640593934e+02
4.783725452038415824e+02 1.287067879208865406e+02
4.794880229059745034e+02 1.287480347767776721e+02
4.806048960600860482e+02 1.287859127132427659e+02
4.817230350244788610e+02 1.288207347130419009e+02
4.828423014457255817e+02 1.288528347909029890e+02
4.839625261135950609e+02 1.288826214564452357e+02
4.850835329892586287e+02 1.289105197049723301e+02
4.862051460338884681e+02 1.289369545317882739e+02
4.873271892086562502e+02 1.289623509321968697e+02
4.884494864601180666e+02 1.289871339367875862e+02
4.895718580961685120e+02 1.290117373606659044e+02
4.906941160235721782e+02 1.290366153010809569e+02
4.918160709672052917e+02 1.290622247086161565e+02
4.929375336519443636e+02 1.290890225338548305e+02
4.940583148026655067e+02 1.291174657273803916e+02
4.951782257419931170e+02 1.291480097966851019e+02
4.962971132243503121e+02 1.291810247093435464e+02
4.974148786758638607e+02 1.292167484437806024e+02
4.985314281967847023e+02 1.292554076940895129e+02
4.996466678873630372e+02 1.292972291543634071e+02
5.007605038478497477e+02 1.293424395186956417e+02
5.018728423445263047e+02 1.293912650803438282e+02
5.029835938008831135e+02 1.294439220961499473e+02
5.040926729948473053e+02 1.295006163103858228e+02
5.051999949098499201e+02 1.295615529711930378e+02
5.063054745293219412e+02 1.296269373267131186e+02
5.074090268366940109e+02 1.296969746250874778e+02
5.085105614406351151e+02 1.297718830902827847e+02
5.096099162073582534e+02 1.298520541479047381e+02
5.107068779033606347e+02 1.299380025892039328e+02
5.118012321985040103e+02 1.300302458529465355e+02
5.128927647626491080e+02 1.301293013778985141e+02
5.139812612656569399e+02 1.302356866028260924e+02
5.150665043292619885e+02 1.303499263253272602e+02
5.161482522786278651e+02 1.304726040001297633e+02
5.172262518162127662e+02 1.306043311416641188e+02
5.183002495719788385e+02 1.307457194393826967e+02
5.193699921758878872e+02 1.308973805827379806e+02
5.204352262579016042e+02 1.310599262611823690e+02
5.214957093970824644e+02 1.312339417307109670e+02
5.225512542500455311e+02 1.314198792783906242e+02
5.236016907538969463e+02 1.316181494725061896e+02
5.246468488518728464e+02 1.318291628665442659e+02
5.256865584872093677e+02 1.320533300139913706e+02
5.267206496149938175e+02 1.322910614397215454e+02
5.277489927164244818e+02 1.325426698298936117e+02
5.287715893927754678e+02 1.328081513187056828e+02
5.297884677149921799e+02 1.330874381368950878e+02
5.307996557540202502e+02 1.333804625151992127e+02
5.318051815808055380e+02 1.336871566843555854e+02
5.328050733595673591e+02 1.340074526499191165e+02
5.337993750990128774e+02 1.343412441653708811e+02
5.347881644003165320e+02 1.346883438845992487e+02
5.357715231492950352e+02 1.350485541174263915e+02
5.367495332317647581e+02 1.354216771736742828e+02
5.377222765335419581e+02 1.358075153631649243e+02
5.386898348373122190e+02 1.362058712446976472e+02
5.396522849599257370e+02 1.366165593654736199e+02
5.406096966520094611e+02 1.370394113318069742e+02
5.415621391245261975e+02 1.374742600528548735e+02
5.425096815884393209e+02 1.379209384377745664e+02
5.434523932547117511e+02 1.383792793957230742e+02
5.443903435679882250e+02 1.388491152716880208e+02
5.453236070403667100e+02 1.393302661764663242e+02
5.462522630863780932e+02 1.398225403850680948e+02
5.471763913212193984e+02 1.403257456880419625e+02
5.480960713600870804e+02 1.408396898759364433e+02
5.490113828181783902e+02 1.413641807393001102e+02
5.499224038277510545e+02 1.418990296487954765e+02
5.508291948514896603e+02 1.424440906330025598e+02
5.517318047445937736e+02 1.429992457433123150e+02
5.526302821592532837e+02 1.435643775212231787e+02
5.535246757476578523e+02 1.441393685082336447e+02
5.544150341619970277e+02 1.447241012458420641e+02
5.553014087752180785e+02 1.453184517071053676e+02
5.561838706157922161e+02 1.459222484127981829e+02
5.570624993478248825e+02 1.465352990355832503e+02
5.579373746725618730e+02 1.471574111584582454e+02
5.588085762912496648e+02 1.477883923644212700e+02
5.596761839051340530e+02 1.484280502364699714e+02
5.605402893580609316e+02 1.490761630431021274e+02
5.614010402081095208e+02 1.497323745482624417e+02
5.622585999829909724e+02 1.503962899622265184e+02
5.631131322117482796e+02 1.510675144920537036e+02
5.639648004234245491e+02 1.517456533448035998e+02
5.648137681502000760e+02 1.524303117199626456e+02
5.656602029187537255e+02 1.531210851745901209e+02
5.665042840721093853e+02 1.538175407419509497e+02
5.673461931278192196e+02 1.545192402061581447e+02
5.681861116034353927e+02 1.552257453513243775e+02
5.690242210165102961e+02 1.559366179615627175e+02
5.698607028241283388e+02 1.566514199669896925e+02
5.706957310738753222e+02 1.573697311885706540e+02
5.715294653727310106e+02 1.580911663153063103e+02
5.723620636615073636e+02 1.588153440593000596e+02
5.731936838810153176e+02 1.595418831326548741e+02
5.740244839720667187e+02 1.602704022474739816e+02
5.748546216923336942e+02 1.610005205581097414e+02
5.756842475061159803e+02 1.617318748311503214e+02
5.765135023015492379e+02 1.624641249579657654e+02
5.773425263164327816e+02 1.631969324003765394e+02
5.781714597885659259e+02 1.639299586202029673e+02
5.790004429557476442e+02 1.646628650792654298e+02
5.798296135099531057e+02 1.653953193857534529e+02
5.806590609419145039e+02 1.661271055198379827e+02
5.814888316749634214e+02 1.668581114390673008e+02
5.823189706174600815e+02 1.675882287585784809e+02
5.831495226777633434e+02 1.683173490935082270e+02
5.839805327642328621e+02 1.690453640589934139e+02
5.848120417604144450e+02 1.697721749865651759e+02
5.856440475662116114e+02 1.704977869755361155e+02
5.864765220560418584e+02 1.712222679539332830e+02
5.873094367411450776e+02 1.719456867265384403e+02
5.881427631327612744e+02 1.726681120981329229e+02
5.889764727421307953e+02 1.733896128734984359e+02
5.898105367215507613e+02 1.741102587200120695e+02
5.906449238685688670e+02 1.748301249638879256e+02
5.914796020316289287e+02 1.755492892121846467e+02
5.923145390565566686e+02 1.762678290782531292e+02
5.931497027891778089e+02 1.769858221754443832e+02
5.939850610753181854e+02 1.777033461171093904e+02
5.948205894684932673e+02 1.784204598931090970e+02
5.956562957943577885e+02 1.791371445166499825e+02
5.964921963236353122e+02 1.798533605957782413e+02
5.973283073270775958e+02 1.805690687384715716e+02
5.981646450754363968e+02 1.812842295527074157e+02
5.990012258592283843e+02 1.819988035986805812e+02
5.998380783609367199e+02 1.827127214792974144e+02
6.006752648148899425e+02 1.834258326866544451e+02
6.015128530785185603e+02 1.841379731191294411e+02
6.023509110092534229e+02 1.848489786750999997e+02
6.031895064645252660e+02 1.855586852529437465e+02
6.040287075107246437e+02 1.862669282457646887e+02
6.048686014774331170e+02 1.869734964672912270e+02
6.057093102393109803e+02 1.876780951995059752e+02
6.065509592671742212e+02 1.883804210287046885e+02
6.073936740318381453e+02 1.890801705411829516e+02
6.082375800041183993e+02 1.897770403232364060e+02
6.090828031868936705e+02 1.904707256743723178e+02
6.099294873727094455e+02 1.911608788699610386e+02
6.107777979160273389e+02 1.918471000380885130e+02
6.116279014665792602e+02 1.925289861742429025e+02
6.124799646740971184e+02 1.932061342739122551e+02
6.133341541883129366e+02 1.938781413325846188e+02
6.141906344007738880e+02 1.945446098004451301e+02
6.150495321118024776e+02 1.952052329301484122e+02
6.159109431070670553e+02 1.958597788909614792e+02
6.167749622446335707e+02 1.965080180927967888e+02
6.176416843825677461e+02 1.971497209455667985e+02
6.185112043789354175e+02 1.977846578591840512e+02
6.193836088782030629e+02 1.984126191212746733e+02
6.202589056240784657e+02 1.990335859670224181e+02
6.211370583632474336e+02 1.996476461087076757e+02
6.220180303651337681e+02 2.002548884136309937e+02
6.229017848991625215e+02 2.008554017490928629e+02
6.237882852347579501e+02 2.014492749823937459e+02
6.246774918435718291e+02 2.020366039504588116e+02
6.255693485035474168e+02 2.026175260764703978e+02
6.264637928270102520e+02 2.031921941429881144e+02
6.273607624164516210e+02 2.037607609570701754e+02
6.282601948743630373e+02 2.043233793257748516e+02
6.291620278032867191e+02 2.048802020560385699e+02
6.300662139964711059e+02 2.054313458970080433e+02
6.309727642972079593e+02 2.059767898059260745e+02
6.318817034131241144e+02 2.065164798306202840e+02
6.327930560518452694e+02 2.070503620189180083e+02
6.337068469209983732e+02 2.075783824186466973e+02
6.346231008212233746e+02 2.081004868564016874e+02
6.355418762695251189e+02 2.086165409654292375e+02
6.364633154341028103e+02 2.091262114171431961e+02
6.373875732343911977e+02 2.096291345545296281e+02
6.383148045898253713e+02 2.101249467205744281e+02
6.392451644198407621e+02 2.106132842582637466e+02
6.401788078724512161e+02 2.110937829769069936e+02
6.411159064757900978e+02 2.115660404422429792e+02
6.420566588113628086e+02 2.120295910570048079e+02
6.430012659938423667e+02 2.124839633095979536e+02
6.439499291379023589e+02 2.129286856884278905e+02
6.449028493582159172e+02 2.133632866818998934e+02
6.458602251506654284e+02 2.137873010611417328e+02
6.468221805645262066e+02 2.142004422015712350e+02
6.477887563280737595e+02 2.146026233733876154e+02
6.487599887688541003e+02 2.149937684045472395e+02
6.497359142144126736e+02 2.153738011230064160e+02
6.507165689922954925e+02 2.157426453567215958e+02
6.517019819040793891e+02 2.161002424277731109e+02
6.526920709319263096e+02 2.164467912581151836e+02
6.536866696560045966e+02 2.167826869622422237e+02
6.546856095371206266e+02 2.171083295811107519e+02
6.556887220360799802e+02 2.174241191556770332e+02
6.566958386136888066e+02 2.177304557268975600e+02
6.577067893569889065e+02 2.180277394557075468e+02
6.587213924466782373e+02 2.183163715428929379e+02
6.597394599542877813e+02 2.185967537227888897e+02
6.607608039014937731e+02 2.188692877340848213e+02
6.617852363099718787e+02 2.191343753154700380e+02
6.628125692013976504e+02 2.193924182056338168e+02
6.638426208214254984e+02 2.196437933827484699e+02
6.648752432366912899e+02 2.198887432768014776e+02
6.659102999469650968e+02 2.201274648339606870e+02
6.669476544609964321e+02 2.203601549646725459e+02
6.679871702875343544e+02 2.205870105793834455e+02
6.690287109384117912e+02 2.208082285794993709e+02
6.700721768875619091e+02 2.210238974934592306e+02
6.711175975608714452e+02 2.212337277622790452e+02
6.721650304885681635e+02 2.214373474249768492e+02
6.732145332008807372e+02 2.216343845205707339e+02
6.742661632280374988e+02 2.218244670880787623e+02
6.753199781363448437e+02 2.220072230082353713e+02
6.763760438807432820e+02 2.221822433589657066e+02
6.774344455094988007e+02 2.223490354515072340e+02
6.784952707138140795e+02 2.225070950019415363e+02
6.795586071848922529e+02 2.226559177263507081e+02
6.806245426139366828e+02 2.227949993408166733e+02
6.816931640674697519e+02 2.229238377815449326e+02
6.827645228947278611e+02 2.230420579245058832e+02
6.838386160740622017e+02 2.231494778806014949e+02
6.849154360206867977e+02 2.232459319781939939e+02
6.859949751498149908e+02 2.233312545456454927e+02
6.870772258766603500e+02 2.234052799113180754e+02
6.881621789997678889e+02 2.234678560058559640e+02
6.892497858211680750e+02 2.235191630746108729e+02
6.903399568168875930e+02 2.235597248636687482e+02
6.914326005802948885e+02 2.235900809593717042e+02
6.925276257047587478e+02 2.236107709480617700e+02
6.936249407836477303e+02 2.236223344160810313e+02
6.947244564725345981e+02 2.236253286393287283e+02
6.958261104290014600e+02 2.236205425165021552e+02
6.969298592864677175e+02 2.236089277207196631e+02
6.980356600724448981e+02 2.235914393056265510e+02
6.991434698144458935e+02 2.235690323248683740e+02
7.002532455399825722e+02 2.235426618320903742e+02
7.013649359891464883e+02 2.235132418501228813e+02
7.024784249269599741e+02 2.234813647118338054e+02
7.035935654717911802e+02 2.234474710192633324e+02
7.047102105615969094e+02 2.234120004812420461e+02
7.058282131343346464e+02 2.233753928066005869e+02
7.069474261279617622e+02 2.233380877041697659e+02
7.080676916009887236e+02 2.233004486337154333e+02
7.091887977195418671e+02 2.232624613479005404e+02
7.103105159928859393e+02 2.232239948590664653e+02
7.114326179254148883e+02 2.231849181454144855e+02
7.125548750215227756e+02 2.231451001851459068e+02
7.136770587885371242e+02 2.231044099435213184e+02
7.147989490046691117e+02 2.230626799042685491e+02
7.159203518096494463e+02 2.230196262747026026e+02
7.170410785837266303e+02 2.229749421470568791e+02
7.181609407071497344e+02 2.229283206135649777e+02
7.192797495601676019e+02 2.228794547664602703e+02
7.203973168433494720e+02 2.228280382475442707e+02
7.215135056113140308e+02 2.227738528059061878e+02
7.226282862712509996e+02 2.227168643736493721e+02
7.237416426982691746e+02 2.226570619895625498e+02
7.248535587674780345e+02 2.225944346924347883e+02
7.259640183539861482e+02 2.225289715210546717e+02
7.270730070402369165e+02 2.224606657205849274e+02
7.281805899649032199e+02 2.223897065395824484e+02
7.292869439612007909e+02 2.223165584094487599e+02
7.303922542302167358e+02 2.222417063775826307e+02
7.314967059730374785e+02 2.221656354913827158e+02
7.326004843907498980e+02 2.220888307982476988e+02
7.337037744280953575e+02 2.220117789589104689e+02
7.348067555980812813e+02 2.219350008192399457e+02
7.359096022280053830e+02 2.218590498618672768e+02
7.370124884380580852e+02 2.217844808728742976e+02
7.381155883484298101e+02 2.217118486383428717e+02
7.392190760793102982e+02 2.216417079443547777e+02
7.403231153701067342e+02 2.215745941941584647e+02
7.414277485395837175e+02 2.215108160763134606e+02
7.425329392158580504e+02 2.214505353494554640e+02
7.436386496995054358e+02 2.213939112934560569e+02
7.447448422911010084e+02 2.213411031881867927e+02
7.458514792912203575e+02 2.212922703135191682e+02
7.469585038568488926e+02 2.212475280432977343e+02
7.480657230680076282e+02 2.212066796574110299e+02
7.491728850676412321e+02 2.211693932629396784e+02
7.502797377619566532e+02 2.211353364240022188e+02
7.513860290571600444e+02 2.211041767047172470e+02
7.524915068594582408e+02 2.210755816692034728e+02
7.535959257155026307e+02 2.210491966672583146e+02
7.546990701785384772e+02 2.210245666674421159e+02
7.558007332735015780e+02 2.210012082979161505e+02
7.569007080258320457e+02 2.209786381851569672e+02
7.579987874609690834e+02 2.209563729556410010e+02
7.590947646596682716e+02 2.209339292251819415e+02
7.601884943625093456e+02 2.209108117237591955e+02
7.612800110240924596e+02 2.208864905388423381e+02
7.623693816621703263e+02 2.208604294808762631e+02
7.634566732944969090e+02 2.208320923603060066e+02
7.645419529388254887e+02 2.208009429875764340e+02
7.656252877417297213e+02 2.207664448677785458e+02
7.667067598643035353e+02 2.207280259158609681e+02
7.677864803249777879e+02 2.206850456438726553e+02
7.688645634157936684e+02 2.206368558041552603e+02
7.699411234287929346e+02 2.205828081490506065e+02
7.710162746560167761e+02 2.205222544309003183e+02
7.720901306796508834e+02 2.204545535797788887e+02
7.731627776510470085e+02 2.203793418936350861e+02
7.742342661829854933e+02 2.202966150199616209e+02
7.753046445226823380e+02 2.202063925257474466e+02
7.763739609173530880e+02 2.201086939779818294e+02
7.774422636142135161e+02 2.200035389436537798e+02
7.785096020916217867e+02 2.198909638389417296e+02
7.795760486325148122e+02 2.197713171793167248e+02
7.806416956270072660e+02 2.196452226633968507e+02
7.817066361541934612e+02 2.195133134190633086e+02
7.827709632931685064e+02 2.193762225741975840e+02
7.838347701230272833e+02 2.192345832566809918e+02
7.848981515147836490e+02 2.190890424312642040e+02
7.859612211372376578e+02 2.189403922157582656e+02
7.870241038863047152e+02 2.187895114216999559e+02
7.880869248084258061e+02 2.186372800229572420e+02
7.891498089500422566e+02 2.184845779933982044e+02
7.902128813575950517e+02 2.183322853068908387e+02
7.912762567321143479e+02 2.181812543741597494e+02
7.923399829771809664e+02 2.180321596383446661e+02
7.934040814601274860e+02 2.178856048424066216e+02
7.944685734809122550e+02 2.177421935497969798e+02
7.955334803394925984e+02 2.176025293239667633e+02
7.965988233358250454e+02 2.174672157283670231e+02
7.976646108616178026e+02 2.173367825248396343e+02
7.987307980787106771e+02 2.172114551388544044e+02
7.997973264299903349e+02 2.170913805591540324e+02
8.008641373583284349e+02 2.169767057744016370e+02
8.019311723065982278e+02 2.168675777732603365e+02
8.029983728292438627e+02 2.167641435665186407e+02
8.040657437445324831e+02 2.166665627105368230e+02
8.051334586707216658e+02 2.165750282356624439e+02
8.062017190751632825e+02 2.164897386948748306e+02
8.072707264252094319e+02 2.164108926411535947e+02
8.083406821882110762e+02 2.163386886274781489e+02
8.094117876366907467e+02 2.162733252457719288e+02
8.104842268564526648e+02 2.162150045233578908e+02
8.115581535338014874e+02 2.161639345640210763e+02
8.126337182451294439e+02 2.161203240931766629e+02
8.137110715668293324e+02 2.160843818362403113e+02
8.147903640752941783e+02 2.160563165186273693e+02
8.158717410681136926e+02 2.160363359319611618e+02
8.169551761940687129e+02 2.160246175041081074e+02
8.180404378041820337e+02 2.160213023468584765e+02
8.191272821732108014e+02 2.160265294357754158e+02
8.202154655759113666e+02 2.160404377464220147e+02
8.213047442870397390e+02 2.160631662543614482e+02
8.223948730468880512e+02 2.160948472869503689e+02
8.234855815789172766e+02 2.161355047838474093e+02
8.245765792393133324e+02 2.161850744416381076e+02
8.256675747920508002e+02 2.162434893910995299e+02
8.267582770011046023e+02 2.163106827630088276e+02
8.278483946304495475e+02 2.163865876881431234e+02
8.289376487346883096e+02 2.164711178962215286e+02
8.300258764031198098e+02 2.165640039533407162e+02
8.311129785418156644e+02 2.166648756892514029e+02
8.321988567186795080e+02 2.167733618889876084e+02
8.332834125016148619e+02 2.168890913375833520e+02
8.343665474585245647e+02 2.170116928200725965e+02
8.354481790020680592e+02 2.171407855149961676e+02
8.365283176172313233e+02 2.172759321722161872e+02
8.376070076633634471e+02 2.174166750039580336e+02
8.386842935484685313e+02 2.175625561929487617e+02
8.397602196805496533e+02 2.177131179219150852e+02
8.408348304676989073e+02 2.178679023736069666e+02
8.419081813963814511e+02 2.180264546282989784e+02
8.429803696490547509e+02 2.181883306717618893e+02
8.440515022160199123e+02 2.183530890549863557e+02
8.451216860875770180e+02 2.185202883289631188e+02
8.461910282540263779e+02 2.186894870446828065e+02
8.472596356998842566e+02 2.188602437847204385e+02
8.483276134742476415e+02 2.190321276985781935e+02
8.493950618932719863e+02 2.192047337765135637e+02
8.504620805630690938e+02 2.193776608854493020e+02
8.515287690897512221e+02 2.195505078923083602e+02
8.525952270794311971e+02 2.197228736640136617e+02
8.536615541678735326e+02 2.198943564528676120e+02
8.547278520338672934e+02 2.200645121641687183e+02
8.557942256847356930e+02 2.202328277106578582e+02
8.568607804339168297e+02 2.203987836600529988e+02
8.579276215948495974e+02 2.205618605800722776e+02
8.589948544809719806e+02 2.207215390384335478e+02
8.600625844068109700e+02 2.208772971968305399e+02
8.611309167170541059e+02 2.210285465711361326e+02
8.621999567897001953e+02 2.211746250695156846e+02
8.632698100044683542e+02 2.213148667974225532e+02
8.643405817410783811e+02 2.214486058603104084e+02
8.654123773792490510e+02 2.215751763636328633e+02
8.664852995999666518e+02 2.216939184056079171e+02
8.675594121290315570e+02 2.218042585876949886e+02
8.686347494173967334e+02 2.219056885186012948e+02
8.697113452030159806e+02 2.219977013903061334e+02
8.707892332238438939e+02 2.220797903947891427e+02
8.718684472178342730e+02 2.221514487240297342e+02
8.729490118439191519e+02 2.222122220664766985e+02
8.740308743907029339e+02 2.222621034791196166e+02
8.751139429983724085e+02 2.223013123818336396e+02
8.761981255035829008e+02 2.223300699495662798e+02
8.772833297429895083e+02 2.223485973572647367e+02
8.783694635532472148e+02 2.223571157798766080e+02
8.794564299741704190e+02 2.223559568737743746e+02
8.805441063801822565e+02 2.223460434237262007e+02
8.816323615975466055e+02 2.223284950967477016e+02
8.827210644466933900e+02 2.223044316942206819e+02
8.838100837480528753e+02 2.222749730175268894e+02
8.848992883214680205e+02 2.222412388694908145e+02
8.859885417823811622e+02 2.222043618430695631e+02
8.870776898618039468e+02 2.221655184833088015e+02
8.881665744520798853e+02 2.221258947690120635e+02
8.892550374455536257e+02 2.220866766789830251e+02
8.903429207345690202e+02 2.220490501920252768e+02
8.914300663891118575e+02 2.220142009415982614e+02
8.925163551314043389e+02 2.219832394191364813e+02
8.936017544143871874e+02 2.219571075068953974e+02
8.946862435029422613e+02 2.219367241240832982e+02
8.957698016619508508e+02 2.219230081899083586e+02
8.968524081562948140e+02 2.219168786235790094e+02
8.979340426312002137e+02 2.219192490901418751e+02
8.990147057211538595e+02 2.219307433042930029e+02
9.000944295824865549e+02 2.219515495309340167e+02
9.011732489682148071e+02 2.219818201637746427e+02
9.022511986313543275e+02 2.220217075965244362e+02
9.033283133249212824e+02 2.220713642228930667e+02
9.044046268387623968e+02 2.221309325495942062e+02
9.054801499972054444e+02 2.222003193408726247e+02
9.065548701983248066e+02 2.222791908890184231e+02
9.076287737848662118e+02 2.223672026533109829e+02
9.087018470995750477e+02 2.224640100930298274e+02
9.097740764851976110e+02 2.225692686674545087e+02
9.108454509647890518e+02 2.226826230755664540e+02
9.119159939925795015e+02 2.228035797899194677e+02
9.129857528961046000e+02 2.229315494419590209e+02
9.140547754824666526e+02 2.230659407378779520e+02
9.151231095587678510e+02 2.232061623838690991e+02
9.161908029321099320e+02 2.233516230861253291e+02
9.172579035383319024e+02 2.235017416433264543e+02
9.183244603060979898e+02 2.236560146879108117e+02
9.193905226257833192e+02 2.238139750487212325e+02
9.204561398903241525e+02 2.239751557553948373e+02
9.215213614926562968e+02 2.241390898375685197e+02
9.225862368257171511e+02 2.243053103248794571e+02
9.236508068946758385e+02 2.244733925753793073e+02
9.247150717880956563e+02 2.246431184305936881e+02
9.257790191368230808e+02 2.248143325992468249e+02
9.268426365687472526e+02 2.249868798049915881e+02
9.279059117117567439e+02 2.251606047714804504e+02
9.289688321861268605e+02 2.253353522514682368e+02
9.300313676808335686e+02 2.255110355410723741e+02
9.310934315825452359e+02 2.256877831550328324e+02
9.321549262563053162e+02 2.258657657388467896e+02
9.332157540671570359e+02 2.260451539380112536e+02
9.342758173801441899e+02 2.262261183980235160e+02
9.353350185061542561e+02 2.264088300233125892e+02
9.363932515500237059e+02 2.265934989537662716e+02
9.374503937020992907e+02 2.267804162022289347e+02
9.385063200656692288e+02 2.269698827603628786e+02
9.395609057440220795e+02 2.271621996198303464e+02
9.406140258404464021e+02 2.273576677722936381e+02
9.416655557649403363e+02 2.275565876694107317e+02
9.427153847646814029e+02 2.277592354006367827e+02
9.437634212547425250e+02 2.279658533077852951e+02
9.448095750586691111e+02 2.281766812528661319e+02
9.458537560000057738e+02 2.283919590978889005e+02
9.468958739022978079e+02 2.286119267048634356e+02
9.479358410972702131e+02 2.288368178921862182e+02
9.489736218581022058e+02 2.290667413221268021e+02
9.500092293942382184e+02 2.293016877420167816e+02
9.510426788215945635e+02 2.295416433054252252e+02
9.520739852560885765e+02 2.297865941659212581e+02
9.531031638136367974e+02 2.300365264770738634e+02
9.541302343460195061e+02 2.302914145849915997e+02
9.551552710887568765e+02 2.305510972461735832e+02
9.561783830477966148e+02 2.308153265274476666e+02
9.571996797945660092e+02 2.310838530857854494e+02
9.582192709004928020e+02 2.313564275781587014e+02
9.592372659370041674e+02 2.316328006615391359e+02
9.602537845018864573e+02 2.319126980839882322e+02
9.612690163212647576e+02 2.321956713707375002e+02
9.622831810630840437e+02 2.324811976612776618e+02
9.632964985073808748e+02 2.327687538166254342e+02
9.643091884341913556e+02 2.330578166977975911e+02
9.653214706235523863e+02 2.333478631658107645e+02
9.663335717635176252e+02 2.336383526299823927e+02
9.673457492848858692e+02 2.339286668343440567e+02
9.683582691674090484e+02 2.342181659257381057e+02
9.693713973911845869e+02 2.345062100501343139e+02
9.703853999363099092e+02 2.347921593535023987e+02
9.714005427693233514e+02 2.350753740139401202e+02
9.724170785360399805e+02 2.353552457728689546e+02
9.734352216280403809e+02 2.356312570147516965e+02
9.744551796123498661e+02 2.359029062947649891e+02
9.754771600559943181e+02 2.361696921680855326e+02
9.765013705260005281e+02 2.364311131898902545e+02
9.775280181119687768e+02 2.366866690655697880e+02
9.785572569161075762e+02 2.369359871580466859e+02
9.795891406074251790e+02 2.371789367944856508e+02
9.806237116540307852e+02 2.374154142873203739e+02
9.816610125240333673e+02 2.376453159489845177e+02
9.827010856855422389e+02 2.378685380919116312e+02
9.837439723548638995e+02 2.380849800516054700e+02
9.847896667911873010e+02 2.382946545637236397e+02
9.858381032241419462e+02 2.384977193336603989e+02
9.868892119675316508e+02 2.386943415234277950e+02
9.879429233351587527e+02 2.388846882950375914e+02
9.889991676408258172e+02 2.390689268105014946e+02
9.900578727810075179e+02 2.392472300787812856e+02
9.911189228379087126e+02 2.394198770852498228e+02
9.921821637712857864e+02 2.395872390245197039e+02
9.932474402688449118e+02 2.397496901679935206e+02
9.943145970182914652e+02 2.399076047870737511e+02
9.953834787073316193e+02 2.400613571531631294e+02
9.964539303959891186e+02 2.402113206602985827e+02
9.975258009811425381e+02 2.403578596609965530e+02
9.985989416201092581e+02 2.405013331810617103e+02
9.996732034993030993e+02 2.406421001777344770e+02
1.000748437805137542e+03 2.407805196082550196e+02
1.001824495724026633e+03 2.409169504298636753e+02
1.002901233007020892e+03 2.410517406037215835e+02
1.003978534413946136e+03 2.411851682096919944e+02
1.005056296062733736e+03 2.413174839662885347e+02
1.006134414097777153e+03 2.414489385282789158e+02
1.007212784663470075e+03 2.415797825504307355e+02
1.008291303904205847e+03 2.417102666875117052e+02
1.009369866683239138e+03 2.418406447050384145e+02
1.010448362660631005e+03 2.419711830024626522e+02
1.011526680175685328e+03 2.421021511861856084e+02
1.012604707567704850e+03 2.422338188626087572e+02
1.013682333175992994e+03 2.423664556381335728e+02
1.014759445332645669e+03 2.425003311365711056e+02
1.015835928659505385e+03 2.426357239457333606e+02
1.016911658022328197e+03 2.427729362241951776e+02
1.017986506702425459e+03 2.429122739585612578e+02
1.019060347981108180e+03 2.430540431354361885e+02
1.020133055139687031e+03 2.431985497414245572e+02
1.021204501524204375e+03 2.433460996068103555e+02
1.022274565949603357e+03 2.434969853549044956e+02
1.023343136771952913e+03 2.436514765679367542e+02
1.024410103306440078e+03 2.438098405119371250e+02
1.025475354868254271e+03 2.439723444529361700e+02
1.026538780772582868e+03 2.441392556569639396e+02
1.027600271813792233e+03 2.443108378186988148e+02
1.028659765578483075e+03 2.444872416568549625e+02
1.029717254879375332e+03 2.446684845512673689e+02
1.030772735709679409e+03 2.448545762027435444e+02
1.031826204062605711e+03 2.450455263120911127e+02
1.032877655931364188e+03 2.452413445801174703e+02
1.033927090540526251e+03 2.454420329058094410e+02
1.034974558718357457e+03 2.456474685958800421e+02
1.036020152750097623e+03 2.458574288630667297e+02
1.037063966092462806e+03 2.460716880916863261e+02
1.038106092202170885e+03 2.462900206660559945e+02
1.039146624535937690e+03 2.465122009704923300e+02
1.040185658611454073e+03 2.467379984128412787e+02
1.041223309070838468e+03 2.469671362227082057e+02
1.042259700929806286e+03 2.471993125813951906e+02
1.043294959306830833e+03 2.474342254220848645e+02
1.044329209320385644e+03 2.476715726779596878e+02
1.045362576088942888e+03 2.479110522822019789e+02
1.046395181679486086e+03 2.481523695341434745e+02
1.047427130512591475e+03 2.483952723306958035e+02
1.048458520680057291e+03 2.486395238461357167e+02
1.049489450265535197e+03 2.488848872744068501e+02
1.050520017352676632e+03 2.491311258094528398e+02
1.051550320024930443e+03 2.493780026457048962e+02
1.052580443050024314e+03 2.496253131244774579e+02
1.053610421835005809e+03 2.498729717538808472e+02
1.054640280351805359e+03 2.501209206487446295e+02
1.055670042572352486e+03 2.503691019238981994e+02
1.056699732468577622e+03 2.506174576941711507e+02
1.057729373972413441e+03 2.508659301709629688e+02
1.058758978631965192e+03 2.511144914653717706e+02
1.059788528144918928e+03 2.513631857597918327e+02
1.060817999801825636e+03 2.516120678772756207e+02
1.061847370893233801e+03 2.518611926408753448e+02
1.062876618709693503e+03 2.521106148736435273e+02
1.063905720550767001e+03 2.523603893770121260e+02
1.064934654313463398e+03 2.526105695191849065e+02
1.065963398854996058e+03 2.528612063649129880e+02
1.066991933119301393e+03 2.531123507709035891e+02
1.068020236050316953e+03 2.533640535938639573e+02
1.069048286591979377e+03 2.536163656905013966e+02
1.070076063495129347e+03 2.538693383844889979e+02
1.071103540297436666e+03 2.541230356065244109e+02
1.072130684854651918e+03 2.543775350279048553e+02
1.073157464735462327e+03 2.546329150141357331e+02
1.074183847508554436e+03 2.548892539307221909e+02
1.075209800742614334e+03 2.551466301431694035e+02
1.076235291504551242e+03 2.554051232308396493e+02
1.077260279760086405e+03 2.556648299516358236e+02
1.078284720209347597e+03 2.559258598015047994e+02
1.079308567428126707e+03 2.561883225771754269e+02
1.080331775992215626e+03 2.564523280753766130e+02
1.081354300477406241e+03 2.567179860928374637e+02
1.082376096197388506e+03 2.569854046487412802e+02
1.083397124649316538e+03 2.572546768667438641e+02
1.084417350415631745e+03 2.575258884382580504e+02
1.085436738101474930e+03 2.577991250000151808e+02
1.086455252311988488e+03 2.580744721887466540e+02
1.087472857652313451e+03 2.583520156411838684e+02
1.088489522728606516e+03 2.586318313316486979e+02
1.089505237225948349e+03 2.589139443290931126e+02
1.090519997746232320e+03 2.591983629984448498e+02
1.091533800895419063e+03 2.594850956948060912e+02
1.092546643279469208e+03 2.597741507732791888e+02
1.093558521502778149e+03 2.600655365927412390e+02
1.094569421586951648e+03 2.603592870182804404e+02
1.095579293731839698e+03 2.606555222511501597e+02
1.096588080565371911e+03 2.609543807421382553e+02
1.097595724715478354e+03 2.612560009420324150e+02
1.098602168810089552e+03 2.615605213016205539e+02
1.099607355386759309e+03 2.618680804890872764e+02
1.100611208546366925e+03 2.621788615217259348e+02
1.101613611604610924e+03 2.624931455248805037e+02
1.102614442412447715e+03 2.628112267692386013e+02
1.103613578820834846e+03 2.631333995254883007e+02
1.104610898680728042e+03 2.634599580643172203e+02
1.105606280051840031e+03 2.637911961454248626e+02
1.106599612118979167e+03 2.641273802966785524e+02
1.107590800550570748e+03 2.644687366976194198e+02
1.108579752347703334e+03 2.648154882657164535e+02
1.109566374511463891e+03 2.651678579184383011e+02
1.110550574042941662e+03 2.655260685732541788e+02
1.111532258874565969e+03 2.658903408732920184e+02
1.112511358617105543e+03 2.662608425231064189e+02
1.113487824703674733e+03 2.666376879370050119e+02
1.114461609527533483e+03 2.670209891846192818e+02
1.115432665481941285e+03 2.674108583355808264e+02
1.116400944960158085e+03 2.678074074595211300e+02
1.117366404613631630e+03 2.682107383064283681e+02
1.118329054765829142e+03 2.686208225531114522e+02
1.119288942456406403e+03 2.690375428953535675e+02
1.120246115438048491e+03 2.694607803009221811e+02
1.121200621463441394e+03 2.698904157375850446e+02
1.122152508285270414e+03 2.703263301731096817e+02
1.123101826963174062e+03 2.707683966670488189e+02
1.124048653644810202e+03 2.712164282836927782e+02
1.124993075980859430e+03 2.716702105791172244e+02
1.125935181682034454e+03 2.721295289658296497e+02
1.126875058459050933e+03 2.725941688563381717e+02
1.127812794022622256e+03 2.730639156631505102e+02
1.128748478720036246e+03 2.735385491033911762e+02
1.129682215564403123e+03 2.740178215341552459e+02
1.130614111367529631e+03 2.745014771067985748e+02
1.131544272941943063e+03 2.749892599711232037e+02
1.132472807100167984e+03 2.754809142769306050e+02
1.133399820645551927e+03 2.759761841974255390e+02
1.134325402106844876e+03 2.764748604960337275e+02
1.135249583483951255e+03 2.769768780537987141e+02
1.136172385880057618e+03 2.774821995324332988e+02
1.137093830398350065e+03 2.779907875936503956e+02
1.138013938142015149e+03 2.785026048991627476e+02
1.138932730142770197e+03 2.790176143255642955e+02
1.139850217182555753e+03 2.795358095668811984e+02
1.140766389210950592e+03 2.800572469526354666e+02
1.141681233649554088e+03 2.805819904130817122e+02
1.142594737919966519e+03 2.811101038784749448e+02
1.143506889443786804e+03 2.816416512790697766e+02
1.144417675752531068e+03 2.821766965046690530e+02
1.145327089181088922e+03 2.827153016773140166e+02
1.146235128629559767e+03 2.832575265028829108e+02
1.147141793471145320e+03 2.838034305131401425e+02
1.148047083079048434e+03 2.843530732398506871e+02
1.148950996826471055e+03 2.849065142147790084e+02
1.149853535113848466e+03 2.854638109023225070e+02
1.150754719136642507e+03 2.860249789156421230e+02
1.151654589424327696e+03 2.865899949570416538e+02
1.152553187240921488e+03 2.871588342505111768e+02
1.153450553850442702e+03 2.877314720200408829e+02
1.154346730516909474e+03 2.883078834896209628e+02
1.155241757628934465e+03 2.888880450028934774e+02
1.156135665704764733e+03 2.894719455278026885e+02
1.157028479037119268e+03 2.900595819948063081e+02
1.157920221821174664e+03 2.906509514591203356e+02
1.158810918252107285e+03 2.912460509759604861e+02
1.159700592525093498e+03 2.918448776005427590e+02
1.160589266024062908e+03 2.924474259800530831e+02
1.161476940783853479e+03 2.930536741878302109e+02
1.162363610695785837e+03 2.936635933217214642e+02
1.163249269622830525e+03 2.942771544552897467e+02
1.164133911427958310e+03 2.948943286620983599e+02
1.165017529974139052e+03 2.955150870157104919e+02
1.165900113497822986e+03 2.961393796812584469e+02
1.166781625574899408e+03 2.967670651839952711e+02
1.167662023026914994e+03 2.973979769497011603e+02
1.168541262675242479e+03 2.980319484035083519e+02
1.169419301341253686e+03 2.986688129705490837e+02
1.170296095812387421e+03 2.993084040563356893e+02
1.171171573314468105e+03 2.999505379745292544e+02
1.172045577423417626e+03 3.005949826743245694e+02
1.172917937022601109e+03 3.012414976100151307e+02
1.173788480995383452e+03 3.018898422358942071e+02
1.174657038225129327e+03 3.025397760062547832e+02
1.175523437049324912e+03 3.031910582127412681e+02
1.176387448053463459e+03 3.038434309392996511e+02
1.177248733867924102e+03 3.044966041037318973e+02
1.178106945287488543e+03 3.051502840973222419e+02
1.178961733106940073e+03 3.058041773113556587e+02
1.179812748121061077e+03 3.064579901371168944e+02
1.180659639854366787e+03 3.071114280373280963e+02
1.181502011558464346e+03 3.077641626492932119e+02
1.182339408113840364e+03 3.084158229411274306e+02
1.183171370670081387e+03 3.090660351536640746e+02
1.183997440376774648e+03 3.097144255277369211e+02
1.184817158383506467e+03 3.103606203041794629e+02
1.185630069737915392e+03 3.110042454026878431e+02
1.186435788634686560e+03 3.116449210463428017e+02
1.187233988639230574e+03 3.122822625670229399e+02
1.188024345245492668e+03 3.129158851377266615e+02
1.188806533947417847e+03 3.135454039314522561e+02
1.189580230238950435e+03 3.141704341211978999e+02
1.190345733690146972e+03 3.147911016561795918e+02
1.191109662336725478e+03 3.154127038452194256e+02
1.191882305986566053e+03 3.160435431656804894e+02
1.192673999787090679e+03 3.166919592031561592e+02
1.193495078885723160e+03 3.173662915432406066e+02
1.194355878429884569e+03 3.180748797715272076e+02
1.195270618271369131e+03 3.188293247601502003e+02
1.196277818471434102e+03 3.196616278901356623e+02
1.197425376210866489e+03 3.206116628207570898e+02
1.198761208651774268e+03 3.217193199860020059e+02
1.200333232956262236e+03 3.230244898198573082e+02
1.202189366286437462e+03 3.245670627563104063e+02
