4.717317353089547538e+01 2.104533543094428865e+02
4.913578578825848098e+01 2.100181195248593724e+02
5.065912684672331068e+01 2.096635586322319114e+02
5.189040644998908647e+01 2.093621003428864924e+02
5.297320702944696080e+01 2.090868268778607444e+02
5.399143611920342778e+01 2.088215717036326851e+02
5.498013503701371008e+01 2.085589722010506648e+02
5.597288385195025029e+01 2.082919309256374163e+02
5.699360017250646848e+01 2.080159022080078444e+02
5.804156988936589556e+01 2.077328454096096380e+02
5.911221094103018459e+01 2.074457413857382164e+02
6.020099609760535486e+01 2.071574239845103023e+02
6.130390961851442455e+01 2.068693557171582995e+02
6.241721438543820710e+01 2.065822520901068344e+02
6.353718399855674903e+01 2.062968110471073828e+02
6.466067659804964762e+01 2.060129881460260606e+02
6.578552557407093104e+01 2.057295003437496916e+02
6.690965685492471948e+01 2.054449470705351075e+02
6.803109697399005995e+01 2.051577801770709755e+02
6.914844682274548404e+01 2.048656089768280140e+02
7.026051079810564204e+01 2.045657442571408069e+02
7.136610495084340755e+01 2.042555086307341412e+02
7.246436658214571480e+01 2.039325673435527051e+02
7.355479069168023898e+01 2.035949671488536410e+02
7.463689101666764714e+01 2.032407747940321201e+02
7.571033649347333494e+01 2.028684595524219674e+02
7.677535456596513086e+01 2.024779392475872157e+02
7.783229826703819754e+01 2.020694574319560388e+02
7.888152796598780014e+01 2.016432888338712246e+02
7.992350885010270645e+01 2.012001536040545489e+02
8.095878433371021288e+01 2.007411043177711747e+02
8.198789976112742295e+01 2.002672018933669733e+02
8.301141407429875585e+01 1.997796000884596879e+02
8.402991757311328058e+01 1.992796667604265792e+02
8.504400496308981872e+01 1.987687998465590624e+02
8.605425874595164260e+01 1.982483733965264037e+02
8.706116026023372001e+01 1.977195634438978118e+02
8.806514082390698661e+01 1.971834481123486285e+02
8.906663432067851716e+01 1.966411118863758247e+02
9.006624040413234411e+01 1.960940396918538227e+02
9.106481035014216729e+01 1.955443242850903971e+02
9.206321646933265868e+01 1.949941092349099847e+02
9.306229016764426376e+01 1.944454369862718579e+02
9.406265317486132460e+01 1.938998316263036941e+02
9.506486021891070948e+01 1.933586516012796039e+02
9.606944534333248953e+01 1.928232051266524820e+02
9.707645414701239872e+01 1.922936142892403666e+02
9.808543623098732667e+01 1.917687967052092120e+02
9.909591900496039329e+01 1.912476161017653453e+02
1.001073401051309588e+02 1.907287182173841131e+02
1.011188462994801824e+02 1.902100425020360888e+02
1.021295255524460117e+02 1.896893856184638594e+02
1.031384711430571599e+02 1.891645570221450612e+02
1.041448427447924132e+02 1.886335259864377747e+02
1.051478451632253410e+02 1.880943704220285611e+02
1.061466859075318467e+02 1.875451747623300491e+02
1.071408670643478729e+02 1.869847349001120733e+02
1.081305062107063719e+02 1.864133332519338069e+02
1.091157980948454309e+02 1.858314386171689421e+02
1.100969929703690582e+02 1.852396538756414373e+02
1.110747513102255084e+02 1.846395728455032668e+02
1.120499174488874417e+02 1.840332334863981032e+02
1.130233310213594393e+02 1.834226624177638882e+02
1.139955818421362324e+02 1.828092833223005869e+02
1.149669144268226262e+02 1.821936865108345671e+02
1.159375479992920930e+02 1.815764012531109586e+02
1.169075533003124718e+02 1.809575983651750164e+02
1.178763169577676280e+02 1.803357971432331510e+02
1.188430287047314380e+02 1.797090415588889982e+02
1.198068824934849914e+02 1.790753857689719268e+02
1.207671574830576731e+02 1.784330896206306818e+02
1.217232117446220343e+02 1.777806034560665580e+02
1.226744065129244206e+02 1.771163852544199528e+02
1.236203161625588223e+02 1.764394075473030057e+02
1.245611375874930502e+02 1.757501457241289131e+02
1.254971807261496792e+02 1.750493480810632718e+02
1.264288143030150877e+02 1.743379048346085654e+02
1.273570529441779939e+02 1.736182655261664536e+02
1.282833108505494124e+02 1.728938443440248136e+02
1.292090056571872196e+02 1.721680637670244778e+02
1.301352777959177445e+02 1.714436770427055592e+02
1.310627421969844590e+02 1.707221687389240969e+02
1.319919551718495541e+02 1.700048819045394168e+02
1.329233420747750927e+02 1.692928434297479043e+02
1.338564630060354261e+02 1.685849912967381670e+02
1.347905270561452653e+02 1.678794160751380389e+02
1.357247375134985816e+02 1.671741943270466209e+02
1.366581234797205298e+02 1.664669820915821390e+02
1.375894946723135206e+02 1.657549057690976611e+02
1.385176468201218540e+02 1.650350579884249100e+02
1.394416766782197215e+02 1.643052581203978946e+02
1.403619283668300000e+02 1.635663369433497962e+02
1.412790690482597142e+02 1.628199051286192400e+02
1.421937668779490593e+02 1.620675757452134462e+02
1.431067071570728046e+02 1.613110032561771163e+02
1.440185896665026064e+02 1.605518770821198018e+02
1.449301148123244616e+02 1.597918881530668216e+02
1.458420724105841657e+02 1.590329432538334515e+02
1.467554880269346427e+02 1.582775183192711665e+02
1.476714256278812627e+02 1.575281819921124793e+02
1.485908704703164176e+02 1.567873128932920963e+02
1.495140434622547900e+02 1.560554443424810245e+02
1.504407356127140076e+02 1.553320717914536715e+02
1.513707304560213345e+02 1.546166726464829821e+02
1.523035938739957373e+02 1.539081988539379040e+02
1.532385169048530997e+02 1.532046974072172816e+02
1.541746535249711201e+02 1.525041258244819176e+02
1.551112631399534507e+02 1.518046961525715233e+02
1.560482292591955513e+02 1.511061271582331642e+02
1.569856641932658476e+02 1.504086899831337689e+02
1.579236783953244014e+02 1.497126512847612219e+02
1.588623163994970753e+02 1.490181185780156454e+02
1.598015470498819184e+02 1.483250166459500576e+02
1.607413350201591413e+02 1.476332602033402850e+02
1.616815785508680960e+02 1.469426035811638087e+02
1.626219282496521998e+02 1.462522032716681792e+02
1.635619770365631780e+02 1.455610764969267734e+02
1.645013373684229236e+02 1.448682876449396986e+02
1.654399140300215265e+02 1.441736068457207693e+02
1.663778368407979542e+02 1.434773475108834191e+02
1.673152421337665885e+02 1.427798387772008368e+02
1.682524781283524078e+02 1.420819213205083429e+02
1.691903981938553159e+02 1.413856553563596776e+02
1.701299293711807366e+02 1.406932789593033988e+02
1.710719896288563291e+02 1.400070083012676605e+02
1.720174187421837075e+02 1.393288707793508650e+02
1.729670165493695038e+02 1.386607973741377009e+02
1.739215748150456875e+02 1.380046995748796519e+02
1.748814067098597320e+02 1.373613334426708832e+02
1.758460757685388955e+02 1.367296452572921055e+02
1.768150801188475043e+02 1.361084233921379791e+02
1.777879019506400482e+02 1.354964177430604195e+02
1.787639387813743497e+02 1.348921737885346204e+02
1.797425601192983322e+02 1.342941693867785204e+02
1.807231439949522098e+02 1.337009029706420904e+02
1.817052821496005777e+02 1.331113889162670887e+02
1.826887901044782438e+02 1.325251818523945531e+02
1.836734939478065769e+02 1.319418619187259765e+02
1.846592875631601771e+02 1.313611729274306583e+02
1.856462922882222415e+02 1.307834078134932554e+02
1.866346771081994689e+02 1.302089745432004690e+02
1.876246087225106294e+02 1.296382755644681311e+02
1.886162239885895247e+02 1.290716412804112281e+02
1.896096388353170710e+02 1.285093515682350471e+02
1.906049686277317790e+02 1.279516849439104647e+02
1.916023046384882491e+02 1.273988617591620311e+02
1.926016861265063653e+02 1.268509767932645218e+02
1.936031455748461667e+02 1.263081084670957921e+02
1.946067640734576969e+02 1.257704525489626519e+02
1.956129958348124944e+02 1.252391056047456885e+02
1.966224678990222117e+02 1.247155814432150862e+02
1.976358000244254924e+02 1.242013762933885346e+02
1.986532139556136372e+02 1.236970254942156657e+02
1.996743639101093208e+02 1.232016942532698494e+02
2.006988606349174802e+02 1.227144428310237032e+02
2.017263039208986015e+02 1.222343050374048516e+02
2.027562412577686359e+02 1.217601884158603838e+02
2.037882045462764040e+02 1.212909628746382964e+02
2.048217313945522449e+02 1.208255121008308350e+02
2.058564804674188053e+02 1.203630120383798499e+02
2.068922260393014199e+02 1.199029177376325777e+02
2.079287469893865250e+02 1.194446953658187027e+02
2.089657984517188538e+02 1.189877537642707352e+02
2.100030637783089560e+02 1.185313284769985671e+02
2.110402128096135925e+02 1.180746224282061547e+02
2.120769490254195944e+02 1.176169197546268350e+02
2.131133614493267316e+02 1.171584353781350671e+02
2.141497852496897565e+02 1.166999784666352866e+02
2.151865586587841221e+02 1.162423655849920436e+02
2.162239048301769344e+02 1.157861354735731254e+02
2.172618216037133720e+02 1.153312829174626017e+02
2.183002806771893916e+02 1.148777395892731761e+02
2.193392568702719245e+02 1.144254446984521536e+02
2.203787464086070713e+02 1.139743891328528207e+02
2.214187544966335395e+02 1.135245854569683104e+02
2.224592859643926204e+02 1.130760453314180438e+02
2.235003298930575113e+02 1.126287423957694216e+02
2.245418549054644757e+02 1.121826008988984000e+02
2.255838282571848197e+02 1.117375417888179214e+02
2.266262509017521154e+02 1.112935673675876558e+02
2.276692684464063916e+02 1.108510291620766992e+02
2.287130653050257081e+02 1.104103723866296463e+02
2.297578190752726641e+02 1.099720257998013011e+02
2.308035836129992049e+02 1.095361194211651821e+02
2.318503050063514195e+02 1.091025230961904526e+02
2.328979256330423766e+02 1.086710977125740243e+02
2.339463167035227684e+02 1.082415323450298956e+02
2.349951553044198249e+02 1.078130474118710396e+02
2.360440857292186365e+02 1.073847841617559169e+02
2.370927518642961331e+02 1.069558828604995284e+02
2.381407934785385123e+02 1.065254738334332671e+02
2.391878479500154242e+02 1.060926816339582501e+02
2.402335521024582192e+02 1.056566294771862857e+02
2.412774956876770602e+02 1.052163269367254230e+02
2.423191847648701582e+02 1.047705815346400300e+02
2.433581167749026690e+02 1.043181799865286905e+02
2.443937558559869103e+02 1.038578286081982043e+02
2.454253616954728159e+02 1.033877401269476763e+02
2.464521164410544998e+02 1.029059400726123243e+02
2.474732148188462588e+02 1.024104843419987390e+02
2.484882568735919222e+02 1.019004073570059603e+02
2.494973225969332020e+02 1.013759022330842754e+02
2.505005197666756658e+02 1.008372291673738061e+02
2.514982093046358784e+02 1.002852595002474914e+02
2.524917295997533415e+02 9.972322438464300376e+01
2.534826549327937641e+02 9.915492446630452150e+01
2.544725629192113843e+02 9.858416844158409731e+01
2.554630834723787132e+02 9.801489126451608058e+01
2.564558880292084950e+02 9.745112813530327855e+01
2.574526477378516347e+02 9.689691355700180964e+01
2.584545329127295190e+02 9.635507291331548174e+01
2.594614792918173407e+02 9.582545105731432500e+01
2.604732357585052114e+02 9.530744173528097463e+01
2.614895977540621175e+02 9.480055109509279987e+01
2.625107780985983936e+02 9.430529293464493890e+01
2.635372097804741429e+02 9.382271258941520387e+01
2.645693319594458330e+02 9.335387029419668181e+01
2.656078660255519708e+02 9.290050766179419384e+01
2.666539895862422895e+02 9.246546773364374872e+01
2.677089217711207425e+02 9.205169379656493334e+01
2.687737191488991471e+02 9.166173668729742019e+01
2.698485430890959265e+02 9.129598607705770519e+01
2.709332484605360492e+02 9.095409169143259476e+01
2.720276474917957898e+02 9.063560031350418456e+01
2.731304288540575840e+02 9.033734622288007188e+01
2.742390680380231061e+02 9.005323482674123170e+01
2.753509801970812987e+02 8.977702586532225837e+01
2.764634780068396367e+02 8.950223163786179725e+01
2.775735180828832540e+02 8.922150470751262219e+01
2.786779797598409800e+02 8.892731103622934086e+01
2.797738244256780717e+02 8.861231465593273526e+01
2.808591337129798831e+02 8.827188377637578753e+01
2.819327997408121860e+02 8.790334305462300790e+01
2.829937360498918224e+02 8.750406885761833564e+01
2.840415688436746109e+02 8.707315781585411685e+01
2.850775143703111780e+02 8.661354469500348330e+01
2.861030040214207588e+02 8.612868358558436910e+01
2.871195373417602354e+02 8.562219307888801723e+01
2.881291574415478181e+02 8.509900376652845466e+01
2.891341675847488659e+02 8.456467417148124355e+01
2.901368681290920222e+02 8.402475581543524186e+01
2.911393222673484047e+02 8.348422848186791612e+01
2.921432442956319164e+02 8.294723086224740882e+01
2.931503205823772760e+02 8.241783432223814998e+01
2.941619650651903726e+02 8.189945362807731044e+01
2.951782441188356074e+02 8.139225571610620591e+01
2.961988082065739718e+02 8.089540511315077254e+01
2.972232807029467381e+02 8.040800129513321792e+01
2.982506814903564987e+02 7.992769453414818770e+01
2.992794361492143480e+02 7.945070796734555074e+01
3.003079451799950448e+02 7.897320450777456813e+01
3.013347252631206175e+02 7.849163044832262415e+01
3.023586566534837630e+02 7.800331889304322885e+01
3.033786905339219402e+02 7.750577594959335670e+01
3.043938116479137079e+02 7.699658772488213287e+01
3.054034061986623101e+02 7.647429729436981916e+01
3.064071248728129149e+02 7.593807818862939030e+01
3.074046256112334277e+02 7.538712106970555737e+01
3.083959312579054881e+02 7.482146383312866078e+01
3.093818026485402584e+02 7.424285784652698794e+01
3.103630896462935880e+02 7.365326118180064441e+01
3.113406154465023405e+02 7.305454637705510379e+01
3.123150134310068324e+02 7.244797716663869380e+01
3.132868346735364184e+02 7.183455329161988345e+01
3.142566183880861672e+02 7.121524270080257679e+01
3.152244228751578703e+02 7.058973146956027733e+01
3.161896620495231787e+02 6.995598806509238443e+01
3.171517047242354010e+02 6.931186073610771814e+01
3.181099433554248890e+02 6.865526536055514839e+01
3.190638755424504325e+02 6.798441857066697480e+01
3.200130281020749408e+02 6.729762057285728361e+01
3.209569653342257425e+02 6.659329391843424162e+01
3.218959673024540962e+02 6.587219741711955123e+01
3.228309569004398440e+02 6.513718808151591588e+01
3.237628794813234663e+02 6.439119746491557805e+01
3.246923535426793137e+02 6.363714232354217160e+01
3.256190750900598800e+02 6.287789765151013910e+01
3.265425785444948019e+02 6.211633112784580391e+01
3.274622511496650645e+02 6.135525914069854991e+01
3.283759290624187770e+02 6.059695752898122123e+01
3.292805187576560684e+02 5.984337814015935209e+01
3.301729100220521786e+02 5.909646820234191722e+01
3.310495852422686767e+02 5.835815205384292170e+01
3.319062789079529239e+02 5.763031201233654599e+01
3.327386453342658115e+02 5.691482589088835198e+01
3.335455159101580307e+02 5.621087957058037432e+01
3.343459541219182825e+02 5.550051629322047830e+01
3.351669600457420302e+02 5.475905463457880273e+01
3.360366673796053760e+02 5.396068475775513207e+01
3.370210844685792608e+02 5.304180212825477980e+01
3.382324717689861586e+02 5.189264773380139673e+01
3.397859011513286873e+02 5.040065708254613241e+01
