4.968749511519770579e+01 4.971484884706510599e+01
5.194493921760640376e+01 5.023196925004890545e+01
5.366969797996517855e+01 5.062560116242870123e+01
5.503964074185758903e+01 5.093797294231871575e+01
5.622748720844934667e+01 5.121012191102089162e+01
5.733072285717543082e+01 5.146568478864999463e+01
5.838983443691765984e+01 5.171511530436508508e+01
5.944382636841464773e+01 5.196852477449173335e+01
6.051926697910147368e+01 5.223322645901622252e+01
6.161590264292611607e+01 5.251049881783472983e+01
6.272998965310743813e+01 5.280083506082397093e+01
6.385780997213504406e+01 5.310472105193757386e+01
6.499582457837279037e+01 5.342259142512512682e+01
6.614057068334108180e+01 5.375485899825461189e+01
6.728860294480382720e+01 5.410193749101106420e+01
6.843705680661199153e+01 5.446427386496966960e+01
6.958377563773041174e+01 5.484235560052886882e+01
7.072664571769303166e+01 5.523667263400637495e+01
7.186376743537246625e+01 5.564772277754492791e+01
7.299402326711947353e+01 5.607603261169224140e+01
7.411647421179915796e+01 5.652213528379083129e+01
7.523022234893770133e+01 5.698653268984402587e+01
7.633490392642487166e+01 5.746932036733414861e+01
7.743052875069884067e+01 5.797030967611411256e+01
7.851711499458880894e+01 5.848930574961865148e+01
7.959477241490071719e+01 5.902606209525862369e+01
8.066379238335737512e+01 5.958022984384616905e+01
8.172448767044687656e+01 6.015144806367764119e+01
8.277719530053902020e+01 6.073929962887402212e+01
8.382240606465157384e+01 6.134301114934535093e+01
8.486067082723764088e+01 6.196167004997527528e+01
8.589254203887919914e+01 6.259435772349294069e+01
8.691861380684062510e+01 6.323999123488399476e+01
8.793952714269869375e+01 6.389730262048202292e+01
8.895592554899656079e+01 6.456501406826578204e+01
8.996839246965765824e+01 6.524196706928850631e+01
9.097731091489471567e+01 6.592740126490970454e+01
9.198302213299105290e+01 6.662063925421568911e+01
9.298583279584354955e+01 6.732108382535616897e+01
9.398564762485693791e+01 6.802906996434312248e+01
9.498211201853769126e+01 6.874553407516405912e+01
9.597486722308765650e+01 6.947142207508454703e+01
9.696357105671752663e+01 7.020763005561182979e+01
9.794791158344006021e+01 7.095496317057332192e+01
9.892758008611055232e+01 7.171421689595577220e+01
9.990233216055749210e+01 7.248602545774818395e+01
1.008722946136419409e+02 7.327009235560066713e+01
1.018377271474201962e+02 7.406578788500839039e+01
1.027988953208282226e+02 7.487246536180671797e+01
1.037562053194739775e+02 7.568906877667922117e+01
1.047102096256983259e+02 7.651411629118702251e+01
1.056614674438634296e+02 7.734610641148958621e+01
1.066103644403700628e+02 7.818388852544993028e+01
1.075567567089882886e+02 7.902738278000401806e+01
1.085003996834177116e+02 7.987671284975802166e+01
1.094410255424468517e+02 8.073203185967568629e+01
1.103781238278576637e+02 8.159380021375363867e+01
1.113110397641333975e+02 8.246266108151399976e+01
1.122391176876482461e+02 8.333925591733942895e+01
1.131617791936305366e+02 8.422391390505248410e+01
1.140785757706560446e+02 8.511643921591942785e+01
1.149890713565898182e+02 8.601658570274736348e+01
1.158928620031865790e+02 8.692407011739720701e+01
1.167897127133748825e+02 8.783841402365253259e+01
1.176794438544290813e+02 8.875907502326587917e+01
1.185618976122140680e+02 8.968550380062943361e+01
1.194373833335401116e+02 9.061700350877663368e+01
1.203066594202840918e+02 9.155273548729365984e+01
1.211705028759215139e+02 9.249185518153645091e+01
1.220300356649480733e+02 9.343339353011026560e+01
1.228873433181969403e+02 9.437603369170631140e+01
1.237446783060872093e+02 9.531839857152554885e+01
1.246042329567006135e+02 9.625913429273546740e+01
1.254676344715834944e+02 9.719710514576294713e+01
1.263362004132160763e+02 9.813129495728415463e+01
1.272112368475333994e+02 9.906069203474453388e+01
1.280935503418704684e+02 9.998448006864319382e+01
1.289831732407321567e+02 1.009021455932127083e+02
1.298800712888100861e+02 1.018132011937594683e+02
1.307841415145783799e+02 1.027172227919106007e+02
1.316949511474186352e+02 1.036140902879159853e+02
1.326119685946216293e+02 1.045037746671850698e+02
1.335346525113111227e+02 1.053862768437633832e+02
1.344622790905301883e+02 1.062621584362380815e+02
1.353939624770034413e+02 1.071324790364076307e+02
1.363288111357146875e+02 1.079983159591647848e+02
1.372659131728803175e+02 1.088609262186807882e+02
1.382043045835061719e+02 1.097220267954267570e+02
1.391430131430061863e+02 1.105834072211606696e+02
1.400811357955004155e+02 1.114467216691806755e+02
1.410183565315393537e+02 1.123124755027966444e+02
1.419546553748828046e+02 1.131805947684365918e+02
1.428900197093394695e+02 1.140509907241141718e+02
1.438246851486719606e+02 1.149230700814360517e+02
1.447592422619464401e+02 1.157955180781463724e+02
1.456943089163613365e+02 1.166669644664434884e+02
1.466304885172714876e+02 1.175360803689166573e+02
1.475683211142883238e+02 1.184017181472827787e+02
1.485083294123440112e+02 1.192627797804573930e+02
1.494510131922134519e+02 1.201182157289497212e+02
1.503964939983712839e+02 1.209677763681316094e+02
1.513445830679212918e+02 1.218118683284135670e+02
1.522950822502680239e+02 1.226509176020700096e+02
1.532477347027415533e+02 1.234853412248058646e+02
1.542021457579575952e+02 1.243155351999015892e+02
1.551579009857040319e+02 1.251418925147766004e+02
1.561145501708567451e+02 1.259648212791154549e+02
1.570713680842401629e+02 1.267848458201713413e+02
1.580275019854438483e+02 1.276025443498824927e+02
1.589820891527808726e+02 1.284185077322949837e+02
1.599338927250838367e+02 1.292338248683311406e+02
1.608811820039431950e+02 1.300502420318177883e+02
1.618221924887650971e+02 1.308695504924600073e+02
1.627551416053844378e+02 1.316935635687935644e+02
1.636781744853523151e+02 1.325241827746780245e+02
1.645894181866489134e+02 1.333633316728038096e+02
1.654870508003162399e+02 1.342129027900801930e+02
1.663699959912944450e+02 1.350743352322935493e+02
1.672377422839700216e+02 1.359487245856871596e+02
1.680897960077683422e+02 1.368371542212655640e+02
1.689263555194885100e+02 1.377400333848719924e+02
1.697491117287413829e+02 1.386563173807238911e+02
1.705599497565630429e+02 1.395847723257129189e+02
1.713608295142975919e+02 1.405240967767588529e+02
1.721542324961792758e+02 1.414725181318001432e+02
1.729428623103206633e+02 1.424280631477062116e+02
1.737294211553461878e+02 1.433887615377578300e+02
1.745165357669135915e+02 1.443527681357084589e+02
1.753067408982273037e+02 1.453183902857223870e+02
1.761025657183167255e+02 1.462839445805205116e+02
1.769061697020236181e+02 1.472479589900226529e+02
1.777183619244516137e+02 1.482097335918095951e+02
1.785396432128889899e+02 1.491687447079422384e+02
1.793704244294017940e+02 1.501245130039183096e+02
1.802099466258753466e+02 1.510771357391970184e+02
1.810566327739365704e+02 1.520271134011672700e+02
1.819088894878461531e+02 1.529749544140115347e+02
1.827651794334256010e+02 1.539211231597231233e+02
1.836240764291225673e+02 1.548659966827627841e+02
1.844841673899351235e+02 1.558099417370524691e+02
1.853442503190179025e+02 1.567532075577684054e+02
1.862044614926651036e+02 1.576952983255863785e+02
1.870654600226861817e+02 1.586354271438661669e+02
1.879279240838593239e+02 1.595727924231031807e+02
1.887930456756826629e+02 1.605061891404462813e+02
1.896625953505721043e+02 1.614339580178661890e+02
1.905383744806738378e+02 1.623544155563581626e+02
1.914219485561524721e+02 1.632659422570822301e+02
1.923140958579261621e+02 1.641671322090330705e+02
1.932154306457171060e+02 1.650566240038994579e+02
1.941265181388149870e+02 1.659331136548312884e+02
1.950473534614866082e+02 1.667959646994686693e+02
1.959775639347582796e+02 1.676449713364127660e+02
1.969167677583499483e+02 1.684799421237639478e+02
1.978642910971245215e+02 1.693013867776901975e+02
1.988189271190949228e+02 1.701110947076317075e+02
1.997794122692669987e+02 1.709109915115454328e+02
2.007444742464676892e+02 1.717030701737475624e+02
2.017127902670482626e+02 1.724897126290046003e+02
2.026830194744100027e+02 1.732734400580684166e+02
2.036538320590742046e+02 1.740567546958598086e+02
2.046241718958306421e+02 1.748416860096302798e+02
2.055932675786742436e+02 1.756297716369922739e+02
2.065603610650602775e+02 1.764225261047864421e+02
2.075248414056670754e+02 1.772211642255032586e+02
2.084865465244011773e+02 1.780259861960894625e+02
2.094453996660640769e+02 1.788371183652608920e+02
2.104013701743433558e+02 1.796545835326041640e+02
2.113549083793155603e+02 1.804773240871817848e+02
2.123067506954322710e+02 1.813036398040925974e+02
2.132576365873687223e+02 1.821318240920785456e+02
2.142082497486406112e+02 1.829603322693340601e+02
2.151591801061313163e+02 1.837878918683008465e+02
2.161110085999058583e+02 1.846132565110853534e+02
2.170642856172080997e+02 1.854352613537171237e+02
2.180194008068898768e+02 1.862531705021954167e+02
2.189766911447396183e+02 1.870663886270032492e+02
2.199364904260838216e+02 1.878743284163103340e+02
2.208990649036863374e+02 1.886765727308597320e+02
2.218646159055128351e+02 1.894728680085445376e+02
2.228333419047161215e+02 1.902629678124875738e+02
2.238052612733124818e+02 1.910470263677148068e+02
2.247798893137466791e+02 1.918263170527216914e+02
2.257566541707635395e+02 1.926023071413382866e+02
2.267349551729098209e+02 1.933765016238069165e+02
2.277139208777773547e+02 1.941507598920500755e+02
2.286925314845636308e+02 1.949271355185825030e+02
2.296697635994514712e+02 1.957076828782166160e+02
2.306444694240146021e+02 1.964943851465463922e+02
2.316153083326819342e+02 1.972891151403765946e+02
2.325809231126013117e+02 1.980937361832830277e+02
2.335399218804016073e+02 1.989099922161477991e+02
2.344907463537732610e+02 1.997390542102467634e+02
2.354317883900786228e+02 2.005819214503484602e+02
2.363614414768222503e+02 2.014395585664352950e+02
2.372781298336602163e+02 2.023122811726457257e+02
2.381803049741024267e+02 2.031998284788266176e+02
2.390664196783472448e+02 2.041019194354428237e+02
2.399350650188191594e+02 2.050181759577571938e+02
2.407851860469031351e+02 2.059479715853953792e+02
2.416157836477027558e+02 2.068906406812604928e+02
2.424260194648610423e+02 2.078454755417925810e+02
2.432164195267527873e+02 2.088114114382932769e+02
2.439881978877247093e+02 2.097872036029868639e+02
2.447425912498962361e+02 2.107716018273536349e+02
2.454816833206368187e+02 2.117631579287338184e+02
2.462087689786578721e+02 2.127601406322379489e+02
2.469272362488073895e+02 2.137607968915336016e+02
2.476404117852358695e+02 2.147634396478238727e+02
2.483513533838249145e+02 2.157666709264395877e+02
2.490630452360734921e+02 2.167691718942566013e+02
2.497784241744173244e+02 2.177696470034575782e+02
2.504996456480118638e+02 2.187671848754718553e+02
2.512282240543967191e+02 2.197611893065246704e+02
2.519656535252592846e+02 2.207510739792211325e+02
2.527130709092816119e+02 2.217364072938338211e+02
2.534707740589333866e+02 2.227171209691658476e+02
2.542389405221525180e+02 2.236931988206389406e+02
2.550175605452985508e+02 2.246647011798406197e+02
2.558051849254423189e+02 2.256322764200693598e+02
2.565996970539167137e+02 2.265968455622358988e+02
2.573989806780571143e+02 2.275593292520444777e+02
2.582010812143912517e+02 2.285205728295620133e+02
2.590042574711690122e+02 2.294813222368228764e+02
2.598067828628825851e+02 2.304423166122621751e+02
2.606071182527080623e+02 2.314042147892038201e+02
2.614044742985587391e+02 2.323673543805273027e+02
2.621982491070321544e+02 2.333319926940009736e+02
2.629878142633802440e+02 2.342983977152279067e+02
2.637721538859453858e+02 2.352669934289736204e+02
2.645499585415595902e+02 2.362383220076182795e+02
2.653199098638008309e+02 2.372129292352291259e+02
2.660803882457401528e+02 2.381914849261129916e+02
2.668291243700713835e+02 2.391749264008780926e+02
2.675637643789766571e+02 2.401642257881335354e+02
2.682819635871464925e+02 2.411603514396725814e+02
2.689814412777654411e+02 2.421642453680136668e+02
2.696599439747316183e+02 2.431768383692055409e+02
2.703152572728282621e+02 2.441990450698814925e+02
2.709464853778400766e+02 2.452312343847368084e+02
2.715543397617465189e+02 2.462731100555329249e+02
2.721396293214905882e+02 2.473243355043564407e+02
2.727036974679099330e+02 2.483843529292851429e+02
2.732498400564492727e+02 2.494517964528217533e+02
2.737817986156139227e+02 2.505251157428041893e+02
2.743033205419669684e+02 2.516027580546645481e+02
2.748182295339281609e+02 2.526831392755243826e+02
2.753304026498926760e+02 2.537646533557879707e+02
2.758437141384150095e+02 2.548456954126608025e+02
2.763615282427476814e+02 2.559248717526694463e+02
2.768861978439633731e+02 2.570012074797368768e+02
2.774199566594535895e+02 2.580737770425605504e+02
2.779648804617177689e+02 2.591417202410895584e+02
2.785220436719216650e+02 2.602045911942270777e+02
2.790921295040661789e+02 2.612621058866847079e+02
2.796758018535027190e+02 2.623139882915418184e+02
2.802731947299322428e+02 2.633601814859251817e+02
2.808838455059597550e+02 2.644008752522696568e+02
2.815072597484364110e+02 2.654362725244452008e+02
2.821430648633208875e+02 2.664665257312756808e+02
2.827912948703836378e+02 2.674916187510284544e+02
2.834520685105592293e+02 2.685115003431455420e+02
2.841255070641685165e+02 2.695261183121491513e+02
2.848117613318977419e+02 2.705354093616231239e+02
2.855110011598301298e+02 2.715393030332549529e+02
2.862233919317415030e+02 2.725377307494535444e+02
2.869486323880749978e+02 2.735308192002989358e+02
2.876855695920840503e+02 2.745190514615945858e+02
2.884329599691668022e+02 2.755029485367039115e+02
2.891895211050859302e+02 2.764830488159777815e+02
2.899537464053115059e+02 2.774599910465282733e+02
2.907240490177750303e+02 2.784344499036329239e+02
2.914988465113082157e+02 2.794070985211670859e+02
2.922766682719912978e+02 2.803785707970837962e+02
2.930561600116179761e+02 2.813494598114222640e+02
2.938359730818542062e+02 2.823203566527679413e+02
2.946151293505615172e+02 2.832917009164306137e+02
2.953937813617626489e+02 2.842634698971828016e+02
2.961722965760670263e+02 2.852355530166672679e+02
2.969510955975592879e+02 2.862078165996188091e+02
2.977311535185198181e+02 2.871798859823370549e+02
2.985137752335125469e+02 2.881512431643719765e+02
2.993002690400681445e+02 2.891213682641660512e+02
3.000918703812715194e+02 2.900897427001359006e+02
3.008896922118794350e+02 2.910558500763119696e+02
3.016948357470744213e+02 2.920191742061990112e+02
3.025082876085451744e+02 2.929792231955092916e+02
3.033304315416112900e+02 2.939356329512603452e+02
3.041614537324093135e+02 2.948880812602351398e+02
3.050015055569039077e+02 2.958362541645485635e+02
3.058499944240805917e+02 2.967800142020482213e+02
3.067056126100682150e+02 2.977193935658241344e+02
3.075670235453263786e+02 2.986544312049149994e+02
3.084329538611826820e+02 2.995850823450238636e+02
3.093023067255155070e+02 3.005110683506826490e+02
3.101740158914752783e+02 3.014320700695584492e+02
3.110471308295997233e+02 3.023477265031805246e+02
3.119217883470465154e+02 3.032572834464979223e+02
3.127987210147087467e+02 3.041597712522347479e+02
3.136786715802512049e+02 3.050542218315529226e+02
3.145626272606227189e+02 3.059398930057095640e+02
3.154519542001613104e+02 3.068163927566079678e+02
3.163480511391097707e+02 3.076833591874978424e+02
3.172521317464582467e+02 3.085405035522811090e+02
3.181645214535518562e+02 3.093878881867401560e+02
3.190852795372705941e+02 3.102256806259928226e+02
3.200144553434891463e+02 3.110540337860333011e+02
3.209519129893302534e+02 3.118728261737392131e+02
3.218973520864605575e+02 3.126816925876205460e+02
3.228504664632397407e+02 3.134802594828214524e+02
3.238109216926876570e+02 3.142682090538136208e+02
3.247783110241966824e+02 3.150453661679417223e+02
3.257522162994265500e+02 3.158115781965911992e+02
3.267322534153350375e+02 3.165666402371640515e+02
3.277183273019121543e+02 3.173099037289796343e+02
3.287104886414628595e+02 3.180404963853980576e+02
3.297087901142040209e+02 3.187575453632532572e+02
3.307133273834788270e+02 3.194602341752151347e+02
3.317242575761588341e+02 3.201478269197272084e+02
3.327417425460191112e+02 3.208195938927486282e+02
3.337658473472803280e+02 3.214750793248288687e+02
3.347962129659730977e+02 3.221150275237942537e+02
3.358323642924708565e+02 3.227405113384069182e+02
3.368738386743764295e+02 3.233525773003862582e+02
3.379203790495974999e+02 3.239518375780668293e+02
3.389718970235829829e+02 3.245385479854093660e+02
3.400283101485592283e+02 3.251129515019233622e+02
3.410897963118523535e+02 3.256746679241055631e+02
3.421571447373455612e+02 3.262218536477885777e+02
3.432312323091017561e+02 3.267524552302757570e+02
3.443129215347155991e+02 3.272644522620852285e+02
3.454029644358126347e+02 3.277560782004567272e+02
3.465020618068092517e+02 3.282256842088310123e+02
3.476109052281508411e+02 3.286716433956266883e+02
3.487298262276525520e+02 3.290931873587298924e+02
3.498586810895172903e+02 3.294906808404609819e+02
3.509972935684608615e+02 3.298645661446412305e+02
3.521453600892937175e+02 3.302155906495289628e+02
3.533020677572057480e+02 3.305457220311325273e+02
3.544664763474820006e+02 3.308572330398981762e+02
3.556376393219954366e+02 3.311524119080933133e+02
3.568145179060460919e+02 3.314337730515974272e+02
3.579960034449396744e+02 3.317040022468349321e+02
3.591809864637156693e+02 3.319657873645025461e+02
3.603685242922979342e+02 3.322214223537246767e+02
3.615580340225356508e+02 3.324723515603126316e+02
3.627489795586079708e+02 3.327199087794357979e+02
3.639408833051854799e+02 3.329652908663697417e+02
3.651336756456672674e+02 3.332087396662055880e+02
3.663274606994768305e+02 3.334500903369673779e+02
3.675223431777521341e+02 3.336891771027075038e+02
3.687184260907891939e+02 3.339258534335294257e+02
3.699158103757133631e+02 3.341599962587129653e+02
3.711145968432196014e+02 3.343914839309810532e+02
3.723148555647148328e+02 3.346202598940638495e+02
3.735165443287306175e+02 3.348465053527443729e+02
3.747195952936459094e+02 3.350704557841241922e+02
3.759239458432764991e+02 3.352923230771215799e+02
3.771296013073500717e+02 3.355120124055071074e+02
3.783366145320292162e+02 3.357292144487581709e+02
3.795450392202475314e+02 3.359436143883268642e+02
3.807549136317650778e+02 3.361547541600655222e+02
3.819662454018740618e+02 3.363618916377177470e+02
3.831790385575395703e+02 3.365642512254277108e+02
3.843932348721526182e+02 3.367611166218910626e+02
3.856083814390383964e+02 3.369521474460199784e+02
3.868238711582193332e+02 3.371371501809458096e+02
3.880391033458838592e+02 3.373159036690458379e+02
3.892536720963609582e+02 3.374873818703201778e+02
3.904673908189665781e+02 3.376496524687000829e+02
3.916800846485924126e+02 3.378007347694586997e+02
3.928917173601114428e+02 3.379384767231771320e+02
3.941027154117871873e+02 3.380601544181969871e+02
3.953136016655818139e+02 3.381629247908947491e+02
3.965249202283539489e+02 3.382440552332388961e+02
3.977374621788790137e+02 3.383020971834530428e+02
3.989521779326535125e+02 3.383364304967003022e+02
4.001700146108057652e+02 3.383464525234959410e+02
4.013913384401548115e+02 3.383319207118415761e+02
4.026154554492926536e+02 3.382932497286325315e+02
4.038415588375677316e+02 3.382309241838268008e+02
4.050686785542649773e+02 3.381451908790830316e+02
4.062949022780577479e+02 3.380349239993085462e+02
4.075179803505633345e+02 3.378985063265291160e+02
4.087356784125623790e+02 3.377343366838856014e+02
4.099461509355538738e+02 3.375412259054992887e+02
4.111479568993928524e+02 3.373184134487360097e+02
4.123396742924206819e+02 3.370651589273393824e+02
4.135201291362599818e+02 3.367810101086536747e+02
4.146889043568783109e+02 3.364663940965038478e+02
4.158457267510558495e+02 3.361219051371745081e+02
4.169903745354718012e+02 3.357482088847727937e+02
4.181231624315547606e+02 3.353467160480808502e+02
4.192447242666993361e+02 3.349192804845986302e+02
4.203556992594449753e+02 3.344677628102151630e+02
4.214568145915691844e+02 3.339940907978454447e+02
4.225489453352046780e+02 3.335003051298038486e+02
4.236329807366495288e+02 3.329884573099115528e+02
4.247098018609816563e+02 3.324605675426017228e+02
4.257802467318791741e+02 3.319184913662271583e+02
4.268451392685963697e+02 3.313640303589951372e+02
4.279053017525357632e+02 3.307989831290043412e+02
4.289615215205541290e+02 3.302250852683349649e+02
4.300145523193177723e+02 3.296440117953772528e+02
4.310651464378860283e+02 3.290574350598589035e+02
4.321139782549233814e+02 3.284668553073972248e+02
4.331615045249879472e+02 3.278732920518240235e+02
4.342081442988731510e+02 3.272776815193319635e+02
4.352542877061399622e+02 3.266808934243377394e+02
4.363000531184384840e+02 3.260831725043959750e+02
4.373454100082600462e+02 3.254844210653402001e+02
4.383903237523814482e+02 3.248845318573230543e+02
4.394346054933051278e+02 3.242830347370586992e+02
4.404778273104072355e+02 3.236788970764304167e+02
4.415195407184942269e+02 3.230710378615301579e+02
4.425592596308310362e+02 3.224582863554553001e+02
4.435963174944881757e+02 3.218390412015282891e+02
4.446299936810487452e+02 3.212115720107381094e+02
4.456595719098256154e+02 3.205741588600303089e+02
4.466844175892106819e+02 3.199252784662297699e+02
4.477039686773442213e+02 3.192635821860747569e+02
4.487176659921684632e+02 3.185877282606727476e+02
4.497250973350606387e+02 3.178967288878713475e+02
4.507262267327630525e+02 3.171905022689998077e+02
4.517210775547006278e+02 3.164691095108971126e+02
4.527097087974926808e+02 3.157326975224550552e+02
4.536924818317392010e+02 3.149821414290045141e+02
4.546699105078695879e+02 3.142186835776806220e+02
4.556425095136712002e+02 3.134435683175508416e+02
4.566107774509757746e+02 3.126580005408958414e+02
4.575751899195740862e+02 3.118631287189413115e+02
4.585362207502663523e+02 3.110600969838050673e+02
4.594943074711501367e+02 3.102499617329646071e+02
4.604497285721810158e+02 3.094333950080982731e+02
4.614027190040014830e+02 3.086109636271494310e+02
4.623535069190642162e+02 3.077832179941231061e+02
4.633022083194594529e+02 3.069504377308169865e+02
4.642488471984349303e+02 3.061126803076525675e+02
4.651934447373106991e+02 3.052699964059538615e+02
4.661359970310496692e+02 3.044223761856159172e+02
4.670764412651260500e+02 3.035696676860038110e+02
4.680147061779215960e+02 3.027116985676735794e+02
4.689507695722264771e+02 3.018484149562275434e+02
4.698849863204131907e+02 3.009806734043366987e+02
4.708178861244953737e+02 3.001097525873919949e+02
4.717500008347744824e+02 2.992369363685135681e+02
4.726819102949596640e+02 2.983636245194023786e+02
4.736142576966113324e+02 2.974913698027609712e+02
4.745476905673249917e+02 2.966217354532235504e+02
4.754827730371557664e+02 2.957560833737826442e+02
4.764197356459948196e+02 2.948949701408629949e+02
4.773587255361928783e+02 2.940387509992473269e+02
4.782998781929514962e+02 2.931877530512330168e+02
4.792431587948967717e+02 2.923418922479626758e+02
4.801884034935006866e+02 2.915007730454809121e+02
4.811354457934496622e+02 2.906639935100169509e+02
4.820842204556744264e+02 2.898313961604600308e+02
4.830348806288442916e+02 2.890033507470178051e+02
4.839876078783069033e+02 2.881802956233973987e+02
4.849425355829307591e+02 2.873625528101903797e+02
4.858994610721157414e+02 2.865496330281819155e+02
4.868580385700108195e+02 2.857407015095494103e+02
4.878179132486801564e+02 2.849349016327482786e+02
4.887784418830187292e+02 2.841306805222031926e+02
4.897386297181523673e+02 2.833256366323644215e+02
4.906974606955508307e+02 2.825173169859830864e+02
4.916539761759504472e+02 2.817034072290746280e+02
4.926074272582002891e+02 2.808820993635152945e+02
4.935571129168374682e+02 2.800517009740594290e+02
4.945023694229298599e+02 2.792106096878857784e+02
4.954430180111955906e+02 2.783583939462062062e+02
4.963792190646980771e+02 2.774954409725129381e+02
4.973111406804960097e+02 2.766221566136925389e+02
4.982390495509405355e+02 2.757391847525939852e+02
4.991634078870366693e+02 2.748476413074924949e+02
5.000847009367617488e+02 2.739486978142056159e+02
5.010034080203051872e+02 2.730435114983329754e+02
5.019199708764052161e+02 2.721331488604401443e+02
5.028348165615077505e+02 2.712186409567059968e+02
5.037483700123761423e+02 2.703010137253884864e+02
5.046609961577992181e+02 2.693811482165692723e+02
5.055729923591868555e+02 2.684597623401118653e+02
5.064846523709846338e+02 2.675375652969235034e+02
5.073962566580051998e+02 2.666152341792012521e+02
5.083080413335559342e+02 2.656933389227028215e+02
5.092202332699602607e+02 2.647724271363037474e+02
5.101330601002995309e+02 2.638530482530326253e+02
5.110467583014567481e+02 2.629357729116912878e+02
5.119615700559945140e+02 2.620211854322255931e+02
5.128777376840266697e+02 2.611098704638817480e+02
5.137955076507095100e+02 2.602024225439614042e+02
5.147151339863735302e+02 2.592994542565934353e+02
5.156368715264562752e+02 2.584015801065001483e+02
5.165609557279958608e+02 2.575093677820754579e+02
5.174875101969444131e+02 2.566231147503760894e+02
5.184166184960705550e+02 2.557430217380223780e+02
5.193483537782133226e+02 2.548692643445845363e+02
5.202825330897672984e+02 2.540013999933454443e+02
5.212187070444826986e+02 2.531383430064611844e+02
5.221564138229371110e+02 2.522789776957528431e+02
5.230951780842922290e+02 2.514221560856286999e+02
5.240344832254315861e+02 2.505666316714502955e+02
5.249738048001897823e+02 2.497111392203814830e+02
5.259126567744824570e+02 2.488545064491477490e+02
5.268509538980575826e+02 2.479965308912704245e+02
5.277888493016129132e+02 2.471375869145398383e+02
5.287264995396676568e+02 2.462780571991997931e+02
5.296640813082899513e+02 2.454183752396448313e+02
5.306018051670210980e+02 2.445590599628096129e+02
5.315398849209589116e+02 2.437006384836877260e+02
5.324784620414318397e+02 2.428434641495090887e+02
5.334172974518049841e+02 2.419869761152973524e+02
5.343560273720249825e+02 2.411303139604516446e+02
5.352942909226890151e+02 2.402726242964766925e+02
5.362317909732064436e+02 2.394132082482844908e+02
5.371682916710709605e+02 2.385515154656776531e+02
5.381035598212058630e+02 2.376870020326037718e+02
5.390375030517035384e+02 2.368194599300822745e+02
5.399704223465953419e+02 2.359496193874927883e+02
5.409026868395302472e+02 2.350783731874160480e+02
5.418346673154358086e+02 2.342066146496044610e+02
5.427667500754599814e+02 2.333352421413342199e+02
5.436993299222581300e+02 2.324651567954755933e+02
5.446327981254953556e+02 2.315972503887738014e+02
5.455673287506560882e+02 2.307318516308270091e+02
5.465027591967447052e+02 2.298684164771558756e+02
5.474388979022077137e+02 2.290063258076614829e+02
5.483754944827059035e+02 2.281447979890967019e+02
5.493120162376995950e+02 2.272822714167483866e+02
5.502478458724890515e+02 2.264169507726743404e+02
5.511823826330141856e+02 2.255470779801627828e+02
5.521153361217385509e+02 2.246715938812266131e+02
5.530466915751241004e+02 2.237900600419420414e+02
5.539764440328766568e+02 2.229020602271230587e+02
5.549046850879476551e+02 2.220074486889886032e+02
5.558317534752869733e+02 2.211067720314019027e+02
5.567580269119839613e+02 2.202006860640586865e+02
5.576838779992200443e+02 2.192898860718136689e+02
5.586096359186153677e+02 2.183754023718302051e+02
5.595356079563623553e+02 2.174584342298997512e+02
5.604620974054682847e+02 2.165401860586043199e+02
5.613892211233113585e+02 2.156220500571348850e+02
5.623168293744796529e+02 2.147056869492978706e+02
5.632447519210220435e+02 2.137927781100080722e+02
5.641726810207667313e+02 2.128850678401659593e+02
5.650997065406932052e+02 2.119845761124853425e+02
5.660247534333562953e+02 2.110933983693834080e+02
5.669467076367086520e+02 2.102136201410942533e+02
5.678638114255300025e+02 2.093471633773156384e+02
5.687737790094020056e+02 2.084958158252742919e+02
5.696743084654732456e+02 2.076613598048086260e+02
5.705629555232470693e+02 2.068451822069627895e+02
5.714369416418219316e+02 2.060477413500367447e+02
5.722934403489185797e+02 2.052693624033279320e+02
5.731324293212045404e+02 2.045079062763527986e+02
5.739754366688400751e+02 2.037422955599042780e+02
5.748539824364568176e+02 2.029426720265257984e+02
5.758007817956211056e+02 2.020780709823515622e+02
5.768945127895433416e+02 2.010748709025918117e+02
5.782745211506988881e+02 1.998031463094829974e+02
5.800843051951692360e+02 1.981291178307932341e+02
