2.249545605315940477e+01 2.347668749320011372e+01
2.437821139225086853e+01 2.377360016481929605e+01
2.586746587186411617e+01 2.411449929277052107e+01
2.708757616172831462e+01 2.449747508976995647e+01
2.816096714614405272e+01 2.492081859978612002e+01
2.916322571393235918e+01 2.538769021363738077e+01
3.012172321835590338e+01 2.590626288008315470e+01
3.106162364666410980e+01 2.648493902889783413e+01
3.200299302993803963e+01 2.712974206565332480e+01
3.294409936360562341e+01 2.783652307339197307e+01
3.387738567279781421e+01 2.859841484083233709e+01
3.479548296880099656e+01 2.940853915023362219e+01
3.569610772853816627e+01 3.025972088339944577e+01
3.658252406010696944e+01 3.114446103945664390e+01
3.745827677001020817e+01 3.205524422975357623e+01
3.832708844794485259e+01 3.298474245279388839e+01
3.919349436972637335e+01 3.392648429502030183e+01
4.006226189508117130e+01 3.487424296410682700e+01
4.093808885590132718e+01 3.582184539917359700e+01
4.182356389270236008e+01 3.676474754152165048e+01
4.271883719909151012e+01 3.770028863018198706e+01
4.362392313718599723e+01 3.862591281159036782e+01
4.453873927378596420e+01 3.953928487296025196e+01
4.546273002861099144e+01 4.043914812000045345e+01
4.639519547501127050e+01 4.132457488978358384e+01
4.733541707337805349e+01 4.219470398010759027e+01
4.828204057467375776e+01 4.305094565566197673e+01
4.923293274285698118e+01 4.389749359618085833e+01
5.018591273707978218e+01 4.473871157914565089e+01
5.113883291894904204e+01 4.557900469236361118e+01
5.208971925804335257e+01 4.642299402579965317e+01
5.303665427761548301e+01 4.727537103321317602e+01
5.397775262876297120e+01 4.814075230611108935e+01
5.491237673396724972e+01 4.902084267466491951e+01
5.584150991487065596e+01 4.991356448808303981e+01
5.676624382053475415e+01 5.081658730600455698e+01
5.768780302434185359e+01 5.172726548269377389e+01
5.860815590471124636e+01 5.264118957671421128e+01
5.952952941940503706e+01 5.355333697367380807e+01
6.045414797971457688e+01 5.445868957722670700e+01
6.138411109886369843e+01 5.535245778949753515e+01
6.232134625280624363e+01 5.623016675129190389e+01
6.326776837948374066e+01 5.708736454145349626e+01
6.422487309119924248e+01 5.792048630560915967e+01
6.519164348195566561e+01 5.873128232235469426e+01
6.616613104428049041e+01 5.952347363631615451e+01
6.714635844102490125e+01 6.030083094645215880e+01
6.812894455519749215e+01 6.106951186668001696e+01
6.910845744222373810e+01 6.183916113253579994e+01
7.007930258737565055e+01 6.261969990547288489e+01
7.103620118987362275e+01 6.342021148342735870e+01
7.197590145193188960e+01 6.424439976356053705e+01
7.289595269012734491e+01 6.509384259031642728e+01
7.379393596331607341e+01 6.597007647030466160e+01
7.466921845711091521e+01 6.687247188469885373e+01
7.552393585359804717e+01 6.779704197524695530e+01
7.636046198509788496e+01 6.873951108030550472e+01
7.718074424426657743e+01 6.969590997171161462e+01
7.798379390168396696e+01 7.066437927688794218e+01
7.876738609760276688e+01 7.164394788893793020e+01
7.952929250963578056e+01 7.263365507197792681e+01
8.026734487967001996e+01 7.363305539880576589e+01
8.097947376121396701e+01 7.464255117553624075e+01
8.166361891223697000e+01 7.566262367600043603e+01
8.231834295754819664e+01 7.669355014464102283e+01
8.294681189719507586e+01 7.773409992120234335e+01
8.355425497763197029e+01 7.878236649807979575e+01
8.414592118681589739e+01 7.983643681930669800e+01
8.472790837739219683e+01 8.089411283861349489e+01
8.530779715436398192e+01 8.195269870360263553e+01
8.589331740891380207e+01 8.300944844185832494e+01
8.649186797395969961e+01 8.406175106735621227e+01
8.710821851999202181e+01 8.510806761427514289e+01
8.774588494290723872e+01 8.614737033347689987e+01
8.840837016640227830e+01 8.717863365036633638e+01
8.909863538713211994e+01 8.820073151873523898e+01
8.981863661627275519e+01 8.921235146526615267e+01
9.057022066634911539e+01 9.021216076407195317e+01
9.135494893274361061e+01 9.119874152255472666e+01
9.217194413688579857e+01 9.216994816288530501e+01
9.301909237655280549e+01 9.312326610638154989e+01
9.389427128137462830e+01 9.405617079972898864e+01
9.479551166531520323e+01 9.496523050706431945e+01
9.572114642830025844e+01 9.584522449030991709e+01
9.666954382574535032e+01 9.669072263042558291e+01
9.763915190554051549e+01 9.749649828898749604e+01
9.862915321399665913e+01 9.825919788881373051e+01
9.963912614243541555e+01 9.897647730614870909e+01
1.006686535790171888e+02 9.964600846843850945e+01
1.017174255932946778e+02 1.002664809088186360e+02
1.027853570139528188e+02 1.008387180772053426e+02
1.038723909708448616e+02 1.013638121215530106e+02
1.049783529455076660e+02 1.018431804481327276e+02
1.061018999032818186e+02 1.022814710203750508e+02
1.072410198426831585e+02 1.026851812716382852e+02
1.083936922142192429e+02 1.030608265865554074e+02
1.095577565425393658e+02 1.034141048017560394e+02
1.107307401592219378e+02 1.037488896962959188e+02
1.119101281540768582e+02 1.040688082422864227e+02
1.130934777252634831e+02 1.043767687762573075e+02
1.142791201676634216e+02 1.046679649463217316e+02
1.154658573236209236e+02 1.049329008999729638e+02
1.166524974824344696e+02 1.051620110810673623e+02
1.178377930617477318e+02 1.053447229802621052e+02
1.190203637698975854e+02 1.054680723197629959e+02
1.201988100406433659e+02 1.055187474435303159e+02
1.213716851781928483e+02 1.054842695200145783e+02
1.225369946057154635e+02 1.053618413023638993e+02
1.236923902747433317e+02 1.051549117274024638e+02
1.248355182774546250e+02 1.048670346660980073e+02
1.259640376310800178e+02 1.045021013555807770e+02
1.270756400561959794e+02 1.040648566467130109e+02
1.281680223670581142e+02 1.035601783441625372e+02
1.292390322828792364e+02 1.029929777096695886e+02
1.302884211936438419e+02 1.023685880669930555e+02
1.313172435411765377e+02 1.016926316389483560e+02
1.323265796502401486e+02 1.009707361633370652e+02
1.333178388682502771e+02 1.002084659570750205e+02
1.342933179128750680e+02 9.941121429169007229e+01
1.352554615990511877e+02 9.858434589216514610e+01
1.362067385109187398e+02 9.773328285972101526e+01
1.371499433759290696e+02 9.686423456959622058e+01
1.380881076997000605e+02 9.598398195343409611e+01
1.390242677192372014e+02 9.509931785593481379e+01
1.399608737104688316e+02 9.421611071684989724e+01
1.408986904287557991e+02 9.333756991952762405e+01
1.418381814125195604e+02 9.246642965119809787e+01
1.427796407039704434e+02 9.160511089876531798e+01
1.437208261797889008e+02 9.075134824425356328e+01
1.446575433714084511e+02 8.989926866593052068e+01
1.455855478909199974e+02 8.904290676214804989e+01
1.465011488532035173e+02 8.817706785415434467e+01
1.474023545111376166e+02 8.729892322157357398e+01
1.482874980770593538e+02 8.640609663261747642e+01
1.491551846205394156e+02 8.549645295502278941e+01
1.500084677798398616e+02 8.457180231774211165e+01
1.508540315452673610e+02 8.363717446666866806e+01
1.516986658843939040e+02 8.269769319783047479e+01
1.525486922545303230e+02 8.175832481284562903e+01
1.534088964023002575e+02 8.082351936882551513e+01
1.542837499022459724e+02 7.989762131079422147e+01
1.551775281322985620e+02 7.898482341574406007e+01
1.560909843488188926e+02 7.808659571616055928e+01
1.570218252671844255e+02 7.720205314333153979e+01
1.579676570839357339e+02 7.633023293482320071e+01
1.589252274915541534e+02 7.546965740388472454e+01
1.598882779666710405e+02 7.461704575797099892e+01
1.608498923462161372e+02 7.376872275716019089e+01
1.618031494072470764e+02 7.292124930181441300e+01
1.627410279251616885e+02 7.207585329138301233e+01
1.636564150046992552e+02 7.123804082311494312e+01
1.645421944155355618e+02 7.041347614269622568e+01
1.653965696678682491e+02 6.960323871043772215e+01
1.662376516512729268e+02 6.879125093520214307e+01
1.670882070394106904e+02 6.795742266721360636e+01
1.679724842868296832e+02 6.708008505995186965e+01
1.689470984146581998e+02 6.610308576549292070e+01
1.701001062828764816e+02 6.493677414404133685e+01
1.715208615380910828e+02 6.349011795286471482e+01
