2.369259001672374865e+01 6.919548665440913737e+01
2.529501421673541017e+01 6.913303045093921639e+01
2.664042739831078066e+01 6.895694136863959045e+01
2.780366352288146814e+01 6.869033352279555515e+01
2.885942885415919079e+01 6.835627289552982688e+01
2.986498512573443520e+01 6.797125009386724059e+01
3.084258548588940840e+01 6.753855992199672187e+01
3.181029868402038119e+01 6.705991995663006833e+01
3.278577096299670757e+01 6.653719889557152101e+01
3.377575169985205861e+01 6.597616300072149897e+01
3.477539500249555005e+01 6.538672590124265582e+01
3.577929262264891008e+01 6.477900236847158055e+01
3.678235179381626097e+01 6.416259764581509728e+01
3.778257904253180044e+01 6.354211137429712863e+01
3.877974002174829593e+01 6.291930206720473251e+01
3.977362057525250805e+01 6.229589562803741387e+01
4.076323004829770014e+01 6.167188200037229251e+01
4.174399414834252298e+01 6.103923945574944554e+01
4.271030545154670222e+01 6.038763657103213234e+01
4.365656155804904159e+01 5.970675640526640393e+01
4.457838983806454536e+01 5.898981188723069380e+01
4.547423583488934895e+01 5.823810508696028876e+01
4.634293821176130734e+01 5.745406646605754730e+01
4.718350527241938153e+01 5.664024346888630390e+01
4.800054974012047637e+01 5.580304830363212432e+01
4.880543854325799913e+01 5.495355082546308978e+01
4.960994072104277564e+01 5.410309818201874066e+01
5.042539312769340398e+01 5.326266138659717342e+01
5.125810846689307709e+01 5.243883889077638827e+01
5.211115805488287833e+01 5.163540813857312628e+01
5.298755918477981908e+01 5.085609955721135123e+01
5.388972285516465632e+01 5.010465695519923912e+01
5.481682802592087711e+01 4.938489547407807123e+01
5.576698099558224442e+01 4.870065392966863982e+01
5.673828541506127721e+01 4.805576344790579668e+01
5.772785917698013236e+01 4.745014076418517845e+01
5.873023352868293756e+01 4.687343119148339099e+01
5.973952057619344203e+01 4.631361565624851551e+01
6.074987958599197668e+01 4.575876240641516546e+01
6.175752766002597127e+01 4.520074994251534406e+01
6.276149273713983234e+01 4.463666126211620622e+01
6.376100512243374396e+01 4.406395406064785902e+01
6.475548402979990215e+01 4.348055329745169217e+01
6.574697258787512055e+01 4.289087415741067133e+01
6.673943491360773805e+01 4.230408336980508466e+01
6.773687914820705203e+01 4.172945655746207194e+01
6.874311025711003253e+01 4.117582234754550541e+01
6.976067934786253488e+01 4.064925082453807192e+01
7.079165968869392600e+01 4.015476080534395464e+01
7.183812223886752690e+01 3.969736575581974591e+01
7.290006236062637868e+01 3.927710132950721800e+01
7.397122142944382972e+01 3.887900452074110547e+01
7.504416764238675341e+01 3.848529874209529567e+01
7.611152201196017586e+01 3.807833520737180066e+01
7.716907447695038513e+01 3.764813320405669117e+01
7.821752681187990675e+01 3.719659753384632950e+01
7.925800331477543637e+01 3.672665540826162811e+01
8.029171703426486317e+01 3.624142054999590101e+01
8.132137175173141941e+01 3.574713948659119467e+01
8.235090821006298256e+01 3.525265824505475365e+01
8.338430459380747095e+01 3.476690153679464856e+01
8.442502356211764436e+01 3.429737508783996702e+01
8.547283210868481262e+01 3.384141229264056250e+01
8.652588454456319766e+01 3.339190763127825790e+01
8.758232841706534089e+01 3.294173707028579656e+01
8.863979860004504019e+01 3.248346892861619040e+01
8.969415164935756479e+01 3.200860438351885762e+01
9.074085879695068968e+01 3.150841338520096713e+01
9.177538111561479184e+01 3.097422789912694441e+01
9.279229456154658351e+01 3.040278297005466612e+01
9.378461566027282004e+01 2.980033298473951930e+01
9.474520220048488284e+01 2.917410131833242559e+01
9.566745338114328945e+01 2.853098843255276762e+01
9.655593178469740678e+01 2.787123661014488007e+01
9.742569098702168162e+01 2.718883098861393677e+01
9.829219133353929294e+01 2.647751409582457782e+01
9.917314451563483146e+01 2.572740431237875924e+01
1.001050980095460829e+02 2.489829875360901923e+01
1.011339850297042062e+02 2.393488566310542609e+01
1.023058074961666932e+02 2.278174268426083771e+01
