2.240313222329157483e+01 1.021935318683436691e+02
2.411753106177642891e+01 1.018389833584777620e+02
2.551522517090261744e+01 1.015568705105481229e+02
2.669991632277364246e+01 1.013245963266619327e+02
2.777424408706220049e+01 1.011197831929508482e+02
2.880637391982078555e+01 1.009271736729898947e+02
2.982327643726918609e+01 1.007400185859277144e+02
3.084950252782703473e+01 1.005520685140537580e+02
3.190619596172494354e+01 1.003581420625465483e+02
3.299389338015532758e+01 1.001595175143142740e+02
3.410542355830402528e+01 9.995988932243110980e+01
3.523362129660829822e+01 9.976294835960536034e+01
3.637288207366059112e+01 9.957176044774817569e+01
3.752027949194460632e+01 9.938831882153202457e+01
3.867315071882551791e+01 9.921451115803007781e+01
3.982895633887874709e+01 9.905199937929614862e+01
4.098631662456703850e+01 9.890032410387124173e+01
4.214448725414635533e+01 9.875786366468851440e+01
4.330273188357593739e+01 9.862298693029033814e+01
4.446087655345051814e+01 9.849499690121720619e+01
4.562015597122933031e+01 9.837553640152174239e+01
4.678202183619008991e+01 9.826660868295704176e+01
4.794779805303512887e+01 9.816993573124858585e+01
4.911682576192764316e+01 9.808287561992875681e+01
5.028688284439886758e+01 9.799934581056093919e+01
5.145570478037541307e+01 9.791317044390046931e+01
5.262127258856214240e+01 9.781888366602014173e+01
5.378248474703678284e+01 9.771367256864168382e+01
5.493845397704436095e+01 9.759534375372911086e+01
5.608829350763088684e+01 9.746170741008263860e+01
5.723113117626290602e+01 9.731067691260936670e+01
5.836611126909838987e+01 9.714028182101800724e+01
5.949237894977553509e+01 9.694855789307032978e+01
6.060921527991527569e+01 9.673386367311144340e+01
6.171666767542801324e+01 9.649637795975164067e+01
6.281505193693692490e+01 9.623691702231793954e+01
6.390469775993619095e+01 9.595633041951032283e+01
6.498684803771052998e+01 9.565765594767876223e+01
6.606421970610067262e+01 9.534746355738141688e+01
6.713966360382531207e+01 9.503264406210681159e+01
6.821591464734740384e+01 9.471980742591377123e+01
6.929469880016351624e+01 9.441311918264014480e+01
7.037722252232785536e+01 9.411548624460561996e+01
7.146468581644523965e+01 9.382979989928584530e+01
7.255770304381100289e+01 9.355753795615990498e+01
7.365551332303378729e+01 9.329685899970279195e+01
7.475715857525587182e+01 9.304544566729504140e+01
7.586167976964151194e+01 9.280097842680612530e+01
7.696810437272478111e+01 9.256110697427580192e+01
7.807544982347040730e+01 9.232345815340653417e+01
7.918273332256811159e+01 9.208565826481589056e+01
8.028896410087338609e+01 9.184531461908638050e+01
8.139312356526146175e+01 9.159996822951714535e+01
8.249418705431554599e+01 9.134714565025120692e+01
8.359113144353581504e+01 9.108437714625119952e+01
8.468297303637676521e+01 9.080928817956788635e+01
8.576876997292971794e+01 9.051960522500091599e+01
8.684758241247095611e+01 9.021305963258400595e+01
8.791885779326332795e+01 8.988831769830861163e+01
8.898408102831839983e+01 8.954896446884964689e+01
9.004540469962095983e+01 8.920019683771333519e+01
9.110497345350634646e+01 8.884719253930066429e+01
9.216445875256218301e+01 8.849398690018512070e+01
9.322481330115667220e+01 8.814287994850801056e+01
9.428692965909607437e+01 8.779602650535564123e+01
9.535140490711627592e+01 8.745486804114689505e+01
9.641645046173901790e+01 8.711508651461173258e+01
9.747912402993856062e+01 8.676957857899380144e+01
9.853647717978640230e+01 8.641122606690353791e+01
9.958583756058476411e+01 8.603357733335107582e+01
1.006251410038405680e+02 8.563164902245006260e+01
1.016524044379481779e+02 8.520065356450291461e+01
1.026658084356288612e+02 8.473619846241675191e+01
1.036656614229519988e+02 8.423902831477539621e+01
1.046537598920392895e+02 8.371348023169082353e+01
1.056319309582876542e+02 8.316396525444866938e+01
1.066023438310096481e+02 8.259572031252127999e+01
1.075682840344851456e+02 8.201667735947380322e+01
1.085332644222594496e+02 8.143531717054354147e+01
1.095007413789598019e+02 8.085998419325837006e+01
1.104728725041011614e+02 8.029588733783285193e+01
1.114505166120860054e+02 7.974509997716801024e+01
1.124344760483988495e+02 7.920955915645559742e+01
1.134250482891600882e+02 7.868998306432834511e+01
1.144200516170290456e+02 7.818110461595057359e+01
1.154165445676197663e+02 7.767582254375534490e+01
1.164115748479002121e+02 7.716700943779599697e+01
1.174016720764239778e+02 7.664628712579229841e+01
1.183826250335498429e+02 7.610348891349936196e+01
1.193501655248607562e+02 7.552831055890685263e+01
1.203004741562891979e+02 7.491153130955704853e+01
1.212330972903987458e+02 7.425205599077077068e+01
1.221491091579233341e+02 7.355247799273377041e+01
1.230495982132680268e+02 7.281542504346322175e+01
1.239366646616355325e+02 7.204596730426735007e+01
1.248145008272348377e+02 7.125422545000066066e+01
1.256875581559800565e+02 7.045094569243880755e+01
1.265601776448640265e+02 6.964660755968097305e+01
1.274353803698903107e+02 6.884850357375638907e+01
1.283153184567756568e+02 6.806182813880670324e+01
1.292021281805379829e+02 6.729173738702576202e+01
1.300969690842533453e+02 6.654102951560734880e+01
1.309980200922355209e+02 6.580530719040162069e+01
1.319028935789480670e+02 6.507880536554171158e+01
1.328092141963925883e+02 6.435578876165170925e+01
1.337148609818724481e+02 6.363113884822909938e+01
1.346179527121321939e+02 6.290031833523271132e+01
1.355166175090530771e+02 6.215881258960111211e+01
1.364094647689262558e+02 6.140327050357385019e+01
1.372973105995490073e+02 6.063567589810820380e+01
1.381816031938763558e+02 5.985954071836351176e+01
1.390637801711315547e+02 5.907835142550629826e+01
1.399448307451462483e+02 5.829451375223300857e+01
1.408251403291802148e+02 5.750897817561476444e+01
1.417050517666484097e+02 5.672259257261138998e+01
1.425848079902681036e+02 5.593595948940892981e+01
1.434639551618546420e+02 5.514797055085724509e+01
1.443417427262675972e+02 5.435678879315696577e+01
1.452174254618217333e+02 5.356058971931357604e+01
1.460910361609566905e+02 5.275938307729701648e+01
1.469641186352803857e+02 5.195674099166100746e+01
1.478383903028584427e+02 5.115664488129021947e+01
1.487155420047514269e+02 5.036300350371995194e+01
1.495969720144752557e+02 4.957892573882272558e+01
1.504838973543095619e+02 4.880702492683324323e+01
1.513775315890993625e+02 4.804990526583431176e+01
1.522783793696438863e+02 4.730852373976076564e+01
1.531849210909113310e+02 4.657913382460587570e+01
1.540952781855887963e+02 4.585715492098845658e+01
1.550075405498430428e+02 4.513797389317572595e+01
1.559192069160881715e+02 4.441636769947367469e+01
1.568272509920766709e+02 4.368657162818670514e+01
1.577286282352599471e+02 4.294280213871206797e+01
1.586204528656938919e+02 4.218010090670738066e+01
1.595005189768756111e+02 4.139704345398517660e+01
1.603668026161839464e+02 4.059315106223905900e+01
1.612172963371504011e+02 3.976798097900771722e+01
1.620506011284065835e+02 3.892241597055048885e+01
1.628660896893655945e+02 3.805902002941990503e+01
1.636631844583025099e+02 3.718046550778262116e+01
1.644417956101176514e+02 3.628967283781015141e+01
1.652049996069346776e+02 3.539117293673759690e+01
1.659571369934868414e+02 3.449013967868236108e+01
1.667025495461648745e+02 3.359174914613550555e+01
1.674453768423906013e+02 3.270122901730186271e+01
1.681893894234558218e+02 3.182390113843604951e+01
1.689383185568009367e+02 3.096509737741838109e+01
1.696953353798130593e+02 3.012989889783503372e+01
1.704579194609947592e+02 2.932083941781576186e+01
1.712202336039838997e+02 2.853896813026415558e+01
1.719764090216570480e+02 2.778530625447146463e+01
1.727261614426743677e+02 2.705542400459395935e+01
1.734841369067922869e+02 2.633031822699621216e+01
1.742674499846529272e+02 2.558857625304495897e+01
1.750952457983964621e+02 2.480692314260389963e+01
1.760212387484539249e+02 2.393037957279994643e+01
1.771280727136188489e+02 2.287743424497946165e+01
1.784992829360591031e+02 2.156575836799347101e+01
