4.680739784638076628e+01 2.369344809001460703e+02
4.842215345455664988e+01 2.350963219694095869e+02
4.975462800325709622e+01 2.335733191511987741e+02
5.086027464445819390e+01 2.323028545882049229e+02
5.179454653013608834e+01 2.312223104231197510e+02
5.261289681226686810e+01 2.302690687986344642e+02
5.336563983668141731e+01 2.293862276175290162e+02
5.407428497405705059e+01 2.285489238053984877e+02
5.475031125242398389e+01 2.277434507764375269e+02
5.540518749003844334e+01 2.269561133009064804e+02
5.605038250515659115e+01 2.261732161490654391e+02
5.669642059426094960e+01 2.253821714699605252e+02
5.734629728614206101e+01 2.245792183109243183e+02
5.799940658691177475e+01 2.237648182262999512e+02
5.865512003823604914e+01 2.229394591082574379e+02
5.931280918178086381e+01 2.221036288489667925e+02
5.997185726603216693e+01 2.212578289583942421e+02
6.063178447033573804e+01 2.204027202294333279e+02
6.129219971659276922e+01 2.195390666835266984e+02
6.195271342382535096e+01 2.186676340836222323e+02
6.261293601105559503e+01 2.177891881926678082e+02
6.327249661633143063e+01 2.169044974437795190e+02
6.393136366148171135e+01 2.160143786670810471e+02
6.458980077647517248e+01 2.151196908025497692e+02
6.524808144163301904e+01 2.142212941952629421e+02
6.590647913727643470e+01 2.133200491902980218e+02
6.656527349188071696e+01 2.124168155569445844e+02
6.722493340743278623e+01 2.115124353386273981e+02
6.788614822628520074e+01 2.106077299340647073e+02
6.854961971775456675e+01 2.097035195781630819e+02
6.921604965115746211e+01 2.088006245058292336e+02
6.988613939866698388e+01 2.078998640264918265e+02
7.056056591277470602e+01 2.070020005435024473e+02
7.123996795162865681e+01 2.061077074545368930e+02
7.192498094732408731e+01 2.052176504064485130e+02
7.261624033195616335e+01 2.043324950460906280e+02
7.331438126163006075e+01 2.034529067682309460e+02
7.401999200960807457e+01 2.025795081454850504e+02
7.473356145115818094e+01 2.017128309616908268e+02
7.545556578356263344e+01 2.008533954207857164e+02
7.618648120410375668e+01 2.000017217267075296e+02
7.692678383150413879e+01 1.991583300109960533e+02
7.767686221441149996e+01 1.983236597037027025e+02
7.843684966931535030e+01 1.974979150219357962e+02
7.920683326609682240e+01 1.966812575635624398e+02
7.998690007463710572e+01 1.958738489264499094e+02
8.077713716481730444e+01 1.950758507084653388e+02
8.157750653393485152e+01 1.942872935017796578e+02
8.238746221189617813e+01 1.935076758345429653e+02
8.320632928813614626e+01 1.927363611778389156e+02
8.403343285207282065e+01 1.919727130027335988e+02
8.486809799312446501e+01 1.912160947802931901e+02
8.570958941170314915e+01 1.904657986024731713e+02
8.655682799235208336e+01 1.897207101748261948e+02
8.740861311615798002e+01 1.889795715872166966e+02
8.826374402473348368e+01 1.882411247646524259e+02
8.912101995969118207e+01 1.875041116321409618e+02
8.997923176172461979e+01 1.867672784641117403e+02
9.083710218659217617e+01 1.860294067847211181e+02
9.169332095869356181e+01 1.852892952195056750e+02
9.254657758444007243e+01 1.845457425068613304e+02
9.339556157024291849e+01 1.837975473851843446e+02
9.423897183244474718e+01 1.830435341730064067e+02
9.507561940898267494e+01 1.822828319823254901e+02
9.590438899263790518e+01 1.815147701498626986e+02
9.672416656438427651e+01 1.807386815141863963e+02
9.753383810519562758e+01 1.799538989138650891e+02
9.833229684401145221e+01 1.791597695634722527e+02
9.911857026459682629e+01 1.783559069658282965e+02
9.989180422543367399e+01 1.775421594145381903e+02
1.006511486411621092e+02 1.767183832484092818e+02
1.013957534264221749e+02 1.758844348062487768e+02
1.021247684797312161e+02 1.750401718712006414e+02
1.028373431895775809e+02 1.741854979164754695e+02
1.035326263424927760e+02 1.733203703405801548e+02
1.042097666903414392e+02 1.724447496475960406e+02
1.048679129849880525e+02 1.715585963416044422e+02
1.055062158964936430e+02 1.706618713725681573e+02
1.061239485213408358e+02 1.697545641482484484e+02
1.067205780590326185e+02 1.688367091953005570e+02
1.072955889241125647e+02 1.679083450419843757e+02
1.078484655311241767e+02 1.669695102165599394e+02
1.083786934611162138e+02 1.660202435618111849e+02
1.088859685766764329e+02 1.650606406185987964e+02
1.093704389124430207e+02 1.640909188466434330e+02
1.098323111349464796e+02 1.631113115145453207e+02
1.102717919107172690e+02 1.621220518909047996e+02
1.106890880161473802e+02 1.611233732745437237e+02
1.110845461130377316e+02 1.601155474451350642e+02
1.114589266659012594e+02 1.590989600146709222e+02
1.118130662901787105e+02 1.580740175433791705e+02
1.121478016013108743e+02 1.570411265914875685e+02
1.124639692147383983e+02 1.560006937192239320e+02
1.127624469010711437e+02 1.549531342574673261e+02
1.130442821428666207e+02 1.538988997047111411e+02
1.133105661626060225e+02 1.528384508809416218e+02
1.135623901828150792e+02 1.517722486061545908e+02
1.138008454260194071e+02 1.507007537003456719e+02
1.140270189472370816e+02 1.496244230294166755e+02
1.142419737012776011e+02 1.485436905932062075e+02
1.144467639995558272e+02 1.474589821907771352e+02
1.146424441423599632e+02 1.463707236106354799e+02
1.148300684299781409e+02 1.452793406412871491e+02
1.150106898011639345e+02 1.441852583576760480e+02
1.151853499746501797e+02 1.430888959544836894e+02
1.153550851487813844e+02 1.419906697332298791e+02
1.155209314834101662e+02 1.408909959752614327e+02
1.156839251383890144e+02 1.397902909619251943e+02
1.158450907194771986e+02 1.386889662928548432e+02
1.160053125742681743e+02 1.375873767351439483e+02
1.161653816574894051e+02 1.364858392131420146e+02
1.163260872315055110e+02 1.353846699654542363e+02
1.164882185586811119e+02 1.342841852306856367e+02
1.166525520470997179e+02 1.331846958471991513e+02
1.168196207289407482e+02 1.320864104081372830e+02
1.169897401820791174e+02 1.309894461514058435e+02
1.171632183350493932e+02 1.298939171013283840e+02
1.173403631163862286e+02 1.287999372822285693e+02
1.175214832725273197e+02 1.277076208798607979e+02
1.177069141453538350e+02 1.266170873291643915e+02
1.178970228857928078e+02 1.255284623432806086e+02
1.180921785158806472e+02 1.244418720046544706e+02
1.182927500576536062e+02 1.233574423957309847e+02
1.184991072131654164e+02 1.222752997576501173e+02
1.187116647633433644e+02 1.211955808515579776e+02
1.189309099388747484e+02 1.201184393461200557e+02
1.191573365139848306e+02 1.190440304370598597e+02
1.193914382628989728e+02 1.179725093201010537e+02
1.196337090502423877e+02 1.169040311981291893e+02
1.198846600616793125e+02 1.158387526463148731e+02
1.201448402599625354e+02 1.147768332327740382e+02
1.204148035873935498e+02 1.137184329201348163e+02
1.206951039862738639e+02 1.126637116710252542e+02
1.209862954361238252e+02 1.116128294649742543e+02
1.212889864519299010e+02 1.105659710456523896e+02
1.216039492884923163e+02 1.095233955097385774e+02
1.219319868034520340e+02 1.084853758504295058e+02
1.222739018544498180e+02 1.074521850609220337e+02
1.226304972991265601e+02 1.064240961344128209e+02
1.230025847996321460e+02 1.054013995416993907e+02
1.233910128826446453e+02 1.043844589323894070e+02
1.237966397216600285e+02 1.033736571057364273e+02
1.242203234902067379e+02 1.023693768610587540e+02
1.246629223618133295e+02 1.013720009976745473e+02
1.251252300903263688e+02 1.003819088102128632e+02
1.256076620274514823e+02 9.939945900670794288e+01
1.261104958026255645e+02 9.842500280254994038e+01
1.266340088474735524e+02 9.745889140236737092e+01
1.271784785936201558e+02 9.650147601078857917e+01
1.277441360804184853e+02 9.555311479846568545e+01
1.283308235879158872e+02 9.461422431013772893e+01
1.289381894215904936e+02 9.368525021676208553e+01
1.295658804597841822e+02 9.276663840358747848e+01
1.302135435808388593e+02 9.185883475586263103e+01
1.308808149174028017e+02 9.096229987033893849e+01
1.315671976894414001e+02 9.007767630924763580e+01
1.322721054116906316e+02 8.920572944668977300e+01
1.329949499156243178e+02 8.834722696125386676e+01
1.337351430327161097e+02 8.750293653152863271e+01
1.344921077864674999e+02 8.667363796454438329e+01
1.352654838403863096e+02 8.586034583316202884e+01
1.360551070079706335e+02 8.506428727169965498e+01
1.368608201840571610e+02 8.428669708829472995e+01
1.376824662634826382e+02 8.352881009108502042e+01
1.385198877831217317e+02 8.279185953941863829e+01
1.393729153112896029e+02 8.207702690843157711e+01
1.402413649098425878e+02 8.138543090835069904e+01
1.411250517692030257e+02 8.071818647898173538e+01
1.420237910797933978e+02 8.007640856013037478e+01
1.429373966767954869e+02 7.946120942711243629e+01
1.438655890200611793e+02 7.887351777337111969e+01
1.448079364405504634e+02 7.831396319721496013e+01
1.457639932784198322e+02 7.778314779013740576e+01
1.467333138738255514e+02 7.728167364363200420e+01
1.477154522162388162e+02 7.681014233858303442e+01
1.487098907550485478e+02 7.636905129119648450e+01
1.497159536803639526e+02 7.595866748703721782e+01
1.507329439773816375e+02 7.557922703663004427e+01
1.517601646312981529e+02 7.523096605049980212e+01
1.527969186070809258e+02 7.491412062980528219e+01
1.538424744778349407e+02 7.462891095246602902e+01
1.548959960077625055e+02 7.437550867046762448e+01
1.559566270671620032e+02 7.415407622502996787e+01
1.570235115263321006e+02 7.396477605737297267e+01
1.580957932555712659e+02 7.380777060871642448e+01
1.591726141145571205e+02 7.368315998605150696e+01
1.602531074152330746e+02 7.359077929543515495e+01
1.613364041984606558e+02 7.353039323376739844e+01
1.624216355050836569e+02 7.350176649739336199e+01
1.635079323759458987e+02 7.350466378265808487e+01
1.645944569507651352e+02 7.353872678359542192e+01
1.656805569295802911e+02 7.360286326579489469e+01
1.667656485468725691e+02 7.369570992732158743e+01
1.678491481464374715e+02 7.381590303388119878e+01
1.689304720720704438e+02 7.396207885117931369e+01
1.700090654040474476e+02 7.413285070797485332e+01
1.710846181114450246e+02 7.432663646714969730e+01
1.721569440740091750e+02 7.454175508829715113e+01
1.732258581322097371e+02 7.477652476417802063e+01
1.742911751265164355e+02 7.502926368755309738e+01
1.753527191965002601e+02 7.529831054303629401e+01
1.764104316915653783e+02 7.558226230328818929e+01
1.774643341425282301e+02 7.587989263177854582e+01
1.785144496373316940e+02 7.618997862332061288e+01
1.795608012639187336e+02 7.651129737272763975e+01
1.806034117789876063e+02 7.684264518711886183e+01
1.816422973828446175e+02 7.718319864671023822e+01
1.826774682602945177e+02 7.753248323295440514e+01
1.837089343733272244e+02 7.789003735065334411e+01
1.847367056839325130e+02 7.825539940460890875e+01
1.857607919183560625e+02 7.862811341875752191e+01
1.867811946951427160e+02 7.900791666984768824e+01
1.877979056742655075e+02 7.939478380427901527e+01
1.888109159048656238e+02 7.978870402805947037e+01
1.898202164360844790e+02 8.018966654719710618e+01
1.908257988429573686e+02 8.059766003281031033e+01
1.918276923863867580e+02 8.101263482552850803e+01
1.928259885691785485e+02 8.143447795942091716e+01
1.938207847222184057e+02 8.186307054078719148e+01
1.948121781763917966e+02 8.229829367592692790e+01
1.958002663528371841e+02 8.274002826489811468e+01
1.967851663104143825e+02 8.318811033247470732e+01
1.977670391725423258e+02 8.364227520898201362e+01
1.987460520638344121e+02 8.410224451107082189e+01
1.997223721089040680e+02 8.456773985539201988e+01
2.006961664281486719e+02 8.503848286449070315e+01
2.016675937487477484e+02 8.551420689513038553e+01
2.026367868351233312e+02 8.599468160155407759e+01
2.036038734470161842e+02 8.647968363484740451e+01
2.045689813441670708e+02 8.696898964609583516e+01
2.055322382863166411e+02 8.746237628638496631e+01
2.064937658791150170e+02 8.795962915335816490e+01
2.074536591635469449e+02 8.846057246325113965e+01
2.084120060144129525e+02 8.896504085019631702e+01
2.093688943064049965e+02 8.947286894848419081e+01
2.103244119142149202e+02 8.998389139240522638e+01
2.112786532923040284e+02 9.049792542738407519e+01
2.122317527766830949e+02 9.101468290078871348e+01
2.131838596503971530e+02 9.153383615830273357e+01
2.141351232228519166e+02 9.205505747594449417e+01
2.150856928034529574e+02 9.257801912973236824e+01
2.160357231885572560e+02 9.310238121430445801e+01
2.169854167296659284e+02 9.362769824885511127e+01
2.179350001789060229e+02 9.415347058163870031e+01
2.188847004875332800e+02 9.467919811883069769e+01
2.198347446068035822e+02 9.520438076660673232e+01
2.207853563149443517e+02 9.572852766497288712e+01
2.217367186295676049e+02 9.625126657141422015e+01
2.226889863063772168e+02 9.677230748840172225e+01
2.236423135333532173e+02 9.729136207054075669e+01
2.245968544984752953e+02 9.780814197243651620e+01
2.255527622689474754e+02 9.832236237347500207e+01
2.265101672232842418e+02 9.883380980775493185e+01
2.274691786453696238e+02 9.934233715085846939e+01
2.284299050176538799e+02 9.984779979883421674e+01
2.293924548225873821e+02 1.003500531477309039e+02
2.303569388637163797e+02 1.008489467350725022e+02
2.313235500850315134e+02 1.013441227731294560e+02
2.322925836750867461e+02 1.018349654054452742e+02
2.332643412248691845e+02 1.023208426156056419e+02
2.342391243253661628e+02 1.028011223871963580e+02
2.352172348056255089e+02 1.032751713525616566e+02
2.361989922507242170e+02 1.037422553602518747e+02
2.371847459750174210e+02 1.042014715144705264e+02
2.381748481268353430e+02 1.046519008336874066e+02
2.391696508545080917e+02 1.050926243363721682e+02
2.401695063308543467e+02 1.055227224895941731e+02
2.411747724225571403e+02 1.059411475533427307e+02
2.421858199560751075e+02 1.063465599761217391e+02
2.432030215517850991e+02 1.067375798132953975e+02
2.442267498300646196e+02 1.071128271202280615e+02
2.452573773884104185e+02 1.074709219445872179e+02
2.462952229349613731e+02 1.078104662059428733e+02
2.473404359711973086e+02 1.081300049036325674e+02
2.483931328750492753e+02 1.084280718944056332e+02
2.494534300244478118e+02 1.087032010350112614e+02
2.505214437973237978e+02 1.089539261821987850e+02
2.515971736161460797e+02 1.091789244163993970e+02
2.526801062975074217e+02 1.093775005553026745e+02
2.537695882591147267e+02 1.095491313491026659e+02
2.548649659150490265e+02 1.096932935524331469e+02
2.559655856793914950e+02 1.098094639199279072e+02
2.570707401689840026e+02 1.098971914577330722e+02
2.581793907488103059e+02 1.099564700544481752e+02
2.592903728082154089e+02 1.099874627882184654e+02
2.604025214918776783e+02 1.099903330657840286e+02
2.615146719444755945e+02 1.099652442938849930e+02
2.626256748318394898e+02 1.099123761082726105e+02
2.637345176409111787e+02 1.098320512056884439e+02
2.648402590468847961e+02 1.097246667177457766e+02
2.659419583357304191e+02 1.095906204146890985e+02
2.670386747934181813e+02 1.094303100667628570e+02
2.681294857410426289e+02 1.092441337656253211e+02
2.692137046472677184e+02 1.090324938114495410e+02
2.702908109349917822e+02 1.087957954619695897e+02
2.713602874736784543e+02 1.085344440363427196e+02
2.724216171327916527e+02 1.082488448537260979e+02
2.734742916588128878e+02 1.079394044111315338e+02
2.745179866308212695e+02 1.076065535975533578e+02
2.755525508244465414e+02 1.072507462827157383e+02
2.765778397627572076e+02 1.068724372316324178e+02
2.775937089688214314e+02 1.064720812093170963e+02
2.786000158343852604e+02 1.060501323662049060e+02
2.795966858228755996e+02 1.056070224650290612e+02
2.805837302669714290e+02 1.051431550274810007e+02
2.815611659878468345e+02 1.046589317701723871e+02
2.825290098066757309e+02 1.041547544097149540e+02
2.834872788416848266e+02 1.036310246794445078e+02
2.844360132888285762e+02 1.030881456119668087e+02
2.853752925160250697e+02 1.025265224452590189e+02
2.863051996923380216e+02 1.019465606313018355e+02
2.872258179868306343e+02 1.013486656220759556e+02
2.881372306723985162e+02 1.007332430156103555e+02
2.890395468713994660e+02 1.001007347693074934e+02
2.899329353887639513e+02 9.945166678896818269e+01
2.908175734256906821e+02 9.878657679042862583e+01
2.916936381833787664e+02 9.810600248952493985e+01
2.925613068863929698e+02 9.741048163619304034e+01
2.934208226313484147e+02 9.670064811242028213e+01
2.942726384667211050e+02 9.597744219878239846e+01
2.951172491782086809e+02 9.524186508613047408e+01
2.959551495515084980e+02 9.449491796531545162e+01
2.967868343723180260e+02 9.373760202718830215e+01
2.976128642083514819e+02 9.297098072233160337e+01
2.984340923769873939e+02 9.219639457576919028e+01
2.992514536035306492e+02 9.141526116147971948e+01
3.000658826165756068e+02 9.062899805655538898e+01
3.008783141447166827e+02 8.983902283808832578e+01
3.016896701605130602e+02 8.904672381867295883e+01
3.025007928429785693e+02 8.825330625104696480e+01
3.033124935798865067e+02 8.745990474764523981e+01
3.041255836933978571e+02 8.666765377037806672e+01
3.049408745056741168e+02 8.587768778115570001e+01
3.057591402332560619e+02 8.509110101985564256e+01
3.065808223840016353e+02 8.430862707426250324e+01
3.074061869325216776e+02 8.353080925629438980e+01
3.082354982718449037e+02 8.275818916345437515e+01
3.090690207950003696e+02 8.199130839324546116e+01
3.099070102468415939e+02 8.123070220504666850e+01
3.107496069361631612e+02 8.047682125679961018e+01
3.115968689505746170e+02 7.973005594771512961e+01
3.124488526131600565e+02 7.899079538380860299e+01
3.133056142470035184e+02 7.825942867109519341e+01
3.141672101729384394e+02 7.753634599364431779e+01
3.150336966641089589e+02 7.682196037854808424e+01
3.159051299481293995e+02 7.611670666127426443e+01
3.167815662507963452e+02 7.542102054827617508e+01
3.176630617979058684e+02 7.473533774600694812e+01
3.185496724090190241e+02 7.406009208105564312e+01
3.194414386651603195e+02 7.339564686332026611e+01
3.203383816665465815e+02 7.274227525479511769e+01
3.212405212426292564e+02 7.210024453697657520e+01
3.221478772228596767e+02 7.146982199136103020e+01
3.230604692877985258e+02 7.085127408989475839e+01
3.239783050602591175e+02 7.024480174401300303e+01
3.249013714138205842e+02 6.965049304719278211e+01
3.258296531726560943e+02 6.906842494985903613e+01
3.267631351609389299e+02 6.849867440243657768e+01
3.277018021423871801e+02 6.794131812527061243e+01
3.286456227321172037e+02 6.739637137999464755e+01
3.295945277227381212e+02 6.686370548249996659e+01
3.305484424993164794e+02 6.634317116853017637e+01
3.315072924469183704e+02 6.583461917382895479e+01
3.324710029461786576e+02 6.533790022042775547e+01
3.334394842236441718e+02 6.485281814223885988e+01
3.344125974756169057e+02 6.437902506915810363e+01
3.353901940004903395e+02 6.391614250605663727e+01
3.363721250966582375e+02 6.346379195780563265e+01
3.373582420625138525e+02 6.302159492927618345e+01
3.383484047217787634e+02 6.258919092495766279e+01
3.393425114221039962e+02 6.216630078533592041e+01
3.403404713875115704e+02 6.175266831429777881e+01
3.413421938426699853e+02 6.134803731709512675e+01
3.423475880122475132e+02 6.095215159897982460e+01
3.433565694956296284e+02 6.056477208441271642e+01
3.443690944042333513e+02 6.018576849231875769e+01
3.453851347115714816e+02 5.981505313904825982e+01
3.464046624281119193e+02 5.945253844019420342e+01
3.474276495643225644e+02 5.909813681134950514e+01
3.484540702671731083e+02 5.875176987653538418e+01
3.494839181711388960e+02 5.841344325189886888e+01
3.505171973357907973e+02 5.808320748626749008e+01
3.515539119192384874e+02 5.776111355317785012e+01
3.525940660795918120e+02 5.744721242616660106e+01
3.536376583349938869e+02 5.714154620070986823e+01
3.546846104493034204e+02 5.684403615079230576e+01
3.557347887779600910e+02 5.655451633014944690e+01
3.567880584482394397e+02 5.627281885922274540e+01
3.578442845874170075e+02 5.599877585845360528e+01
3.589033303560115087e+02 5.573221851521021364e+01
3.599650162648226228e+02 5.547295778288522428e+01
3.610291215638093263e+02 5.522078503981079933e+01
3.620954238140451480e+02 5.497549086307419230e+01
3.631637005766032757e+02 5.473686582976255011e+01
3.642337304975511643e+02 5.450470468392705214e+01
3.653053341501926070e+02 5.427896319287964388e+01
3.663783864275065980e+02 5.405980574086555634e+01
3.674527658381705351e+02 5.384741059836439092e+01
3.685283508908615318e+02 5.364195603585577032e+01
3.696050199519699504e+02 5.344361970879468515e+01
3.706826393665814976e+02 5.325252731141064544e+01
3.717610545072353716e+02 5.306871388560890068e+01
3.728401086382104950e+02 5.289220536048999577e+01
3.739196450237854492e+02 5.272302766515449690e+01
3.749995070159405373e+02 5.256120636370690136e+01
3.760795631585451133e+02 5.240666217661478754e+01
3.771597418516823836e+02 5.225906671467423337e+01
3.782399801920023492e+02 5.211805539530084985e+01
3.793202152761543289e+02 5.198326363591024801e+01
3.804003842214598308e+02 5.185432684351079757e+01
3.814805111995704010e+02 5.173083659716444771e+01
3.825609063067670945e+02 5.161224052572123355e+01
3.836419382529137465e+02 5.149795674872376594e+01
3.847239757478744764e+02 5.138740338571473387e+01
3.858073875015138015e+02 5.127999855623681924e+01
3.868925611464974281e+02 5.117523316106192510e+01
3.879799711395191935e+02 5.107293204514056129e+01
3.890701168240501602e+02 5.097301577340525824e+01
3.901634975456375969e+02 5.087540491877355464e+01
3.912606126498284880e+02 5.078002005416290388e+01
3.923619318053740699e+02 5.068684063880613877e+01
3.934677330661664314e+02 5.059622634457283397e+01
3.945782183643449343e+02 5.050868788826011269e+01
3.956935894387729036e+02 5.042473637017380383e+01
3.968140480283140619e+02 5.034488289061970789e+01
3.979397657970238811e+02 5.026961830049287272e+01
3.990706353353584745e+02 5.019924555003473188e+01
4.002063978568481275e+02 5.013396566718665071e+01
4.013467930755347766e+02 5.007397867028255689e+01
4.024915607054610405e+02 5.001948457765641365e+01
4.036404294196717046e+02 4.997068102239718002e+01
4.047929746762362129e+02 4.992773253775387587e+01
4.059486598349300266e+02 4.989077943978913510e+01
4.071069456903796322e+02 4.985996149040299485e+01
4.082672930372111182e+02 4.983541845149538574e+01
4.094291610000292394e+02 4.981729918018518788e+01
4.105919716321758415e+02 4.980595442992387945e+01
4.117551106448298697e+02 4.980193287969581206e+01
4.129179622249860131e+02 4.980579150944600286e+01
4.140799105596395293e+02 4.981808729911950451e+01
4.152403403270909052e+02 4.983938105674103269e+01
4.163986557714827086e+02 4.987038604065193681e+01
4.175542868268175880e+02 4.991201567573530440e+01
4.187066651717476589e+02 4.996519698058546766e+01
4.198552224849250365e+02 5.003085697379678720e+01
4.209993912585060798e+02 5.010992193305236242e+01
4.221386757472365048e+02 5.020325277719499013e+01
4.232727071379960080e+02 5.031159481974631831e+01
4.244011296030006406e+02 5.043568154764110290e+01
4.255235873144663969e+02 5.057624644781401457e+01
4.266397244829821034e+02 5.073402286184739296e+01
4.277491971999635325e+02 5.090969912778868434e+01
4.288516901947955375e+02 5.110385510556516664e+01
4.299468924249935640e+02 5.131705463931647415e+01
4.310344928480728299e+02 5.154986157318220563e+01
4.321141804123030852e+02 5.180283975355917647e+01
4.331855952588973082e+02 5.207656494340396591e+01
4.342482147938738990e+02 5.237165263852612895e+01
4.353014825475823386e+02 5.268872660569984845e+01
4.363448420503714260e+02 5.302841061169915804e+01
4.373777368325903581e+02 5.339132842329821216e+01
4.383995607249107707e+02 5.377808534078600644e+01
4.394094760061029774e+02 5.418920062868743059e+01
4.404065775729384313e+02 5.462516851497309744e+01
4.413899603145888477e+02 5.508648322478973114e+01
4.423587191202258282e+02 5.557363898328395635e+01
4.433119228555821110e+02 5.608708726791552834e+01
4.442484696663357795e+02 5.662699912096519483e+01
4.451671888879160406e+02 5.719343255280202243e+01
4.460669096659232764e+02 5.778644526197019360e+01
4.469464611459574144e+02 5.840609494701379134e+01
4.478046708842028352e+02 5.905241377282941784e+01
4.486403514313101937e+02 5.972519284347130508e+01
4.494523070851855095e+02 6.042409068432923647e+01
4.502393420581471446e+02 6.114876444584577087e+01
4.510002605625135743e+02 6.189887127846367321e+01
4.517338769756761394e+02 6.267405275430255074e+01
4.524391495314648068e+02 6.347372998055824667e+01
4.531151431345609808e+02 6.429716058768804032e+01
4.537609252084553191e+02 6.514359834598900534e+01
4.543755631766381384e+02 6.601229702575790270e+01
4.549581325549596613e+02 6.690250742230881542e+01
4.555078927839645075e+02 6.781341271497643675e+01
4.560242860151367950e+02 6.874412891332795539e+01
4.565067622495657247e+02 6.969376914119052913e+01
4.569547714883407252e+02 7.066144652239178470e+01
4.573677756319870014e+02 7.164627254034787995e+01
4.577457251574454062e+02 7.264729132518455401e+01
4.580892206759931469e+02 7.366345738197455262e+01
4.583989078388605094e+02 7.469371900675389497e+01
4.586754322972778368e+02 7.573702449555837291e+01
4.589194466555118765e+02 7.679232127615428283e+01
4.591322444930623874e+02 7.785847673369299571e+01
4.593162688634330948e+02 7.893421471126602285e+01
4.594740824808116031e+02 8.001824410918132457e+01
4.596082480593852324e+02 8.110927382774680439e+01
4.597213290014692006e+02 8.220601306530478780e+01
4.598161189326825706e+02 8.330727073190570309e+01
4.598959744752236247e+02 8.441209957629772020e+01
4.599643367128074374e+02 8.551958892824379177e+01
4.600246467291489125e+02 8.662882811750719725e+01
4.600803455772780239e+02 8.773890648740669462e+01
4.601346669690495901e+02 8.884900497563717181e+01
4.601901427856330997e+02 8.995861455838078768e+01
4.602491565568827809e+02 9.106729174702368823e+01
4.603140918126534871e+02 9.217459305295173522e+01
4.603873320827999578e+02 9.328007498755124516e+01
4.604710556789251541e+02 9.438331084734322474e+01
4.605664700518990458e+02 9.548395333713027355e+01
4.606744958321237391e+02 9.658167862122890313e+01
4.607960536075538585e+02 9.767616286742665466e+01
4.609320639661444829e+02 9.876708224351179410e+01
4.610833397348649214e+02 9.985413755225538068e+01
4.612499754364416731e+02 1.009371938062590601e+02
4.614317718611304144e+02 1.020161831676083466e+02
4.616285289212324301e+02 1.030910379990954766e+02
4.618400465290497436e+02 1.041616906635127862e+02
4.620660794055553993e+02 1.052280915257357350e+02
4.623059481587334858e+02 1.062903638806772051e+02
4.625587313243909193e+02 1.073487274533307527e+02
4.628235048124349191e+02 1.084034030147238354e+02
4.630993445327727613e+02 1.094546113358837971e+02
4.633853297078685500e+02 1.105025741776322832e+02
4.636805873756682672e+02 1.115475275880829713e+02
4.639842805074862895e+02 1.125897183522600358e+02
4.642955729498056598e+02 1.136293935166887792e+02
4.646136285491094782e+02 1.146668001278941489e+02
4.649376233428825458e+02 1.157021816007400616e+02
4.652670171318287657e+02 1.167356968179132934e+02
4.656015553649201593e+02 1.177674195683727021e+02
4.659409960591454478e+02 1.187974198971048310e+02
4.662850972314931823e+02 1.198257678490956550e+02
4.666336233450203395e+02 1.208525312061042740e+02
4.669866118519934730e+02 1.218776819028298348e+02
4.673444683582535504e+02 1.229010626145125400e+02
4.677076244838264074e+02 1.239225068827606151e+02
4.680765118487373684e+02 1.249418482491818594e+02
4.684515634512223983e+02 1.259589196715510298e+02
4.688333451827989506e+02 1.269734978118099065e+02
4.692226645678808836e+02 1.279852569721337829e+02
4.696203547251216150e+02 1.289938606125466265e+02
4.700272487731755291e+02 1.299989721930723476e+02
4.704441797966883883e+02 1.310002551404130600e+02
4.708719685528463401e+02 1.319973608026756438e+02
4.713114052140806507e+02 1.329899105606496050e+02
4.717632752906845326e+02 1.339775212271046030e+02
4.722283642929511416e+02 1.349598096148104673e+02
4.727074577274479452e+02 1.359363925350172906e+02
4.732013080695806480e+02 1.369068733270424616e+02
4.737105542862742595e+02 1.378708090351724138e+02
4.742358109812986413e+02 1.388277467670527301e+02
4.747776927584235409e+02 1.397772336303292775e+02
4.753368142214193313e+02 1.407188167326477242e+02
4.759137187246187182e+02 1.416520453548623948e+02
4.765086073474723207e+02 1.425764792176972264e+02
4.771215785153606816e+02 1.434916811729703170e+02
4.777527306342196880e+02 1.443972140730933233e+02
4.784021621099852837e+02 1.452926407704776750e+02
4.790699242515828473e+02 1.461775275662230626e+02
4.797557493705065781e+02 1.470514641200819597e+02
4.804592374380880528e+02 1.479140497824423051e+02
4.811799879982269772e+02 1.487648839349911043e+02
4.819176005948231705e+02 1.496035659594152492e+02
4.826716563899965422e+02 1.504297020427186169e+02
4.834415568633013436e+02 1.512429648941297273e+02
4.842266019086200686e+02 1.520430648320059674e+02
4.850260902682549613e+02 1.528297126010437808e+02
4.858393206845081522e+02 1.536026189459399518e+02
4.866655965966796771e+02 1.543614917770529757e+02
4.875042906070691515e+02 1.551059972692962674e+02
4.883548279937183452e+02 1.558357698111425975e+02
4.892166353573747415e+02 1.565504429928962224e+02
4.900891392987863355e+02 1.572496504048617396e+02
4.909717707912477636e+02 1.579330281839916097e+02
4.918640650657162041e+02 1.586002731887294601e+02
4.927656637024372230e+02 1.592511442172097418e+02
4.936762130725809357e+02 1.598854028578855377e+02
4.945953595473173436e+02 1.605028106992097037e+02
4.955227496096435971e+02 1.611031350157576014e+02
4.964580346294628725e+02 1.616863915684974984e+02
4.974008726560593914e+02 1.622529357474416543e+02
4.983509222200472095e+02 1.628031474169943635e+02
4.993078418520409514e+02 1.633374064415602902e+02
5.002712900256606190e+02 1.638560942362362880e+02
5.012409194608514440e+02 1.643597487622652977e+02
5.022163722702677546e+02 1.648491965842978288e+02
5.031972894234530145e+02 1.653252953687866409e+02
5.041833118899509145e+02 1.657889027821845502e+02
5.051740807378932914e+02 1.662408763529193152e+02
5.061692758645856429e+02 1.666820192482653056e+02
5.071686749087337489e+02 1.671129977967585774e+02
5.081720706469692459e+02 1.675344571337173818e+02
5.091792558559233157e+02 1.679470423944599133e+02
5.101900233155952833e+02 1.683513987037634365e+02
5.112042061718850618e+02 1.687480448235066888e+02
5.122217783976907413e+02 1.691370586655667125e+02
5.132427446583521942e+02 1.695184220610769330e+02
5.142671096192084406e+02 1.698921168411705764e+02
5.152948779455991826e+02 1.702581248369809543e+02
5.163260673997648382e+02 1.706163311783413974e+02
5.173607596323213329e+02 1.709661492736556454e+02
5.183990557457234445e+02 1.713068489081871348e+02
5.194410568470443650e+02 1.716376998330948709e+02
5.204868640433578548e+02 1.719579717995379440e+02
5.215365736234755332e+02 1.722668711618141231e+02
5.225902487133578234e+02 1.725631679300308861e+02
5.236479384816038873e+02 1.728454484686286037e+02
5.247096920482216547e+02 1.731122985027150207e+02
5.257755585332199644e+02 1.733623037573979104e+02
5.268455678174309469e+02 1.735940428684977803e+02
5.279195583942830581e+02 1.738060239490499157e+02
5.289972590553959435e+02 1.739967146889637206e+02
5.300783972939331079e+02 1.741645822996914035e+02
5.311627006030587381e+02 1.743080939926849737e+02
5.322498786948096949e+02 1.744257487344405320e+02
5.333393741501898830e+02 1.745165225567022560e+02
5.344304233621945741e+02 1.745797597192421904e+02
5.355222573880799928e+02 1.746148140108463735e+02
5.366141072851024774e+02 1.746210392203007586e+02
5.377052064646254621e+02 1.745978145438406841e+02
5.387948458507303258e+02 1.745451399021470706e+02
5.398823758161495334e+02 1.744636568345171668e+02
5.409671494750415377e+02 1.743540364679672905e+02
5.420485199415644502e+02 1.742169499295138735e+02
5.431258459481279033e+02 1.740530780719230108e+02
5.441987396936174264e+02 1.738635405235861526e+02
5.452671644903127799e+02 1.736500647250252314e+02
5.463311094505883148e+02 1.734144227792867810e+02
5.473905636868186093e+02 1.731583867894173352e+02
5.484455174089700904e+02 1.728837290054553080e+02
5.494960769482655678e+02 1.725922372286387656e+02
5.505425657000117781e+02 1.722857283298783386e+02
5.515853308572112610e+02 1.719660223671216386e+02
5.526247196128665564e+02 1.716349393983161349e+02
5.536610792287334561e+02 1.712942992478497786e+02
5.546947864773298988e+02 1.709458214904182398e+02
5.557262935021009298e+02 1.705909696614980362e+02
5.567560643063851558e+02 1.702311670078532586e+02
5.577845628935202740e+02 1.698678367762478842e+02
5.588122532673003207e+02 1.695024022103849575e+02
5.598396070978283205e+02 1.691362350587713479e+02
5.608671232091511456e+02 1.687705246747588603e+02
5.618953064344709674e+02 1.684064200477366171e+02
5.629246616069898437e+02 1.680450701670934563e+02
5.639556935599099461e+02 1.676876240222183583e+02
5.649889050262692081e+02 1.673352209464538589e+02
5.660247883357390037e+02 1.669889524409848036e+02
5.670638326025567721e+02 1.666498952232087163e+02
5.681065269400198758e+02 1.663191260061996104e+02
5.691533604614248816e+02 1.659977215030314142e+02
5.702048064968994368e+02 1.656867502330344735e+02
5.712612279828025521e+02 1.653872234052337831e+02
5.723229407220472922e+02 1.651001277595909187e+02
5.733902603410956544e+02 1.648264499444638318e+02
5.744635024664104321e+02 1.645671766082105023e+02
5.755429596196265720e+02 1.643232804636056983e+02
5.766286903972999198e+02 1.640955931324529331e+02
5.777206174579833942e+02 1.638848642460968392e+02
5.788186617816495527e+02 1.636918424234526128e+02
5.799227443482707258e+02 1.635172762834354785e+02
5.810327638984508667e+02 1.633618968316085613e+02
5.821482782437674359e+02 1.632261650612338713e+02
5.832685785097635289e+02 1.631103307529635913e+02
5.843929487125524247e+02 1.630146380568534141e+02
5.855206728682467201e+02 1.629393311229591461e+02
5.866510286012155575e+02 1.628846547721943239e+02
5.877831334946370134e+02 1.628508706229057736e+02
5.889159374977213020e+02 1.628382578877881599e+02
5.900483826483567782e+02 1.628470966098841757e+02
5.911794109844325931e+02 1.628776668322365992e+02
5.923079660986736599e+02 1.629302496335475325e+02
5.934330640341593153e+02 1.630051743508940660e+02
5.945538225520778042e+02 1.631028380746540449e+02
5.956693670340782774e+02 1.632236429711097401e+02
5.967788228618097719e+02 1.633679912065434223e+02
5.978813164798089019e+02 1.635362846971609372e+02
5.989760922980274245e+02 1.637288976041951685e+02
6.000626183200620289e+02 1.639461514816349847e+02
6.011403874859814778e+02 1.641883620164012996e+02
6.022088927358543060e+02 1.644558448954152539e+02
6.032676271841393145e+02 1.647489156676924154e+02
6.043161657855049498e+02 1.650678251640910901e+02
6.053542955783245816e+02 1.654126565024765512e+02
6.063818375053094769e+02 1.657834659896121252e+02
6.073986125091703343e+02 1.661803099322610819e+02
6.084044415337373266e+02 1.666032446355316665e+02
6.093991732390250036e+02 1.670522854517664086e+02
6.103827559547437431e+02 1.675273004637602980e+02
6.113551604067829430e+02 1.680281246622537310e+02
6.123163573210320010e+02 1.685545930379872175e+02
6.132663174233797463e+02 1.691065405817011822e+02
6.142050324616070611e+02 1.696837275949413311e+02
6.151325999304793868e+02 1.702855386681984839e+02
6.160491505027042649e+02 1.709112405132388233e+02
6.169548148627570754e+02 1.715600998000155073e+02
6.178497236951137666e+02 1.722313831984814385e+02
6.187340142201605886e+02 1.729243118139866340e+02
6.196078701170033582e+02 1.736377828683918949e+02
6.204714951867525770e+02 1.743705533045178697e+02
6.213250933113445171e+02 1.751213795017121697e+02
6.221688683727154512e+02 1.758890178393228325e+02
6.230030137621361064e+02 1.766722363220535499e+02
6.238276147613549938e+02 1.774699227574631664e+02
6.246426929605960368e+02 1.782810355336322345e+02
6.254482691302565627e+02 1.791045339471413058e+02
6.262443640407343537e+02 1.799393772945713863e+02
6.270309972698009915e+02 1.807845373988925815e+02
6.278081697362204068e+02 1.816391820624109528e+02
6.285758675670824687e+02 1.825026344473854465e+02
6.293340764834211996e+02 1.833742219809564631e+02
6.300827822062701671e+02 1.842532720902642893e+02
6.308219800318202033e+02 1.851391124672035460e+02
6.315519110360347668e+02 1.860310775995032202e+02
6.322730771680555790e+02 1.869285091880608149e+02
6.329859929742229951e+02 1.878307492820875098e+02
6.336911730008769155e+02 1.887371399307943420e+02
6.343891377810449512e+02 1.896470203153063494e+02
6.350806961103555750e+02 1.905595915166478562e+02
6.357670669729048996e+02 1.914738581038150471e+02
6.364495006798100576e+02 1.923888096377362444e+02
6.371292475421884092e+02 1.933034356793391169e+02
6.378075584111732041e+02 1.942167246165740266e+02
6.384857470787987950e+02 1.951275281223513787e+02
6.391652483071145525e+02 1.960344351084804657e+02
6.398475105811539834e+02 1.969360046788347915e+02
6.405339823859512762e+02 1.978307959372876894e+02
6.412261121956382794e+02 1.987173677647191994e+02
6.419253428710197795e+02 1.995941642254882424e+02
6.426331025127067278e+02 2.004593274748992826e+02
6.433508168241683052e+02 2.013109506364609729e+02
6.440799115088730105e+02 2.021471268336816252e+02
6.448218122670656385e+02 2.029659491901814192e+02
6.455778199207570651e+02 2.037655151487346075e+02
6.463487793530435965e+02 2.045439379216405200e+02
6.471354314206161007e+02 2.052993343191522797e+02
6.479385169801656730e+02 2.060298211515226114e+02
6.487587768883832950e+02 2.067335152290046096e+02
6.495968437628581569e+02 2.074085855597734849e+02
6.504527972980428103e+02 2.080534677972207191e+02
6.513265410920531622e+02 2.086666825165708872e+02
6.522179786682374925e+02 2.092467503291042590e+02
6.531270135499448770e+02 2.097921918461012183e+02
6.540535057125114236e+02 2.103015846608530239e+02
6.549970005280937357e+02 2.107739180208404832e+02
6.559569051482596933e+02 2.112083620333952467e+02
6.569326261301109753e+02 2.116040875837016415e+02
6.579235700307490333e+02 2.119602655569437388e+02
6.589291218686219054e+02 2.122761436883226338e+02
6.599484407150177958e+02 2.125517758935989718e+02
6.609805506926311409e+02 2.127876975857629986e+02
6.620244741148577532e+02 2.129844506333965342e+02
6.630792332950918535e+02 2.131425769050808583e+02
6.641438518750484263e+02 2.132626770357396708e+02
6.652173747092334679e+02 2.133462901376895502e+02
6.662988636939215894e+02 2.133957092699412215e+02
6.673873812069476799e+02 2.134132487962676237e+02
6.684819896261458325e+02 2.134012230804416959e+02
6.695817601986963155e+02 2.133619630870566652e+02
6.706859976228305413e+02 2.132982367327798272e+02
6.717942576890342252e+02 2.132132819055270829e+02
6.729061085912517228e+02 2.131103597088573736e+02
6.740211185234265940e+02 2.129927312463296403e+02
6.751388577288106490e+02 2.128636533770633719e+02
6.762589984674071957e+02 2.127261716674930767e+02
6.773813601324407045e+02 2.125830269480845800e+02
6.785057735707868005e+02 2.124369363269959763e+02
6.796320696293219044e+02 2.122906169123853601e+02
6.807600791918869163e+02 2.121467835645393052e+02
6.818896376719378623e+02 2.120078756966071865e+02
6.830205893108395685e+02 2.118757958941771449e+02
6.841527793685273764e+02 2.117523848032377600e+02
6.852860531049373094e+02 2.116394830697775546e+02
6.864202556828615798e+02 2.115389308659746916e+02
6.875551771828060055e+02 2.114522997031023692e+02
6.886904607151908522e+02 2.113804442537037289e+02
6.898257251429007511e+02 2.113241009242656219e+02
6.909605893288202196e+02 2.112840061212750129e+02
6.920946721358782270e+02 2.112608962487028066e+02
6.932275953569215972e+02 2.112553418136337200e+02
6.943589916458493008e+02 2.112672983521703429e+02
6.954884961726797883e+02 2.112965789334550095e+02
6.966157441074323060e+02 2.113429966266299687e+02
6.977403706201256455e+02 2.114063645008375829e+02
6.988620396650940165e+02 2.114864385141176513e+02
6.999805645209019076e+02 2.115826783495712959e+02
7.010958067395224589e+02 2.116944479107893926e+02
7.022076278971783267e+02 2.118211110532513430e+02
7.033158895700914854e+02 2.119620316324364921e+02
7.044204547959188858e+02 2.121166030161710410e+02
7.055211973430900798e+02 2.122844352705486699e+02
7.066179957622904340e+02 2.124652350349743131e+02
7.077107286261825720e+02 2.126587093926922307e+02
7.087992745074304821e+02 2.128645654269471095e+02
7.098835048910401611e+02 2.130825437932664386e+02
7.109632155682569419e+02 2.133127436877213370e+02
7.120381564997065880e+02 2.135554813934334675e+02
7.131080770064628496e+02 2.138110762229035799e+02
7.141727264095998180e+02 2.140798474886325380e+02
7.152318518318453471e+02 2.143621224414835353e+02
7.162851645556315816e+02 2.146583577538149825e+02
7.173323466842696234e+02 2.149691154655746459e+02
7.183730794726400291e+02 2.152949606804411928e+02
7.194070441756234686e+02 2.156364585020934044e+02
7.204339231850977967e+02 2.159941689017980480e+02
7.214534295892696036e+02 2.163685132872901136e+02
7.224653099327716745e+02 2.167597620436717420e+02
7.234693124505356536e+02 2.171681779260208032e+02
7.244651853774927304e+02 2.175940236894149962e+02
7.254526763985329580e+02 2.180375614426027653e+02
7.264315048751558379e+02 2.184990200127658966e+02
7.274013487655020072e+02 2.189785795758252789e+02
7.283618827428842906e+02 2.194764164478459065e+02
7.293127814806157403e+02 2.199927069448930865e+02
7.302537194201231614e+02 2.205276274544461046e+02
7.311843410949488771e+02 2.210813635746944215e+02
7.321042319306834543e+02 2.216541191072627726e+02
7.330129704168936087e+02 2.222460999898583509e+02
7.339101350431465107e+02 2.228575121601882358e+02
7.347953044327990710e+02 2.234885613175748915e+02
7.356681410892033455e+02 2.241393037062616713e+02
7.365285346248537053e+02 2.248093909136294997e+02
7.373764127144705753e+02 2.254984067088279005e+02
7.382117030327735847e+02 2.262059348610061420e+02
7.390343332552781703e+02 2.269315591385393134e+02
7.398443319929806421e+02 2.276747650775174066e+02
7.406421077505980293e+02 2.284346684944016488e+02
7.414281583924653205e+02 2.292102982392131594e+02
7.422029817829175045e+02 2.300006831619729724e+02
7.429670757862893424e+02 2.308048521127021786e+02
7.437209651673358621e+02 2.316218216104694818e+02
7.444653164127962555e+02 2.324505432100389157e+02
7.452008425138858456e+02 2.332899471488697145e+02
7.459282564891731226e+02 2.341389636518818520e+02
7.466482713572260081e+02 2.349965229439952452e+02
7.473615861757656376e+02 2.358615837698741871e+02
7.480687958080848148e+02 2.367333177264685276e+02
7.487704480170607440e+02 2.376109926292251373e+02
7.494670903346874411e+02 2.384938767652486149e+02
7.501592702929578991e+02 2.393812384216429905e+02
7.508475215918176673e+02 2.402723672461839612e+02
7.515322275285349178e+02 2.411667851517337624e+02
7.522136790845843279e+02 2.420641566133516562e+02
7.528921659015777550e+02 2.429641481752318271e+02
7.535679776211271701e+02 2.438664263815678623e+02
7.542413959536517041e+02 2.447706664758470083e+02
7.549125705817295966e+02 2.456766885157168190e+02
7.555815422583171994e+02 2.465844320378022303e+02
7.562483484784465873e+02 2.474938401521688434e+02
7.569130267371501759e+02 2.484048559688819182e+02
7.575756160107869164e+02 2.493174217618416719e+02
7.582361963078456029e+02 2.502314566435470624e+02
7.588948929551967240e+02 2.511468541456323464e+02
7.595518336209438530e+02 2.520635064781768904e+02
7.602071459731911318e+02 2.529813058512599184e+02
7.608609613940607233e+02 2.539001412381718410e+02
7.615136091949743786e+02 2.548197291156949973e+02
7.621657119513516818e+02 2.557395303793712174e+02
7.628179159483510148e+02 2.566589852615703649e+02
7.634708674711312142e+02 2.575775339946619056e+02
7.641252141190049088e+02 2.584946152068349079e+02
7.647817821095145518e+02 2.594094494880596358e+02
7.654417556426890314e+02 2.603208204411953375e+02
7.661063616381031807e+02 2.612274595216042599e+02
7.667768270153308094e+02 2.621280981846488203e+02
7.674543787232933028e+02 2.630214676749864111e+02
7.681402641427390563e+02 2.639061525389465714e+02
7.688357867923771209e+02 2.647803342583302424e+02
7.695422597479172282e+02 2.656421256966979172e+02
7.702609960850691095e+02 2.664896397176106007e+02
7.709933088792395210e+02 2.673209891845484663e+02
7.717404214578584742e+02 2.681342630896587025e+02
7.725032141837791642e+02 2.689274592027357471e+02
7.732824855081937585e+02 2.696985535065584259e+02
7.740790338822948797e+02 2.704455219839058486e+02
7.748936577572744682e+02 2.711663406175570117e+02
7.757270548137115611e+02 2.718590739336160595e+02
7.765793835612748808e+02 2.725222602072716995e+02
7.774506229324362039e+02 2.731545955014024116e+02
7.783407517371102813e+02 2.737547759865723265e+02
7.792497487852125460e+02 2.743214978333455178e+02
7.801775350667236353e+02 2.748535567697638271e+02
7.811235929236953552e+02 2.753505038115098955e+02
7.820872035752706779e+02 2.758122362785269388e+02
7.830676471909168868e+02 2.762386532981473692e+02
7.840642039401002421e+02 2.766296539977032580e+02
7.850761354134003795e+02 2.769851813297668741e+02
7.861024974967838261e+02 2.773056634779865135e+02
7.871422180850097448e+02 2.775918305410284574e+02
7.881942231420835014e+02 2.778444171719630731e+02
7.892574386320094391e+02 2.780641580238605002e+02
7.903307919110795865e+02 2.782517983656326237e+02
7.914132340045816818e+02 2.784082639365589102e+02
7.925037357273795351e+02 2.785346313666270817e+02
7.936012685029349996e+02 2.786319819262429860e+02
7.947048037547100421e+02 2.787013968858125850e+02
7.958133179181430705e+02 2.787439687089427593e+02
7.969259299083735186e+02 2.787611080578820975e+02
7.980419181045089090e+02 2.787545817243311035e+02
7.991605693079970933e+02 2.787261753095270933e+02
8.002811703202855824e+02 2.786776744147074396e+02
8.014030116061521767e+02 2.786108661772474306e+02
8.025255857908571215e+02 2.785276225061384707e+02
8.036486891059154232e+02 2.784299426210728825e+02
8.047721427931155631e+02 2.783198362292596357e+02
8.058957680942471598e+02 2.781993130379071886e+02
8.070193866858018055e+02 2.780703811205273723e+02
8.081428825878357429e+02 2.779348142519625071e+02
8.092662665318039217e+02 2.777939100021233116e+02
8.103895646254190979e+02 2.776489081540941584e+02
8.115128029763940276e+02 2.775010484909596471e+02
8.126360077111030478e+02 2.773515705743369608e+02
8.137592194528614300e+02 2.772015419286364590e+02
8.148825192465176315e+02 2.770515503902701084e+02
8.160059951267787710e+02 2.769021008460221083e+02
8.171297351283529906e+02 2.767536981826767146e+02
8.182538272859746940e+02 2.766068472870269375e+02
8.193783865163385371e+02 2.764620617641873537e+02
8.205036320387844171e+02 2.763198890465675390e+02
8.216298083660570910e+02 2.761808847697006968e+02
8.227571600109022256e+02 2.760456045691200870e+02
8.238859314860642371e+02 2.759146040803587425e+02
8.250163597391664325e+02 2.757884451540784880e+02
8.261486406090998571e+02 2.756677234138335848e+02
8.272829560380096154e+02 2.755530459000557357e+02
8.284194879571259662e+02 2.754450196621430109e+02
8.295584182976795091e+02 2.753442517494935373e+02
8.306998977311798171e+02 2.752513269665060989e+02
8.318438358526300362e+02 2.751666585630450754e+02
8.329900301449744120e+02 2.750905800079457890e+02
8.341382774692324347e+02 2.750234243274701953e+02
8.352883746864235945e+02 2.749655245478802499e+02
8.364400998433250152e+02 2.749172159077199353e+02
8.375930188523675497e+02 2.748788585894533298e+02
8.387465638266794485e+02 2.748508285084008094e+02
8.399001647829993544e+02 2.748335018263875327e+02
8.410532517380673880e+02 2.748272547052385448e+02
8.422052512344912429e+02 2.748324736362881140e+02
8.433555294899520050e+02 2.748497244727936391e+02
8.445034016097553149e+02 2.748797250385878783e+02
8.456481810834619637e+02 2.749231979615379942e+02
8.467891814006342202e+02 2.749808658695110353e+02
8.479257198428687161e+02 2.750534479643901022e+02
8.490572243583389991e+02 2.751415634643046246e+02
8.501832484078488505e+02 2.752457181906913775e+02
8.513033522282047443e+02 2.753664118430820622e+02
8.524170960562144046e+02 2.755041441210082098e+02
8.535240439810133921e+02 2.756594077175597590e+02
8.546239803558943322e+02 2.758322947193060486e+02
8.557170248327836362e+02 2.760222873867777480e+02
8.568033252039238050e+02 2.762288168001668964e+02
8.578830292615573399e+02 2.764513140396650783e+02
8.589562855706740265e+02 2.766892087755185230e+02
8.600233597892367925e+02 2.769417170317644263e+02
8.610847589297222839e+02 2.772076144603546481e+02
8.621410197850510713e+02 2.774856223762532750e+02
8.631926791481442933e+02 2.777744620944247913e+02
8.642402737890191702e+02 2.780728550174547991e+02
8.652843205243591456e+02 2.783795988794670393e+02
8.663252797093055051e+02 2.786937074083922994e+02
8.673636017818985238e+02 2.790142322700590398e+02
8.683997371801791587e+02 2.793402251302960622e+02
8.694341363421825690e+02 2.796707376549463220e+02
8.704672055763182925e+02 2.800049323859424817e+02
8.714991773401476394e+02 2.803424086670799511e+02
8.725302412853828855e+02 2.806828733922416745e+02
8.735605870637365342e+02 2.810260334553104258e+02
8.745904043269219983e+02 2.813715957501695470e+02
8.756198604301926025e+02 2.817193084053321286e+02
8.766489996760324175e+02 2.820691471206756660e+02
8.776778241475583400e+02 2.824211656757424862e+02
8.787063358900109051e+02 2.827754179201200486e+02
8.797345369486314439e+02 2.831319577033964947e+02
8.807624172661680859e+02 2.834908430463116815e+02
8.817898718993502598e+02 2.838521646722864489e+02
8.828167511502188063e+02 2.842160287295466219e+02
8.838429050573536188e+02 2.845825414571208967e+02
8.848681836593331127e+02 2.849518090940377988e+02
8.858924321941080962e+02 2.853239204092373029e+02
8.869154407721561029e+02 2.856987635559103751e+02
8.879369642580218169e+02 2.860760984228970756e+02
8.889567569430355434e+02 2.864556828130414488e+02
8.899745731185280420e+02 2.868372745291875390e+02
8.909901600501349321e+02 2.872206251454667267e+02
8.920031403755572228e+02 2.876053757456461426e+02
8.930130297250223066e+02 2.879910725447552977e+02
8.940193402528435627e+02 2.883772586762117385e+02
8.950215841133342565e+02 2.887634772734322723e+02
8.960192694065459591e+02 2.891492711134233105e+02
8.970117827291580852e+02 2.895341722918063851e+02
8.979983710335859541e+02 2.899177006280490332e+02
8.989782735677663368e+02 2.902993752643169501e+02
8.999507295796361177e+02 2.906787153427754902e+02
9.009149790071767256e+02 2.910552401063727643e+02
9.018703026911398410e+02 2.914284747720071778e+02
9.028160445857547529e+02 2.917979537744553227e+02
9.037515540410984158e+02 2.921632123365706661e+02
9.046761804072484665e+02 2.925237856812068458e+02
9.055893037052842374e+02 2.928792211003677153e+02
9.064952211623868834e+02 2.932310008244603523e+02
9.074085091309088966e+02 2.935846519568610802e+02
9.083450335311558774e+02 2.939462090506046934e+02
9.093206602834338810e+02 2.943217066587260433e+02
9.103512687338395608e+02 2.947171844353034089e+02
9.114659280685697240e+02 2.951436934299226209e+02
9.127315858424569797e+02 2.956266763364183134e+02
9.142219471094283563e+02 2.961941433172487450e+02
9.160107169234122466e+02 2.968741045348722878e+02
9.181716003383353382e+02 2.976945701517470866e+02
