4.396987719068475542e+01 4.783554306078754337e+01
4.604843855729750857e+01 4.812439567970390186e+01
4.768319329051542610e+01 4.834471264821046077e+01
4.901665043705833824e+01 4.851599748580524363e+01
5.018973608126971442e+01 4.865754880750634470e+01
5.129470534941152948e+01 4.878236508026631668e+01
5.236716297765324413e+01 4.889611173590499504e+01
5.343952331407696477e+01 4.900404123065820272e+01
5.453978898064607961e+01 4.911092696191430207e+01
5.567088147966488521e+01 4.921881882792457930e+01
5.682687088189037183e+01 4.932880557103864305e+01
5.800182004347934139e+01 4.944199071114550748e+01
5.918997184308296511e+01 4.956048528392000918e+01
6.038585403833391752e+01 4.968799468174167089e+01
6.158401958858805614e+01 4.982836534121936722e+01
6.277914941153346007e+01 4.998558774736356014e+01
6.396697562230063028e+01 5.016483576503012642e+01
6.514374618929900862e+01 5.037186397811876759e+01
6.630571862148400442e+01 5.061242143305112506e+01
6.745027990199730539e+01 5.089045417842649499e+01
6.857727228244229423e+01 5.120598887828165857e+01
6.968686042134089575e+01 5.155853753330033840e+01
7.077927517123421808e+01 5.194748822859786230e+01
7.185556185273856045e+01 5.237070436057018696e+01
7.291731341895136609e+01 5.282502415459440215e+01
7.396613306124174869e+01 5.330726661745796946e+01
7.500372317370445785e+01 5.381398010887980377e+01
7.603208700671557096e+01 5.434089218582246872e+01
7.705328462997088934e+01 5.488357538952484305e+01
7.806934775471380306e+01 5.543766383894336514e+01
7.908175143956538022e+01 5.600000037195765401e+01
8.009146252621073359e+01 5.656853137182321944e+01
8.109942921019229800e+01 5.714124371014447945e+01
8.210643006822957091e+01 5.771651432574303442e+01
8.311251616000548381e+01 5.829439320610998720e+01
8.411754353209242652e+01 5.887537880441995242e+01
8.512136706520904283e+01 5.945997236879384928e+01
8.612380100849451026e+01 6.004877256281429254e+01
8.712460934718303918e+01 6.064249855932290245e+01
8.812355294910597081e+01 6.124187700523033584e+01
8.912031253087602067e+01 6.184781861644491130e+01
9.011407924629129695e+01 6.246235840040851883e+01
9.110385945338110503e+01 6.308795575202071859e+01
9.208866093730090086e+01 6.372706439482688978e+01
9.306762580485376191e+01 6.438164779818032457e+01
9.404012242382071918e+01 6.505284361225351120e+01
9.500554090104618865e+01 6.574171014284513603e+01
9.596330770048268732e+01 6.644914358915379182e+01
9.691317194099252674e+01 6.717460151861442341e+01
9.785505154546677886e+01 6.791678884674115579e+01
9.878886508483981288e+01 6.867440447806893644e+01
9.971431973116423819e+01 6.944629363637339736e+01
1.006306321252343992e+02 7.023164106549106123e+01
1.015369495087721816e+02 7.102967954366386039e+01
1.024323885967955761e+02 7.183971428716994012e+01
1.033156562465282775e+02 7.266202308023832757e+01
1.041851661995919756e+02 7.349757925283122972e+01
1.050393259857850836e+02 7.434737109023966184e+01
1.058770499221809445e+02 7.521195868700081633e+01
1.066988983211748661e+02 7.609051141611456615e+01
1.075057650861604657e+02 7.698191679547471722e+01
1.082985692465371557e+02 7.788504735357685149e+01
1.090787773582358113e+02 7.879844898151598898e+01
1.098483871439704274e+02 7.972035069270651775e+01
1.106094181795673990e+02 8.064896846367176408e+01
1.113637949136373493e+02 8.158261498893173780e+01
1.121130042325112299e+02 8.252004784249700720e+01
1.128584072927212674e+02 8.346015243071492762e+01
1.136013544282453864e+02 8.440182250910872597e+01
1.143427638910611535e+02 8.534428505926790365e+01
1.150829857290758298e+02 8.628720526758431220e+01
1.158223313125769920e+02 8.723027814902611965e+01
1.165610748080321173e+02 8.817323225455172064e+01
1.172992460444478837e+02 8.911601638397084457e+01
1.180367762690004696e+02 9.005866819999144468e+01
1.187735981882901086e+02 9.100122505747646073e+01
1.195098044272992013e+02 9.194367315107353988e+01
1.202457744879179700e+02 9.288590689933701583e+01
1.209819177481115560e+02 9.382781116303056024e+01
1.217186456269660937e+02 9.476926906359780389e+01
1.224563891428785212e+02 9.571014702113340888e+01
1.231955902398031100e+02 9.665030214563203970e+01
1.239366901423881728e+02 9.758959177642680061e+01
1.246798281420272332e+02 9.852799227671528115e+01
1.254243951812106275e+02 9.946577501323363890e+01
1.261696682557667515e+02 1.004032562711623200e+02
1.269149040315800931e+02 1.013407602322221095e+02
1.276590605119752553e+02 1.022787270844034992e+02
1.284008685869508497e+02 1.032176852308710551e+02
1.291390534641645900e+02 1.041581652818260437e+02
1.298723456562804586e+02 1.051006947209264837e+02
1.305994941383375476e+02 1.060457901508983412e+02
1.313192518991448026e+02 1.069939658089236758e+02
1.320303934567983219e+02 1.079457270190346208e+02
1.327322166252087356e+02 1.089013624601857657e+02
1.334245586314264642e+02 1.098609374936631298e+02
1.341072814561837845e+02 1.108245072326993466e+02
1.347804588022937935e+02 1.117920392902629061e+02
1.354452090457051270e+02 1.127630695379795611e+02
1.361029722079046564e+02 1.137370009181673822e+02
1.367551952725713988e+02 1.147132334912278964e+02
1.374036423470101909e+02 1.156910360452864666e+02
1.380505209662696018e+02 1.166694938130209067e+02
1.386980716924323360e+02 1.176476783556772574e+02
1.393483808285610905e+02 1.186247248944723935e+02
1.400024443335896649e+02 1.196002186163708814e+02
1.406607882727890910e+02 1.205739386251454874e+02
1.413239336250010751e+02 1.215456661123806725e+02
1.419920305274275734e+02 1.225153340214693856e+02
1.426645202842138360e+02 1.234831653568095078e+02
1.433407643274210841e+02 1.244494158071898084e+02
1.440200886234177631e+02 1.254143554165312224e+02
1.447014500103285570e+02 1.263784036375005400e+02
1.453835861903301065e+02 1.273420686204670602e+02
1.460652321768990873e+02 1.283058596046984690e+02
1.467452295803730067e+02 1.292702430169594265e+02
1.474227024085683411e+02 1.302355718646995797e+02
1.480968209034139136e+02 1.312021805863595887e+02
1.487667748481387946e+02 1.321703967721754793e+02
1.494320691030230250e+02 1.331404375943433820e+02
1.500924632255927804e+02 1.341124309669856416e+02
1.507477240669329888e+02 1.350865022484153712e+02
1.513976020836071541e+02 1.360627997522263968e+02
1.520417865706817793e+02 1.370415574291150165e+02
1.526799525635694010e+02 1.380230291958591806e+02
1.533117835725894338e+02 1.390074674822933503e+02
1.539371940990595817e+02 1.399950841903058176e+02
1.545563516499252614e+02 1.409860468313169690e+02
1.551694366214056231e+02 1.419805206552920538e+02
1.557767009907047111e+02 1.429786427303414200e+02
1.563787757538001983e+02 1.439804009026547362e+02
1.569764168822735542e+02 1.449857338147907910e+02
1.575703824679763159e+02 1.459945761100637469e+02
1.581615405407323465e+02 1.470066488647242977e+02
1.587509226359493653e+02 1.480213555267581285e+02
1.593395735775753792e+02 1.490380737296442817e+02
1.599284182104866545e+02 1.500561223146296470e+02
1.605174676869127950e+02 1.510743723946245041e+02
1.611063128416005270e+02 1.520914891182600570e+02
1.616945389166924940e+02 1.531061334183782492e+02
1.622812433151097764e+02 1.541165134398750070e+02
1.628645293289227141e+02 1.551199146437155036e+02
1.634423792408069289e+02 1.561135101760020802e+02
1.640127669685013814e+02 1.570944094561021700e+02
1.645735718729318080e+02 1.580590015396548722e+02
1.651226135620955802e+02 1.590032202655802678e+02
1.656577158429346639e+02 1.599230006954831538e+02
1.661812295770684784e+02 1.608216695230959772e+02
1.667083333364660120e+02 1.617234981231198390e+02
1.672564620654417809e+02 1.626564420038722574e+02
1.678447235423529378e+02 1.636511860277344681e+02
1.685219293616685263e+02 1.647868790583830219e+02
1.693624110337217132e+02 1.661843076140924609e+02
1.704413300723687144e+02 1.679656124260659453e+02
