5.274382330701716626e+01 4.896310486855740862e+01
5.472491359928788768e+01 5.019322837136877524e+01
5.621485365481972707e+01 5.111905682763337211e+01
5.737625782597231705e+01 5.184072390912238859e+01
5.836688960315846941e+01 5.245531749804540311e+01
5.927502961952801286e+01 5.301629814528888573e+01
6.013701310227391161e+01 5.354451059511204392e+01
6.098786123358333811e+01 5.405997311637176495e+01
6.185220755636014189e+01 5.457595365014651634e+01
6.273290275792085424e+01 5.509156471575316516e+01
6.363005467702612350e+01 5.560413641339538060e+01
6.454374022287085211e+01 5.611096091650323814e+01
6.547383068489766345e+01 5.660907826131577281e+01
6.642011347156710599e+01 5.709542562666204901e+01
6.738237652266954569e+01 5.756694378732441209e+01
6.836043139651695810e+01 5.802069177858950866e+01
6.935411695691456657e+01 5.845386535731623212e+01
7.036327357807996918e+01 5.886366795069251623e+01
7.138766886457358396e+01 5.924767573952911448e+01
7.242682389582819269e+01 5.960472769929531012e+01
7.348020759703496196e+01 5.993392995915098709e+01
7.454726300218577251e+01 6.023450315504021546e+01
7.562713216008020822e+01 6.050699906427338703e+01
7.671876293552276138e+01 6.075282826504233924e+01
7.782109914724034638e+01 6.097342049740942116e+01
7.893300904187572087e+01 6.117065804312866817e+01
8.005322482077465907e+01 6.134723785209072133e+01
8.118046445438649528e+01 6.150594209181695504e+01
8.231339999580008282e+01 6.164971888304594927e+01
8.345044655818716706e+01 6.178244497145274039e+01
8.458992993110432224e+01 6.190831993358035845e+01
8.573017623855483293e+01 6.203154667914475340e+01
8.686952135951094078e+01 6.215639732590969402e+01
8.800631092791373078e+01 6.228721319968669690e+01
8.913889113406597176e+01 6.242833829927392486e+01
9.026573987180736935e+01 6.258378190871876967e+01
9.138571388099549608e+01 6.275659050307180564e+01
9.249773760451103044e+01 6.294963849518244814e+01
9.360075247494445705e+01 6.316573731780784584e+01
9.469386234403843616e+01 6.340709632319641287e+01
9.577626128608700640e+01 6.367559041264686925e+01
9.684714473337434981e+01 6.397308580261475441e+01
9.790573159904383260e+01 6.430114261700431655e+01
9.895127719157034107e+01 6.466084653626519696e+01
9.998303995020998514e+01 6.505324242850680605e+01
1.010002899075151817e+02 6.547921266838559973e+01
1.020023518957778634e+02 6.593887154884414770e+01
1.029885669231592260e+02 6.643210663931168369e+01
1.039582692508028572e+02 6.695879056250950612e+01
1.049106719750287198e+02 6.751852821160457552e+01
1.058448833878241260e+02 6.811069290085782768e+01
1.067600080788866705e+02 6.873465022817724446e+01
1.076550670376298342e+02 6.938973847738803613e+01
1.085288763217971422e+02 7.007522897655516658e+01
1.093802211630688248e+02 7.079038298217919589e+01
1.102078960822580314e+02 7.153442559757765196e+01
1.110107693716022936e+02 7.230629480866171832e+01
1.117877445028838963e+02 7.310479168301992559e+01
1.125377225344156074e+02 7.392871734080449642e+01
1.132594952324309787e+02 7.477691012562593187e+01
1.139517081726433503e+02 7.564825817168166111e+01
1.146129967246509409e+02 7.654165308923893463e+01
1.152420506568545022e+02 7.745602708265406022e+01
1.158377773328652154e+02 7.839047473264032817e+01
1.163991385150967801e+02 7.934413121400001501e+01
1.169251575457291921e+02 8.031612519579353204e+01
1.174157398242274866e+02 8.130549216002609114e+01
1.178714501763603124e+02 8.231119792203108432e+01
1.182928711951472422e+02 8.333220661919725103e+01
1.186808936751402399e+02 8.436748216020549762e+01
1.190370547087928941e+02 8.541598797413664101e+01
1.193629727689480404e+02 8.647668742968131994e+01
1.196603181820610473e+02 8.754854896035141110e+01
1.199311059974035913e+02 8.863057467059059036e+01
1.201774918912444718e+02 8.972178040063772642e+01
1.204016323904371291e+02 9.082118391367524168e+01
1.206056972374859129e+02 9.192786006330499049e+01
1.207918714535767606e+02 9.304094970565387257e+01
1.209623409052117040e+02 9.415959737715630240e+01
1.211192519115681137e+02 9.528297295232528086e+01
1.212646168155258266e+02 9.641033214465230117e+01
1.214004196162730267e+02 9.754094882750912632e+01
1.215286000790472656e+02 9.867411510408962272e+01
1.216505837494085824e+02 9.980933499926779007e+01
1.217674644182865933e+02 1.009462492615824374e+02
1.218803304687032636e+02 1.020845007960606807e+02
1.219902816087159181e+02 1.032237210983928719e+02
1.220984379337752443e+02 1.043635211251161223e+02
1.222059216719368635e+02 1.055035096842877067e+02
1.223137487562495380e+02 1.066433370353463488e+02
1.224223403244587587e+02 1.077828853873547814e+02
1.225319107373041874e+02 1.089221175852660224e+02
1.226426655849437566e+02 1.100609996744828578e+02
1.227546135091249369e+02 1.111995694486790427e+02
1.228675662031849640e+02 1.123379364497996420e+02
1.229813267963955070e+02 1.134762133330306000e+02
1.230956973311486138e+02 1.146145065295251584e+02
1.232104767234211238e+02 1.157529045669695336e+02
1.233254633304727292e+02 1.168914927735471139e+02
1.234404318514181540e+02 1.180303632303735526e+02
1.235549308169534299e+02 1.191696725756139443e+02
1.236683831230109263e+02 1.203096133083626000e+02
1.237802144314332224e+02 1.214503760828865779e+02
1.238900971215787479e+02 1.225920178110310559e+02
1.239980859849553525e+02 1.237343881038869426e+02
1.241042687087397383e+02 1.248773187402223073e+02
1.242086929631429371e+02 1.260206410498627179e+02
1.243112172642967010e+02 1.271641842405512648e+02
1.244116442935477380e+02 1.283077768936315692e+02
1.245097898545453035e+02 1.294512386187492154e+02
1.246057054687364740e+02 1.305942279672638620e+02
1.246996465471606115e+02 1.317362641794246656e+02
1.247918759958534451e+02 1.328768615338334484e+02
1.248829184990042194e+02 1.340154094945150689e+02
1.249739404447720403e+02 1.351509915640981774e+02
1.250662047471837610e+02 1.362826452221371483e+02
1.251609516114760936e+02 1.374094287454438756e+02
1.252592408966915372e+02 1.385305655762206243e+02
1.253620464597779005e+02 1.396453579194604799e+02
1.254703436591093464e+02 1.407531130805752468e+02
1.255851922523240631e+02 1.418533301509895921e+02
1.257077648906240768e+02 1.429457647576182069e+02
1.258392421067395475e+02 1.440301904370916475e+02
1.259809577968297560e+02 1.451064865989364705e+02
1.261348593107702811e+02 1.461749561442622962e+02
1.263030473618656799e+02 1.472360078470744043e+02
1.264875881958111847e+02 1.482900598941623400e+02
1.266900543505845462e+02 1.493376652993114533e+02
1.269116492681184525e+02 1.503794778730115240e+02
1.271535630654322944e+02 1.514161538965083764e+02
1.274162644961529054e+02 1.524483569696519112e+02
1.276987096165387499e+02 1.534767660393885649e+02
1.279996640073720329e+02 1.545020619851366916e+02
1.283178578631313655e+02 1.555248952331733392e+02
1.286517861301493326e+02 1.565457137572921056e+02
1.289998477871029081e+02 1.575648829423670918e+02
1.293604496910115529e+02 1.585827629615919250e+02
1.297322462198418691e+02 1.595995633163519756e+02
1.301141779117902217e+02 1.606153193155867882e+02
1.305052012601509546e+02 1.616300565610750652e+02
1.309043742121848481e+02 1.626437737319619714e+02
1.313110984154388916e+02 1.636563783003444996e+02
1.317248482298359704e+02 1.646677584427836223e+02
1.321451240020730324e+02 1.656777985290048321e+02
1.325717281750938810e+02 1.666863386742693933e+02
1.330046580926469346e+02 1.676931904425713640e+02
1.334439161765938877e+02 1.686981646219716993e+02
1.338896756318907819e+02 1.697010439923875822e+02
1.343424171081947520e+02 1.707015609133157454e+02
1.348026534151406679e+02 1.716994424700701529e+02
1.352709241399821849e+02 1.726944144502525091e+02
1.357479187095794089e+02 1.736861953798531886e+02
1.362343786416292346e+02 1.746745012604067711e+02
1.367310346668983811e+02 1.756590528211000901e+02
1.372383682138605536e+02 1.766396795854131483e+02
1.377566114086959601e+02 1.776163198711187761e+02
1.382859854312052335e+02 1.785889167527027723e+02
1.388266047401810397e+02 1.795574397245434284e+02
1.393782768107938352e+02 1.805219342779987244e+02
1.399407542576158221e+02 1.814824594857372233e+02
1.405138118459203156e+02 1.824390527984051857e+02
1.410974360984590987e+02 1.833915449632675347e+02
1.416917311675844076e+02 1.843396519054993803e+02
1.422968030137564313e+02 1.852830861549117571e+02
1.429127904670332327e+02 1.862214303315531083e+02
1.435398833053500596e+02 1.871540656953404209e+02
1.441782756892551163e+02 1.880803561848888421e+02
1.448282254228898580e+02 1.889995838659570495e+02
1.454902911439316995e+02 1.899106438038258204e+02
1.461651202905528635e+02 1.908123168283939322e+02
1.468533760641488470e+02 1.917033668611814505e+02
1.475560044149488022e+02 1.925822545836578001e+02
1.482741958633624506e+02 1.934471783827561353e+02
1.490091486409272363e+02 1.942963280812709570e+02
1.497619413086825944e+02 1.951279221200104814e+02
1.505333590760933191e+02 1.959402490919044624e+02
1.513241430263344398e+02 1.967316081422474383e+02
1.521349617773449552e+02 1.975003363536275174e+02
1.529659084505547355e+02 1.982450720948941125e+02
1.538168017290803675e+02 1.989645974099528303e+02
1.546874572147861215e+02 1.996576911949207158e+02
1.555776327038203135e+02 2.003229647745399689e+02
1.564870086706463894e+02 2.009588053278808673e+02
1.574152601916071887e+02 2.015635843855536677e+02
1.583620585654457216e+02 2.021356420833723178e+02
1.593270599805047709e+02 2.026731929779661527e+02
1.603099168475270631e+02 2.031744202311681704e+02
1.613102685218952672e+02 2.036375270739293910e+02
1.623275673564087924e+02 2.040610042035675349e+02
1.633611259006768250e+02 2.044435572273465880e+02
1.644102523283168864e+02 2.047838984906086353e+02
1.654740905523273113e+02 2.050809946580041299e+02
1.665514400315679211e+02 2.053343457011859243e+02
1.676410568520020945e+02 2.055435187446342127e+02
1.687416215101495709e+02 2.057082356735370752e+02
1.698513119839093406e+02 2.058292472222689184e+02
1.709681012526091024e+02 2.059077238362438891e+02
1.720899634822498570e+02 2.059448479588607483e+02
1.732149271682920073e+02 2.059421283610788578e+02
1.743410836167606703e+02 2.059014510828142761e+02
1.754665276606554869e+02 2.058247231999259270e+02
1.765895472262346289e+02 2.057139924186795668e+02
1.777090843907033104e+02 2.055717828654630068e+02
1.788242196218110394e+02 2.054007194569175851e+02
1.799340725386598479e+02 2.052034251258396864e+02
1.810382178948274827e+02 2.049824997428260076e+02
1.821365240790374855e+02 2.047405282996350593e+02
1.832288656923990402e+02 2.044800931083398154e+02
1.843152403964569430e+02 2.042035495154315754e+02
1.853958673868536380e+02 2.039128442826651337e+02
1.864709890326073491e+02 2.036098814321550776e+02
1.875408645376811023e+02 2.032964902138992898e+02
1.886058473093897021e+02 2.029740814753284610e+02
1.896663235042758515e+02 2.026439206087398759e+02
1.907226790997632406e+02 2.023072622309815358e+02
1.917752951972738629e+02 2.019651164824674936e+02
1.928245480222284414e+02 2.016182490271775123e+02
1.938708135863463440e+02 2.012674148597797057e+02
1.949144662071248035e+02 2.009133292327900904e+02
1.959558753286197259e+02 2.005565930801844843e+02
1.969954095239616834e+02 2.001977869062381501e+02
1.980334198075053962e+02 1.998374501565319576e+02
1.990700893342676068e+02 1.994757297615091716e+02
2.001055080147333456e+02 1.991125546125656456e+02
2.011397632382735310e+02 1.987478481177717526e+02
2.021728510686002096e+02 1.983813448496162550e+02
2.032046260146543943e+02 1.980124866854365564e+02
2.042349304086227164e+02 1.976406903244925957e+02
2.052635921522703200e+02 1.972653501468634829e+02
2.062903709369669514e+02 1.968857550332726589e+02
2.073150063196351027e+02 1.965011627229854128e+02
2.083372412860351517e+02 1.961108411472796433e+02
2.093568804291475658e+02 1.957142412859987246e+02
2.103737816305514912e+02 1.953109724511004686e+02
2.113878046648622728e+02 1.949006495335648879e+02
2.123988553997159556e+02 1.944830089170382621e+02
2.134069526918350448e+02 1.940580848034730650e+02
2.144121323938934438e+02 1.936259561930028212e+02
2.154144226840687395e+02 1.931866849345506978e+02
2.164137907920590465e+02 1.927401966674289611e+02
2.174101748829237692e+02 1.922863520763666543e+02
2.184035129864514033e+02 1.918250115974070695e+02
2.193937449494047769e+02 1.913560419554692089e+02
2.203808130489550763e+02 1.908793182875545824e+02
2.213646597319500984e+02 1.903947163179443862e+02
2.223452697423595623e+02 1.899022135538286307e+02
2.233227970126428374e+02 1.894021946340342879e+02
2.242974377723816133e+02 1.888951459802973432e+02
2.252693942959144238e+02 1.883815684511739619e+02
2.262389554415688622e+02 1.878621696955826224e+02
2.272064747978899391e+02 1.873378119589823427e+02
2.281723069809015385e+02 1.868093599199168011e+02
2.291367205055412910e+02 1.862774692319734982e+02
2.300998033329668431e+02 1.857423572238892007e+02
2.310616206894071922e+02 1.852041860315138422e+02
2.320221931090242720e+02 1.846630096024298950e+02
2.329812440131199196e+02 1.841181626486191760e+02
2.339383756181108254e+02 1.835686864754824796e+02
2.348931920830659124e+02 1.830136270476668017e+02
2.358453673274693756e+02 1.824521978851962274e+02
2.367946559211775934e+02 1.818838062197206398e+02
2.377408169367102744e+02 1.813078700977963820e+02
2.386836787314857986e+02 1.807239746522565156e+02
2.396233043825721438e+02 1.801322710618286465e+02
2.405598066237411672e+02 1.795330302564991598e+02
2.414933177113115050e+02 1.789265702843672159e+02
2.424241968512032770e+02 1.783137569415939367e+02
2.433529496684345190e+02 1.776958094101866834e+02
2.442800839854559456e+02 1.770739521767375209e+02
2.452060849547424652e+02 1.764493551095336841e+02
2.461313969181485675e+02 1.758230897526777312e+02
2.470564599485706765e+02 1.751962173651594412e+02
2.479817076680819810e+02 1.745697837560882988e+02
2.489075376018648171e+02 1.739447482816326271e+02
2.498343347262346867e+02 1.733220402431160778e+02
2.507624808877051521e+02 1.727025814284937439e+02
2.516922862371262966e+02 1.720871215122774629e+02
2.526239892296846108e+02 1.714762380555358448e+02
2.535578251374909939e+02 1.708705009778893498e+02
2.544939636230092788e+02 1.702703225769228084e+02
2.554323856221596145e+02 1.696756617494860393e+02
2.563730383438146418e+02 1.690863963658403577e+02
2.573158682010423490e+02 1.685024026693003520e+02
2.582608139991331768e+02 1.679235413498061575e+02
2.592078103173176373e+02 1.673496644575215555e+02
2.601567924942405625e+02 1.667806259214628994e+02
2.611077441500952432e+02 1.662163979557802520e+02
2.620607237414740212e+02 1.656571361165804319e+02
2.630157961625093321e+02 1.651030117313213736e+02
2.639730058523435332e+02 1.645541470376937809e+02
2.649323005625087148e+02 1.640104322335615450e+02
2.658935995041429692e+02 1.634716890229242665e+02
2.668568161650413231e+02 1.629377251368678685e+02
2.678217613622929321e+02 1.624080976441051405e+02
2.687881571055708605e+02 1.618821467970983008e+02
2.697557224828006497e+02 1.613592056991214747e+02
2.707241787760631269e+02 1.608386073950733817e+02
2.716932526460302597e+02 1.603196847867559711e+02
2.726626715624287840e+02 1.598017707544464372e+02
2.736321784456343948e+02 1.592842320302243024e+02
2.746016389203029462e+02 1.587667041867234730e+02
2.755709771253568192e+02 1.582489509991767704e+02
2.765401210846760591e+02 1.577307448290169987e+02
2.775091452828636420e+02 1.572121820193178223e+02
2.784783201123082677e+02 1.566937922752505301e+02
2.794479296424645440e+02 1.561761355566393377e+02
2.804182988170132376e+02 1.556598548599017136e+02
2.813899160765387251e+02 1.551459253278291044e+02
2.823633107358513143e+02 1.546354051398064087e+02
2.833390110881950363e+02 1.541293464482583602e+02
2.843175307940877019e+02 1.536287150765344904e+02
2.852993725746160294e+02 1.531344123083409841e+02
2.862850387542028443e+02 1.526473374990751211e+02
2.872750099955786141e+02 1.521683290882864128e+02
2.882697215369552168e+02 1.516980977751325383e+02
2.892696028967903885e+02 1.512373381739863873e+02
2.902750625727906026e+02 1.507867091034980831e+02
2.912863693167091128e+02 1.503466314123542134e+02
2.923037348720216642e+02 1.499174288712419809e+02
2.933273683688496476e+02 1.494994265898977801e+02
2.943574047793292721e+02 1.490929989738540371e+02
2.953938933411719745e+02 1.486985774197638648e+02
2.964368785136024940e+02 1.483165965224004310e+02
2.974863860556129680e+02 1.479476518374543730e+02
2.985423783745558808e+02 1.475928842153485050e+02
2.996048044752683950e+02 1.472535498677001442e+02
3.006736021497357001e+02 1.469309627698537781e+02
3.017485788405402332e+02 1.466271084004818590e+02
3.028294578938752011e+02 1.463444054662102189e+02
3.039159597075598072e+02 1.460852838212538813e+02
3.050076603103440220e+02 1.458525398617935309e+02
3.061038758369539892e+02 1.456496298349492236e+02
3.072038952361344855e+02 1.454800790109573541e+02
3.083068923686256539e+02 1.453473490810591215e+02
3.094113970968587637e+02 1.452545459673143284e+02
3.105157154011303646e+02 1.452046519107686606e+02
3.116181433644431422e+02 1.452006204612729903e+02
3.127167546020072564e+02 1.452447481272832306e+02
3.138094002612401709e+02 1.453386743758601654e+02
3.148939219998182466e+02 1.454840096215989718e+02
3.159683435159766987e+02 1.456818807724015699e+02
3.170312121487141326e+02 1.459320239262538905e+02
3.180811688161113011e+02 1.462339266315164821e+02
3.191169095081770593e+02 1.465869818334072079e+02
3.201376566945260720e+02 1.469896780848806657e+02
3.211429253000213180e+02 1.474400015561586201e+02
3.221322358882958383e+02 1.479359302863153687e+02
3.231052593476397305e+02 1.484752773966802124e+02
3.240618995695613762e+02 1.490556003860777139e+02
3.250020804888570183e+02 1.496744347642996900e+02
3.259257473870723629e+02 1.503292914660181054e+02
3.268329464485771609e+02 1.510175652630696277e+02
3.277237536423880329e+02 1.517366166381707728e+02
3.285982443156423756e+02 1.524838088055583114e+02
3.294564825735068325e+02 1.532565541055201948e+02
3.302985227971433915e+02 1.540523073710645576e+02
3.311244189829561719e+02 1.548685253138434348e+02
3.319342033868380781e+02 1.557028265329748820e+02
3.327278549715713325e+02 1.565532264667639595e+02
3.335053446835253226e+02 1.574178002465344548e+02
3.342666445197610301e+02 1.582946803029922194e+02
3.350117348216091386e+02 1.591824541208304140e+02
3.357405999095501556e+02 1.600799261873590353e+02
3.364532206938620789e+02 1.609859097992187458e+02
3.371494353591562003e+02 1.618995287815276640e+02
3.378288911783183153e+02 1.628203223263744235e+02
3.384912220959618026e+02 1.637478586241923040e+02
3.391360778691784503e+02 1.646817665688927548e+02
3.397631715049744798e+02 1.656219178683014093e+02
3.403722318228339532e+02 1.665682449337220135e+02
3.409629991068313188e+02 1.675206838186148559e+02
3.415353778577273260e+02 1.684792227460164327e+02
3.420893953447290983e+02 1.694438889409555600e+02
3.426250823395498628e+02 1.704147104924010989e+02
3.431425586067924201e+02 1.713917033685384297e+02
3.436421305289427437e+02 1.723748581202971195e+02
3.441241279869942105e+02 1.733641620981226765e+02
3.445888436315769354e+02 1.743596184573627283e+02
3.450363226058654504e+02 1.753613354243512958e+02
3.454665090842889867e+02 1.763694640883165334e+02
3.458793417545275020e+02 1.773841573418033590e+02
3.462746019344735942e+02 1.784056189339220282e+02
3.466518890060048648e+02 1.794341114093173530e+02
3.470107922159857594e+02 1.804699005868750987e+02
3.473508978525022712e+02 1.815132460382990303e+02
3.476717821800516504e+02 1.825643861714266052e+02
3.479730193425660332e+02 1.836235549167201953e+02
3.482542000300279597e+02 1.846909777944824498e+02
3.485151072802642602e+02 1.857667825569076001e+02
3.487556482264845954e+02 1.868510338799906378e+02
3.489757344914204396e+02 1.879437943147996180e+02
3.491755036890224346e+02 1.890450262015326359e+02
3.493555002639232612e+02 1.901545114802081571e+02
3.495163112169149713e+02 1.912720132202455829e+02
3.496586908158005258e+02 1.923972240654447603e+02
3.497843293049193107e+02 1.935294425787478190e+02
3.498952423152177857e+02 1.946678303232588405e+02
3.499934536411954014e+02 1.958115454142104284e+02
3.500811673251234879e+02 1.969596698294391217e+02
3.501607676570444028e+02 1.981112094093845712e+02
3.502346465061247045e+02 1.992651667910838569e+02
3.503049390365408726e+02 2.004206511022948689e+02
3.503730419990198470e+02 2.015770777919763646e+02
3.504402201834905100e+02 2.027339170513056388e+02
3.505076392834106400e+02 2.038906802381085299e+02
3.505755176444073982e+02 2.050472722573776139e+02
3.506435473678979520e+02 2.062038166264366055e+02
3.507114168128516667e+02 2.073604384302981600e+02
3.507789280815504185e+02 2.085172162828274907e+02
3.508460595784103475e+02 2.096741567676117484e+02
3.509128048736229744e+02 2.108312602720847053e+02
3.509792146554137275e+02 2.119885036793395727e+02
3.510456096002246227e+02 2.131457527710416571e+02
3.511123900800248521e+02 2.143028405337703646e+02
3.511799375759885038e+02 2.154596077862802872e+02
3.512482942330292985e+02 2.166160360364171993e+02
3.513172086792696405e+02 2.177722284843296734e+02
3.513864198113404882e+02 2.189282923645289429e+02
3.514556484057836201e+02 2.200843423152045375e+02
3.515245708208689166e+02 2.212405111233865398e+02
3.515928567334174772e+02 2.223969343060745132e+02
3.516602992318086649e+02 2.235536962079500540e+02
3.517276715008787278e+02 2.247104747789562964e+02
3.517962141062633350e+02 2.258667541706647910e+02
3.518671783020594148e+02 2.270220141033103687e+02
3.519421398809906805e+02 2.281755997532564493e+02
3.520231087429111199e+02 2.293266763292170367e+02
3.521121250943407404e+02 2.304743964756814023e+02
3.522111257713102077e+02 2.316179558486396388e+02
3.523216341278933328e+02 2.327567221500849541e+02
3.524450701476746985e+02 2.338901060935118039e+02
3.525828138722046106e+02 2.350175350806562449e+02
3.527356732206567358e+02 2.361386755525765295e+02
3.529040283933359206e+02 2.372533726562026288e+02
3.530882488529315992e+02 2.383614760374511832e+02
3.532886318840925810e+02 2.394628675591098386e+02
3.535053234142843621e+02 2.405574966426698040e+02
3.537384503124138178e+02 2.416453212164636284e+02
3.539881481589493433e+02 2.427262967814151580e+02
3.542546104488213814e+02 2.438003627010335208e+02
3.545380543027151816e+02 2.448674517556944465e+02
3.548386972284606600e+02 2.459274967971363424e+02
3.551567663615988977e+02 2.469804334303167082e+02
3.554924999683171336e+02 2.480262004432045444e+02
3.558461369341852105e+02 2.490647368016774976e+02
3.562179117570653375e+02 2.500959855971855177e+02
3.566080440703794920e+02 2.511199038975702535e+02
3.570167503628657641e+02 2.521364517274836885e+02
3.574442705963222693e+02 2.531455792186438600e+02
3.578911176068696705e+02 2.541471214974031625e+02
3.583579802785786796e+02 2.551408394931048633e+02
3.588455486762857731e+02 2.561264935023265252e+02
3.593543492126001411e+02 2.571039001827216453e+02
3.598846136924569237e+02 2.580729776534741404e+02
3.604365431036194423e+02 2.590336546470607004e+02
3.610103154149376223e+02 2.599858586605170103e+02
3.616059797882570592e+02 2.609295102777188617e+02
3.622235406064437484e+02 2.618645276792244090e+02
3.628629903234050857e+02 2.627908305557559174e+02
3.635240480610577833e+02 2.637083733873199662e+02
3.642061596093269031e+02 2.646171454432068231e+02
3.649087587371503787e+02 2.655171375076796494e+02
3.656311427735507777e+02 2.664083427502712880e+02
3.663722165773123152e+02 2.672907612017585279e+02
3.671308148694312763e+02 2.681643941190811233e+02
3.679057639738547323e+02 2.690292293651383488e+02
3.686958099399613502e+02 2.698851267577541648e+02
3.694996542252435461e+02 2.707318749867282577e+02
3.703160002174478223e+02 2.715692597000805790e+02
3.711436957849743976e+02 2.723969297629209905e+02
3.719818127412367517e+02 2.732143220268479809e+02
3.728294421637353366e+02 2.740208551057383488e+02
3.736857353240750399e+02 2.748159308544186388e+02
3.745501280221943148e+02 2.755988719102473965e+02
3.754221400455309094e+02 2.763689775270511859e+02
3.763012957048329099e+02 2.771255602194244148e+02
3.771872002933516796e+02 2.778681706204936290e+02
3.780795291520400951e+02 2.785965653295497191e+02
3.789779600053013837e+02 2.793105080454739095e+02
3.798821955922414872e+02 2.800098669914019638e+02
3.807919999711924675e+02 2.806947666136431963e+02
3.817071464241967078e+02 2.813653698998984964e+02
3.826274108126485771e+02 2.820218619581328312e+02
3.835525894823622366e+02 2.826646035686134155e+02
3.844824885476028840e+02 2.832940392848524880e+02
3.854169139323500985e+02 2.839106163550329711e+02
3.863556611535983052e+02 2.845148725628112061e+02
3.872985118078227629e+02 2.851074667932826969e+02
3.882452465196537332e+02 2.856890663860937138e+02
3.891956294555167801e+02 2.862603836914462931e+02
3.901493589490178238e+02 2.868223111017660472e+02
3.911061168755579160e+02 2.873757860200345249e+02
3.920655871251984195e+02 2.879217398395837222e+02
3.930274824456320175e+02 2.884610178726310892e+02
3.939915371585243520e+02 2.889944010771250760e+02
3.949574859345975710e+02 2.895226691855718855e+02
3.959250358207465297e+02 2.900466544182218058e+02
3.968938359367626845e+02 2.905672990620026894e+02
3.978635281083859354e+02 2.910855592631928630e+02
3.988337402816226813e+02 2.916024204109777429e+02
3.998040081300079009e+02 2.921190623013883396e+02
4.007738296852383542e+02 2.926367440372195006e+02
4.017427032692008311e+02 2.931567235375893006e+02
4.027101393722673492e+02 2.936802157278593199e+02
4.036756625528582845e+02 2.942083858280901723e+02
4.046387981585733087e+02 2.947423962757150093e+02
4.055991094582868755e+02 2.952833146499432360e+02
4.065562881885241495e+02 2.958318871743978207e+02
4.075100532641063182e+02 2.963887920875148438e+02
4.084601298850631110e+02 2.969546921248076501e+02
4.094063163169710151e+02 2.975300698003123898e+02
4.103484579644685937e+02 2.981152913561443825e+02
4.112864017738957045e+02 2.987107192679777654e+02
4.122200652582350244e+02 2.993165453395237137e+02
4.131494929649433629e+02 2.999326541298515281e+02
4.140747427298052230e+02 3.005588980589799917e+02
4.149959034008475669e+02 3.011950548831813990e+02
4.159132373614015705e+02 3.018404845625677240e+02
4.168270673233021739e+02 3.024944018129315282e+02
4.177377217441182893e+02 3.031560075286807319e+02
4.186456598401744031e+02 3.038241880664130576e+02
4.195514715865509743e+02 3.044975152449161442e+02
4.204557526437826027e+02 3.051745472071880272e+02
4.213590989623115775e+02 3.058538418645497927e+02
4.222621073265021323e+02 3.065339564619030739e+02
4.231653746697471661e+02 3.072134481250543558e+02
4.240694886941299728e+02 3.078908963539190040e+02
4.249749488517570057e+02 3.085650945416322770e+02
4.258822055725723885e+02 3.092349548973176638e+02
4.267917065388166975e+02 3.098993962727347480e+02
4.277037660838611259e+02 3.105576596982838851e+02
4.286184918503289509e+02 3.112094855812578658e+02
4.295359737009949868e+02 3.118546572861021104e+02
4.304562675135737209e+02 3.124930402159042160e+02
4.313792685235997624e+02 3.131248875578750130e+02
4.323048245480075593e+02 3.137505669659246337e+02
4.332327785272379970e+02 3.143704578437397004e+02
4.341628859831052978e+02 3.149851502272238122e+02
4.350948268226485425e+02 3.155954163435164332e+02
4.360282784234168503e+02 3.162020345134262129e+02
4.369629058683639187e+02 3.168058123247392359e+02
4.378983441023648311e+02 3.174076291081867112e+02
4.388342235368897377e+02 3.180083749861584010e+02
4.397701841755853707e+02 3.186089167540242784e+02
4.407059422002052429e+02 3.192099359511775560e+02
4.416412501197280562e+02 3.198120257735766359e+02
4.425758612259801339e+02 3.204157775012117213e+02
4.435095520445745478e+02 3.210217254062987990e+02
4.444421301789428753e+02 3.216303275067070331e+02
4.453734054021773545e+02 3.222420364967002797e+02
4.463031957852658707e+02 3.228572848444659940e+02
4.472313525907806024e+02 3.234764241138866510e+02
4.481577353791895462e+02 3.240997856427679835e+02
4.490822145139479744e+02 3.247276747636259984e+02
4.500048150985185202e+02 3.253600243139681538e+02
4.509256779200428014e+02 3.259964886539167424e+02
4.518449469124846019e+02 3.266367145813514412e+02
4.527628249328085985e+02 3.272802091455200184e+02
4.536796383993763584e+02 3.279261863431113966e+02
4.545957292891245061e+02 3.285738232702901769e+02
4.555114613572053486e+02 3.292222462238767093e+02
4.564273431403511267e+02 3.298702437866519972e+02
4.573439422378149857e+02 3.305164667735753596e+02
4.582618262974663139e+02 3.311595663380460906e+02
4.591815591576472571e+02 3.317982162228898346e+02
4.601037002524881245e+02 3.324311162866840732e+02
4.610288087604720317e+02 3.330569678689021202e+02
4.619573731573205464e+02 3.336746515090004550e+02
4.628896423957465345e+02 3.342836548304943562e+02
4.638258147555717983e+02 3.348835938900889460e+02
4.647660738381243846e+02 3.354741224994773461e+02
4.657104326072435470e+02 3.360553333720866362e+02
4.666587939380663101e+02 3.366276023837537537e+02
4.676110579428984693e+02 3.371913124514246078e+02
4.685670381164716218e+02 3.377470631936292307e+02
4.695263920240630000e+02 3.382958443363239667e+02
4.704887609200892484e+02 3.388386864123033320e+02
4.714537586477850937e+02 3.393766803923811040e+02
4.724208456655442774e+02 3.399112554405826359e+02
4.733894291084448014e+02 3.404439582917668190e+02
4.743589153777249408e+02 3.409763334053706103e+02
4.753286952276773718e+02 3.415098701911280159e+02
4.762981437656485468e+02 3.420460030090692953e+02
4.772666354454049724e+02 3.425861636667219727e+02
4.782335713360398017e+02 3.431316255698574196e+02
4.791984290657916858e+02 3.436832064806411040e+02
4.801606999446731834e+02 3.442416427338295080e+02
4.811198744444101862e+02 3.448076298093964169e+02
4.820754350228269232e+02 3.453814726215426845e+02
4.830268596860893240e+02 3.459632591282787075e+02
4.839736257752218194e+02 3.465530708583198702e+02
4.849151735844946529e+02 3.471507430505612319e+02
4.858508859857068956e+02 3.477557291946746432e+02
4.867801409110909390e+02 3.483674499416896992e+02
4.877022739638464941e+02 3.489853023671953451e+02
4.886164206643073840e+02 3.496085721092777021e+02
4.895216574720466269e+02 3.502365119117332029e+02
4.904170623721022935e+02 3.508683603622567375e+02
4.913017408893235825e+02 3.515031020043429066e+02
4.921748223697607045e+02 3.521395016400462623e+02
4.930354373625572180e+02 3.527763167186644182e+02
4.938828579982389329e+02 3.534122683182407627e+02
4.947167034696594783e+02 3.540459883589671790e+02
4.955366451751963268e+02 3.546760953498060189e+02
4.963449858333898987e+02 3.553033044887798724e+02
4.971649252943358306e+02 3.559449822304746931e+02
4.980296286702035786e+02 3.566264355516031515e+02
4.989735133069091830e+02 3.573739886355729141e+02
5.000804815471953475e+02 3.582542025216346246e+02
5.015006275154999003e+02 3.593874595958886857e+02
5.033886664357333984e+02 3.608978997169066361e+02
