4.681930455323026763e+01 5.097574506085099415e+02
4.893939670459089797e+01 5.090763524905332247e+02
5.057582303435349047e+01 5.085416461358651077e+02
5.187616257232069472e+01 5.081074307972961037e+02
5.298697140041524278e+01 5.077281078131098866e+02
5.400865547296385216e+01 5.073717070596232475e+02
5.497769146982211907e+01 5.070251372894186943e+02
5.592585849628844130e+01 5.066766944901059446e+02
5.688251618511662855e+01 5.063155060831774676e+02
5.785605471564993252e+01 5.059379054880204194e+02
5.884410480492708473e+01 5.055439235338303661e+02
5.984420947899310761e+01 5.051336215175000461e+02
6.085399177789728498e+01 5.047072653160845448e+02
6.187129458609665278e+01 5.042656829057991672e+02
6.289399821465142537e+01 5.038097979553650134e+02
6.391999894535355509e+01 5.033405252885584105e+02
6.494755604581882835e+01 5.028585786995685680e+02
6.597528937407206229e+01 5.023644722796309452e+02
6.700183427978032569e+01 5.018587115403667553e+02
6.802588333625783434e+01 5.013416954470072824e+02
6.904646003447928138e+01 5.008132068194672684e+02
7.006270654704192680e+01 5.002728075008616315e+02
7.107376629104717836e+01 4.997200581377752542e+02
7.207890992798984087e+01 4.991544130725489481e+02
7.307765267824518673e+01 4.985751223348148642e+02
7.406953750524260727e+01 4.979814127767248237e+02
7.505411560038470498e+01 4.973725140383963321e+02
7.603104798226745231e+01 4.967476929737824207e+02
7.700007389566630422e+01 4.961062429429862277e+02
7.796093426415249894e+01 4.954474578749705529e+02
7.891341418912205086e+01 4.947707721988966796e+02
7.985747281270541009e+01 4.940761738514362946e+02
8.079311212963472144e+01 4.933637870548087108e+02
8.172033334766659607e+01 4.926337391388038895e+02
8.263910328333345490e+01 4.918862932355949056e+02
8.354934174754103537e+01 4.911218980908719800e+02
8.445096516386951180e+01 4.903410158260312528e+02
8.534389441806007426e+01 4.895441576323357822e+02
8.622808842184909395e+01 4.887322528685057250e+02
8.710352532765080014e+01 4.879064424807635305e+02
8.797018344824496694e+01 4.870678690695822866e+02
8.882804810929185635e+01 4.862176838481443042e+02
8.967712362416527583e+01 4.853570613489599168e+02
9.051741748847381075e+01 4.844871800127281745e+02
9.134894835500840315e+01 4.836092143771651308e+02
9.217198254450812556e+01 4.827242523412784863e+02
9.298702917464648010e+01 4.818332968693368343e+02
9.379460754595598360e+01 4.809373473634608445e+02
9.459529626493024068e+01 4.800373801396226554e+02
9.539001158777520573e+01 4.791342400762231364e+02
9.617978909505271190e+01 4.782287256020346717e+02
9.696566264412447822e+01 4.773216335296982606e+02
9.774845963942252070e+01 4.764135872217660221e+02
9.852861617100737135e+01 4.755048812805612215e+02
9.930652468726972870e+01 4.745957736431416265e+02
1.000825727337462183e+02 4.736865148973160444e+02
1.008570836591826776e+02 4.727772594016018388e+02
1.016303356976146262e+02 4.718680938887582670e+02
1.024026061459934311e+02 4.709591036870196490e+02
1.031740402025263563e+02 4.700503134688738669e+02
1.039442705191418668e+02 4.691415125610662358e+02
1.047128054552300114e+02 4.682324332189679694e+02
1.054791543411775194e+02 4.673228082059648045e+02
1.062428676288083125e+02 4.664123917996696491e+02
1.070035512263656585e+02 4.655009672918085357e+02
1.077608149607115138e+02 4.645883200242800513e+02
1.085142600910507440e+02 4.636742334440734794e+02
1.092634160810853814e+02 4.627584751191589021e+02
1.100077765715763292e+02 4.618408046945427259e+02
1.107468352104226881e+02 4.609209818768820810e+02
1.114802391381410445e+02 4.599988343830942199e+02
1.122080450429379681e+02 4.590743713944901288e+02
1.129303771813419246e+02 4.581476320308833010e+02
1.136473713349981978e+02 4.572186604288182252e+02
1.143594132111871176e+02 4.562876095141594988e+02
1.150671303040500817e+02 4.553547374593914583e+02
1.157711600045313389e+02 4.544203067449458331e+02
1.164721715786169796e+02 4.534845935500911764e+02
1.171710129641020046e+02 4.525479508413192207e+02
1.178685943150984627e+02 4.516107583236334904e+02
1.185658254304291859e+02 4.506733955573198500e+02
1.192635718205975053e+02 4.497362239126468921e+02
1.199626162084769589e+02 4.487995707574986000e+02
1.206637322405673132e+02 4.478637597319280985e+02
1.213676469997440677e+02 4.469290951467380637e+02
1.220744894141278110e+02 4.459956330098323747e+02
1.227839736733867397e+02 4.450632571650408522e+02
1.234958056352446789e+02 4.441318479974793831e+02
1.242094855454120648e+02 4.432012005304998752e+02
1.249237279200549580e+02 4.422707835844325928e+02
1.256370596162727509e+02 4.413399880711784817e+02
1.263480034844690749e+02 4.404082032354264129e+02
1.270549178649634996e+02 4.394747498681474553e+02
1.277559421893221554e+02 4.385388576709550534e+02
1.284492007235685378e+02 4.375997500349811844e+02
1.291328203728322706e+02 4.366566514155827008e+02
1.298049497903707561e+02 4.357087950380907841e+02
1.304637483297874496e+02 4.347554184427723385e+02
1.311073755194967703e+02 4.337957592414289820e+02
1.317340424800052858e+02 4.328290763871730746e+02
1.323420959927819922e+02 4.318546849499082327e+02
1.329299048714296134e+02 4.308719091132334142e+02
1.334958403333230024e+02 4.298800740567040179e+02
1.340383245296663119e+02 4.288785260633296161e+02
1.345558282385067628e+02 4.278666315637174762e+02
1.350468241799561326e+02 4.268437577931325109e+02
1.355100112065517237e+02 4.258093656589383045e+02
1.359453361816364350e+02 4.247634330389917068e+02
1.363531741606767582e+02 4.237061151835673627e+02
1.367339104102067040e+02 4.226375715725714599e+02
1.370889222494146225e+02 4.215583726136919722e+02
1.374214159136529076e+02 4.204698462877751695e+02
1.377347947343135388e+02 4.193734022167353714e+02
1.380324837753244083e+02 4.182704590235388764e+02
1.383181820267516855e+02 4.171625487842438815e+02
1.385957758672446403e+02 4.160512811863926004e+02
1.388691553102838441e+02 4.149382674229797772e+02
1.391416694359533892e+02 4.138248946204224694e+02
1.394146313980237153e+02 4.127117065794260498e+02
1.396888754542305549e+02 4.115990487313661106e+02
1.399652220985582005e+02 4.104872608069131275e+02
1.402439436942161137e+02 4.093764555105831846e+02
1.405245929113099237e+02 4.082664474626286619e+02
1.408066735441432229e+02 4.071570310398022343e+02
1.410897712205164396e+02 4.060480345332811112e+02
1.413741347847529823e+02 4.049395610924336211e+02
1.416603348402080940e+02 4.038318472138874426e+02
1.419489446183238215e+02 4.027251304836244117e+02
1.422407741834041417e+02 4.016197467283665787e+02
1.425372473370662760e+02 4.005162863594725309e+02
1.428398859948150630e+02 3.994153804869638407e+02
1.431502177346243627e+02 3.983176625876183152e+02
1.434698873975430047e+02 3.972238151509363320e+02
1.438006503031759564e+02 3.961345668434004210e+02
1.441442660751822586e+02 3.950506481304689714e+02
1.445024348545644273e+02 3.939727649499984636e+02
1.448765335546855511e+02 3.929014899573197113e+02
1.452678298222724038e+02 3.918373507517979988e+02
1.456775855075568415e+02 3.907808725316768914e+02
1.461065118109980858e+02 3.897323523801392753e+02
1.465543187154103464e+02 3.886916726106994702e+02
1.470206101526277962e+02 3.876586716036370035e+02
1.475049050529765964e+02 3.866331524040824092e+02
1.480056709694572419e+02 3.856144809993408558e+02
1.485206658610584327e+02 3.846017283983032939e+02
1.490476343728670940e+02 3.835939600752450929e+02
1.495843992527993009e+02 3.825902724662768719e+02
1.501290727718276230e+02 3.815898767813915811e+02
1.506798342731460991e+02 3.805920108196196452e+02
1.512348794205663296e+02 3.795959189803721756e+02
1.517930345526798988e+02 3.786011007204367047e+02
1.523539430915093362e+02 3.776073859413278342e+02
1.529173028468584050e+02 3.766146265400567472e+02
1.534828270804143813e+02 3.756226793216429201e+02
1.540503522205794411e+02 3.746314402127633230e+02
1.546197736147895228e+02 3.736408238546501934e+02
1.551909870300687544e+02 3.726507450204233578e+02
1.557639105882308854e+02 3.716611249886272503e+02
1.563385195055585939e+02 3.706719016527575832e+02
1.569147979823587491e+02 3.696830155207338180e+02
1.574927419452239974e+02 3.686944125338505955e+02
1.580725847045263208e+02 3.677061486251941460e+02
1.586547802763407731e+02 3.667183819918536187e+02
1.592397910618626042e+02 3.657312747161643642e+02
1.598281647351013817e+02 3.647450366413072516e+02
1.604209052203534043e+02 3.637601331537975966e+02
1.610191684014257874e+02 3.627771147518570842e+02
1.616241119078971451e+02 3.617965334831349082e+02
1.622370447452535700e+02 3.608190788766953574e+02
1.628595473844938226e+02 3.598456870098368654e+02
1.634932285562805703e+02 3.588773196256236702e+02
1.641396712640210183e+02 3.579149438020483558e+02
1.648001462012317120e+02 3.569595913792024362e+02
1.654757161055094343e+02 3.560123373199277808e+02
1.661674399429091125e+02 3.550742573686785590e+02
1.668762530091514691e+02 3.541464345737432495e+02
1.676026390711626277e+02 3.532299786502069878e+02
1.683469788756707715e+02 3.523260053974149741e+02
1.691096474337901441e+02 3.514356279148867088e+02
1.698908046046379354e+02 3.505598580273855305e+02
1.706903351989537896e+02 3.496995780909374503e+02
1.715081060856135196e+02 3.488556620161070896e+02
1.723438936637296592e+02 3.480288872611913007e+02
1.731967650310101021e+02 3.472192750790245555e+02
1.740654527304622832e+02 3.464264900446028150e+02
1.749486873038460715e+02 3.456501944231271182e+02
1.758451867726166142e+02 3.448899677309420895e+02
1.767536376419230066e+02 3.441451811876863189e+02
1.776727215357533964e+02 3.434151737525621684e+02
1.786011383182846259e+02 3.426993043112992154e+02
1.795379488854731562e+02 3.419973261594491305e+02
1.804825453805703432e+02 3.413093544642711663e+02
1.814343322162721961e+02 3.406355177968017074e+02
1.823927840693042697e+02 3.399760050934457922e+02
1.833577457949151324e+02 3.393313233190967253e+02
1.843291837182708264e+02 3.387020837961177904e+02
1.853070642066135179e+02 3.380888957533231292e+02
1.862913510361713634e+02 3.374921783240903324e+02
1.872820034002413649e+02 3.369120144050477847e+02
1.882789800232806954e+02 3.363484524953315713e+02
1.892822548978479915e+02 3.358015660408138956e+02
1.902919839396065527e+02 3.352717257337272940e+02
1.913084425730255873e+02 3.347594975331871865e+02
1.923319083117753792e+02 3.342654508107697779e+02
1.933626349553634043e+02 3.337900887144660942e+02
1.944007910251977762e+02 3.333336762467551466e+02
1.954465258803577967e+02 3.328964248978696219e+02
1.964999846630010154e+02 3.324785362683626317e+02
1.975611589024159400e+02 3.320798517002262429e+02
1.986298463524188946e+02 3.316997580860756898e+02
1.997058323813008087e+02 3.313376132715360427e+02
2.007888739256626138e+02 3.309927087180814169e+02
2.018785086555057546e+02 3.306638239293358765e+02
2.029741722714198033e+02 3.303495003241396830e+02
2.040752999723222274e+02 3.300482781591173307e+02
2.051813501517083864e+02 3.297587551533059127e+02
2.062918387494384547e+02 3.294796715915152276e+02
2.074062904773603577e+02 3.292097894903404836e+02
2.085242407910401710e+02 3.289478968635629030e+02
2.096454331082778708e+02 3.286932849430280612e+02
2.107697991398435988e+02 3.284457005838070813e+02
2.118972773941949583e+02 3.282049070897220417e+02
2.130278731239793331e+02 3.279708363593402396e+02
2.141619378302976884e+02 3.277442949092231856e+02
2.152999349491558974e+02 3.275263720016930620e+02
2.164423278301396465e+02 3.273181575530486498e+02
2.175895677710818177e+02 3.271207847322876887e+02
2.187420850441490074e+02 3.269354621677088062e+02
2.199003078079077511e+02 3.267634060731396630e+02
2.210646496439754287e+02 3.266058191967148332e+02
2.222353536321466265e+02 3.264637467827387809e+02
2.234125523528919359e+02 3.263381319999700168e+02
2.245963765120932010e+02 3.262299162774507408e+02
2.257867814804241959e+02 3.261397439205559863e+02
2.269831015940753787e+02 3.260672068274178059e+02
2.281845337545952361e+02 3.260116639989344662e+02
2.293902711413544466e+02 3.259724718262481815e+02
2.305993752109060324e+02 3.259488943447645966e+02
2.318107434574322951e+02 3.259400806298106090e+02
2.330232631079863097e+02 3.259451725580494212e+02
2.342358503266582375e+02 3.259633319948590042e+02
2.354476408068661613e+02 3.259938724489650781e+02
2.366578708976432210e+02 3.260361769585475713e+02
2.378657781596996301e+02 3.260896282984724053e+02
2.390708297814567231e+02 3.261533997412850567e+02
2.402730544914309405e+02 3.262261522348103995e+02
2.414725652611516296e+02 3.263064698672179134e+02
2.426694777253240431e+02 3.263929527325271351e+02
2.438639579417609013e+02 3.264845039707345791e+02
2.450562170208935413e+02 3.265802974908451688e+02
2.462464676579589593e+02 3.266795167266433282e+02
2.474348134497363958e+02 3.267816588681783401e+02
2.486208006799784016e+02 3.268878238820809088e+02
2.498037981379972052e+02 3.269996221912592205e+02
2.509831754462713320e+02 3.271186626466737835e+02
2.521583758033293066e+02 3.272464092453354851e+02
2.533289690189712928e+02 3.273840767164173258e+02
2.544945374084179264e+02 3.275328551688580774e+02
2.556546723869910238e+02 3.276939107238701467e+02
2.568090698699767245e+02 3.278681340423772781e+02
2.579574925850628233e+02 3.280562396688443982e+02
2.590997043550057128e+02 3.282589392619445903e+02
2.602355706709582819e+02 3.284766859659504803e+02
2.613653117208504000e+02 3.287090310300724241e+02
2.624892249967522844e+02 3.289553291406353992e+02
2.636076161681572216e+02 3.292149146325842821e+02
2.647210721418306321e+02 3.294864219178367648e+02
2.658305252642361438e+02 3.297676257029195312e+02
2.669369290701685031e+02 3.300562479623698664e+02
2.680412145816874272e+02 3.303500629618538369e+02
2.691441448008629322e+02 3.306472352330314379e+02
2.702464067774170076e+02 3.309461057247775670e+02
2.713486869892519735e+02 3.312450167251192852e+02
2.724516101439087379e+02 3.315424573937091282e+02
2.735556520554536633e+02 3.318372709147840283e+02
2.746612665552137855e+02 3.321283527410259353e+02
2.757688984010235345e+02 3.324146202176021916e+02
2.768788242814686669e+02 3.326953962064778239e+02
2.779911726956780171e+02 3.329703611205356992e+02
2.791060670650078919e+02 3.332392076242876442e+02
2.802235634941657167e+02 3.335017910726776336e+02
2.813433794631175147e+02 3.337587852066890832e+02
2.824651262088752901e+02 3.340111205345749568e+02
2.835884158350602320e+02 3.342597254759484713e+02
2.847129306991392923e+02 3.345053591100746644e+02
2.858384724069372851e+02 3.347484930791662805e+02
2.869648541358278635e+02 3.349895711332955557e+02
2.880919075668065261e+02 3.352289924237699097e+02
2.892196730128974878e+02 3.354666532419182658e+02
2.903483223774151156e+02 3.357021327106517106e+02
2.914780296282130507e+02 3.359350049769104771e+02
2.926089932197297117e+02 3.361647863259105407e+02
2.937414957522496479e+02 3.363907942064935810e+02
2.948758378868953400e+02 3.366123033897969208e+02
2.960123211766802456e+02 3.368285867242255449e+02
2.971512769952481108e+02 3.370388527711083952e+02
2.982930728602534600e+02 3.372422321728029715e+02
2.994380784605982626e+02 3.374378508909090328e+02
3.005866458734915341e+02 3.376248803106067840e+02
3.017389978599819642e+02 3.378028253456593575e+02
3.028952995503403827e+02 3.379713395495023747e+02
3.040557157393218972e+02 3.381300773704105040e+02
3.052203909273658269e+02 3.382787540689938055e+02
3.063894213953876147e+02 3.384172293966620941e+02
3.075628964184421648e+02 3.385453840980304676e+02
3.087408876734918977e+02 3.386631419770188813e+02
3.099231478707217207e+02 3.387712072907538072e+02
3.111091521898408701e+02 3.388709633625373385e+02
3.122983665500652251e+02 3.389638161743999376e+02
3.134902331503886899e+02 3.390512187065539820e+02
3.146840766893938621e+02 3.391348567492422035e+02
3.158791855490693479e+02 3.392164880487749770e+02
3.170748524103112800e+02 3.392978586247657518e+02
3.182706913848512045e+02 3.393798382789713060e+02
3.194668547625749966e+02 3.394618297438524905e+02
3.206635461357720374e+02 3.395430959019331567e+02
3.218609844009235985e+02 3.396228327388511161e+02
3.230595579018332160e+02 3.396994955609387148e+02
3.242597604139098735e+02 3.397710788173890819e+02
3.254620872771187123e+02 3.398355700430560660e+02
3.266668589272365466e+02 3.398912116143855542e+02
3.278738037655481889e+02 3.399371085230246763e+02
3.290825250504847190e+02 3.399725480981868486e+02
3.302926204755260073e+02 3.399968227440065789e+02
3.315035067807566520e+02 3.400093898838895257e+02
3.327143842799079039e+02 3.400099043098476841e+02
3.339244405558235371e+02 3.399980324237418472e+02
3.351328829083896608e+02 3.399734704147844013e+02
3.363390610789889479e+02 3.399361296644513004e+02
3.375423873905317009e+02 3.398860160987219956e+02
3.387422752807690358e+02 3.398231374570515300e+02
3.399383640867022791e+02 3.397478772765215354e+02
3.411308222360713671e+02 3.396614992699739446e+02
3.423198938015458452e+02 3.395653929903538710e+02
3.435058222773533316e+02 3.394609322349723470e+02
3.446888408968122803e+02 3.393492113139062667e+02
3.458691740830658432e+02 3.392310845651658155e+02
3.470470459730767629e+02 3.391073985317701158e+02
3.482226439228039681e+02 3.389788723686621097e+02
3.493959758657197199e+02 3.388456038152967267e+02
3.505669951072476351e+02 3.387075014112358531e+02
3.517356537427281751e+02 3.385644702770701997e+02
3.529018180818289352e+02 3.384161737474304346e+02
3.540652127507692626e+02 3.382618758237346697e+02
3.552255491091042927e+02 3.381008031154573246e+02
3.563825301732243247e+02 3.379321620158441419e+02
3.575357682401769353e+02 3.377549390971367416e+02
3.586848199243025306e+02 3.375679860074444036e+02
3.598292410425331695e+02 3.373701524636809950e+02
3.609686442427414477e+02 3.371604311470723019e+02
3.621028316616670395e+02 3.369382914183702837e+02
3.632316448808817313e+02 3.367033018660218886e+02
3.643549291387171252e+02 3.364550402970065761e+02
3.654726453512544140e+02 3.361933761368857176e+02
3.665848909622129668e+02 3.359185229914642150e+02
3.676917712779810472e+02 3.356307142879943513e+02
3.687934112569023455e+02 3.353302324063043329e+02
3.698900755478574638e+02 3.350177076921850130e+02
3.709820893018983270e+02 3.346939212009666562e+02
3.720697778326008347e+02 3.343596544066207912e+02
3.731534464123135422e+02 3.340156422961613316e+02
3.742333540411662511e+02 3.336625125251151189e+02
3.753097532096170994e+02 3.333008776493923619e+02
3.763828889306608971e+02 3.329313322073761015e+02
3.774528763783964678e+02 3.325541578805399467e+02
3.785197207164387692e+02 3.321693712715509150e+02
3.795834236307946412e+02 3.317769806035082070e+02
3.806439507131119058e+02 3.313769067950911449e+02
3.817010941614915964e+02 3.309686513636236782e+02
3.827545941703558015e+02 3.305515900408179846e+02
3.838041950025169626e+02 3.301251083724462205e+02
3.848499219093234842e+02 3.296892697292255434e+02
3.858922579340783159e+02 3.292452418073742137e+02
3.869317282217333513e+02 3.287942938643645903e+02
3.879688637713796879e+02 3.283377092363423913e+02
3.890042581023169532e+02 3.278769216148805867e+02
3.900385425882182062e+02 3.274134557278849229e+02
3.910723491005936125e+02 3.269488375002072758e+02
3.921061814520391522e+02 3.264842835937390646e+02
3.931401228534728602e+02 3.260199949150745624e+02
3.941741702938894605e+02 3.255559641444027079e+02
3.952083122449095640e+02 3.250921633969741151e+02
3.962422749672209648e+02 3.246279316877654537e+02
3.972754793334337364e+02 3.241618706815842188e+02
3.983073290004055593e+02 3.236925404763313736e+02
3.993372297452227144e+02 3.232185062908156965e+02
4.003646021746906172e+02 3.227383691615118551e+02
4.013888732272743596e+02 3.222507454175151906e+02
4.024094706596909532e+02 3.217542533634687061e+02
4.034260069704956777e+02 3.212479573308414160e+02
4.044385151482067613e+02 3.207319368505004604e+02
4.054470863864186185e+02 3.202064119792797214e+02
4.064518217960466018e+02 3.196716267184232834e+02
4.074529910834544921e+02 3.191282321265524615e+02
4.084510049171311721e+02 3.185772196016831685e+02
4.094462783006451332e+02 3.180195910084608499e+02
4.104392360598459391e+02 3.174563719296805289e+02
4.114303494885109558e+02 3.168887001556024643e+02
4.124201036083931058e+02 3.163177466258320578e+02
4.134089837083668613e+02 3.157446829249413440e+02
4.143974926503030929e+02 3.151707230676292966e+02
4.153861615389993176e+02 3.145971492613468854e+02
4.163755240301061917e+02 3.140252498725976693e+02
4.173661041790432478e+02 3.134562900909871246e+02
4.183583253318192305e+02 3.128912919732567275e+02
4.193525506850121474e+02 3.123311323632678409e+02
4.203491426027988496e+02 3.117766860952975208e+02
4.213483746876293594e+02 3.112286137133116881e+02
4.223502333581064363e+02 3.106868824363713202e+02
4.233546470580172354e+02 3.101513195195940398e+02
4.243615408679212351e+02 3.096217440985084295e+02
4.253707390748091939e+02 3.090977319702801651e+02
4.263819501232601397e+02 3.085785792624152464e+02
4.273948760665739997e+02 3.080635666724348880e+02
4.284092139957504628e+02 3.075519629177913430e+02
4.294246268475571924e+02 3.070429542602222455e+02
4.304407631841531838e+02 3.065356922580471064e+02
4.314572714873538644e+02 3.060293282756205713e+02
4.324737936458505487e+02 3.055229977607147021e+02
4.334899567541999090e+02 3.050158004463075372e+02
4.345053858921311871e+02 3.045068312013445393e+02
4.355197061390626914e+02 3.039951848940991113e+02
4.365325425692292924e+02 3.034799563816505952e+02
4.375435202525900422e+02 3.029602405118427555e+02
4.385522642589759812e+02 3.024351321322433250e+02
4.395584203212409875e+02 3.019037759751101362e+02
4.405617304417203286e+02 3.013655491865804947e+02
4.415619646373331761e+02 3.008198965456278984e+02
4.425588934165740511e+02 3.002662640179189566e+02
4.435523184604461449e+02 2.997041728214149430e+02
4.445420908729278722e+02 2.991332634840882179e+02
4.455280661413327152e+02 2.985531871155426984e+02
4.465100927558134458e+02 2.979635779308090946e+02
4.474879470986418823e+02 2.973638960411665266e+02
4.484613630705326273e+02 2.967534989866021533e+02
4.494300740153863671e+02 2.961317429626806188e+02
4.503937850902461832e+02 2.954979161040172357e+02
4.513521116130923474e+02 2.948510896167573492e+02
4.523046510424169924e+02 2.941902915829156768e+02
4.532510056889346401e+02 2.935145617977503889e+02
4.541909194703724779e+02 2.928232818952322987e+02
4.551242969082201171e+02 2.921162212061144601e+02
4.560510511944227119e+02 2.913931699915925151e+02
4.569711722243902159e+02 2.906541036890486112e+02
4.578851694213759060e+02 2.899002519710573438e+02
4.587937677414004156e+02 2.891333648456962351e+02
4.596976928443714883e+02 2.883551940205181268e+02
4.605976719731916091e+02 2.875674950579031588e+02
4.614944358726267524e+02 2.867720320477879454e+02
4.623887157566520045e+02 2.859705702227032589e+02
4.632812286365713703e+02 2.851648405405921380e+02
4.641724599732925753e+02 2.843560151705416388e+02
4.650627067126164889e+02 2.835448113476682011e+02
4.659522603189657275e+02 2.827319330791560219e+02
4.668414404938502003e+02 2.819181526654004983e+02
4.677306964998091416e+02 2.811045557584763515e+02
4.686205147360655019e+02 2.802923178279160084e+02
4.695113818564693702e+02 2.794826149652618597e+02
4.704037999809764301e+02 2.786766610477131962e+02
4.712982954197747745e+02 2.778757290522712537e+02
4.721953965895938836e+02 2.770810971024858986e+02
4.730956078471455726e+02 2.762939853033873874e+02
4.739991899532132038e+02 2.755150263508421062e+02
4.749062621106774600e+02 2.747445115868611083e+02
4.758169417587795920e+02 2.739827281005358373e+02
4.767313094451260440e+02 2.732298738679468784e+02
4.776493298816450306e+02 2.724858670601184372e+02
4.785709451045103151e+02 2.717505710740097697e+02
4.794960891747463734e+02 2.710238299837532168e+02
4.804244694370426600e+02 2.703049385570640197e+02
4.813555394940745487e+02 2.695925767752700040e+02
4.822887395467341776e+02 2.688853921487897196e+02
4.832234892945344882e+02 2.681819815623208569e+02
4.841590717805951840e+02 2.674806044438274739e+02
4.850947141658382407e+02 2.667793822268225767e+02
4.860296435762840588e+02 2.660764362199823836e+02
4.869631124543387273e+02 2.653699428419043329e+02
4.878944284573020695e+02 2.646581987056128469e+02
4.888229065205691768e+02 2.639395162674393873e+02
4.897478705709140172e+02 2.632122288198963247e+02
4.906687881241919058e+02 2.624750024018257477e+02
4.915852420517425116e+02 2.617267703712366256e+02
4.924968184845801602e+02 2.609664736399496405e+02
4.934031947917496836e+02 2.601932711605206805e+02
4.943044606252699396e+02 2.594073071597647413e+02
4.952008220360437463e+02 2.586090040346659293e+02
4.960924871677868282e+02 2.577987894320744999e+02
4.969797878065562600e+02 2.569774012070120079e+02
4.978632465200691399e+02 2.561460558695411009e+02
4.987434021868036780e+02 2.553060108520442100e+02
4.996207866233950767e+02 2.544585144411712463e+02
5.004958613966987286e+02 2.536047239436866505e+02
5.013690478069297569e+02 2.527457445173745896e+02
5.022407666430101472e+02 2.518826806502072202e+02
5.031113696387827190e+02 2.510165321857354854e+02
5.039809949198840400e+02 2.501479752707244586e+02
5.048497394360061321e+02 2.492776236548953648e+02
5.057176937130356009e+02 2.484060831416980193e+02
5.065847703402279194e+02 2.475337394263255533e+02
5.074506853827773512e+02 2.466607351029952895e+02
5.083151447530777318e+02 2.457872002068736492e+02
5.091778205816592617e+02 2.449132313113940711e+02
5.100381633818466298e+02 2.440387054729181955e+02
5.108955343421643533e+02 2.431634112694850955e+02
5.117492942582939577e+02 2.422871368328601704e+02
5.125987775314417831e+02 2.414096338476267647e+02
5.134432618063145810e+02 2.405305756253584093e+02
5.142820173681623146e+02 2.396496253152182589e+02
5.151143331523931010e+02 2.387664531490153195e+02
5.159397898820710680e+02 2.378808401688004324e+02
5.167581995909541774e+02 2.369926552599359582e+02
5.175693806626527476e+02 2.361017697192250182e+02
5.183732623872243721e+02 2.352081026042898202e+02
5.191702676216127657e+02 2.343117855226923893e+02
5.199609564740088672e+02 2.334130091879542306e+02
5.207458859315061090e+02 2.325119631428032676e+02
5.215254342094092408e+02 2.316087698510615951e+02
5.222997073864357844e+02 2.307034496652241842e+02
5.230687887019331583e+02 2.297960143679780458e+02
5.238327757143931649e+02 2.288864825375811449e+02
5.245919059524734394e+02 2.279749391792510949e+02
5.253464960786261599e+02 2.270615068534752936e+02
5.260968636586793536e+02 2.261463085501090404e+02
5.268433369876782990e+02 2.252294734463135342e+02
5.275862770578673917e+02 2.243111495750105746e+02
5.283260510677853290e+02 2.233914885481570138e+02
5.290630399739592349e+02 2.224706477249745262e+02
5.297979961675275717e+02 2.215489396278643142e+02
5.305320768722131106e+02 2.206268458940839139e+02
5.312664597648495146e+02 2.197048567049779138e+02
5.320022750611443598e+02 2.187834426000890744e+02
5.327403465334525663e+02 2.178629472972838812e+02
5.334813762151085257e+02 2.169436641326971653e+02
5.342260638930645200e+02 2.160258855106674503e+02
5.349747802652005930e+02 2.151097672800342195e+02
5.357271983158696003e+02 2.141951757734318562e+02
5.364829020376672588e+02 2.132819403963687250e+02
5.372414500104623585e+02 2.123698799965202113e+02
5.380020112375653980e+02 2.114586515702157499e+02
5.387634499825358034e+02 2.105477855082746430e+02
5.395246223850494971e+02 2.096368088264119933e+02
5.402843119098871512e+02 2.087252183479909604e+02
5.410409834939189295e+02 2.078123785658542602e+02
5.417930148316216901e+02 2.068976177285126425e+02
5.425387935688889911e+02 2.059802682045639415e+02
5.432772566438437707e+02 2.050598897808393986e+02
5.440081659261447840e+02 2.041363837827218504e+02
5.447313512411091097e+02 2.032096796706290149e+02
5.454467349278710344e+02 2.022797452202441377e+02
5.461551280237088122e+02 2.013469162680089539e+02
5.468578371260429094e+02 2.004117338901790220e+02
5.475561743219374193e+02 1.994747414365952238e+02
5.482516187547186064e+02 1.985365514583373567e+02
5.489461511451884235e+02 1.975979842794979504e+02
5.496418459585777327e+02 1.966598990567794090e+02
5.503407641553528720e+02 1.957231493538684219e+02
5.510446112355451760e+02 1.947884415200502417e+02
5.517547103776568065e+02 1.938563235656522465e+02
5.524723658742690304e+02 1.929273356793728453e+02
5.531987426103062262e+02 1.920019603093827527e+02
5.539341195196325316e+02 1.910803129564198173e+02
5.546784286505004502e+02 1.901623654464859214e+02
5.554315986187348244e+02 1.892480881838912410e+02
5.561931373159554823e+02 1.883372773102033477e+02
5.569616731350030250e+02 1.874293646811520091e+02
5.577357241311726739e+02 1.865237364509765428e+02
5.585137742970654244e+02 1.856197646650198294e+02
5.592937958915377976e+02 1.847166094065787547e+02
5.600733661861593191e+02 1.838132671537268266e+02
5.608500522310085898e+02 1.829087301507579753e+02
5.616216034396825307e+02 1.820020661796315835e+02
5.623865564137092861e+02 1.810926690871887104e+02
5.631436601093960235e+02 1.801800206807598670e+02
5.638916748583742446e+02 1.792636074794761782e+02
5.646299670399326942e+02 1.783431670349294222e+02
5.653588009901552596e+02 1.774188088435599866e+02
5.660785136429273052e+02 1.764906724727183018e+02
5.667894364498413324e+02 1.755588952187684697e+02
5.674918491046659028e+02 1.746235929378980529e+02
5.681860028353961525e+02 1.736848696946245241e+02
5.688721485396512207e+02 1.727428294166107037e+02
5.695504923414533778e+02 1.717975574853308558e+02
5.702211079175905297e+02 1.708490844197602030e+02
5.708840445709651021e+02 1.698974306426854071e+02
5.715393627711848694e+02 1.689426212022785023e+02
5.721874096202939199e+02 1.679847998733598899e+02
5.728288364549501921e+02 1.670242364484347490e+02
5.734643093028730618e+02 1.660612068052249697e+02
5.740945593256731172e+02 1.650960138007500859e+02
5.747207251206538103e+02 1.641291290571467698e+02
5.753441025089974801e+02 1.631610893207094080e+02
5.759659867116270107e+02 1.621924310890964307e+02
5.765875312282354344e+02 1.612236321570316875e+02
5.772095974397182090e+02 1.602550493195092258e+02
5.778330106827800137e+02 1.592870244415103969e+02
5.784585501158934449e+02 1.583198802603562001e+02
5.790863149259673719e+02 1.573536578597747564e+02
5.797158864217525434e+02 1.563881838112235414e+02
5.803468329079009891e+02 1.554232792996830881e+02
5.809786726023148731e+02 1.544587447634914383e+02
5.816107107895530817e+02 1.534942924409746468e+02
5.822421961790641944e+02 1.525296111362452507e+02
5.828723813235683338e+02 1.515643912453524820e+02
5.835007167010626290e+02 1.505984051477486503e+02
5.841269421183039867e+02 1.496315450668842573e+02
5.847508203365875943e+02 1.486637127342984286e+02
5.853721331563248214e+02 1.476948177678802381e+02
5.859908390478829006e+02 1.467248429654422353e+02
5.866069923121004877e+02 1.457538108195288089e+02
5.872206481426912887e+02 1.447817441925306809e+02
5.878317988768733358e+02 1.438086399116333780e+02
5.884402536500214183e+02 1.428344189216899451e+02
5.890457884023838915e+02 1.418589884181083391e+02
5.896481822229369527e+02 1.408822569006632364e+02
5.902472930408381444e+02 1.399041655288297079e+02
5.908430613658124457e+02 1.389246896712448631e+02
5.914354316048940063e+02 1.379438063110139865e+02
5.920243511919157982e+02 1.369614936858220915e+02
5.926097861979629897e+02 1.359777377583214388e+02
5.931917097818992488e+02 1.349925274289823562e+02
5.937700955515666692e+02 1.340058517842603010e+02
5.943449795314147650e+02 1.330177257656333722e+02
5.949165246057524428e+02 1.320282168641275859e+02
5.954849090531620277e+02 1.310373989475858991e+02
5.960503356650266369e+02 1.300453560369099364e+02
5.966133610655612074e+02 1.290523187084844494e+02
5.971748077846054912e+02 1.280586276752442529e+02
5.977355048282150847e+02 1.270646263325350844e+02
5.982962692738832402e+02 1.260706531270523385e+02
5.988578682541433409e+02 1.250770257854652243e+02
5.994210558317853383e+02 1.240840566123656288e+02
5.999865831174558934e+02 1.230920566887504037e+02
6.005550542632145152e+02 1.221012761846755268e+02
6.011268614707280449e+02 1.211118774216537446e+02
6.017023804422900639e+02 1.201240158825886084e+02
6.022819928317585436e+02 1.191378495056954279e+02
6.028661345785380945e+02 1.181535586246366307e+02
6.034552706627928274e+02 1.171713355538097971e+02
6.040498663734251750e+02 1.161913727350080165e+02
6.046504206390985701e+02 1.152138765131987554e+02
6.052575289945982604e+02 1.142390931602608362e+02
6.058718042092373253e+02 1.132672760710319153e+02
6.064938548976688253e+02 1.122986769203752573e+02
6.071241881728875569e+02 1.113335053627936020e+02
6.077632062295871265e+02 1.103719276179841415e+02
6.084113064242392284e+02 1.094141079026835115e+02
6.090688531609913525e+02 1.084601968418271838e+02
6.097360111121031423e+02 1.075102626772071233e+02
6.104128700931794356e+02 1.065643427745912533e+02
6.110995177351059056e+02 1.056224735981339649e+02
6.117957626680787371e+02 1.046845764669792374e+02
6.125008543556216409e+02 1.037503419293282008e+02
6.132139755335643940e+02 1.028194329945214207e+02
6.139343133231725460e+02 1.018915145788798782e+02
6.146611169085406345e+02 1.009662785863717716e+02
6.153936814939138458e+02 1.000434369325502217e+02
6.161313033702064104e+02 9.912270200549998833e+01
6.168734005533358413e+02 9.820383710076629313e+01
6.176198930177307602e+02 9.728681544145651117e+01
6.183708301077740543e+02 9.637166435538664189e+01
6.191262578551488787e+02 9.545840981185007479e+01
6.198860627766969174e+02 9.454701236380083174e+01
6.206499044047405960e+02 9.363733947883331155e+01
6.214174249362805540e+02 9.272925151540232491e+01
6.221882427065531829e+02 9.182259869120197493e+01
6.229617620935532614e+02 9.091714029648399276e+01
6.237372745939120477e+02 9.001258764923471745e+01
6.245140709341220600e+02 8.910865173312905085e+01
6.252916569622841507e+02 8.820512884057568215e+01
6.260701472517592947e+02 8.730205666037862500e+01
6.268497632945144460e+02 8.639951528103823364e+01
6.276307297328804680e+02 8.549758540564552334e+01
6.284133463254968319e+02 8.459636239140445468e+01
6.291979894543007958e+02 8.369595654362377957e+01
6.299850389530297434e+02 8.279647884100890565e+01
6.307749338529800980e+02 8.189805885114272144e+01
6.315684664046050329e+02 8.100093705745902639e+01
6.323665593155474198e+02 8.010539490880897517e+01
6.331701339476680914e+02 7.921171313923291279e+01
6.339799112509512042e+02 7.832007186160331003e+01
6.347962160946864287e+02 7.743045232781395271e+01
6.356193268700682211e+02 7.654281245441342207e+01
6.364494914760265374e+02 7.565709743063942483e+01
6.372865346729684006e+02 7.477307582992781931e+01
6.381299716359826562e+02 7.389038700642562674e+01
6.389793104559068979e+02 7.300866735735053226e+01
6.398340411587284962e+02 7.212757018746987114e+01
6.406935804021968579e+02 7.124681746954874484e+01
6.415573262205530227e+02 7.036614860677043737e+01
6.424246774252217165e+02 6.948530702489280486e+01
6.432950690419904731e+02 6.860422358851749891e+01
6.441679869405174941e+02 6.772309232072103669e+01
6.450429207995551906e+02 6.684212695974183305e+01
6.459193588817641967e+02 6.596159829079492454e+01
6.467967769667633320e+02 6.508227997612836191e+01
6.476746443392243009e+02 6.420520732574928502e+01
6.485524301498555815e+02 6.333141820761004226e+01
6.494295427732696453e+02 6.246219369049975967e+01
6.503052211232736681e+02 6.159949295537252567e+01
6.511786748098120370e+02 6.074539244513561442e+01
6.520491048708370272e+02 5.990198381560634289e+01
6.529155128187528589e+02 5.907171282511578170e+01
6.537766993149601831e+02 5.825738168682394758e+01
6.546314561837723431e+02 5.746180829727064321e+01
6.554785531031543542e+02 5.668772896654108706e+01
6.563166296630984107e+02 5.593740076470982103e+01
6.571442781071141326e+02 5.521290633889175581e+01
6.579601654454259005e+02 5.451626710027548484e+01
6.587721287004128499e+02 5.384203150008893601e+01
6.596058766186348521e+02 5.317018370360401036e+01
6.604891800006856784e+02 5.247902743696484151e+01
6.614539789430103838e+02 5.174416728634965779e+01
6.625889534735986217e+02 5.090447525229919989e+01
6.640237438081214805e+02 4.987230632060426672e+01
6.658888980717038066e+02 4.855942771001295455e+01
