4.752708744964341037e+01 6.931691966249364611e+01
4.952532002963214097e+01 6.816333740440144595e+01
5.105425456854642619e+01 6.729323162705259165e+01
5.226535143007739492e+01 6.661669899655646532e+01
5.330728458998769526e+01 6.604554387621107026e+01
5.427073793777164212e+01 6.552711108880272661e+01
5.519160285030238811e+01 6.504232621549195414e+01
5.610362399372411346e+01 6.457343046474115056e+01
5.703387750957254099e+01 6.410633613819872778e+01
5.798602105133555540e+01 6.363984766237561530e+01
5.895857432387360575e+01 6.317559795873534512e+01
5.995002904924754716e+01 6.271516753890423246e+01
6.095839463151343551e+01 6.225923356643482975e+01
6.198127369881844118e+01 6.180771134189701854e+01
6.301625619109502452e+01 6.136049223306501688e+01
6.406102679147838330e+01 6.091731633107586674e+01
6.511356268215970999e+01 6.047745669331365548e+01
6.617189731524628371e+01 6.004009653088943566e+01
6.723410019119901904e+01 5.960443233459659496e+01
6.829876205338325690e+01 5.916985261343556601e+01
6.936486581551962161e+01 5.873589034618812832e+01
7.043140428400762687e+01 5.830208229815019649e+01
7.149757450686323068e+01 5.786813247038176655e+01
7.256312899961267249e+01 5.743419968816100152e+01
7.362791381642038857e+01 5.700051936745262537e+01
7.469180620983401298e+01 5.656737075562006822e+01
7.575506587373952527e+01 5.613557040154708488e+01
7.681820895735592103e+01 5.570629515470890425e+01
7.788175651994905024e+01 5.528072875750977033e+01
7.894628339001860695e+01 5.486012887919330439e+01
8.001249351750858807e+01 5.444593071692375474e+01
8.108110983641479663e+01 5.403959556886867688e+01
8.215284657868649276e+01 5.364256458295847096e+01
8.322832675987456241e+01 5.325606768875594099e+01
8.430811894825242803e+01 5.288120873909576147e+01
8.539279087271201263e+01 5.251908975679322111e+01
8.648289126939707216e+01 5.217078828642698340e+01
8.757892850822111086e+01 5.183732984776473529e+01
8.868140579567668169e+01 5.151973330585315125e+01
8.979081319716286202e+01 5.121898900002457822e+01
9.090752215784465307e+01 5.093582977757463226e+01
9.203184119916993211e+01 5.067085189564460279e+01
9.316407756701318021e+01 5.042464869977776942e+01
9.430446250567246125e+01 5.019763301760760754e+01
9.545308398557078533e+01 4.998987737460952729e+01
9.661001410483598306e+01 4.980141659659939535e+01
9.777531867190002401e+01 4.963227162356815114e+01
9.894901432405288233e+01 4.948235483987974703e+01
1.001310945630299045e+02 4.935152755330067009e+01
1.013215497086691954e+02 4.923964402718386424e+01
1.025201424109798438e+02 4.914605442346108077e+01
1.037262539010495459e+02 4.906926437485688552e+01
1.049392290225921442e+02 4.900769894598984422e+01
1.061583886561418950e+02 4.895976140211557492e+01
1.073828906948803592e+02 4.892370673849713114e+01
1.086118251601871805e+02 4.889772820725372071e+01
1.098442824844967163e+02 4.888002557813580751e+01
1.110793874891228796e+02 4.886916280395332990e+01
1.123163162781078768e+02 4.886424692880173382e+01
1.135542491389805093e+02 4.886442930048645650e+01
1.147923762099069904e+02 4.886899403418079402e+01
1.160299461258325948e+02 4.887801366747635967e+01
1.172662290305693773e+02 4.889185063551244070e+01
1.185004957832616697e+02 4.891087605388339199e+01
1.197320451739724945e+02 4.893579814732395761e+01
1.209602131164104293e+02 4.896777320030918190e+01
1.221843380916979811e+02 4.900798848443323408e+01
1.234037993173562739e+02 4.905759380757535126e+01
1.246181877645216645e+02 4.911754423587650820e+01
1.258271629933234408e+02 4.918873175679209453e+01
1.270303935177453241e+02 4.927202863300085767e+01
1.282278326871661420e+02 4.936767821055472183e+01
1.294197715829604363e+02 4.947517812317104102e+01
1.306065208808089437e+02 4.959398274033357268e+01
1.317883558491346321e+02 4.972362743824759690e+01
1.329653903720197832e+02 4.986401681731204150e+01
1.341376923785970519e+02 5.001516061625147813e+01
1.353053297206587331e+02 5.017706740930871945e+01
1.364683683604191060e+02 5.034971584766216779e+01
1.376268722602425214e+02 5.053305291317980874e+01
1.387809052864018895e+02 5.072702406603878700e+01
1.399305226621051190e+02 5.093158568207032744e+01
1.410757450382998002e+02 5.114673779972176959e+01
1.422165844228686353e+02 5.137249137309449054e+01
1.433530464220975205e+02 5.160887199548152182e+01
1.444850034127433958e+02 5.185620992987885813e+01
1.456122018883114890e+02 5.211512330949664573e+01
1.467343834063146062e+02 5.238624155565609186e+01
1.478512185924422226e+02 5.267036277740255201e+01
1.489621289743952275e+02 5.296887748040276733e+01
1.500664814284954787e+02 5.328330614043100866e+01
1.511636544436036615e+02 5.361514114617251181e+01
1.522532266649843677e+02 5.396539077075190960e+01
1.533349455452080576e+02 5.433465499536761456e+01
1.544085639130105392e+02 5.472352079868940677e+01
1.554740110528611581e+02 5.513214978839436498e+01
1.565317610179725420e+02 5.555939033162930230e+01
1.575823926622084059e+02 5.600383815905268392e+01
1.586264991240237805e+02 5.646405463934991786e+01
1.596648800906123427e+02 5.693810428260386658e+01
1.606984906513642954e+02 5.742367777469194579e+01
1.617282895291232023e+02 5.791845706335075761e+01
1.627551309351615032e+02 5.842037694475116183e+01
1.637795848449364939e+02 5.892805987653434840e+01
1.648021733696641604e+02 5.944024411594500634e+01
1.658233931352304182e+02 5.995572948812367997e+01
1.668434283589063511e+02 6.047407054028089135e+01
1.678622537647747208e+02 6.099532791685221866e+01
1.688798398152178208e+02 6.151957255693069015e+01
1.698960369254687635e+02 6.204716515929250420e+01
1.709104072295228889e+02 6.257916225164978385e+01
1.719224704768904815e+02 6.311672266581039281e+01
1.729317363140351631e+02 6.366102957859016698e+01
1.739376084854926319e+02 6.421352135550590390e+01
1.749394275226949276e+02 6.477578868479557173e+01
1.759365336635457879e+02 6.534942295840167503e+01
1.769283619643497900e+02 6.593578646913616126e+01
1.779145490036640354e+02 6.653575459406147274e+01
1.788947571376379528e+02 6.715014042671720063e+01
1.798686852437246557e+02 6.777966893850401675e+01
1.808363618649133002e+02 6.842426965188650456e+01
1.817979904197618168e+02 6.908345013261822487e+01
1.827537766970192195e+02 6.975671223723638548e+01
1.837040097521895348e+02 7.044335797659620368e+01
1.846491356105560442e+02 7.114231262377157350e+01
1.855896176869692056e+02 7.185245971573300494e+01
1.865259189684360024e+02 7.257268446420125940e+01
1.874584990971997627e+02 7.330188517364328504e+01
1.883878161417559909e+02 7.403896630880467455e+01
1.893143256686190341e+02 7.478283845104672878e+01
1.902382969884315003e+02 7.553286651610170566e+01
1.911596873743832248e+02 7.628917657337078140e+01
1.920784243312835429e+02 7.705196730633281277e+01
1.929944141388483558e+02 7.782149010901900965e+01
1.939074187127367850e+02 7.859835489021324406e+01
1.948171398519886850e+02 7.938332085275109762e+01
1.957232821637383609e+02 8.017714048546577033e+01
1.966257131445567552e+02 8.098017582511062074e+01
1.975245432013624622e+02 8.179220664323926826e+01
1.984199025569500350e+02 8.261296521200836196e+01
1.993119640675958522e+02 8.344207851080253135e+01
2.002011537631787519e+02 8.427854825104076042e+01
2.010879907637851147e+02 8.512114623737430463e+01
2.019729945144194403e+02 8.596864267568776086e+01
2.028566918731350484e+02 8.681975685543091004e+01
2.037396195508434857e+02 8.767314039181424334e+01
2.046223149398650492e+02 8.852744021980265643e+01
2.055052840777096890e+02 8.938135712659885712e+01
2.063888700151081821e+02 9.023387183102582298e+01
2.072733630098365154e+02 9.108405572439842501e+01
2.081590461995328099e+02 9.193099365017708635e+01
2.090459761910226462e+02 9.277419858730442570e+01
2.099339409914258283e+02 9.361369115897372239e+01
2.108227130244260081e+02 9.444952144053881682e+01
2.117119596406908215e+02 9.528194803695129167e+01
2.126008692738431307e+02 9.611218001963194979e+01
2.134884939836248918e+02 9.694169710979856802e+01
2.143738858622453449e+02 9.777197640697589520e+01
2.152560980827123274e+02 9.860442757973709149e+01
2.161341849619053619e+02 9.944038893057788187e+01
2.170072008716666119e+02 1.002811953328980792e+02
2.178743149867841566e+02 1.011279844636825516e+02
2.187351556938305919e+02 1.019811052142569849e+02
2.195894661823247418e+02 1.028407092795321347e+02
2.204370144394678732e+02 1.037069281602980624e+02
2.212780845398748397e+02 1.045794730788903451e+02
2.221134481885119953e+02 1.054576581533464719e+02
2.229438961996999637e+02 1.063407819416371325e+02
2.237703413483685040e+02 1.072280676611920143e+02
2.245941247100427915e+02 1.081184739489426789e+02
2.254166813281614452e+02 1.090109013936239677e+02
2.262394125553115884e+02 1.099042634522967035e+02
2.270631390407730521e+02 1.107976953834675129e+02
2.278881916820161564e+02 1.116905195078797419e+02
2.287148859652139947e+02 1.125820640350296600e+02
2.295433885364697630e+02 1.134717186239733735e+02
2.303734065305053207e+02 1.143590626459330508e+02
2.312045586828962200e+02 1.152437119682748374e+02
2.320364762105180603e+02 1.161252818756674543e+02
2.328689708042039967e+02 1.170033792272380850e+02
2.337019899389589455e+02 1.178776045429435300e+02
2.345354847739202739e+02 1.187475582199393216e+02
2.353696446919296363e+02 1.196128613609355540e+02
2.362053069630243840e+02 1.204731913806863872e+02
2.370434179590069732e+02 1.213282351766822700e+02
2.378849014503994113e+02 1.221777292029846933e+02
2.387304041528552148e+02 1.230220173964570733e+02
2.395803869961532371e+02 1.238618510563183719e+02
2.404353067727003008e+02 1.246979889043829246e+02
2.412954051591262896e+02 1.255311607283501587e+02
2.421604072530099074e+02 1.263620268335331787e+02
2.430299622020087327e+02 1.271912373096124043e+02
2.439037205608757688e+02 1.280193976878274498e+02
2.447813476337847760e+02 1.288466464299216909e+02
2.456625175288726837e+02 1.296728432027843212e+02
2.465469043541320673e+02 1.304978443335538145e+02
2.474341619711684075e+02 1.313215733513234511e+02
2.483239012109360715e+02 1.321440966128355967e+02
2.492157274001503993e+02 1.329654987445418328e+02
2.501092347799265667e+02 1.337859159869816779e+02
2.510039175253882036e+02 1.346059504837208181e+02
2.518992167302925793e+02 1.354264515229243386e+02
2.527945745523811354e+02 1.362482681068788395e+02
2.536896021114558835e+02 1.370719709576642344e+02
2.545842290450423775e+02 1.378976061992472069e+02
2.554784202769832007e+02 1.387251618390949375e+02
2.563721838905918275e+02 1.395545440328083657e+02
2.572658653782622764e+02 1.403850190402181966e+02
2.581599689870134853e+02 1.412155520432693265e+02
2.590550000506649440e+02 1.420451064937210219e+02
2.599514759880480028e+02 1.428726476503032075e+02
2.608499344642090136e+02 1.436971437989926699e+02
2.617509150756835083e+02 1.445175635145656656e+02
2.626549049771924729e+02 1.453329803013109540e+02
2.635620346365450359e+02 1.461431813494215248e+02
2.644722859886539936e+02 1.469482510448386847e+02
2.653856357237631869e+02 1.477482809519215436e+02
2.663018028611255659e+02 1.485436985496882585e+02
2.672201221657966244e+02 1.493354322529347940e+02
2.681398970565609261e+02 1.501244513412509320e+02
2.690603864743688405e+02 1.509116797987121288e+02
2.699805852341117429e+02 1.516977726276437011e+02
2.708993910333298345e+02 1.524832859276152988e+02
2.718156999459530994e+02 1.532687602558735023e+02
2.727283477073031008e+02 1.540541059832705457e+02
2.736360898552274534e+02 1.548383958850005797e+02
2.745376763812406580e+02 1.556206448094367545e+02
2.754318200806239361e+02 1.563997670915126150e+02
2.763170403973289240e+02 1.571741545829547135e+02
2.771917941469879452e+02 1.579420298982513486e+02
2.780545375339383440e+02 1.587016278976350350e+02
2.789037082657658857e+02 1.594515773066682982e+02
2.797377221182853191e+02 1.601909738607248528e+02
2.805549935948886286e+02 1.609189403898373882e+02
2.813585226933648187e+02 1.616387128306185161e+02
2.821722098434688633e+02 1.623722744338845700e+02
2.830259069712524820e+02 1.631469468363397937e+02
2.839514067606511958e+02 1.639918750930122258e+02
2.850300378231854666e+02 1.649827456780565171e+02
2.863955555085675542e+02 1.662445025422624667e+02
2.881842342389892906e+02 1.679044564278337077e+02
