5.277725856626481260e+01 1.553596138891584246e+02
5.466539415411849490e+01 1.543937831225973412e+02
5.611855274299341545e+01 1.536577798471441270e+02
5.727690835318338713e+01 1.530785289712744088e+02
5.827826680994411390e+01 1.525842208316090307e+02
5.920786457219693943e+01 1.521311358311106687e+02
6.009940264148666245e+01 1.517030919771987385e+02
6.098442061180568174e+01 1.512850622091007153e+02
6.188856707360257303e+01 1.508648954240556748e+02
6.281497862761128204e+01 1.504414307583509753e+02
6.376141524210382272e+01 1.500161321929356575e+02
6.472563015387410701e+01 1.495904422164551875e+02
6.570523719871417256e+01 1.491653582372029518e+02
6.669771887677271138e+01 1.487414583342452374e+02
6.770055257583511832e+01 1.483193042480850750e+02
6.871138014513685732e+01 1.478993717628890181e+02
6.972844389384478347e+01 1.474818228303972489e+02
7.075012313124972252e+01 1.470667477987689438e+02
7.177482257914633124e+01 1.466542355896530978e+02
7.280143885991225261e+01 1.462443475122607879e+02
7.382931397208739099e+01 1.458371198749752295e+02
7.485780600183983324e+01 1.454325880828968138e+02
7.588637868294269140e+01 1.450307790078457231e+02
7.691486432845560728e+01 1.446316897510645276e+02
7.794317558119183786e+01 1.442353109254679850e+02
7.897122747752653993e+01 1.438416241820534083e+02
7.999897843732897229e+01 1.434504487363753924e+02
8.102642462810418067e+01 1.430614624701917705e+02
8.205356347402161532e+01 1.426743385408907159e+02
8.308037719956674039e+01 1.422887056723145065e+02
8.410679734959701648e+01 1.419040444355161412e+02
8.513274491927683130e+01 1.415198045614160947e+02
8.615814145270643110e+01 1.411354409927635629e+02
8.718291782595086659e+01 1.407504972739224627e+02
8.820701271750158412e+01 1.403645910287881406e+02
8.923036503441076661e+01 1.399773421416996939e+02
9.025288156982571763e+01 1.395883204237465804e+02
9.127436676128075987e+01 1.391969360891654901e+02
9.229460469860357819e+01 1.388025676252575522e+02
9.331338828675262675e+01 1.384046175075862948e+02
9.433065120516060631e+01 1.380028712956556944e+02
9.534644022756610582e+01 1.375974223079765579e+02
9.636080535862295449e+01 1.371883726485989428e+02
9.737385633754315961e+01 1.367759757185440037e+02
9.838588494408887186e+01 1.363609459950452560e+02
9.939721751135746786e+01 1.359440854727651526e+02
1.004081852725517763e+02 1.355262081570665771e+02
1.014191930765839089e+02 1.351083084935528973e+02
1.024307025934558482e+02 1.346915202025999747e+02
1.034431768186653215e+02 1.342769802576797815e+02
1.044569172040686880e+02 1.338654343075739348e+02
1.054717543656543626e+02 1.334564874442545772e+02
1.064874336066423552e+02 1.330495380973183046e+02
1.075036976263791360e+02 1.326439781287226936e+02
1.085202522741084721e+02 1.322391064549858299e+02
1.095367760743892376e+02 1.318341530727407758e+02
1.105529469677124013e+02 1.314283464974695335e+02
1.115684903940614703e+02 1.310210288506868608e+02
1.125832642353318249e+02 1.306118590193996738e+02
1.135971492758205557e+02 1.302005506670107309e+02
1.146100213876639913e+02 1.297868055130417986e+02
1.156216908753521579e+02 1.293701658497909079e+02
1.166319213417675371e+02 1.289500604149594096e+02
1.176404754277277220e+02 1.285259156061181329e+02
1.186471385598181172e+02 1.280972127270619296e+02
1.196517569614155150e+02 1.276635795819039458e+02
1.206541868863213267e+02 1.272246681447891063e+02
1.216543038748921504e+02 1.267801769629700033e+02
1.226522265634442874e+02 1.263303916109907590e+02
1.236482398864343111e+02 1.258759992395756342e+02
1.246426320622402386e+02 1.254176949296350188e+02
1.256357146608269346e+02 1.249562302303241381e+02
1.266278588924624842e+02 1.244925009115440560e+02
1.276194453520361236e+02 1.240274254368602982e+02
1.286108372278058596e+02 1.235618802590618657e+02
1.296021903038353855e+02 1.230962412624371893e+02
1.305935241163615501e+02 1.226305554981445312e+02
1.315848553574343782e+02 1.221648631526855695e+02
1.325760463948413417e+02 1.216988318741886701e+02
1.335665822061121730e+02 1.212312182916694212e+02
1.345558911521737002e+02 1.207606423618102554e+02
1.355434112528619721e+02 1.202857473617740141e+02
1.365286894341403752e+02 1.198054395117961946e+02
1.375113413122351744e+02 1.193187908779581221e+02
1.384909842688273898e+02 1.188248777887184815e+02
1.394674197854380111e+02 1.183232210264870616e+02
1.404408805336899491e+02 1.178143823530913750e+02
1.414116608331285079e+02 1.172990723608124597e+02
1.423800648372084368e+02 1.167780253820689325e+02
1.433465017221868152e+02 1.162522292858591584e+02
1.443114442529184771e+02 1.157228254510404213e+02
1.452753657897775383e+02 1.151909566940693566e+02
1.462386761931184651e+02 1.146576125245022126e+02
1.472016428373001986e+02 1.141234384506444428e+02
1.481645136913764134e+02 1.135890331309384180e+02
1.491275474449894318e+02 1.130550211051417335e+02
1.500911113285054057e+02 1.125222889486828848e+02
1.510556356472247614e+02 1.119918755105533421e+02
1.520215510322651369e+02 1.114648204262986866e+02
1.529892064467994999e+02 1.109419661668938346e+02
1.539587752419984952e+02 1.104237312369085942e+02
1.549304079979130506e+02 1.099104791663680913e+02
1.559042255511603514e+02 1.094025016783015474e+02
1.568800630195849521e+02 1.088994007096483756e+02
1.578575961971525317e+02 1.084003935555048628e+02
1.588364989669690885e+02 1.079046928977455622e+02
1.598164175462112269e+02 1.074114446270299226e+02
1.607969411264569999e+02 1.069196569625518407e+02
1.617776518629636087e+02 1.064283211363870407e+02
1.627581638752190827e+02 1.059365055491490608e+02
1.637383828355810351e+02 1.054439824728812027e+02
1.647183703864080258e+02 1.049509007248055923e+02
1.656981895149013724e+02 1.044574123688860681e+02
1.666778865181509559e+02 1.039636291757775979e+02
1.676574747080214536e+02 1.034695832831214233e+02
1.686369635257256618e+02 1.029752974840214108e+02
1.696163513084716783e+02 1.024807677641502295e+02
1.705955401555890205e+02 1.019857577704507605e+02
1.715743827865871651e+02 1.014899119364672941e+02
1.725527313226576780e+02 1.009928732512765492e+02
1.735304162051587582e+02 1.004942323641506619e+02
1.745072267831257591e+02 9.999348071861174958e+01
1.754829478227376569e+02 9.949009869417577079e+01
1.764573726755355949e+02 9.898358739722958433e+01
1.774303654426095136e+02 9.847361873845611058e+01
1.784018250346955767e+02 9.795994866634760001e+01
1.793716517838219886e+02 9.744233656069806671e+01
1.803398596655617894e+02 9.692081616099802943e+01
1.813066692875935644e+02 9.639592006060640017e+01
1.822723231444828684e+02 9.586823369248394044e+01
1.832370526292999671e+02 9.533831568823327984e+01
1.842010020971274002e+02 9.480651455134122330e+01
1.851642748500230482e+02 9.427307967460831151e+01
1.861269731090634707e+02 9.373825784111868131e+01
1.870891281849928873e+02 9.320212464155768828e+01
1.880506476773392137e+02 9.266445700181400014e+01
1.890114267495878266e+02 9.212500182456423659e+01
1.899713759524006775e+02 9.158354316063159217e+01
1.909305206760297722e+02 9.104014230974972577e+01
1.918889382232196681e+02 9.049498590022609790e+01
1.928467055552329441e+02 8.994825973598165092e+01
1.938038551834472685e+02 8.940004231097132958e+01
1.947603451958987932e+02 8.885023244790200181e+01
1.957161265861394099e+02 8.829871184212801438e+01
1.966711651497306264e+02 8.774539792464108245e+01
1.976255318982593963e+02 8.719046214341241807e+01
1.985793434140305180e+02 8.663418596516825687e+01
1.995327165283416093e+02 8.607685145776366653e+01
2.004857724439863773e+02 8.551875124292850217e+01
2.014386393895293281e+02 8.496019490434416355e+01
2.023914462280907856e+02 8.440149355766658346e+01
2.033443102413731935e+02 8.384293035726592791e+01
2.042972702678306689e+02 8.328459907015536601e+01
2.052503326027328114e+02 8.272651489358194965e+01
2.062035029045588885e+02 8.216869148717107407e+01
2.071567553160584225e+02 8.161106640931092215e+01
2.081100153508210724e+02 8.105345979324020789e+01
2.090632043649162881e+02 8.049568173300636431e+01
2.100162671644941952e+02 7.993759892858273020e+01
2.109692999663869841e+02 7.937944356873609308e+01
2.119224591374932913e+02 7.882159303790267302e+01
2.128759015364169045e+02 7.826442590685854839e+01
2.138298020869372635e+02 7.770836432271302385e+01
2.147843624792894843e+02 7.715389499790171612e+01
2.157397865677163793e+02 7.660150986482247504e+01
2.166962571158850608e+02 7.605164993431199605e+01
2.176538270240594386e+02 7.550444267208624183e+01
2.186124998052328863e+02 7.495989630212430654e+01
2.195722794995319020e+02 7.441802032241768927e+01
2.205332001473896639e+02 7.387889672651652972e+01
2.214953384787168034e+02 7.334271066683362506e+01
2.224587744837162120e+02 7.280965517425758549e+01
2.234236258293634307e+02 7.228001430883288947e+01
2.243902314965409346e+02 7.175460683717992083e+01
2.253590110149706334e+02 7.123444613634684686e+01
2.263303810697385927e+02 7.072053872823103404e+01
2.273046289780639029e+02 7.021357934598729855e+01
2.282818652382883897e+02 6.971383657262455813e+01
2.292621876068091638e+02 6.922154828186458531e+01
2.302456415375080496e+02 6.873682630007212424e+01
2.312319793086529955e+02 6.825907590993591612e+01
2.322208511101801776e+02 6.778745636459157708e+01
2.332119056570796261e+02 6.732112337114270417e+01
2.342047370640790405e+02 6.685910139191959445e+01
2.351988677560200074e+02 6.640024256548852577e+01
2.361938152891405309e+02 6.594338732756341415e+01
2.371891638271566762e+02 6.548753668003820394e+01
2.381848539156093807e+02 6.503255073056448055e+01
2.391809447971872373e+02 6.457857572204540020e+01
2.401774980779302950e+02 6.412576348721979969e+01
2.411746585044951416e+02 6.367446237027529321e+01
2.421726757015494513e+02 6.322526860542969018e+01
2.431718059972368735e+02 6.277879427126023870e+01
2.441722924019543370e+02 6.233561624536289969e+01
2.451743098943961456e+02 6.189613158642707447e+01
2.461780117863506234e+02 6.146068008396888871e+01
2.471835541735858328e+02 6.102960777987643581e+01
2.481911865425978476e+02 6.060347057884047928e+01
2.492012715738531483e+02 6.018307874917334743e+01
2.502141787476199966e+02 5.976925783934937897e+01
2.512302528808484681e+02 5.936276950362777427e+01
2.522497184796380907e+02 5.896406371203476482e+01
2.532727634195242388e+02 5.857349553734256631e+01
2.542995759377187710e+02 5.819142121495419673e+01
2.553303556735888833e+02 5.781823346607291114e+01
2.563653155462001223e+02 5.745436750566182127e+01
2.574046692232392388e+02 5.710026094420000220e+01
2.584486664846966164e+02 5.675646184834802455e+01
2.594977253585871608e+02 5.642403290256885384e+01
2.605523128333886120e+02 5.610418654598485944e+01
2.616128935855160194e+02 5.579813624628664570e+01
2.626798664074344174e+02 5.550712423096273085e+01
2.637535563539742043e+02 5.523242491560607448e+01
2.648342845853967447e+02 5.497531441587497625e+01
2.659222683838238481e+02 5.473692291139451527e+01
2.670172627425649807e+02 5.451773112276148225e+01
2.681188941014988245e+02 5.431803916878483562e+01
2.692267758910671773e+02 5.413812851753128541e+01
2.703401792555712291e+02 5.397778992085100924e+01
2.714580071876215470e+02 5.383628633240614647e+01
2.725791444938687960e+02 5.371285463368034385e+01
2.737026119875422410e+02 5.360703314058059732e+01
2.748280086853900457e+02 5.351964165441017940e+01
2.759550872293629595e+02 5.345184045944706952e+01
2.770836076992341077e+02 5.340475482397169316e+01
2.782135118571835619e+02 5.337865448168175675e+01
2.793449292633993082e+02 5.337292483359106399e+01
2.804779981382214373e+02 5.338691050043293984e+01
2.816127770321188564e+02 5.341974760807237033e+01
2.827490009258748955e+02 5.346972550531737767e+01
2.838863226665994262e+02 5.353491859837338751e+01
2.850243647795594484e+02 5.361348256514850874e+01
2.861620606296572760e+02 5.370542024287807692e+01
2.872976589693347478e+02 5.381256943835761319e+01
2.884293791388448085e+02 5.393684679221445322e+01
2.895554894708898246e+02 5.408025590899617185e+01
2.906744483900459954e+02 5.424513781533632084e+01
2.917847604181926613e+02 5.443391536276733689e+01
2.928849670985904936e+02 5.464894304452832330e+01
2.939743944251024459e+02 5.489112690156148489e+01
2.950531173114598005e+02 5.515999012839363047e+01
2.961212405828883902e+02 5.545500068959420048e+01
2.971789381062187658e+02 5.577551590791272673e+01
2.982266396818556586e+02 5.612048296272428161e+01
2.992648344009342054e+02 5.648875401773409521e+01
3.002939922117840297e+02 5.687921942413201037e+01
3.013142041652873786e+02 5.729152538579055687e+01
3.023252136732496638e+02 5.772601160275154086e+01
3.033267512666458288e+02 5.818304346245277969e+01
3.043184762874277567e+02 5.866298977745484677e+01
3.052997959271742161e+02 5.916623149204813359e+01
3.062700615767035970e+02 5.969315223526908198e+01
3.072286022374478875e+02 6.024415621252708064e+01
3.081743321898906061e+02 6.082002876753465870e+01
3.091058000481447721e+02 6.142189129999754726e+01
3.100215418958231339e+02 6.205087670186100013e+01
3.109200884644105258e+02 6.270796342261860445e+01
3.117999523689325088e+02 6.339360713835849026e+01
3.126596423950006738e+02 6.410815302255994652e+01
3.134977117619283717e+02 6.485187459920503272e+01
3.143134852372310206e+02 6.562380126813570769e+01
3.151069413092501463e+02 6.642190830210608965e+01
3.158780792180424442e+02 6.724413761541482870e+01
3.166271941514687569e+02 6.808830869696858201e+01
3.173555388207740293e+02 6.895184493482705079e+01
3.180645592358255840e+02 6.983208975477542424e+01
3.187557097754243500e+02 7.072640749533216820e+01
3.194305812596093688e+02 7.163250344156398342e+01
3.200908755910820673e+02 7.254836045774349884e+01
3.207382978844390777e+02 7.347196956626032716e+01
3.213745173983658105e+02 7.440149510238123298e+01
3.220010924783920814e+02 7.533563751042349566e+01
3.226195600899983447e+02 7.627320057715679980e+01
3.232314415812923016e+02 7.721301046554384584e+01
3.238380188863925468e+02 7.815423636508825211e+01
3.244403866618262668e+02 7.909631579207312768e+01
3.250396345359261545e+02 8.003869346344551161e+01
3.256368067214201574e+02 8.098087456942698736e+01
3.262328130846399290e+02 8.192254318955343706e+01
3.268285387685353385e+02 8.286341632384907996e+01
3.274248376155394453e+02 8.380322508158556616e+01
3.280221116572189430e+02 8.474190423357862301e+01
3.286204233889528723e+02 8.567954160243868955e+01
3.292198271444134434e+02 8.661622868492192140e+01
3.298204711733516206e+02 8.755201038837273586e+01
3.304227694779424951e+02 8.848679978702165272e+01
3.310271827380342984e+02 8.942048679947593826e+01
3.316341688409132189e+02 9.035296079535638114e+01
3.322441476698967335e+02 9.128410367313026086e+01
3.328575116734846233e+02 9.221379193788773421e+01
3.334746520931011560e+02 9.314190221237538481e+01
3.340955846496239019e+02 9.406845983441368730e+01
3.347193083238702798e+02 9.499389279508412187e+01
3.353446516966989748e+02 9.591869656790780141e+01
3.359703623395552086e+02 9.684339961661810037e+01
3.365941471796833753e+02 9.776895419610845295e+01
3.372129916000087633e+02 9.869660640243752425e+01
3.378238666272636124e+02 9.962760817540137737e+01
3.384238081270372049e+02 1.005631837980759826e+02
3.390100199906963212e+02 1.015044858829036230e+02
3.395797329707127119e+02 1.024526555848444502e+02
3.401302986103692092e+02 1.034087840801490756e+02
3.406605347642453125e+02 1.043733558404273936e+02
3.411702356508544085e+02 1.053464513544973755e+02
3.416592149311005642e+02 1.063281430674183099e+02
3.421279205411546513e+02 1.073182412650944144e+02
3.425783740709954941e+02 1.083159058095940566e+02
3.430128369879970478e+02 1.093201974166711068e+02
3.434336090784039470e+02 1.103301610159544168e+02
3.438434301587941491e+02 1.113446602589265524e+02
3.442453213806140866e+02 1.123624428962798589e+02
3.446423069255877181e+02 1.133822554346187559e+02
3.450369671395975502e+02 1.144030284580824031e+02
3.454308278095261358e+02 1.154241299211218461e+02
3.458252615043790001e+02 1.164449913241359980e+02
3.462215260935680021e+02 1.174650916916933454e+02
3.466196322613883467e+02 1.184844268020463289e+02
3.470188251812556928e+02 1.195033096121569827e+02
3.474183395244996291e+02 1.205220574304375134e+02
3.478175514378239086e+02 1.215409289602859957e+02
3.482161590793157302e+02 1.225600495145249198e+02
3.486139051805330382e+02 1.235795259417819807e+02
3.490105754899988142e+02 1.245994472688344530e+02
3.494063990592360938e+02 1.256197188628315047e+02
3.498018661068086885e+02 1.266401378898917187e+02
3.501974685855306006e+02 1.276605007974784058e+02
3.505933866218128969e+02 1.286807331917715658e+02
3.509891202504381340e+02 1.297010423733851496e+02
3.513840798605978080e+02 1.307216727742003286e+02
3.517776907803092286e+02 1.317428626391482851e+02
3.521695243651581677e+02 1.327647897354949862e+02
3.525592345291496486e+02 1.337875976387408912e+02
3.529464781641731292e+02 1.348114286908140969e+02
3.533312395372721539e+02 1.358362896064716949e+02
3.537141872736641517e+02 1.368619035799829931e+02
3.540960758547413434e+02 1.378879582365464103e+02
3.544775987791694547e+02 1.389141664362710458e+02
3.548588836677057543e+02 1.399404752019434568e+02
3.552397511939151400e+02 1.409669585723991361e+02
3.556200206560391734e+02 1.419936911528231178e+02
3.559997376828962388e+02 1.430206535159838666e+02
3.563794015097653300e+02 1.440476377770751810e+02
3.567595655026788108e+02 1.450744135618610926e+02
3.571408346074430256e+02 1.461007290223539883e+02
3.575242684527383403e+02 1.471261430164559556e+02
3.579111632395041056e+02 1.481501159120280704e+02
3.583028134693460629e+02 1.491721087725614723e+02
3.587000790078791397e+02 1.501917622298882691e+02
3.591029843668890180e+02 1.512090620393572067e+02
3.595114592946159746e+02 1.522240331075444431e+02
3.599254691643916431e+02 1.532366856289216628e+02
3.603452778817176068e+02 1.542469065130398747e+02
3.607712983071132840e+02 1.552545211554514140e+02
3.612039422881691735e+02 1.562593553922512513e+02
3.616434087798912742e+02 1.572613252223402469e+02
3.620895042554078600e+02 1.582605128658495062e+02
3.625419928914171805e+02 1.592570184560038342e+02
3.630006204492550523e+02 1.602509509849448648e+02
3.634649859017005156e+02 1.612424900590978893e+02
3.639346180025617059e+02 1.622318490645120619e+02
3.644090420992350801e+02 1.632192429330425796e+02
3.648875216822901280e+02 1.642050043717279948e+02
3.653688570755336968e+02 1.651896744058371382e+02
3.658518012201619740e+02 1.661738153718866613e+02
3.663351767176870339e+02 1.671579631314450580e+02
3.668183346439971046e+02 1.681424526952564520e+02
3.673008683838945672e+02 1.691275269826655858e+02
3.677823824162961728e+02 1.701134243674927120e+02
3.682632448634938100e+02 1.711000674259443031e+02
3.687451200503884365e+02 1.720868427016955593e+02
3.692297980819959093e+02 1.730730847232259748e+02
3.697190760230018896e+02 1.740581179161162595e+02
3.702148012167233446e+02 1.750411937197479801e+02
3.707188430963426526e+02 1.760215315070899180e+02
3.712330757610158685e+02 1.769983472907166799e+02
3.717596882470979835e+02 1.779706350560377928e+02
3.723013826927138439e+02 1.789370270575152233e+02
3.728609084243034886e+02 1.798961222823820094e+02
3.734409321899034353e+02 1.808465101109254931e+02
3.740435523717682145e+02 1.817867138013122030e+02
3.746706281421078302e+02 1.827152287826658608e+02
3.753240041594640388e+02 1.836305526786724727e+02
3.760046838670766078e+02 1.845313240100665553e+02
3.767123549798816384e+02 1.854164016718841879e+02
3.774465906361157295e+02 1.862846637498715836e+02
3.782068239026035599e+02 1.871350231809390721e+02
3.789915689437842730e+02 1.879666215340760971e+02
3.797989695522566080e+02 1.887786925304798729e+02
3.806271682467013306e+02 1.895704753100726521e+02
3.814742936302974954e+02 1.903414940152578367e+02
3.823384534078105048e+02 1.910917008074822547e+02
3.832177535624504117e+02 1.918210831072593407e+02
3.841103612818959050e+02 1.925296815895341922e+02
3.850148266095752660e+02 1.932178700546888308e+02
3.859298473277314656e+02 1.938861508516699530e+02
3.868541254796274416e+02 1.945350298556715245e+02
3.877865595550184707e+02 1.951651748462455203e+02
3.887263313677711380e+02 1.957774871088093960e+02
3.896726447872438257e+02 1.963728861061493660e+02
3.906247271240674763e+02 1.969523415374397928e+02
3.915819455579219266e+02 1.975171228516231281e+02
3.925437189274152843e+02 1.980686102065646708e+02
3.935094745770921350e+02 1.986081673603748925e+02
3.944790198780801802e+02 1.991364102323422856e+02
3.954526886317698882e+02 1.996529188011023734e+02
3.964308533220703907e+02 2.001571969235376969e+02
3.974139101074602536e+02 2.006486977103849085e+02
3.984023899340697312e+02 2.011265853567094837e+02
3.993968713815654610e+02 2.015899219556791877e+02
4.003979337106922003e+02 2.020377660969718363e+02
4.014061819014031016e+02 2.024690373334223636e+02
4.024222551574493991e+02 2.028824702056086835e+02
4.034467950535352543e+02 2.032767864368447306e+02
4.044804460418121153e+02 2.036506399956811606e+02
4.055238682104223926e+02 2.040023166725570434e+02
4.065777269332331798e+02 2.043299777958327752e+02
4.076426790042069115e+02 2.046317939907454218e+02
4.087190592157484730e+02 2.049062882898455484e+02
4.098067907163679706e+02 2.051524342400232115e+02
4.109057698023580087e+02 2.053692347759693462e+02
4.120157761476489782e+02 2.055557876890634645e+02
4.131359844250055744e+02 2.057116828581837069e+02
4.142653737229313151e+02 2.058366692438362975e+02
4.154029103190970318e+02 2.059305118890574136e+02
4.165471232808890818e+02 2.059935261977103664e+02
4.176960046565883431e+02 2.060267035739511812e+02
4.188475135551847188e+02 2.060310768859536950e+02
4.199996704456135603e+02 2.060077234648414901e+02
4.211507997492227560e+02 2.059579408932509637e+02
4.222993198318538361e+02 2.058830948283457758e+02
4.234436683800695960e+02 2.057845647436232639e+02
4.245828934020650536e+02 2.056641665480089785e+02
4.257167632327236220e+02 2.055242312494687837e+02
4.268450876907676275e+02 2.053671195206831044e+02
4.279677263099298443e+02 2.051950531444959154e+02
4.290847738191612279e+02 2.050095968340824300e+02
4.301963944309137560e+02 2.048121211851481007e+02
4.313027534837274857e+02 2.046039844537308454e+02
4.324040488797324997e+02 2.043861856140335078e+02
4.335005154530944083e+02 2.041593161603397562e+02
4.345923900318144888e+02 2.039239455884651306e+02
4.356798119493065542e+02 2.036803647048913888e+02
4.367624799841146341e+02 2.034276049852379629e+02
4.378399685339593361e+02 2.031643423611972139e+02
4.389118458798762958e+02 2.028892384673627589e+02
4.399775153658167142e+02 2.026005695195515557e+02
4.410362005681380424e+02 2.022961916594274498e+02
4.420871159809088340e+02 2.019739398055038748e+02
4.431295754846668160e+02 2.016319068881374506e+02
4.441633219702549695e+02 2.012692995681682930e+02
4.451882140599510080e+02 2.008856249505627716e+02
4.462041250293809753e+02 2.004804272924301358e+02
4.472112950115846388e+02 2.000541809795587938e+02
4.482103484016980701e+02 1.996083346541740582e+02
4.492019277297326312e+02 1.991443829375836572e+02
4.501866998462602965e+02 1.986638874919163413e+02
4.511654318927736540e+02 1.981686864361490450e+02
4.521389168587815561e+02 1.976606891405854469e+02
4.531079519327440721e+02 1.971418154912228999e+02
4.540734320391685515e+02 1.966142301403717170e+02
4.550363504878744720e+02 1.960803441326464167e+02
4.559977049174613057e+02 1.955425793534869854e+02
4.569584975465656385e+02 1.950033688960986069e+02
4.579197486371094783e+02 1.944651900072354920e+02
4.588824828936627682e+02 1.939305308052124701e+02
4.598477009844917802e+02 1.934018212624491753e+02
4.608158823433666385e+02 1.928802304400886953e+02
4.617870021434495698e+02 1.923657075492984063e+02
4.627610149166392830e+02 1.918581518682454430e+02
4.637377606292146766e+02 1.913571851632520122e+02
4.647166480535916548e+02 1.908613847214662655e+02
4.656969845356108522e+02 1.903690821448502106e+02
4.666780914827406832e+02 1.898786429045331374e+02
4.676595749622580911e+02 1.893891181099749019e+02
4.686413057016590074e+02 1.889001963374836919e+02
4.696231644852330191e+02 1.884115903863983021e+02
4.706050751422160374e+02 1.879231167515564493e+02
4.715871162950457460e+02 1.874349648254215595e+02
4.725694013488090945e+02 1.869474077920403374e+02
4.735520450832070765e+02 1.864607221496063971e+02
4.745351883041143992e+02 1.859752471445515880e+02
4.755189950715732152e+02 1.854913780883261438e+02
4.765036302622721109e+02 1.850095122612902401e+02
4.774892467027512453e+02 1.845300178991012103e+02
4.784759558103469317e+02 1.840531634280254707e+02
4.794638601144347945e+02 1.835791958515102067e+02
4.804530535897027903e+02 1.831083415282759006e+02
4.814434784602817103e+02 1.826404606028080195e+02
4.824349466549249428e+02 1.821750987823787113e+02
4.834272658568963834e+02 1.817117915287679750e+02
4.844201885119629196e+02 1.812499409860098751e+02
4.854132856417078870e+02 1.807885114241478561e+02
4.864060910763693641e+02 1.803263773505361485e+02
4.873981532049771204e+02 1.798624484231749534e+02
4.883892627717768846e+02 1.793962194408240123e+02
4.893794104762779966e+02 1.789276679728492923e+02
4.903685930372827215e+02 1.784567861215523976e+02
4.913568988559259196e+02 1.779837873334918470e+02
4.923447042057841827e+02 1.775095800518546696e+02
4.933324417137542355e+02 1.770352087709461273e+02
4.943205487683811157e+02 1.765617294803591335e+02
4.953095372557030487e+02 1.760903780171079802e+02
4.962999781186334758e+02 1.756225327898035573e+02
4.972924438842813970e+02 1.751595760315228461e+02
4.982874528488561623e+02 1.747027590471618055e+02
4.992853604831981897e+02 1.742529400367701555e+02
5.002864918262159790e+02 1.738109037294152017e+02
5.012911543936829730e+02 1.733773925491707928e+02
5.022993976743063058e+02 1.729525259817428662e+02
5.033110746388961161e+02 1.725359490721516522e+02
5.043260332534176200e+02 1.721272947825390247e+02
5.053440525050741599e+02 1.717260295443882114e+02
5.063647132889798286e+02 1.713311415491398293e+02
5.073875611606293887e+02 1.709415336702347190e+02
5.084121336776618705e+02 1.705560894725140599e+02
5.094378574121506063e+02 1.701734245770388156e+02
5.104640777346248228e+02 1.697919585663256044e+02
5.114901381560380287e+02 1.694101065334612883e+02
5.125153811857022674e+02 1.690262811535011735e+02
5.135391465808465910e+02 1.686388884577786769e+02
5.145607736301822115e+02 1.682463333465913422e+02
5.155795968026020546e+02 1.678470090841848901e+02
5.165948874574640968e+02 1.674391565751480755e+02
5.176058726034915480e+02 1.670209096523340691e+02
5.186117786568554493e+02 1.665904007180523081e+02
5.196120011895874313e+02 1.661461705529712560e+02
5.206063805675944423e+02 1.656878337651386914e+02
5.215948293939114819e+02 1.652151793584488644e+02
5.225772926276220005e+02 1.647280744512520698e+02
5.235541154373679547e+02 1.642273523537928099e+02
5.245259131006282587e+02 1.637144984771034046e+02
5.254933058441090452e+02 1.631910101807148123e+02
5.264568669493321522e+02 1.626582714885958296e+02
5.274170515266753227e+02 1.621173811346781122e+02
5.283742963844840688e+02 1.615693936679361400e+02
5.293290345306802465e+02 1.610153544622956190e+02
5.302816545208562502e+02 1.604562015741293521e+02
5.312325161018077324e+02 1.598928035091335857e+02
5.321819784302412017e+02 1.593260273484029312e+02
5.331303684400239717e+02 1.587566623802215986e+02
5.340779353939451539e+02 1.581853103783188317e+02
5.350249170873798903e+02 1.576125454316398589e+02
5.359715478632103896e+02 1.570389332940732459e+02
5.369180238384680024e+02 1.564649474341330802e+02
5.378645173457265400e+02 1.558910038995670675e+02
5.388112003345903531e+02 1.553175178135528256e+02
5.397582387350806812e+02 1.547448897666676544e+02
5.407057845788947361e+02 1.541734867958698487e+02
5.416539879424846049e+02 1.536036712177248091e+02
5.426029973446882195e+02 1.530358015883878977e+02
5.435529449644895976e+02 1.524701970161440840e+02
5.445039532217758733e+02 1.519071530487493362e+02
5.454561443068630524e+02 1.513469646797252040e+02
5.464096202694222484e+02 1.507898782788437586e+02
5.473644386044682051e+02 1.502360326515674558e+02
5.483206508372063581e+02 1.496855521909856463e+02
5.492782991368319472e+02 1.491385387027588934e+02
5.502373326008487311e+02 1.485948692974074845e+02
5.511976469787724682e+02 1.480542922918998272e+02
5.521591380926922739e+02 1.475165561784112356e+02
5.531218213563355448e+02 1.469816981687780810e+02
5.540859657339445903e+02 1.464503675997320613e+02
5.550518725295469267e+02 1.459232918831277175e+02
5.560198462309983825e+02 1.454012061173186225e+02
5.569902213843932941e+02 1.448849179681928945e+02
5.579633490672579228e+02 1.443752750123380508e+02
5.589395796998610422e+02 1.438731232395844586e+02
5.599191448531661308e+02 1.433790217121817818e+02
5.609020345405328953e+02 1.428929463207819595e+02
5.618882094626310391e+02 1.424148021889505458e+02
5.628776055061506440e+02 1.419444345339833831e+02
5.638699360624707424e+02 1.414811514217693684e+02
5.648647971370203322e+02 1.410239775233372939e+02
5.658617842704593386e+02 1.405719363876600028e+02
5.668605656551138736e+02 1.401242269600246857e+02
5.678609510764198376e+02 1.396803900210943823e+02
5.688627666569402663e+02 1.392400057927752357e+02
5.698658520776054957e+02 1.388026872297579075e+02
5.708701625620979030e+02 1.383683262315528850e+02
5.718757117972868400e+02 1.379369558402600831e+02
5.728825131723916684e+02 1.375086083793834177e+02
5.738905006302456968e+02 1.370831243715487062e+02
5.748994596054977819e+02 1.366599858082789751e+02
5.759091592511871340e+02 1.362386353737468880e+02
5.769193685283653394e+02 1.358185152885643276e+02
5.779298548421218129e+02 1.353990640164327885e+02
5.789403848426716195e+02 1.349797181983909979e+02
5.799507259721299306e+02 1.345599163872962833e+02
5.809607191342279293e+02 1.341392744884844888e+02
5.819703369729157885e+02 1.337177264571205626e+02
5.829795658463509653e+02 1.332952393574784082e+02
5.839883864122418800e+02 1.328717664922612585e+02
5.849967353661492098e+02 1.324471550342590263e+02
5.860045289591421351e+02 1.320212028007972549e+02
5.870116832463047558e+02 1.315937071361186099e+02
5.880181075957452776e+02 1.311644492451229667e+02
5.890236998684765695e+02 1.307331825597772195e+02
5.900283567889533742e+02 1.302996577689098103e+02
5.910319627713226964e+02 1.298635958432799384e+02
5.920343118396820046e+02 1.294244995448326279e+02
5.930351577350825210e+02 1.289817743890152428e+02
5.940342548705216359e+02 1.285348275135908978e+02
5.950314190780101171e+02 1.280832143399329368e+02
5.960265676290797501e+02 1.276267351943323121e+02
5.970196272936474315e+02 1.271652133349835054e+02
5.980105506849336052e+02 1.266985344097766983e+02
5.989994711745035829e+02 1.262270204449590949e+02
5.999865993100515880e+02 1.257511797817826107e+02
6.009721460277203278e+02 1.252715216987394911e+02
6.019563286159670952e+02 1.247885707755976625e+02
6.029393744346330095e+02 1.243028758517884427e+02
6.039215117367925814e+02 1.238149879183381614e+02
6.049029608288807367e+02 1.233254387600107123e+02
6.058838890472831054e+02 1.228346321380578985e+02
6.068644420676145046e+02 1.223429194617330609e+02
6.078447649357166256e+02 1.218506506173997934e+02
6.088249703907382582e+02 1.213580973642449834e+02
6.098051219927434659e+02 1.208654125318223436e+02
6.107852791743850958e+02 1.203727389683814408e+02
6.117654954283217421e+02 1.198802051481331290e+02
6.127457864978825910e+02 1.193878481966812899e+02
6.137261533460107330e+02 1.188956694729625951e+02
6.147065966782591886e+02 1.184036697153087800e+02
6.156871057195160120e+02 1.179118219959918008e+02
6.166676529121405110e+02 1.174200589448144427e+02
6.176482093670136919e+02 1.169283099829869883e+02
6.186287453915884953e+02 1.164365027435308804e+02
6.196092264235564926e+02 1.159445540208299121e+02
6.205896160754913353e+02 1.154523765471016077e+02
6.215698781040758831e+02 1.149598834345378862e+02
6.225499831310243053e+02 1.144670058347300312e+02
6.235299114163431113e+02 1.139737002260410748e+02
6.245096439421162131e+02 1.134799249842511983e+02
6.254891686229991592e+02 1.129856559422317730e+02
6.264685134638993986e+02 1.124909698851704718e+02
6.274477208478513148e+02 1.119959798041943628e+02
6.284268343774484720e+02 1.115008017039329786e+02
6.294059485194104582e+02 1.110056772361530051e+02
6.303852263358764958e+02 1.105110175005002020e+02
6.313648357360232239e+02 1.100172455700158878e+02
6.323449657303776803e+02 1.095248355310207273e+02
6.333259217865112305e+02 1.090345430089539178e+02
6.343080493283707710e+02 1.085472202252398546e+02
6.352916952449892278e+02 1.080637227211653055e+02
6.362772616553166927e+02 1.075850309782228180e+02
6.372652222325353932e+02 1.071122873467081291e+02
6.382560554127136356e+02 1.066466449514411465e+02
6.392502264888851187e+02 1.061892175109650367e+02
6.402481315114030167e+02 1.057409111360706788e+02
6.412501438094141122e+02 1.053025638134005533e+02
6.422566366552864565e+02 1.048750119708153790e+02
6.432679817849902975e+02 1.044590382910270137e+02
6.442845490220620377e+02 1.040553585573134114e+02
6.453067080702824114e+02 1.036646843637892061e+02
6.463348241635912927e+02 1.032876974511738837e+02
6.473692400511615688e+02 1.029249293878527425e+02
6.484102914276077172e+02 1.025768646258890726e+02
6.494583137228469241e+02 1.022439862216843807e+02
6.505136338410998178e+02 1.019267323928869615e+02
6.515765684895660570e+02 1.016254877284863340e+02
6.526474337756242221e+02 1.013406336628636382e+02
6.537265436455746794e+02 1.010725885594028881e+02
6.548142016641185137e+02 1.008219481845770389e+02
6.559107082823392147e+02 1.005893615110680770e+02
6.570163467318441235e+02 1.003754530211759430e+02
6.581308842063135671e+02 1.001801129356101399e+02
6.592534948151765093e+02 1.000023875855843158e+02
6.603833199461107597e+02 9.984127674308871292e+01
6.615194483877999119e+02 9.969599250544989388e+01
6.626607275874695233e+02 9.956672118835734864e+01
6.638059358155139762e+02 9.945392835226711270e+01
6.649538389889048631e+02 9.935809699172114051e+01
6.661028610000133767e+02 9.928019237258318697e+01
6.672510479883952712e+02 9.922171241056341273e+01
6.683964265781881977e+02 9.918418253905883830e+01
6.695367925331345305e+02 9.916876037532665578e+01
6.706689297754265908e+02 9.917499142965829151e+01
6.717893450914825735e+02 9.920197966839664616e+01
6.728945562141655046e+02 9.924878642093415237e+01
6.739813620387303672e+02 9.931337888331100316e+01
6.750468598890849989e+02 9.939256292718158647e+01
6.760881614998371560e+02 9.948308834548036828e+01
6.771085489671792175e+02 9.958273042250280582e+01
6.781371397252261204e+02 9.969355818051795382e+01
6.792098118751495122e+02 9.981876423975039359e+01
6.803649051167767539e+02 9.996202073914776065e+01
6.816994522008865260e+02 1.001384332229750243e+02
6.833703564344509687e+02 1.003747700188151271e+02
6.855372182304558919e+02 1.006983248504562170e+02
