2.122753393625793450e+01 1.061128519590104844e+02
2.296112362145109387e+01 1.064996669178297992e+02
2.436395183468199832e+01 1.067507779934829841e+02
2.554592284486314568e+01 1.069027637677880449e+02
2.661516239288782515e+01 1.069914630632043639e+02
2.763889007520686292e+01 1.070357002369442654e+02
2.864341934382862576e+01 1.070372851809729298e+02
2.965328512274225048e+01 1.069972880278969853e+02
3.068730659472213063e+01 1.069164325846724353e+02
3.174143997768366532e+01 1.067940573556523702e+02
3.280592574832752462e+01 1.066291545195393553e+02
3.387112292101063105e+01 1.064207554347703848e+02
3.493011687618434280e+01 1.061687925936781625e+02
3.597871936039437912e+01 1.058740996224907747e+02
3.701286065784272949e+01 1.055375493271708507e+02
3.802919692938776564e+01 1.051602354491970175e+02
3.902728784251316796e+01 1.047441354721115658e+02
4.000741894135887122e+01 1.042914478149724999e+02
4.096990223265971309e+01 1.038043772771524971e+02
4.191565836283071889e+01 1.032852754052590285e+02
4.284621661796712999e+01 1.027366404931342458e+02
4.376313274675903386e+01 1.021609772149349737e+02
4.466801768295712805e+01 1.015609535946254027e+02
4.556270310055469963e+01 1.009398910553997410e+02
4.644907585860573818e+01 1.003012743702596623e+02
4.732902132999689826e+01 9.964859889805077842e+01
4.820439070576671980e+01 9.898560347203111576e+01
4.907700099510577019e+01 9.831627039987095884e+01
4.994866772103724628e+01 9.764459257508465839e+01
5.082121679815649884e+01 9.697465169261469953e+01
5.169651570734735913e+01 9.631088465311640334e+01
5.257644232106579807e+01 9.565781715867309742e+01
5.346287291525324292e+01 9.501997288947426057e+01
5.435764704601650976e+01 9.440182902214780825e+01
5.526256754962796691e+01 9.380781622976012102e+01
5.617943566584533244e+01 9.324236316348360276e+01
5.710998324192505038e+01 9.270972600372817851e+01
5.805566455511838342e+01 9.221347104785377269e+01
5.901786449017521363e+01 9.175699212245778824e+01
5.999792751564443449e+01 9.134358468621093152e+01
6.099626852745080186e+01 9.097428173546907715e+01
6.201237284889496237e+01 9.064785380427335326e+01
6.304568538707654568e+01 9.036297305873810615e+01
6.409518821654459941e+01 9.011719259628925727e+01
6.515801208164614877e+01 8.990358923959909987e+01
6.623082489417762986e+01 8.971412074265147396e+01
6.731034479878701404e+01 8.954086649255236807e+01
6.839444529570674547e+01 8.937870343821830943e+01
6.948215524075382632e+01 8.922530609037634974e+01
7.057255372259672299e+01 8.907847059287570346e+01
7.166494975570053327e+01 8.893655211933764804e+01
7.275957205771698000e+01 8.880014196247174141e+01
7.385687927209434633e+01 8.867039044475950504e+01
7.495735440408056149e+01 8.854850594483157522e+01
7.606204078031340998e+01 8.843703213274582708e+01
7.717254204882088686e+01 8.833984796998764466e+01
7.829048621943039166e+01 8.826089047419127098e+01
7.941686211158290121e+01 8.820251682624801504e+01
8.055010178317364478e+01 8.816076486007713697e+01
8.168799810171137210e+01 8.813009257285492026e+01
8.282829616998556332e+01 8.810483412725525909e+01
8.396764250224282478e+01 8.807647549239722196e+01
8.510158502418697424e+01 8.803365444384513694e+01
8.622562389680257411e+01 8.796488492266102810e+01
8.733553922786067858e+01 8.785934833759461071e+01
8.842823091227855059e+01 8.770889596814706124e+01
8.950087879176001593e+01 8.750604656150736105e+01
9.055072438080013342e+01 8.724350228117533845e+01
9.157642766809199486e+01 8.691818386580015954e+01
9.257806711652685294e+01 8.653123062918045605e+01
9.355578286178722180e+01 8.608396530142573511e+01
9.450947888757269766e+01 8.557794043820406671e+01
9.543811456965156026e+01 8.501562789741851134e+01
9.634041313180924249e+01 8.439972936253083446e+01
9.721506570227970201e+01 8.373298582050693994e+01
9.806002521161255459e+01 8.301904223890960566e+01
9.887250639267330143e+01 8.226244756589835561e+01
9.964969188277589751e+01 8.146779005313703692e+01
1.003888331891102155e+02 8.063944760428989866e+01
1.010874572983701682e+02 7.978095673102367869e+01
1.017431600671255865e+02 7.889564359700551677e+01
1.023535444317528942e+02 7.798677500682958907e+01
1.029163761641813437e+02 7.705625250641023172e+01
1.034295838718929446e+02 7.610461238298186970e+01
1.038911032421763707e+02 7.513233156470599283e+01
1.042993954370411558e+02 7.413981628778361710e+01
1.046550235173802292e+02 7.312719002057413320e+01
1.049590760188073943e+02 7.209450553947648643e+01
1.052128294901440313e+02 7.104188408273068944e+01
1.054218847839854476e+02 6.997102151092025224e+01
1.055961670567010628e+02 6.888518830697222484e+01
1.057457894778678451e+02 6.778772341565472459e+01
1.058821581944963981e+02 6.668265962380229439e+01
1.060218512633322803e+02 6.557680508651567663e+01
1.061827397185547852e+02 6.447766180096218136e+01
1.063824862888611875e+02 6.339270556573042370e+01
1.066339626768642290e+02 6.232880961210113924e+01
1.069452495590918772e+02 6.129224460404726926e+01
1.073242193065903223e+02 6.028925500696313122e+01
1.077771116009130310e+02 5.932601753006835565e+01
1.083036353656435580e+02 5.840843785788419495e+01
1.089018668348728909e+02 5.754235391875727146e+01
1.095698207061329299e+02 5.673356044601179349e+01
1.103040963360973308e+02 5.598685868745613448e+01
1.110998777405815474e+02 5.530605640538291823e+01
1.119522873988419747e+02 5.469491816706240428e+01
1.128562010030890406e+02 5.415602723115971173e+01
1.138055070973498175e+02 5.368724162192002325e+01
1.147938474386054111e+02 5.328523805498343080e+01
1.158149186911031165e+02 5.294666345850159672e+01
1.168636803862130620e+02 5.266747964839172624e+01
1.179363549224282508e+02 5.244296332833646801e+01
1.190292196055078762e+02 5.226836141453004814e+01
1.201385060494418724e+02 5.213809355437241777e+01
1.212602631011426411e+02 5.204327032008635712e+01
1.223904939157534955e+02 5.197417501510035009e+01
1.235252241992159554e+02 5.192112682321599948e+01
1.246609983258310308e+02 5.187527017681563990e+01
1.257948793382592640e+02 5.182857475686243731e+01
1.269239528299595605e+02 5.177304612469259837e+01
1.280457301725193702e+02 5.170179042923651025e+01
1.291594258500406909e+02 5.161231616980129644e+01
1.302646801247541930e+02 5.150323243328824674e+01
1.313610855043037304e+02 5.137304166031884023e+01
1.324471361408384098e+02 5.121779342707947791e+01
1.335202278310123631e+02 5.103108444532141164e+01
1.345777086168930339e+02 5.080640478051619624e+01
1.356171180807967289e+02 5.053773311576962612e+01
1.366367619660352091e+02 5.022100260472500111e+01
1.376351375561688997e+02 4.985263501865992453e+01
1.386107854763002365e+02 4.942915673848697367e+01
1.395632432069927802e+02 4.894950016672143533e+01
1.404930450842712162e+02 4.841500372748137693e+01
1.414007687857020414e+02 4.782711045451978293e+01
1.422874453267619117e+02 4.718835251636439665e+01
1.431559190745679757e+02 4.650561862064171237e+01
1.440094877341474557e+02 4.578688660975296898e+01
1.448514883165351534e+02 4.504022883478948813e+01
1.456861618709371839e+02 4.427589134671386972e+01
1.465186534847313169e+02 4.350629389635994926e+01
1.473541475513026739e+02 4.274395074325163080e+01
1.481976115014862501e+02 4.200085191548897257e+01
1.490531449159162207e+02 4.128689051547681288e+01
1.499246304126767484e+02 4.061143541419598790e+01
1.508159019399855083e+02 3.998373827145749715e+01
1.517296740391338403e+02 3.941035489016290683e+01
1.526675418444864931e+02 3.889514521630447064e+01
1.536310518205419839e+02 3.844185198470440668e+01
1.546214034296917248e+02 3.805338511212949726e+01
1.556384081258994456e+02 3.772932324312464658e+01
1.566815303610217711e+02 3.746841220417935148e+01
1.577501476740175974e+02 3.726918837362334358e+01
1.588416386071986324e+02 3.712537082211419204e+01
1.599513827062291966e+02 3.702586131263709746e+01
1.610746726038758538e+02 3.695935216001770129e+01
1.622068112563694910e+02 3.691454425798119843e+01
1.633431429137980331e+02 3.688017281585140239e+01
1.644790221497134723e+02 3.684498162185172987e+01
1.656098859643372805e+02 3.679790610499372150e+01
1.667330671712849721e+02 3.673228943241434052e+01
1.678477943975659343e+02 3.664588250937601543e+01
1.689533786968589482e+02 3.653662788192926314e+01
1.700495028711782481e+02 3.640328839703711594e+01
1.711373367158801102e+02 3.624790810531266061e+01
1.722184217746561785e+02 3.607335135828150641e+01
1.732942617219736121e+02 3.588239789550634384e+01
1.743654892401344227e+02 3.567588138140279597e+01
1.754318660192752475e+02 3.545268940523938994e+01
1.764931158803085793e+02 3.521162494432172707e+01
1.775482972779338127e+02 3.495041361695229654e+01
1.785938072020004483e+02 3.466247160542113193e+01
1.796253772761451728e+02 3.434013773301515471e+01
1.806386868335845293e+02 3.397577536593382774e+01
1.816282125278698345e+02 3.356231235736721175e+01
1.825872283328870367e+02 3.309324104749569528e+01
1.835089559321018839e+02 3.256207831941237885e+01
1.843872079756216067e+02 3.196460020430772175e+01
1.852181609801183981e+02 3.130561932576189932e+01
1.859985824289059053e+02 3.059220745545246700e+01
1.867253884516063067e+02 2.983160501256883279e+01
1.873989140429402482e+02 2.903493130907214237e+01
1.880229130627259906e+02 2.821718454969541412e+01
1.886012880170909511e+02 2.739353158668346566e+01
1.891411574221388037e+02 2.657360821420953556e+01
1.896625038338794980e+02 2.574492599416042538e+01
1.901885258182993823e+02 2.488946543035146419e+01
1.907435359880222450e+02 2.398759895564557709e+01
1.913774700283294123e+02 2.298271337100250378e+01
1.921658866971603743e+02 2.178120984547864580e+01
1.931854587990914638e+02 2.028788147717822454e+01
