55,58
54,59
54,60
54,61
53,62
53,63
53,64
53,65
53,66
53,67
53,68
53,69
53,70
53,71
53,72
53,73
53,74
53,75
53,76
53,77
53,78
53,79
53,80
53,81
53,82
53,83
52,84
52,85
52,86
52,87
52,88
52,89
52,90
52,91
52,92
52,93
52,94
52,95
52,96
52,97
52,98
52,99
52,100
52,101
52,102
52,103
52,104
52,105
52,106
53,107
53,108
53,109
53,110
53,111
53,112
53,113
53,114
53,115
53,116
53,117
53,118
53,119
54,120
54,121
54,122
54,123
55,124
55,125
55,126
55,127
56,128
56,129
56,130
56,131
57,132
57,133
57,134
57,135
58,136
58,137
59,138
59,139
60,140
60,141
60,142
60,143
61,144
61,145
62,146
62,147
63,148
63,149
64,150
65,151
65,152
66,153
66,154
67,155
67,156
68,157
68,158
69,159
70,160
70,161
71,162
72,163
72,164
73,165
73,166
74,167
75,168
76,169
76,170
77,171
78,172
78,173
79,174
80,175
81,176
81,177
82,178
83,179
84,180
85,181
86,182
87,183
87,184
88,185
89,186
90,187
90,188
91,189
92,190
92,191
93,192
94,193
95,194
96,195
96,196
97,197
98,198
99,199
99,200
100,201
101,202
102,203
102,204
103,205
104,206
105,207
105,208
106,209
107,210
108,211
109,212
109,213
110,214
111,215
112,216
113,217
113,218
114,219
115,220
116,221
117,222
117,223
118,224
119,225
119,226
120,227
121,228
121,229
122,230
123,231
124,232
124,233
125,234
126,235
127,236
128,237
128,238
129,239
130,240
130,241
131,242
132,243
133,244
133,245
134,246
135,247
135,248
136,249
137,250
137,251
138,252
139,253
140,254
140,255
141,256
142,257
142,258
143,259
144,260
144,261
145,262
146,263
146,264
147,265
147,266
148,267
148,268
149,269
149,270
150,271
151,272
151,273
151,274
152,275
152,276
153,277
153,278
154,279
154,280
155,281
155,282
156,283
156,284
156,285
157,286
157,287
158,288
158,289
159,290
159,291
159,292
160,293
160,294
160,295
161,296
161,297
162,298
162,299
162,300
163,301
163,302
164,303
164,304
164,305
165,306
165,307
165,308
166,309
166,310
167,311
167,312
167,313
168,314
168,315
168,316
169,317
169,318
170,319
170,320
171,321
171,322
171,323
172,324
172,325
173,326
173,327
173,328
174,329
174,330
175,331
175,332
176,333
176,334
176,335
177,336
177,337
177,338
178,339
178,340
178,341
179,342
179,343
180,344
180,345
180,346
181,347
181,348
182,349
182,350
183,351
183,352
184,353
184,354
185,355
185,356
186,357
186,358
186,359
187,360
187,361
188,362
188,363
188,364
189,365
189,366
189,367
189,368
190,369
190,370
191,371
191,372
191,373
192,374
192,375
192,376
193,377
193,378
193,379
194,380
194,381
195,382
196,383
196,384
196,385
197,386
197,387
198,388
198,389
199,390
199,391
200,392
200,393
200,394
201,395
202,396
202,397
203,398
203,399
204,400
204,401
205,402
206,403
206,404
207,405
208,406
208,407
209,408
210,409
210,410
211,411
212,412
212,413
213,414
213,415
214,416
214,417
215,418
215,419
216,420
216,421
217,422
218,423
218,424
219,425
220,426
220,427
221,428
222,429
222,430
223,431
223,432
224,433
225,434
225,435
226,436
226,437
227,438
228,439
228,440
229,441
229,442
230,443
231,444
231,445
232,446
233,447
233,448
234,449
235,450
235,451
236,452
237,453
237,454
238,455
239,456
240,457
240,458
241,459
242,460
243,461
243,462
244,463
245,464
245,465
246,466
247,467
247,468
248,469
249,470
250,471
251,472
252,473
253,474
253,475
254,476
255,477
256,478
257,479
258,480
259,481
260,482
261,483
262,484
263,485
264,486
265,487
266,488
267,489
268,490
269,491
270,492
271,493
272,494
273,495
274,496
275,496
276,497
277,498
278,499
279,500
280,500
281,501
282,502
283,503
284,504
285,504
286,505
287,506
288,507
289,508
290,509
291,509
292,510
293,511
294,512
295,513
296,513
297,514
298,515
299,516
300,516
301,517
302,518
303,518
304,519
305,520
306,521
307,521
308,522
309,523
310,523
311,524
312,524
313,525
314,526
315,526
316,527
317,528
318,528
319,529
320,529
321,530
322,530
323,531
324,532
325,532
326,533
327,533
328,534
329,535
330,535
331,536
332,536
333,537
334,537
335,537
336,537
337,538
338,538
339,538
340,539
341,539
342,540
343,540
344,540
345,541
346,541
347,542
348,542
349,543
350,543
351,544
352,544
353,544
354,544
355,545
356,545
357,546
358,546
359,546
360,547
361,547
362,547
363,547
364,548
365,548
366,548
367,548
368,549
369,549
370,549
371,549
372,550
373,550
374,550
375,550
376,550
377,551
378,551
379,551
380,551
381,552
382,552
383,552
384,552
385,553
386,553
387,553
388,553
389,554
390,554
391,554
392,554
393,554
394,555
395,555
396,555
397,555
398,555
399,556
400,556
401,556
402,557
403,557
404,557
405,558
406,558
407,558
408,559
409,559
410,559
411,559
412,560
413,560
414,560
415,561
416,562
417,562
418,562
