6	82
7	83
8	83
9	84
10	85
11	85
12	86
13	87
14	87
15	88
16	88
17	89
18	90
19	90
20	91
21	92
22	92
23	92
24	92
25	92
26	92
27	93
28	92
29	92
30	92
31	91
32	91
33	91
34	90
35	90
36	90
37	90
38	89
39	89
40	89
41	88
42	88
43	87
44	87
45	87
46	86
47	86
48	86
49	85
50	85
51	85
52	84
53	84
54	84
55	83
56	83
57	83
58	82
59	82
60	82
61	82
62	81
63	81
64	81
65	81
66	80
67	80
68	80
69	80
70	80
71	79
72	79
73	79
74	79
75	79
76	78
77	78
78	78
79	78
80	78
81	77
82	77
83	77
84	77
85	76
86	76
87	76
88	75
89	75
90	75
91	74
92	74
93	74
94	74
95	74
96	73
97	73
98	73
99	72
100	72
101	72
102	72
103	71
104	71
105	71
106	71
107	71
108	71
109	71
110	70
111	70
112	70
113	70
114	70
115	70
116	70
117	70
118	70
119	69
120	69
121	69
122	69
123	69
124	69
125	69
126	69
127	69
128	69
129	69
130	69
131	69
132	69
133	69
134	69
135	69
136	69
137	69
138	69
139	69
140	69
141	69
142	69
143	69
144	69
145	69
146	69
147	69
148	69
149	69
150	69
151	69
152	69
153	69
154	69
155	69
156	69
157	69
158	69
159	69
160	69
161	69
162	69
163	69
164	69
165	69
166	69
167	69
168	69
169	69
170	69
171	69
172	69
173	69
174	69
175	69
176	69
177	69
178	69
179	69
180	68
181	68
182	68
183	68
184	68
185	68
186	67
187	67
188	67
189	67
190	66
191	66
192	66
193	66
194	65
195	65
196	65
197	65
198	64
199	64
200	64
201	63
202	63
203	63
204	62
205	62
206	62
207	61
208	61
209	61
210	60
211	60
212	59
213	59
214	58
215	58
216	58
217	57
218	57
219	56
220	56
221	56
222	55
223	55
224	54
225	54
226	54
227	54
228	53
229	53
230	52
231	51
232	51
233	51
234	51
235	51
236	51
237	51
238	51
239	51
240	51
241	51
242	51
243	51
244	51
245	51
246	51
247	51
248	51
249	51
250	51
251	52
252	52
253	53
254	53
255	54
256	54
257	55
258	55
259	55
260	56
261	56
262	56
263	57
264	58
265	58
266	59
267	59
268	60
269	60
270	61
271	61
272	61
273	61
274	61
275	62
276	62
277	62
278	62
279	62
280	62
281	62
282	62
283	62
284	63
285	63
286	63
287	63
288	64
289	64
290	64
291	64
292	64
293	65
294	65
295	65
296	65
297	66
298	66
299	66
300	66
301	66
302	67
303	67
304	67
305	67
306	68
307	68
308	68
309	69
310	69
311	69
312	70
313	70
314	70
315	71
316	71
317	71
318	71
319	71
320	71
321	72
322	72
323	72
324	72
325	72
326	72
327	72
328	72
329	72
330	72
331	72
332	72
333	72
334	72
335	72
336	72
337	72
338	72
339	72
340	72
341	72
342	72
343	72
344	72
345	72
346	73
347	73
348	73
349	73
350	73
351	73
352	73
353	73
354	73
355	73
356	73
357	73
358	73
359	73
360	73
361	73
362	73
363	74
364	74
365	74
366	74
367	74
368	74
369	74
370	74
371	74
372	74
373	75
374	75
375	75
376	75
377	75
378	75
379	75
380	75
381	75
382	75
383	76
384	75
385	75
386	75
387	75
388	75
389	75
390	75
391	75
392	75
393	75
394	75
395	75
396	75
397	75
398	75
399	75
400	75
401	75
402	75
403	75
404	75
405	75
406	75
407	75
408	75
409	75
410	75
411	75
412	75
413	75
414	75
415	75
416	75
417	75
418	75
419	75
420	75
421	76
422	76
423	76
424	76
425	76
426	76
427	76
428	77
429	77
430	77
431	77
432	77
