50,444
50,443
50,442
50,441
50,440
50,439
50,438
50,437
49,436
49,435
49,434
49,433
49,432
49,431
49,430
49,429
49,428
49,427
49,426
48,425
48,424
48,423
48,422
48,421
48,420
48,419
48,418
48,417
48,416
48,415
48,414
48,413
48,412
48,411
48,410
48,409
48,408
48,407
48,406
48,405
48,404
48,403
48,402
48,401
48,400
48,399
48,398
49,397
49,396
49,395
49,394
49,393
49,392
49,391
49,390
50,389
50,388
50,387
50,386
50,385
50,384
50,383
51,382
51,381
51,380
51,379
51,378
51,377
52,376
52,375
52,374
52,373
52,372
52,371
53,370
53,369
53,368
53,367
53,366
53,365
53,364
53,363
54,362
54,361
54,360
54,359
54,358
54,357
54,356
54,355
55,354
55,353
55,352
55,351
55,350
55,349
55,348
55,347
55,346
55,345
55,344
55,343
55,342
55,341
55,340
55,339
56,338
56,337
56,336
56,335
56,334
56,333
56,332
56,331
57,330
57,329
57,328
57,327
57,326
58,325
58,324
58,323
58,322
59,321
59,320
59,319
59,318
60,317
60,316
60,315
60,314
60,313
61,312
61,311
61,310
61,309
62,308
62,307
62,306
62,305
63,304
64,303
64,302
64,301
64,300
64,299
65,298
65,297
65,296
65,295
65,294
66,293
66,292
66,291
66,290
67,289
67,288
68,287
68,286
68,285
68,284
68,283
69,282
69,281
69,280
70,279
70,278
71,277
71,276
72,275
72,274
73,273
73,272
73,271
74,270
74,269
75,268
75,267
76,266
76,265
76,264
77,263
77,262
77,261
78,260
78,259
78,258
78,257
79,256
79,255
79,254
79,253
79,252
79,251
79,250
80,249
80,248
80,247
80,246
80,245
80,244
80,243
80,242
81,241
81,240
81,239
81,238
81,237
81,236
81,235
81,234
81,233
81,232
81,231
81,230
81,229
81,228
81,227
81,226
81,225
81,224
81,223
81,222
81,221
81,220
81,219
81,218
82,217
82,216
82,215
82,214
82,213
82,212
82,211
82,210
82,209
82,208
82,207
82,206
82,205
82,204
82,203
82,202
83,201
83,200
83,199
83,198
83,197
83,196
83,195
84,194
84,193
84,192
84,191
84,190
84,189
85,188
85,187
85,186
85,185
86,184
86,183
86,182
86,181
86,180
86,179
86,178
87,177
87,176
87,175
87,174
87,173
87,172
87,171
87,170
87,169
88,168
88,167
88,166
88,165
88,164
88,163
88,162
88,161
88,160
88,159
88,158
89,157
89,156
89,155
89,154
89,153
89,152
89,151
89,150
90,149
90,148
90,147
90,146
90,145
90,144
91,143
91,142
91,141
91,140
91,139
91,138
92,137
92,136
92,135
92,134
92,133
92,132
93,131
93,130
93,129
93,128
93,127
94,126
94,125
94,124
94,123
95,122
95,121
95,120
95,119
95,118
96,117
96,116
96,115
96,114
97,113
97,112
97,111
97,110
97,109
98,108
98,107
98,106
98,105
99,104
99,103
99,102
99,101
99,100
100,99
100,98
100,97
100,96
101,95
101,94
101,93
101,92
102,91
102,90
102,89
103,88
103,87
103,86
104,85
104,84
104,83
105,82
105,81
105,80
106,79
106,78
106,77
107,76
107,75
107,74
108,73
108,72
108,71
109,70
109,69
110,68
110,67
110,66
110,65
111,64
111,63
111,62
111,61
112,60
112,59
112,58
112,57
113,56
113,55
113,54
113,53
113,52
113,51
113,50
113,49
113,48
113,47
113,46
