56,454
57,453
58,452
59,451
60,450
61,449
62,448
63,447
64,446
65,445
66,444
67,443
68,442
69,442
70,441
71,440
72,439
73,438
74,437
75,436
76,435
77,434
78,433
79,432
80,431
80,430
81,429
82,428
83,427
84,426
84,425
85,424
86,423
87,422
88,421
88,420
89,419
90,418
91,417
92,416
93,415
93,414
94,413
95,412
96,411
97,410
98,409
99,408
100,407
100,406
101,405
102,404
103,403
103,402
104,401
105,400
106,399
106,398
107,397
108,396
108,395
109,394
110,393
110,392
111,391
112,390
112,389
113,388
114,387
115,386
115,385
116,384
117,383
117,382
118,381
119,380
119,379
120,378
121,377
121,376
122,375
123,374
124,373
124,372
125,371
125,370
126,369
126,368
127,367
128,366
129,365
129,364
130,363
131,362
131,361
132,360
133,359
133,358
134,357
135,356
135,355
136,354
136,353
137,352
138,351
138,350
139,349
140,348
141,347
142,346
142,345
143,344
144,343
144,342
145,341
146,340
147,339
148,338
149,337
150,336
150,335
151,334
152,333
153,332
153,331
154,330
155,329
156,328
157,327
158,326
158,325
159,324
160,323
161,322
162,321
163,320
163,319
164,318
165,317
166,316
167,315
167,314
168,313
169,312
170,311
171,310
172,309
173,308
174,307
175,306
176,305
176,304
177,303
178,302
178,301
179,300
180,299
181,298
181,297
182,296
183,295
184,294
184,293
185,292
186,291
186,290
187,289
188,288
189,287
190,286
190,285
191,284
192,283
193,282
194,281
195,280
195,279
196,278
197,277
198,276
198,275
199,274
200,273
201,272
202,271
203,270
204,269
204,268
205,267
206,266
207,265
208,264
209,263
210,262
210,261
211,260
212,259
213,258
214,257
215,256
215,255
216,254
217,253
218,252
219,251
220,250
221,249
222,248
223,247
224,246
225,245
225,244
226,243
227,242
228,241
229,240
230,239
231,238
232,237
233,237
234,236
235,236
236,235
237,234
238,233
239,232
240,232
241,231
242,231
243,230
244,229
245,228
246,227
247,227
248,226
249,225
250,224
251,223
252,222
253,222
254,221
255,220
256,219
257,219
258,218
259,217
260,216
261,215
262,215
263,214
264,213
265,212
266,211
267,211
268,210
269,209
270,208
271,208
272,207
273,206
274,205
275,205
276,204
277,203
278,203
279,202
280,201
281,201
282,200
283,199
284,198
285,198
286,197
287,196
288,195
289,194
290,194
291,193
292,192
293,192
294,191
295,190
296,189
297,189
298,188
299,187
300,186
301,186
302,185
303,184
304,183
305,183
306,182
307,181
308,181
309,180
310,179
311,179
312,178
313,177
314,176
315,176
316,175
317,174
318,174
319,173
320,173
321,172
322,172
323,171
324,171
325,170
326,169
327,169
328,168
329,168
330,167
331,167
332,166
333,165
334,165
335,164
336,163
337,163
338,162
339,161
340,161
341,161
342,160
343,160
344,159
345,158
346,158
347,158
348,157
349,157
350,156
351,156
352,155
353,154
354,154
355,153
356,153
357,152
358,152
359,151
360,151
361,150
362,149
363,149
364,148
365,147
366,147
367,146
368,146
369,145
370,145
371,145
372,144
373,144
374,143
375,143
376,142
377,142
378,141
379,141
380,140
381,140
382,140
383,140
384,139
385,138
386,138
387,137
388,137
389,136
390,136
391,135
392,135
393,134
394,133
395,133
396,132
397,131
398,131
399,130
400,129
401,129
402,128
403,127
404,127
405,126
406,126
407,125
408,125
409,124
410,123
411,123
412,122
413,122
414,121
415,120
416,120
417,119
418,118
419,118
420,117
421,116
422,116
423,115
424,114
425,114
426,114
427,113
428,113
429,112
430,111
431,111
432,110
433,109
434,109
435,108
436,108
437,107
438,106
439,105
440,104
441,103
442,103
443,102
444,101
445,101
446,100
447,99
448,98
449,98
450,97
451,96
452,96
453,95
454,94
455,93
456,93
457,92
458,91
459,91
460,90
461,89
462,89
463,88
464,87
465,87
466,86
467,85
468,84
469,83
470,82
471,81
472,81
473,80
474,79
475,78
476,78
477,77
478,76
479,76
480,75
481,74
482,73
483,72
484,72
485,71
486,70
487,69
488,68
489,67
490,66
491,65
492,65
493,64
494,63
495,62
496,61
497,60
498,60
499,59
500,58
501,57
502,56
503,55
504,55
505,54
506,53
