60,61
61,62
62,63
63,64
64,65
65,66
66,67
67,68
68,69
69,70
70,71
71,72
72,73
73,74
74,75
75,76
76,77
77,78
78,79
79,80
80,81
81,82
82,83
83,84
84,85
85,86
86,87
87,88
88,89
89,90
90,91
91,92
92,93
93,94
94,95
95,96
96,97
97,98
98,99
99,100
100,101
101,102
102,103
103,104
104,105
105,106
106,107
107,108
108,109
109,110
110,111
111,112
112,112
113,113
114,114
115,115
116,116
117,116
118,117
119,117
120,118
121,119
122,120
123,121
124,122
125,123
126,124
127,125
128,126
129,127
130,128
131,128
132,129
133,130
134,131
135,132
136,133
137,134
138,135
139,135
140,136
141,137
142,138
143,139
144,140
145,141
146,142
147,143
148,144
149,145
150,146
151,146
152,147
153,148
154,149
155,150
156,151
157,152
158,153
159,153
160,154
161,155
162,156
163,157
164,158
165,159
166,160
167,161
168,162
169,163
170,164
171,165
172,166
173,167
174,168
175,169
176,170
177,171
178,172
179,173
180,174
181,175
182,176
183,177
184,178
185,179
186,180
187,181
188,182
189,183
190,184
191,185
192,186
193,187
194,188
195,189
196,189
197,190
198,191
199,192
200,193
201,194
202,195
203,196
204,197
205,198
206,199
207,200
208,201
209,202
210,203
211,203
212,204
213,205
214,206
215,207
216,208
217,209
218,210
219,211
220,212
221,212
222,213
223,214
224,215
225,216
226,217
227,218
228,219
229,220
230,221
231,222
232,223
233,223
234,224
235,225
236,226
237,227
238,228
239,229
240,230
241,231
242,232
243,233
244,234
245,235
246,236
247,237
248,238
249,239
250,240
251,241
252,242
252,243
253,244
254,245
255,246
256,247
257,248
258,249
259,250
260,251
261,252
262,253
263,254
264,255
265,256
266,257
266,258
267,259
268,260
269,261
270,262
271,263
272,264
273,265
274,266
275,267
276,268
277,269
277,270
278,271
279,272
280,273
281,274
282,275
282,276
283,277
284,278
285,279
286,280
287,281
288,282
289,283
290,284
291,285
292,286
293,287
294,288
295,289
296,290
297,291
298,292
299,293
300,294
301,295
302,296
303,297
304,298
305,299
306,300
307,301
307,302
308,303
308,304
309,305
309,306
310,307
311,308
312,309
312,310
313,311
314,312
315,313
316,314
317,315
318,316
319,317
320,318
320,319
321,320
322,321
323,322
323,323
324,324
325,325
326,326
327,327
328,328
329,329
330,330
331,331
332,332
333,333
334,334
335,335
335,336
336,337
337,338
338,339
339,340
340,341
340,342
341,343
342,344
343,345
344,346
345,347
346,348
346,349
347,350
347,351
348,352
349,353
349,354
350,355
351,356
352,357
353,358
354,359
355,360
356,361
357,362
358,363
359,364
360,365
361,366
362,367
363,368
363,369
364,370
365,371
366,372
367,373
368,374
369,375
370,376
371,377
372,378
373,379
374,380
375,381
376,382
376,383
377,384
378,385
379,386
380,387
381,388
382,389
383,389
384,390
385,391
386,392
387,393
388,394
389,395
390,396
391,397
392,398
393,399
394,400
395,401
396,402
397,403
398,404
399,405
400,406
401,407
402,408
403,409
403,410
404,411
405,412
406,413
407,414
408,415
409,415
410,416
411,417
412,418
413,419
414,420
415,421
416,422
417,422
418,423
419,424
420,425
421,426
422,427
423,428
424,428
425,429
426,430
427,431
428,432
429,432
430,433
431,434
432,435
433,436
434,437
435,438
436,439
437,440
438,441
439,441
440,442
441,443
442,444
443,444
444,445
445,446
446,447
447,448
448,448
449,449
450,450
451,451
452,451
453,452
454,453
455,453
456,454
457,455
458,456
459,457
460,458
461,459
462,459
463,460
464,461
465,462
466,462
467,463
468,464
469,465
470,466
471,467
472,468
473,468
474,469
475,470
476,471
477,471
478,472
479,473
480,474
481,474
482,475
483,476
484,477
485,478
486,478
487,479
488,480
489,480
490,481
491,482
492,483
493,484
494,484
495,485
496,485
497,486
498,487
499,488
500,488
501,489
502,490
503,491
504,491
505,492
506,492
507,493
508,494
509,494
510,495
511,496
512,496
513,497
514,498
515,499
516,499
517,500
518,500
519,501
520,502
521,502
522,503
523,503
524,504
525,504
526,505
527,505
528,505
529,506
530,506
531,507
532,507
533,508
534,508
535,509
536,509
537,510
538,510
539,511
540,511
541,512
542,512
543,512
544,512
545,512
546,513
547,514
548,515
549,515
550,516
551,516
552,517
553,517
554,518
555,518
556,519
557,519
558,519
559,520
560,520
561,521
562,521
563,522
564,522
565,523
566,523
567,524
568,525
569,525
570,526
571,527
572,527
573,527
574,528
575,528
576,529
577,530
578,530
579,531
580,532
581,532
582,533
583,533
584,534
585,535
586,535
587,536
588,536
589,537
590,538
591,538
592,539
593,539
594,540
595,540
596,541
597,541
598,542
599,543
600,543
601,544
602,544
603,545
604,545
605,545
606,546
607,546
608,547
609,547
610,548
611,548
612,549
613,549
614,550
615,550
616,551
617,551
618,552
619,552
620,553
621,553
622,553
623,554
624,554
625,555
626,555
627,555
628,556
629,556
630,557
631,557
632,558
633,558
634,558
635,559
636,559
637,559
638,560
639,560
640,560
641,560
642,561
643,561
644,561
645,562
646,562
647,563
648,563
649,563
650,564
651,564
652,565
653,565
654,565
655,565
656,566
657,567
658,567
659,567
660,567
661,567
662,567
663,567
664,568
665,568
666,568
667,569
668,569
669,569
670,569
671,569
672,570
