62,48
61,49
61,50
60,51
60,52
59,53
59,54
59,55
58,56
58,57
58,58
57,59
57,60
57,61
57,62
56,63
56,64
56,65
56,66
55,67
55,68
55,69
55,70
55,71
55,72
55,73
55,74
55,75
55,76
55,77
55,78
55,79
55,80
55,81
56,82
56,83
56,84
56,85
56,86
57,87
57,88
57,89
58,90
58,91
58,92
59,93
59,94
59,95
60,96
60,97
60,98
60,99
61,100
61,101
61,102
61,103
61,104
62,105
62,106
62,107
62,108
62,109
62,110
62,111
62,112
62,113
62,114
62,115
61,116
61,117
61,118
61,119
61,120
61,121
60,122
60,123
59,124
59,125
59,126
58,127
58,128
57,129
57,130
57,131
56,132
56,133
55,134
55,135
54,136
54,137
53,138
53,139
53,140
52,141
52,142
51,143
51,144
51,145
50,146
50,147
49,148
49,149
49,150
48,151
48,152
48,153
48,154
48,155
49,156
49,157
49,158
48,159
48,160
49,161
49,162
49,163
49,164
49,165
49,166
50,167
50,168
50,169
50,170
51,171
51,172
52,173
52,174
52,175
52,176
52,177
53,178
53,179
54,180
54,181
55,182
55,183
56,184
56,185
57,186
57,187
58,188
58,189
59,190
59,191
60,192
61,193
61,194
62,195
63,196
63,197
64,198
64,199
65,200
66,201
66,202
67,203
67,204
68,205
68,206
69,207
69,208
70,209
70,210
70,211
71,212
71,213
72,214
72,215
73,216
73,217
74,218
74,219
74,220
74,221
75,222
75,223
75,224
75,225
76,226
76,227
76,228
76,229
76,230
77,231
77,232
77,233
77,234
77,235
78,236
78,237
78,238
79,239
79,240
79,241
79,242
80,243
80,244
80,245
80,246
81,247
81,248
81,249
81,250
82,251
82,252
82,253
82,254
83,255
83,256
83,257
83,258
84,259
84,260
84,261
84,262
84,263
84,264
84,265
84,266
84,267
84,268
84,269
84,270
84,271
83,272
83,273
83,274
83,275
82,276
82,277
82,278
81,279
81,280
80,281
80,282
79,283
79,284
78,285
78,286
77,287
77,288
76,289
76,290
76,291
76,292
75,293
75,294
74,295
74,296
73,297
73,298
73,299
73,300
73,301
73,302
72,303
72,304
72,305
72,306
72,307
72,308
72,309
71,310
71,311
71,312
71,313
70,314
70,315
71,316
71,317
70,318
70,319
70,320
70,321
70,322
70,323
70,324
70,325
70,326
70,327
70,328
69,329
69,330
69,331
69,332
69,333
69,334
69,335
69,336
69,337
69,338
69,339
69,340
69,341
70,342
70,343
70,344
70,345
70,346
70,347
70,348
70,349
70,350
70,351
70,352
70,353
70,354
70,355
70,356
70,357
69,358
69,359
69,360
69,361
68,362
68,363
68,364
67,365
67,366
67,367
66,368
66,369
66,370
65,371
65,372
65,373
64,374
64,375
64,376
63,377
63,378
63,379
62,380
62,381
61,382
61,383
61,384
60,385
60,386
60,387
59,388
59,389
59,390
58,391
58,392
57,393
57,394
57,395
56,396
56,397
56,398
55,399
55,400
55,401
54,402
54,403
54,404
53,405
53,406
53,407
52,408
52,409
52,410
52,411
51,412
51,413
51,414
51,415
51,416
51,417
50,418
50,419
50,420
50,421
51,422
51,423
51,424
51,425
51,426
51,427
51,428
51,429
51,430
52,431
52,432
52,433
52,434
52,435
53,436
53,437
53,438
54,439
54,440
54,441
55,442
55,443
55,444
56,445
56,446
57,447
57,448
58,449
58,450
59,451
59,452
60,453
61,454
61,455
62,456
63,457
64,458
64,459
65,460
65,461
66,462
67,463
67,464
68,465
68,466
69,467
70,468
70,469
71,470
71,471
72,472
72,473
73,474
73,475
74,476
74,477
75,478
75,479
76,480
76,481
77,482
78,483
78,484
79,485
79,486
80,487
80,488
81,489
82,490
82,491
83,492
83,493
84,494
84,495
85,496
85,497
86,498
86,499
87,500
87,501
87,502
88,503
88,504
89,505
89,506
89,507
90,508
90,509
90,510
90,511
91,512
91,513
91,514
91,515
92,516
92,517
92,518
93,519
93,520
94,521
95,522
95,523
95,524
96,525
96,526
97,527
98,528
98,529
99,530
100,531
101,532
101,533
102,534
103,535
104,536
104,537
105,538
106,539
107,540
108,541
109,542
110,542
111,543
112,544
113,545
114,546
115,547
116,548
117,549
118,550
119,550
120,551
121,552
122,553
123,554
124,554
125,555
126,556
127,557
128,558
129,559
130,560
131,560
132,561
133,562
134,563
