46,249
47,248
47,247
47,246
48,245
48,244
48,243
49,242
49,241
49,240
49,239
50,238
50,237
50,236
50,235
51,234
51,233
51,232
52,231
52,230
53,229
53,228
54,227
54,226
55,225
55,224
55,223
56,222
56,221
57,220
58,219
58,218
59,217
59,216
60,215
60,214
61,213
61,212
62,211
62,210
63,209
63,208
63,207
64,206
65,205
65,204
66,203
66,202
67,201
68,200
69,199
69,198
70,197
70,196
71,195
72,194
73,193
74,192
75,191
76,190
77,189
77,188
78,187
79,187
80,186
80,185
81,184
82,183
83,182
84,181
85,180
86,179
87,178
88,177
89,176
89,175
90,174
91,173
92,172
93,171
94,170
95,169
96,168
96,167
97,166
98,165
99,164
99,163
100,162
100,161
101,160
102,159
102,158
103,157
103,156
104,155
104,154
104,153
105,152
106,151
107,150
107,149
108,148
109,147
110,146
111,145
112,144
113,143
114,142
115,141
115,140
116,139
117,138
118,137
118,136
119,135
120,134
121,133
122,132
123,131
124,130
125,129
126,128
127,128
128,127
129,126
130,126
131,125
132,124
133,123
134,122
135,122
136,121
137,120
138,120
139,119
140,119
141,118
142,117
143,117
144,116
145,115
146,115
147,114
148,113
149,113
150,113
151,112
152,112
153,111
154,111
155,110
156,109
157,109
158,108
159,108
160,107
161,107
162,106
163,106
164,105
165,105
166,104
167,104
168,103
169,103
170,102
171,102
172,101
173,101
174,100
175,100
176,100
177,99
178,99
179,98
180,98
181,97
182,97
183,97
184,96
185,96
186,95
187,95
188,95
189,94
190,94
191,93
192,93
193,92
194,92
195,92
196,91
197,91
198,90
199,90
200,90
201,89
202,89
203,88
204,88
205,88
206,87
207,87
208,87
209,86
210,86
211,86
212,85
213,85
214,85
215,84
216,84
217,84
218,84
219,83
220,83
221,83
222,83
223,82
224,82
225,82
226,82
227,82
228,81
229,81
230,81
231,81
232,81
233,80
234,80
235,80
236,80
237,80
238,79
239,79
240,79
241,79
242,78
243,78
244,78
245,78
246,78
247,77
248,77
249,77
250,77
251,76
252,76
253,76
254,76
255,75
256,75
257,75
258,75
259,74
260,74
261,74
262,74
263,74
264,73
265,73
266,73
267,73
268,72
269,72
270,71
271,71
272,70
273,70
274,70
275,70
276,69
277,69
278,69
279,68
280,68
281,68
282,67
283,67
284,67
285,66
286,66
287,66
288,65
289,65
290,64
291,64
292,64
293,63
294,63
295,63
296,63
297,62
298,62
299,62
300,61
301,61
302,61
303,61
304,60
305,60
306,60
307,60
308,59
309,59
310,59
311,59
312,58
313,58
314,58
315,58
316,58
317,57
318,57
319,57
320,57
321,57
322,56
323,56
324,56
325,56
326,56
327,55
328,55
329,55
330,54
331,54
332,54
333,53
334,53
335,53
336,52
337,52
338,52
339,52
340,52
341,52
342,51
343,51
344,51
345,51
346,50
347,50
