53,436
54,436
55,435
56,434
57,434
58,433
59,432
60,431
61,431
62,430
63,429
64,428
65,428
66,427
67,426
68,425
69,425
70,424
71,423
72,422
73,421
74,420
75,419
76,418
77,417
78,417
79,416
80,415
81,414
82,414
83,413
84,412
85,411
86,411
87,410
88,409
89,409
90,408
91,407
92,406
93,406
94,405
95,404
96,403
97,403
98,402
99,401
100,400
101,400
102,399
103,398
104,397
105,396
106,396
107,395
108,394
109,393
110,392
111,392
112,391
113,390
114,389
115,388
116,387
117,387
118,386
119,385
120,384
121,383
122,382
123,381
124,380
125,379
126,379
127,378
128,377
129,376
130,375
131,374
132,373
133,373
134,372
134,371
135,370
136,369
137,368
138,367
139,366
140,365
141,364
142,363
143,362
144,361
144,360
145,359
146,358
147,357
148,356
148,355
149,354
150,353
151,352
152,351
153,350
154,349
154,348
155,347
156,346
157,345
157,344
158,343
159,342
159,341
160,340
161,339
161,338
162,337
163,336
163,335
164,334
165,333
165,332
166,331
167,330
167,329
168,328
169,327
169,326
170,325
171,324
171,323
172,322
173,321
173,320
174,319
175,318
175,317
176,316
177,315
177,314
178,313
179,312
179,311
180,310
181,309
181,308
182,307
183,306
183,305
184,304
185,303
186,302
186,301
187,300
188,299
188,298
189,297
190,296
190,295
191,294
192,293
193,292
193,291
194,290
195,289
195,288
196,287
197,286
198,285
198,284
199,283
200,282
201,281
201,280
202,279
203,278
204,277
204,276
205,275
206,274
207,273
208,272
208,271
209,270
210,269
211,268
212,267
212,266
213,265
214,264
215,263
216,262
217,261
217,260
218,259
219,258
220,257
221,256
221,255
222,254
223,253
224,252
225,251
226,250
227,249
228,248
229,247
230,246
230,245
231,244
232,243
233,242
234,242
235,241
236,240
237,239
238,239
239,238
240,237
241,236
242,236
243,235
244,234
245,233
246,233
247,232
248,231
249,230
250,230
251,229
252,228
253,228
254,227
255,226
256,225
257,224
258,224
259,223
260,222
261,222
262,221
263,220
264,220
265,219
266,219
267,218
268,218
269,217
270,217
271,216
272,215
273,215
274,214
275,214
276,213
277,212
278,212
279,211
280,211
281,210
282,210
283,209
284,209
285,208
286,208
287,207
288,206
289,206
290,205
291,205
292,204
293,203
294,203
295,202
296,202
297,201
298,201
299,200
300,200
301,199
302,199
303,199
304,198
305,198
306,197
307,197
308,197
309,196
310,196
311,196
312,195
313,195
314,195
315,194
316,194
317,194
318,194
319,193
320,193
321,193
322,193
323,192
324,192
325,192
326,192
327,191
328,191
329,191
330,191
331,191
332,190
333,190
334,190
335,190
336,190
337,190
338,190
339,190
340,189
341,189
342,189
343,189
344,189
345,189
346,189
347,189
348,189
349,189
350,189
351,189
352,188
353,188
354,189
355,189
356,189
357,189
358,189
359,189
360,189
361,189
362,189
363,189
364,189
365,189
366,189
367,189
368,189
369,189
370,189
371,189
372,189
373,189
374,189
375,189
376,189
377,189
378,189
379,189
380,189
381,189
382,189
383,189
384,189
385,189
386,189
387,190
388,190
389,190
390,190
391,190
392,190
393,190
394,190
395,190
396,190
397,191
398,191
399,191
400,191
401,191
402,191
403,191
404,191
405,192
406,192
407,192
408,192
409,192
410,192
411,193
412,193
413,193
414,193
415,193
416,193
417,193
418,194
419,194
420,194
421,194
422,194
423,194
424,194
425,195
426,195
427,195
428,195
429,195
430,195
431,195
432,195
433,195
434,195
435,195
436,195
437,195
438,195
439,195
440,195
441,195
442,195
443,195
444,194
445,194
446,194
447,194
448,194
449,194
450,194
451,193
452,193
453,193
454,193
455,192
456,192
457,192
458,192
459,192
460,192
461,191
462,191
463,191
464,190
465,190
466,190
467,189
468,189
469,188
470,188
471,187
472,187
473,186
474,185
475,184
476,183
477,182
478,182
479,181
479,180
480,179
481,178
482,177
483,176
484,175
485,174
485,173
486,172
487,171
488,170
489,169
490,168
490,167
491,166
492,165
493,164
494,163
494,162
495,161
496,160
497,159
497,158
498,157
498,156
499,155
499,154
500,153
501,152
501,151
502,150
502,149
503,148
503,147
504,146
504,145
504,144
505,143
505,142
506,141
506,140
507,139
507,138
507,137
508,136
508,135
508,134
509,133
509,132
510,131
510,130
511,129
511,128
511,127
512,126
513,125
513,124
514,123
515,122
515,121
516,120
516,119
517,118
518,117
519,116
520,115
520,114
521,113
522,112
523,111
523,110
524,109
525,108
526,107
527,106
527,105
528,104
529,103
530,102
530,101
531,100
532,100
533,99
534,98
535,98
536,97
537,97
538,97
539,96
540,96
541,96
542,96
543,95
544,95
545,95
546,95
547,95
548,95
549,96
550,96
551,96
552,96
553,96
554,95
555,95
556,95
557,95
558,95
559,95
560,95
561,95
562,95
563,95
564,95
565,95
566,95
567,95
568,95
569,95
570,95
571,95
572,95
573,95
574,95
575,94
576,94
577,94
578,94
579,95
580,95
581,95
582,95
583,95
584,94
585,94
586,94
587,94
588,93
589,93
590,93
591,93
592,92
593,92
594,92
595,91
596,91
597,91
598,90
599,90
600,90
601,89
602,89
603,89
604,88
605,88
606,88
607,87
608,87
609,86
610,86
611,86
612,85
613,85
614,85
615,84
616,84
617,83
618,83
619,83
620,82
621,82
622,81
623,81
624,80
625,80
626,79
627,79
628,79
629,78
630,78
631,77
632,76
633,76
634,75
635,74
636,74
637,73
638,72
639,72
640,71
641,70
642,69
643,68
644,67
645,66
646,65
647,65
648,64
649,63
650,62
651,61
652,60
653,59
654,58
655,57
656,56
657,55
658,54
