51,431
52,431
53,431
54,431
55,431
56,431
57,431
58,431
59,431
60,431
61,431
62,431
63,431
64,431
65,431
66,431
67,431
68,431
69,432
70,432
71,432
72,432
73,432
74,432
75,432
76,432
77,432
78,432
79,432
80,433
81,433
82,433
83,433
84,433
85,433
86,433
87,433
88,433
89,433
90,433
91,433
92,433
93,433
94,434
95,434
96,434
97,434
98,434
99,434
100,434
101,434
102,435
103,435
104,435
105,435
106,435
107,435
108,435
109,436
110,436
111,436
112,436
113,436
114,436
115,436
116,437
117,437
118,437
119,437
120,437
121,438
122,438
123,438
124,439
125,439
126,439
127,440
128,440
129,441
130,441
131,441
132,442
133,442
134,442
135,443
136,443
137,443
138,443
139,444
140,444
141,444
142,444
143,445
144,445
145,445
146,445
147,446
148,446
149,446
150,446
151,447
152,447
153,447
154,447
155,448
156,448
157,448
158,448
159,448
160,449
161,449
162,449
163,449
164,450
165,450
166,450
167,450
168,451
169,451
170,451
171,451
172,452
173,452
174,452
175,453
176,453
177,453
178,453
179,454
180,454
181,454
182,454
183,455
184,455
185,455
186,455
187,455
188,456
189,456
190,456
191,456
192,457
193,457
194,457
195,457
196,458
197,458
198,458
199,459
200,459
201,459
202,459
203,460
204,460
205,460
206,461
207,461
208,461
209,462
210,462
211,463
212,463
213,463
214,464
215,464
216,464
217,465
218,465
219,465
220,466
221,466
222,466
223,466
224,467
225,467
226,467
227,467
228,467
229,467
230,468
231,468
232,468
233,468
234,468
235,468
236,468
237,468
238,468
239,468
240,468
241,469
242,469
243,469
244,469
245,469
246,469
247,470
248,470
249,471
250,471
251,471
252,471
253,471
254,471
255,471
256,471
257,472
258,472
259,472
260,472
261,472
262,471
263,471
264,471
265,471
266,471
267,471
268,471
269,471
270,471
271,471
272,470
273,470
274,470
275,470
276,470
277,470
278,470
279,470
280,470
281,470
282,470
283,470
284,470
285,470
286,470
287,470
288,470
289,470
290,470
291,470
292,469
293,469
294,469
295,469
296,469
297,469
298,469
299,469
300,469
301,469
302,469
303,469
304,469
305,469
306,469
307,469
308,469
309,469
310,469
311,469
312,469
313,469
314,469
315,469
316,468
317,468
318,468
319,468
320,468
321,468
322,468
323,468
324,468
325,467
326,467
327,467
328,467
329,467
330,467
331,467
332,467
333,467
334,466
335,466
336,466
337,466
338,466
339,466
340,466
341,466
342,466
343,465
344,465
345,465
346,465
347,465
348,465
349,465
350,465
351,465
352,465
353,464
354,464
355,464
356,464
357,464
358,464
359,464
360,463
361,463
362,463
363,463
364,463
365,463
366,462
367,462
368,462
369,462
370,462
371,461
372,461
373,461
374,461
375,461
376,461
377,461
378,461
379,461
380,460
381,460
382,460
383,460
384,460
385,460
386,459
387,459
388,459
389,459
390,459
391,459
392,458
393,458
394,458
395,458
396,458
397,457
398,457
399,457
400,457
401,457
402,456
403,456
404,456
405,456
406,456
407,455
408,455
409,455
410,455
411,454
412,454
413,454
414,454
415,454
416,453
417,453
418,453
419,453
420,452
421,452
422,452
423,452
424,451
425,451
426,451
427,451
428,450
429,450
430,450
431,449
432,449
433,449
434,448
435,448
436,448
437,447
438,447
439,447
440,446
441,446
442,446
443,445
444,445
445,445
446,444
447,444
448,444
449,443
450,443
451,443
452,442
453,442
454,442
455,441
456,441
457,440
458,440
459,440
460,439
461,439
462,439
463,438
464,438
465,438
466,437
467,437
468,436
469,436
470,435
471,435
472,435
473,434
474,434
475,433
476,433
477,432
478,431
479,431
480,430
481,429
482,429
483,428
484,428
485,427
486,426
487,426
488,425
489,424
490,424
491,423
492,422
493,422
494,421
495,420
496,419
497,419
498,418
499,418
500,417
501,416
502,416
503,415
504,415
505,414
506,414
507,413
508,413
509,412
510,412
511,411
512,411
513,410
514,410
515,409
516,409
517,408
518,408
519,407
520,406
521,406
522,405
523,405
524,404
525,404
526,403
527,402
528,402
529,401
530,400
531,400
532,399
533,399
534,398
535,397
536,396
537,396
538,395
539,394
540,393
541,392
542,391
543,390
544,390
545,389
546,388
547,387
548,387
549,386
550,385
551,384
552,383
553,382
554,381
555,380
556,379
557,378
558,377
558,376
559,375
560,374
561,373
562,372
563,371
564,370
565,369
566,368
567,367
567,366
568,365
569,364
570,363
571,362
572,361
572,360
573,359
574,358
574,357
575,356
576,355
577,354
578,353
579,353
580,352
581,351
582,351
583,350
584,349
585,348
586,347
587,346
588,345
589,344
590,343
591,342
592,341
593,340
594,339
594,338
595,337
596,337
597,336
598,336
599,335
600,335
601,334
602,333
603,332
604,331
605,330
606,329
607,329
608,328
609,327
610,326
611,325
612,325
613,324
614,323
615,322
616,321
617,321
618,320
619,319
620,318
621,317
622,316
623,316
624,315
625,314
626,313
627,312
628,312
629,311
630,310
631,309
632,308
633,307
634,306
635,305
636,305
637,304
638,303
639,302
640,301
641,300
642,299
643,298
644,297
645,296
646,296
647,295
648,294
649,293
650,292
651,292
652,291
653,290
654,289
655,288
656,287
657,287
658,286
659,285
660,284
661,283
662,282
663,282
664,281
665,280
666,279
667,278
668,277
669,276
670,276
671,275
672,274
673,273
674,272
675,272
676,271
677,270
678,269
679,268
680,268
681,267
682,266
683,265
684,264
685,263
686,262
687,261
688,260
689,259
690,259
691,258
692,257
693,256
694,255
695,254
696,253
697,252
698,251
699,250
700,249
701,249
702,248
703,247
704,246
705,245
706,244
707,243
708,242
709,241
710,241
711,240
712,239
713,238
714,237
715,236
716,235
717,234
718,234
719,233
720,232
721,231
722,230
723,230
724,229
725,228
726,227
727,226
728,225
729,224
730,224
731,223
732,222
733,221
734,220
735,219
736,219
737,218
738,217
739,216
740,215
741,215
742,214
743,213
744,212
745,211
746,210
747,209
748,208
749,207
750,207
751,206
752,205
752,204
753,203
754,202
755,201
756,200
757,199
757,198
758,197
759,196
760,195
761,194
762,193
763,192
764,191
764,190
765,189
766,188
767,187
768,186
768,185
769,184
770,183
771,182
771,181
772,180
773,179
774,178
774,177
775,176
776,175
776,174
777,173
778,172
779,171
779,170
780,169
781,168
782,167
783,166
783,165
784,164
785,163
785,162
786,161
787,160
788,159
788,158
789,157
790,156
790,155
791,154
792,153
793,152
793,151
794,150
795,149
796,148
796,147
797,146
798,145
798,144
799,143
800,142
801,141
801,140
802,139
803,138
804,137
804,136
805,135
806,134
806,133
807,132
808,131
809,130
809,129
810,128
811,127
811,126
812,125
813,124
813,123
814,122
814,121
815,120
816,119
816,118
817,117
818,116
818,115
819,114
820,113
820,112
821,111
821,110
822,109
823,108
823,107
824,106
825,105
825,104
826,103
826,102
827,101
828,100
828,99
829,98
830,97
830,96
831,95
831,94
832,93
833,92
833,91
834,90
835,89
835,88
836,87
837,86
837,85
838,84
838,83
839,82
840,81
840,80
841,79
841,78
842,77
842,76
843,75
843,74
844,73
845,72
845,71
846,70
846,69
847,68
847,67
848,66
848,65
849,64
849,63
850,62
850,61
851,60
851,59
852,58
852,57
853,56
853,55
854,54
854,53
855,52
855,51
856,50
