56,442
57,441
58,440
59,439
60,438
61,437
62,436
63,435
64,434
65,433
66,432
67,431
68,430
69,429
70,428
71,427
71,426
72,425
73,424
74,423
75,422
76,422
77,421
78,420
79,419
80,418
81,417
82,416
83,415
84,415
85,414
86,413
87,412
88,411
89,410
90,409
91,408
92,407
93,407
94,406
95,405
96,404
97,404
98,403
99,402
100,401
101,401
102,400
103,399
104,399
105,398
106,397
107,397
108,396
109,395
110,395
111,394
112,393
113,393
114,392
115,392
116,391
117,390
118,390
119,389
120,388
121,388
122,387
123,386
124,386
125,385
126,384
127,384
128,383
129,382
130,381
131,381
132,380
133,379
134,378
135,377
136,377
137,376
138,375
139,374
140,373
141,373
142,372
143,371
144,370
145,369
146,369
147,368
148,367
149,366
150,365
151,365
152,364
153,363
154,362
155,361
156,361
157,360
158,359
159,358
160,357
161,356
162,356
163,355
164,354
165,353
166,352
167,351
168,350
169,349
170,349
171,348
172,347
173,346
174,345
175,344
176,343
177,342
178,341
179,341
180,340
181,339
182,338
183,337
184,336
185,335
186,334
187,334
188,333
189,332
190,331
191,330
192,329
193,328
194,327
195,327
196,326
197,325
198,324
199,323
200,322
201,321
202,320
203,320
204,319
205,318
206,317
207,317
208,316
209,315
210,314
211,313
212,312
213,312
214,311
215,310
216,309
217,308
218,307
219,307
220,306
221,305
222,304
223,303
224,303
225,302
226,301
227,300
228,299
229,298
230,297
231,296
232,296
233,295
234,294
235,293
236,292
237,291
238,291
239,290
240,289
241,288
242,288
243,287
244,286
245,285
246,285
247,284
248,283
249,282
250,281
251,281
252,280
253,279
254,278
255,278
256,277
257,276
258,275
259,275
260,274
261,273
262,272
263,271
264,270
265,269
266,268
267,268
268,267
269,266
270,265
271,265
272,264
273,263
274,262
275,261
276,261
277,260
278,259
279,258
280,257
281,256
282,255
283,254
284,254
285,253
286,252
287,251
288,250
289,249
290,248
291,248
292,247
293,246
294,245
295,244
296,243
296,242
297,241
298,240
299,239
300,238
301,237
302,236
303,235
304,234
305,233
305,232
306,231
307,230
308,229
309,228
310,227
311,226
312,225
312,224
313,223
314,222
315,221
315,220
316,219
317,218
318,217
318,216
319,215
320,214
321,213
322,212
322,211
323,210
324,209
325,208
326,207
326,206
327,205
328,204
329,203
330,202
330,201
331,200
332,199
333,198
334,197
334,196
334,195
335,194
334,193
335,192
336,191
337,190
338,189
339,188
340,187
341,186
342,185
343,184
343,183
344,182
345,181
345,180
346,179
347,178
347,177
348,176
349,175
350,174
351,173
351,172
352,171
353,170
353,169
354,168
355,167
355,166
356,165
357,164
357,163
358,162
358,161
359,160
359,159
360,158
360,157
361,156
361,155
362,154
362,153
363,152
364,151
364,150
365,149
365,148
366,147
366,146
367,145
367,144
368,143
368,142
369,141
369,140
369,139
370,138
370,137
371,136
371,135
372,134
372,133
372,132
373,131
373,130
374,129
374,128
374,127
375,126
375,125
376,124
376,123
376,122
377,121
377,120
377,119
378,118
378,117
379,116
379,115
379,114
380,113
380,112
380,111
381,110
381,109
381,108
381,107
382,106
382,105
382,104
382,103
383,102
383,101
383,100
383,99
384,98
384,97
384,96
384,95
385,94
385,93
385,92
385,91
386,90
386,89
386,88
386,87
387,86
387,85
387,84
388,83
388,82
388,81
388,80
389,79
389,78
389,77
390,76
390,75
390,74
390,73
390,72
391,71
391,70
391,69
392,68
392,67
392,66
392,65
393,64
393,63
393,62
394,61
394,60
394,59
394,58
395,57
395,56
395,55
396,54
396,53
396,52
397,51
397,50
397,49
398,48
398,47
