48,552
49,552
50,551
51,551
52,550
53,549
54,549
55,548
56,547
57,546
58,545
59,545
60,544
61,543
62,542
63,541
64,540
65,539
66,539
67,538
68,537
69,536
70,535
71,534
72,533
73,532
74,531
75,530
75,529
76,528
77,527
78,526
79,525
79,524
80,523
81,522
82,521
83,520
83,519
84,518
85,517
85,516
86,515
86,514
87,513
87,512
88,511
88,510
89,509
90,508
90,507
91,506
92,505
92,504
93,503
94,502
94,501
95,500
95,499
96,498
97,497
98,496
99,495
100,494
101,493
101,492
102,491
103,490
104,489
105,488
106,487
107,486
108,486
109,485
110,484
111,483
112,482
113,482
114,481
115,480
116,479
117,479
118,478
119,477
120,477
121,476
122,475
123,474
124,473
125,473
126,472
127,471
128,470
129,470
130,469
131,469
132,468
133,468
134,467
135,467
136,466
137,465
138,465
139,464
140,464
141,463
142,462
143,462
144,461
145,461
146,460
147,459
148,459
149,458
150,458
151,457
152,457
153,456
154,455
155,455
156,454
157,454
158,453
159,452
160,451
161,450
162,449
163,449
164,448
165,447
166,446
167,445
168,444
169,443
170,442
171,441
172,440
173,439
173,438
174,437
175,436
176,435
177,434
178,433
179,432
180,431
181,430
182,429
183,428
183,427
184,426
185,425
186,424
187,423
188,422
189,421
190,420
191,419
192,418
193,417
194,416
195,415
196,414
197,413
198,412
199,411
200,411
201,410
202,409
203,409
204,408
205,407
206,407
207,406
208,406
209,405
210,404
211,404
212,404
213,403
214,403
215,402
216,402
217,402
218,402
219,402
220,402
221,402
222,402
223,402
224,401
225,401
226,401
227,401
228,401
229,400
230,400
231,400
232,400
233,400
234,400
235,399
236,399
237,399
238,399
239,399
240,399
241,398
242,398
243,397
244,397
245,397
246,397
247,397
248,396
249,396
250,396
251,396
252,396
253,395
254,395
255,395
256,395
257,394
258,394
259,394
260,393
261,393
262,393
263,392
264,392
265,391
266,390
267,390
268,390
269,389
270,388
271,388
272,387
273,386
274,386
275,385
276,385
277,385
278,384
279,383
280,382
281,381
282,381
283,380
284,379
285,378
286,377
287,377
288,376
289,375
290,374
290,373
291,372
292,371
293,370
294,369
294,368
295,367
296,366
297,365
298,364
299,363
300,362
301,361
302,360
303,359
304,358
305,358
306,357
307,356
308,355
309,354
310,353
311,353
312,352
313,351
314,350
315,350
316,349
317,349
318,348
319,347
320,347
321,346
322,345
323,345
324,344
325,344
326,343
327,343
328,343
329,342
330,342
331,341
332,341
333,341
334,340
335,340
336,340
337,339
338,339
339,339
340,338
341,338
342,338
343,337
344,337
345,337
346,336
347,336
348,336
349,336
350,335
351,335
352,335
353,335
354,335
355,335
356,334
357,334
358,334
359,334
360,334
361,334
362,333
363,333
364,333
365,333
366,333
367,333
368,332
369,332
370,332
371,332
372,332
373,331
374,331
375,331
376,331
377,330
378,330
379,330
380,329
381,329
382,329
383,328
384,328
385,328
386,327
387,327
388,326
389,326
390,325
391,325
392,324
393,323
394,323
395,322
396,321
397,320
398,320
399,319
400,318
401,317
402,317
403,316
404,315
404,314
405,313
406,312
407,311
407,310
408,309
409,308
409,307
410,306
411,305
411,304
411,303
412,302
412,301
412,300
412,299
413,298
413,297
413,296
413,295
413,294
414,293
414,292
414,291
414,290
415,289
415,288
415,287
416,286
416,285
417,284
417,283
418,282
418,281
419,280
420,279
420,278
421,277
422,276
423,275
423,274
424,273
425,272
426,271
427,270
428,269
428,268
429,267
430,266
431,265
432,264
433,263
434,262
435,261
435,260
436,259
437,258
438,257
439,256
440,255
441,254
442,253
443,252
443,251
444,250
445,249
445,248
446,247
447,246
447,245
448,244
449,243
449,242
450,241
450,240
451,239
451,238
452,237
452,236
452,235
453,234
453,233
454,232
454,231
454,230
455,229
455,228
455,227
455,226
456,225
456,224
456,223
456,222
456,221
457,220
457,219
457,218
457,217
457,216
457,215
457,214
457,213
457,212
456,211
456,210
456,209
456,208
456,207
456,206
456,205
456,204
455,203
455,202
455,201
455,200
454,199
454,198
454,197
454,196
454,195
453,194
453,193
453,192
453,191
453,190
453,189
454,188
454,187
454,186
454,185
454,184
454,183
454,182
454,181
454,180
454,179
455,178
455,177
455,176
455,175
455,174
455,173
455,172
455,171
455,170
455,169
455,168
455,167
455,166
455,165
456,164
456,163
456,162
456,161
456,160
456,159
457,158
457,157
457,156
457,155
457,154
458,153
458,152
459,151
459,150
460,149
460,148
461,147
461,146
462,145
463,144
463,143
464,142
465,141
465,140
466,139
467,138
468,137
468,136
469,135
470,134
471,133
471,132
472,131
472,130
473,129
474,128
475,127
476,126
476,125
477,124
478,123
478,122
479,121
480,120
481,119
482,118
482,117
483,116
484,115
485,114
485,113
486,112
486,111
487,110
487,109
488,108
489,107
489,106
490,105
490,104
490,103
491,102
491,101
492,100
492,99
492,98
492,97
492,96
492,95
492,94
493,93
493,92
493,91
493,90
493,89
493,88
493,87
493,86
493,85
493,84
493,83
493,82
493,81
492,80
492,79
492,78
492,77
492,76
492,75
492,74
492,73
491,72
491,71
491,70
491,69
490,68
490,67
490,66
490,65
490,64
490,63
490,62
490,61
490,60
489,59
489,58
489,57
489,56
490,55
490,54
490,53
490,52
490,51
491,50
491,49
491,48
491,47
492,46
492,45
