51,155
52,155
53,155
54,154
55,153
56,152
57,152
58,152
59,151
60,151
61,151
62,151
63,150
64,150
65,150
66,150
67,149
68,149
69,149
70,149
71,149
72,149
73,149
74,149
75,149
76,149
77,150
78,150
79,150
80,150
81,150
82,150
83,150
84,150
85,151
86,151
87,151
88,151
89,151
90,151
91,151
92,151
93,151
94,151
95,151
96,151
97,151
98,151
99,151
100,151
101,150
102,150
103,150
104,150
105,150
106,150
107,150
108,149
109,149
110,148
111,148
112,148
113,147
114,147
115,147
116,146
117,146
118,145
119,145
120,145
121,144
122,144
123,143
124,142
125,142
126,141
127,141
128,140
129,140
130,140
131,139
132,139
133,138
134,138
135,137
136,137
137,136
138,136
139,135
140,135
141,135
142,134
143,134
144,134
145,133
146,133
147,133
148,132
149,132
150,131
151,131
152,131
153,130
154,130
155,130
156,130
157,130
158,129
159,129
160,129
161,129
162,129
163,129
164,129
165,128
166,128
167,128
168,128
169,128
170,128
171,128
172,128
173,128
174,128
175,127
176,127
177,127
178,127
179,127
180,127
181,127
182,127
183,126
184,126
185,126
186,126
187,126
188,126
189,126
190,126
191,126
192,125
193,125
194,125
195,125
196,125
197,125
198,125
199,125
200,125
201,125
202,125
203,125
204,125
205,125
206,125
207,125
208,125
209,125
210,126
211,126
212,126
213,126
214,126
215,126
216,126
217,126
218,126
219,126
220,127
221,127
222,127
223,127
224,127
225,128
226,128
227,128
228,128
229,128
230,128
231,129
232,129
233,129
234,129
235,129
236,129
237,129
238,129
239,129
240,129
241,129
242,129
243,129
244,129
245,129
246,129
247,129
248,129
249,129
250,129
251,129
252,129
253,129
254,129
255,129
256,129
257,129
258,129
259,128
260,128
261,128
262,128
263,128
264,128
265,127
266,127
267,127
268,126
269,126
270,126
271,126
272,125
273,125
274,125
275,124
276,124
277,124
278,124
279,123
280,123
281,122
282,122
283,121
284,121
285,120
286,120
287,119
288,118
289,118
290,117
291,116
292,115
293,114
294,113
295,112
296,112
297,111
298,110
299,109
300,108
301,107
302,106
303,105
304,104
305,103
306,102
307,101
308,100
309,99
310,98
311,98
312,97
313,96
314,95
315,94
316,93
317,92
317,91
318,90
319,89
320,88
321,87
322,86
323,85
324,84
325,83
325,82
326,81
327,80
328,79
329,78
330,77
331,77
332,76
333,75
334,75
335,75
336,75
337,74
338,74
339,73
340,72
341,72
342,71
343,71
344,70
345,70
346,69
347,69
348,69
349,68
350,68
351,67
352,67
353,67
354,66
355,66
356,65
357,65
358,65
359,64
360,64
361,63
362,63
363,63
364,62
365,62
366,61
367,61
368,60
369,60
370,59
371,59
372,59
373,58
374,58
375,57
376,57
377,57
378,57
379,56
380,56
381,56
382,56
383,56
384,55
385,55
386,55
387,55
388,54
389,54
390,54
391,54
392,54
393,54
394,54
395,53
396,53
397,53
398,53
399,53
400,53
401,53
402,53
403,53
404,53
405,52
406,52
407,52
408,53
409,53
410,53
411,53
412,53
413,53
414,53
415,54
416,54
417,54
418,54
419,54
420,55
421,55
422,55
423,56
424,56
425,56
426,56
427,57
428,57
429,57
430,57
431,58
432,58
433,58
434,59
435,59
436,60
437,60
438,61
439,61
440,62
441,62
442,63
443,63
444,64
445,64
446,65
447,65
448,66
449,66
450,67
451,67
452,67
453,68
454,68
455,68
456,69
457,69
458,69
459,70
460,70
461,71
462,71
463,72
464,72
465,73
466,73
467,74
468,74
469,74
470,75
471,75
472,75
473,76
474,76
475,77
476,77
477,78
478,78
479,78
480,79
481,79
482,80
483,80
484,80
485,81
486,81
487,81
488,82
489,82
490,82
491,83
492,83
493,83
494,83
495,84
496,84
497,84
498,84
499,84
500,85
501,85
502,85
503,85
504,85
505,85
506,86
507,86
508,86
509,86
510,86
511,86
512,86
513,86
514,86
515,86
516,86
517,86
518,86
519,86
520,86
521,86
522,86
523,86
524,86
525,86
526,86
527,86
528,86
529,86
530,86
531,86
532,86
533,86
534,86
535,85
536,85
537,85
538,85
539,85
540,85
541,85
542,85
543,85
544,84
545,84
546,84
547,84
548,84
549,84
550,84
551,83
552,83
553,83
554,83
555,83
556,83
557,82
558,82
559,82
560,82
561,81
562,81
563,81
564,80
565,80
566,80
567,80
568,79
569,79
570,78
571,78
572,78
573,77
574,77
575,77
576,77
577,77
578,78
579,77
580,76
581,76
582,75
583,74
584,74
585,73
586,73
587,72
588,72
589,71
590,71
591,71
592,70
593,70
594,69
595,69
596,69
597,68
598,68
599,68
600,67
601,67
602,67
603,67
604,66
605,65
606,65
607,65
608,65
609,65
610,65
611,65
612,65
613,64
614,64
615,64
616,64
617,64
618,63
619,63
620,63
621,63
622,63
623,63
624,63
625,62
626,62
627,62
628,62
629,62
630,62
631,62
632,63
633,63
634,63
635,63
636,63
637,63
638,63
639,62
640,62
641,62
642,62
643,62
644,62
645,62
646,62
647,62
648,62
649,62
650,62
651,63
652,63
653,63
654,64
655,64
656,64
657,64
658,64
659,65
660,65
661,65
662,65
663,65
664,66
665,66
666,66
667,66
668,67
669,67
670,67
671,67
672,68
673,68
674,68
675,69
676,69
677,69
678,69
679,69
680,69
681,70
682,70
683,70
684,70
685,71
686,71
687,71
688,71
689,71
690,71
691,71
692,71
693,71
694,71
695,71
696,72
697,72
698,72
699,72
700,72
701,72
702,72
703,72
704,72
705,73
706,73
707,73
708,73
709,73
710,73
711,73
712,74
713,74
714,74
715,74
716,74
717,74
718,75
719,75
720,75
721,75
722,75
723,74
724,75
725,75
726,76
727,76
728,76
729,77
730,77
731,77
732,77
733,77
734,77
735,77
736,77
737,77
738,77
739,77
740,77
741,78
742,78
743,78
744,78
745,78
746,78
747,78
748,78
749,79
750,79
751,79
752,79
753,79
754,79
755,79
756,79
757,79
758,79
759,79
760,79
761,80
762,80
763,80
764,80
765,80
766,80
767,80
768,80
769,80
770,81
771,81
772,81
773,81
774,81
775,81
776,81
777,82
778,82
779,82
780,82
781,82
782,82
783,83
784,83
785,83
786,83
787,83
788,84
789,84
790,84
791,84
792,84
793,84
794,84
795,85
796,85
797,85
798,85
799,85
800,85
801,85
802,85
803,85
804,85
805,85
806,85
807,85
808,85
809,85
810,85
811,85
812,85
813,85
814,85
815,85
816,85
817,85
818,84
819,85
820,85
821,85
822,85
823,84
824,84
825,84
826,84
827,84
828,84
829,84
830,83
831,83
832,83
833,83
834,83
835,83
836,83
837,83
838,83
839,83
840,83
841,83
842,83
843,83
844,83
845,84
846,84
847,84
848,84
849,84
850,84
851,84
852,84
853,84
854,84
855,84
856,84
857,84
858,84
859,85
860,85
861,85
862,85
863,85
864,85
865,85
866,85
867,85
868,85
869,85
870,85
871,85
872,85
873,86
874,86
875,86
876,86
877,86
878,86
879,86
880,86
881,86
882,86
883,86
884,86
885,86
886,86
887,86
888,86
889,86
890,86
891,86
892,86
893,86
894,86
895,86
896,86
897,86
898,86
899,86
900,87
901,87
902,87
903,87
904,87
905,87
906,87
907,87
908,87
909,87
910,87
911,87
912,88
913,88
914,89
915,89
916,90
917,91
918,91
919,92
920,92
921,93
922,94
923,94
924,95
925,96
926,96
927,97
928,98
929,98
930,99
931,99
932,99
933,100
934,100
935,101
936,101
937,102
938,102
939,102
940,103
941,103
942,104
