63,56
63,57
63,58
63,59
64,60
64,61
64,62
64,63
65,64
65,65
65,66
65,67
66,68
66,69
66,70
66,71
67,72
67,73
67,74
67,75
68,76
68,77
68,78
68,79
69,80
69,81
69,82
69,83
70,84
70,85
70,86
71,87
71,88
71,89
72,90
72,91
72,92
73,93
73,94
74,95
74,96
75,97
75,98
75,99
76,100
76,101
77,102
77,103
78,104
78,105
79,106
79,107
80,108
81,109
81,110
81,111
82,112
83,113
84,114
84,115
85,116
85,117
85,118
86,119
86,120
87,121
88,122
88,123
89,124
89,125
90,126
90,127
91,128
91,129
91,130
92,131
92,132
93,133
93,134
94,135
94,136
95,137
95,138
95,139
96,140
96,141
97,142
97,143
98,144
98,145
99,146
99,147
100,148
100,149
101,150
101,151
102,152
102,153
103,154
103,155
103,156
104,157
104,158
105,159
105,160
106,161
106,162
107,163
107,164
108,165
108,166
109,167
110,168
110,169
111,170
111,171
112,172
112,173
113,174
113,175
114,176
114,177
115,178
115,179
115,180
116,181
116,182
117,183
117,184
118,185
118,186
119,187
119,188
120,189
120,190
121,191
121,192
122,193
122,194
123,195
123,196
124,197
124,198
124,199
125,200
125,201
126,202
126,203
127,204
127,205
127,206
128,207
128,208
129,209
129,210
130,211
130,212
130,213
131,214
131,215
132,216
132,217
133,218
133,219
133,220
134,221
134,222
135,223
135,224
136,225
136,226
137,227
137,228
137,229
138,230
138,231
139,232
139,233
140,234
140,235
140,236
141,237
141,238
142,239
142,240
142,241
143,242
143,243
144,244
144,245
144,246
145,247
145,248
146,249
146,250
146,251
147,252
147,253
148,254
148,255
149,256
149,257
149,258
150,259
150,260
151,261
152,262
152,263
152,264
153,265
153,266
153,267
154,268
154,269
155,270
155,271
156,272
156,273
157,274
157,275
158,276
158,277
159,278
159,279
160,280
160,281
161,282
161,283
162,284
162,285
163,286
163,287
164,288
164,289
165,290
165,291
166,292
166,293
166,294
167,295
168,296
168,297
169,298
169,299
170,300
170,301
170,302
171,303
171,304
172,305
172,306
173,307
173,308
174,309
174,310
175,311
175,312
176,313
176,314
177,315
177,316
178,317
178,318
179,319
179,320
180,321
180,322
181,323
181,324
182,325
182,326
183,327
183,328
184,329
185,330
185,331
186,332
186,333
187,334
187,335
188,336
188,337
189,338
189,339
190,340
191,341
191,342
192,343
192,344
193,345
193,346
194,347
194,348
195,349
196,350
196,351
197,352
197,353
198,354
198,355
199,356
200,357
200,358
201,359
202,360
202,361
203,362
204,363
204,364
205,365
206,366
206,367
207,368
208,369
208,370
209,371
209,372
210,373
211,374
211,375
212,376
213,377
213,378
214,379
215,380
215,381
216,382
216,383
217,384
218,385
218,386
219,387
220,388
220,389
221,390
222,391
222,392
223,393
224,394
224,395
225,396
226,397
226,398
227,399
227,400
228,401
229,402
229,403
230,404
231,405
231,406
232,407
232,408
233,409
234,410
234,411
235,412
235,413
236,414
237,415
237,416
238,417
239,418
239,419
240,420
241,421
241,422
242,423
243,424
243,425
244,426
245,427
245,428
246,429
247,430
247,431
248,432
249,433
250,434
250,435
251,436
252,437
252,438
253,439
254,440
255,441
255,442
256,443
257,444
257,445
258,446
259,447
260,448
261,449
261,450
262,451
263,452
264,453
265,454
265,455
266,456
267,457
268,458
269,459
270,460
271,461
272,462
273,463
273,464
274,465
275,466
276,467
277,468
278,469
279,470
280,471
281,472
282,473
282,474
283,475
284,476
285,477
286,478
287,479
288,480
289,481
290,482
291,483
292,484
293,485
294,486
295,487
296,488
297,489
298,490
299,491
