57,55
57,56
58,57
59,58
59,59
60,60
61,61
61,62
62,63
63,64
63,65
64,66
65,67
65,68
66,69
66,70
67,71
68,72
68,73
69,74
69,75
70,76
71,77
72,78
73,79
73,80
74,81
75,82
76,83
77,84
78,85
79,86
80,87
81,88
81,89
82,90
83,91
84,92
85,93
86,94
87,95
88,96
89,97
90,98
91,99
92,100
93,101
94,102
95,103
96,104
97,105
98,106
99,107
100,108
101,109
102,109
103,110
104,111
105,112
106,113
107,114
108,115
109,116
110,117
111,118
112,119
113,120
114,121
115,122
116,123
117,124
118,125
119,126
120,127
121,127
122,128
123,129
124,130
125,131
126,132
127,133
128,134
129,135
130,136
131,136
132,136
133,137
134,137
135,138
136,139
137,140
138,141
139,142
140,143
141,143
142,144
143,145
144,146
145,147
146,148
147,149
148,150
149,151
150,152
151,152
152,153
153,154
154,155
155,156
156,157
157,158
158,159
159,160
160,160
161,161
162,162
163,162
164,163
165,164
165,165
166,166
167,167
168,168
169,169
170,170
170,171
171,172
172,173
173,174
174,175
175,176
176,177
176,178
177,179
178,180
179,181
180,182
180,183
181,184
181,185
182,186
183,187
183,188
184,189
185,190
186,191
186,192
187,193
187,194
188,195
188,196
189,197
189,198
190,199
191,200
191,201
192,202
192,203
192,204
193,205
193,206
194,207
194,208
194,209
195,210
195,211
196,212
196,213
197,214
197,215
197,216
198,217
198,218
198,219
198,220
198,221
198,222
199,223
199,224
199,225
199,226
199,227
199,228
200,229
200,230
200,231
200,232
201,233
201,234
201,235
201,236
202,237
202,238
202,239
202,240
203,241
203,242
203,243
203,244
204,245
204,246
204,247
205,248
205,249
205,250
206,251
206,252
206,253
207,254
207,255
207,256
207,257
207,258
207,259
207,260
208,261
208,262
208,263
208,264
209,265
209,266
209,267
210,268
210,269
211,270
211,271
211,272
212,273
212,274
213,275
213,276
213,277
214,278
214,279
215,280
215,281
216,282
216,283
216,284
217,285
217,286
218,287
218,288
219,289
219,290
220,291
220,292
221,293
221,294
221,295
221,296
222,297
223,298
223,299
224,300
224,301
224,302
225,303
225,304
226,305
226,306
226,307
227,308
227,309
228,310
228,311
228,312
229,313
230,314
231,315
231,316
232,317
232,318
233,319
233,320
234,321
234,322
235,323
235,324
236,325
236,326
237,327
238,328
238,329
239,330
239,331
240,332
240,333
241,334
241,335
242,336
242,337
242,338
243,339
243,340
244,341
245,342
245,343
246,344
246,345
247,346
247,347
248,348
249,349
249,350
249,351
250,352
250,353
251,354
251,355
252,356
252,357
253,358
253,359
254,360
254,361
255,362
255,363
256,364
256,365
257,366
258,367
258,368
259,369
260,370
260,371
261,372
262,373
262,374
263,375
264,376
264,377
265,378
265,379
266,380
267,381
267,382
268,383
269,384
269,385
270,386
271,387
272,388
272,389
273,390
274,391
274,392
275,393
276,394
276,395
277,396
277,397
278,398
279,399
279,400
280,401
281,402
281,403
282,404
283,405
283,406
284,407
285,408
285,409
286,410
287,411
287,412
288,413
289,414
289,415
290,416
291,417
292,418
292,419
293,420
294,421
294,422
295,423
296,424
296,425
297,426
298,427
299,428
299,429
300,430
301,431
301,432
302,433
303,434
304,435
304,436
305,437
306,438
307,439
307,440
308,441
309,442
310,443
311,444
312,445
313,446
313,447
314,448
315,449
316,450
317,451
318,452
319,453
320,454
321,455
322,456
323,457
324,458
325,459
326,460
327,461
328,462
329,463
330,464
331,465
332,466
333,466
334,467
335,468
336,469
337,470
338,471
339,472
340,473
341,473
342,474
343,475
344,476
345,477
346,478
347,478
348,479
349,480
350,481
351,482
352,483
353,484
354,484
355,485
356,486
357,487
358,488
359,489
360,489
361,490
