48,156
49,156
50,156
51,156
52,155
53,155
54,155
55,155
56,155
57,155
58,154
59,154
60,154
61,154
62,153
63,153
64,153
65,153
66,152
67,152
68,152
69,152
70,151
71,151
72,151
73,151
74,150
75,150
76,150
77,149
78,149
79,149
80,149
81,148
82,148
83,148
84,148
85,147
86,147
87,147
88,147
89,146
90,146
91,146
92,145
93,145
94,145
95,144
96,144
97,144
98,143
99,143
100,143
101,143
102,142
103,142
104,142
105,141
106,141
107,141
108,141
109,140
110,140
111,140
112,140
113,139
114,139
115,139
116,139
117,138
118,138
119,138
120,138
121,137
122,137
123,137
124,137
125,137
126,136
127,136
128,136
129,136
130,136
131,135
132,135
133,135
134,135
135,135
136,135
137,135
138,134
139,134
140,134
141,134
142,134
143,134
144,134
145,134
146,134
147,134
148,134
149,134
150,133
151,133
152,133
153,133
154,133
155,133
156,133
157,133
158,133
159,133
160,133
161,133
162,133
163,133
164,133
165,133
166,133
167,133
168,133
169,133
170,133
171,133
172,133
173,133
174,132
175,132
176,132
177,132
178,132
179,132
180,132
181,132
182,132
183,132
184,132
185,132
186,132
187,132
188,132
189,132
190,132
191,132
192,132
193,132
194,132
195,132
196,132
197,132
198,132
199,132
200,132
201,132
202,132
203,132
204,132
205,132
206,132
207,131
208,131
209,131
210,131
211,131
212,131
213,131
214,131
215,131
216,131
217,131
218,131
219,131
220,131
221,131
222,131
223,131
224,131
225,131
226,131
227,131
228,131
229,131
230,131
231,131
232,131
233,131
234,132
235,132
236,132
237,132
238,132
239,132
240,132
241,132
242,132
243,133
244,133
245,133
246,133
247,133
248,132
249,132
250,132
251,132
252,132
253,132
254,132
255,132
256,132
257,132
258,132
259,132
260,132
261,132
262,132
263,132
264,131
265,131
266,131
267,131
268,131
269,131
270,131
271,130
272,130
273,130
274,130
275,130
276,129
277,129
278,129
279,128
280,128
281,128
282,128
283,127
284,127
285,127
286,126
287,126
288,126
289,126
290,125
291,125
292,125
293,124
294,124
295,124
296,124
297,124
298,123
299,123
300,123
301,123
302,122
303,122
304,122
305,122
306,121
307,121
308,121
309,121
310,120
311,120
312,120
313,120
314,119
315,119
316,119
317,119
318,118
319,118
320,118
321,118
322,117
323,117
324,117
325,116
326,116
327,116
328,116
329,115
330,115
331,115
332,114
333,114
334,114
335,113
336,113
337,113
338,113
339,112
340,112
341,112
342,112
343,111
344,111
345,111
346,110
347,110
348,110
349,109
350,109
351,108
352,108
353,107
354,107
355,106
356,106
357,105
358,105
359,104
360,104
361,103
362,103
363,103
364,102
365,101
366,101
367,100
368,100
369,99
370,98
371,98
372,97
373,97
374,96
375,96
376,95
377,94
378,94
379,93
380,93
381,92
382,92
383,91
384,91
385,90
386,90
387,89
388,88
389,88
390,87
391,87
392,86
393,86
394,85
395,85
396,84
397,84
398,84
399,83
400,83
401,82
402,82
403,81
404,81
405,81
406,80
407,80
408,79
409,79
410,79
411,78
412,78
413,77
414,76
415,76
416,75
417,75
418,74
419,74
420,73
421,73
422,72
423,72
424,71
425,71
426,70
427,70
428,70
429,69
430,69
431,68
432,68
433,67
434,67
435,66
436,66
437,66
438,66
439,65
440,65
441,64
442,64
443,64
444,64
445,63
446,63
447,63
448,63
449,62
450,62
451,62
452,62
453,61
454,61
455,61
456,61
457,60
458,60
459,60
460,60
461,59
462,59
463,59
464,58
465,58
466,58
467,58
468,57
469,57
470,57
471,57
472,56
473,56
474,56
475,55
476,55
477,55
478,54
479,54
480,53
481,53
482,53
483,52
484,52
