48,50
49,51
49,52
49,53
50,54
50,55
50,56
51,57
51,58
51,59
52,60
52,61
52,62
53,63
53,64
54,65
54,66
54,67
55,68
55,69
55,70
56,71
56,72
56,73
57,74
57,75
57,76
57,77
58,78
58,79
58,80
58,81
59,82
59,83
59,84
59,85
59,86
60,87
60,88
60,89
60,90
60,91
60,92
61,93
61,94
61,95
61,96
61,97
62,98
62,99
62,100
63,101
63,102
63,103
63,104
64,105
64,106
64,107
65,108
65,109
65,110
66,111
66,112
66,113
66,114
67,115
67,116
68,117
68,118
68,119
69,120
69,121
70,122
70,123
71,124
71,125
72,126
72,127
73,128
73,129
74,130
74,131
75,132
75,133
76,134
76,135
77,136
78,137
78,138
79,139
79,140
80,141
81,142
81,143
82,144
82,145
83,146
84,147
84,148
85,149
85,150
86,151
87,152
87,153
88,154
88,155
89,156
90,157
90,158
91,159
92,160
92,161
93,162
93,163
94,164
95,165
95,166
96,167
96,168
97,169
98,170
98,171
99,172
99,173
100,174
101,175
101,176
102,177
102,178
103,179
104,180
105,181
105,182
106,183
107,184
108,185
109,186
109,187
110,188
111,189
112,190
112,191
113,192
114,193
115,194
116,195
116,196
117,197
118,198
119,199
120,200
121,201
121,202
122,203
123,204
124,205
125,206
126,207
126,208
127,209
128,210
129,211
130,212
131,213
132,214
133,215
134,216
135,217
136,218
137,219
138,219
139,220
140,221
141,222
142,223
143,224
144,224
145,225
146,226
147,226
148,227
149,228
150,229
151,229
152,230
153,231
154,231
155,232
156,233
157,234
158,235
159,236
160,236
161,237
162,238
163,239
164,240
165,241
166,242
167,243
168,244
169,245
170,246
171,247
172,248
173,249
174,250
175,251
176,252
177,253
178,254
179,255
180,256
181,257
182,258
183,259
184,260
185,261
186,262
187,263
188,264
189,265
190,266
191,267
192,268
193,269
193,270
194,271
195,272
196,273
197,274
198,275
199,276
200,277
200,278
201,279
202,280
202,281
203,282
204,283
204,284
205,285
206,286
206,287
207,288
207,289
208,290
209,291
209,292
210,293
210,294
211,295
212,296
212,297
213,298
214,299
214,300
215,301
216,302
216,303
216,304
217,305
217,306
218,307
218,308
219,309
219,310
220,311
220,312
221,313
221,314
222,315
222,316
223,317
223,318
224,319
225,320
225,321
226,322
226,323
227,324
227,325
228,326
229,327
229,328
230,329
230,330
231,331
232,332
232,333
233,334
233,335
234,336
234,337
235,338
235,339
236,340
237,341
237,342
238,343
238,344
239,345
240,346
240,347
241,348
242,349
242,350
243,351
244,352
244,353
245,354
246,355
246,356
247,357
248,358
248,359
249,360
250,361
251,362
251,363
252,364
253,365
253,366
254,367
255,368
255,369
256,370
256,371
257,372
257,373
258,374
258,375
259,376
259,377
260,378
260,379
261,380
261,381
261,382
262,383
262,384
262,385
263,386
