144,723
144,722
143,721
143,720
143,719
143,718
143,717
143,716
143,715
143,714
144,713
144,712
144,711
144,710
144,709
144,708
144,707
144,706
144,705
144,704
144,703
145,702
145,701
145,700
145,699
145,698
145,697
145,696
145,695
145,694
144,693
144,692
144,691
144,690
144,689
144,688
144,687
143,686
143,685
143,684
142,683
142,682
141,681
141,680
140,679
140,678
139,677
139,676
138,675
137,674
136,673
136,672
135,671
134,670
134,669
133,668
132,667
131,666
131,665
130,664
129,663
128,662
128,661
127,660
127,659
126,658
126,657
125,656
124,655
124,654
123,653
123,652
123,651
123,650
122,649
122,648
122,647
121,646
121,645
121,644
121,643
120,642
120,641
120,640
120,639
119,638
119,637
119,636
119,635
119,634
119,633
119,632
118,631
118,630
118,629
118,628
118,627
118,626
118,625
117,624
117,623
117,622
117,621
116,620
116,619
115,618
115,617
115,616
114,615
114,614
113,613
113,612
112,611
112,610
112,609
111,608
110,607
110,606
109,605
109,604
108,603
108,602
107,601
106,600
106,599
106,598
105,597
105,596
104,595
104,594
104,593
103,592
102,591
102,590
102,589
101,588
100,587
100,586
99,585
99,584
98,583
98,582
97,581
96,580
96,579
95,578
95,577
94,576
93,575
93,574
92,573
92,572
91,571
91,570
90,569
89,568
89,567
88,566
87,565
87,564
86,563
85,562
85,561
84,560
83,559
83,558
83,557
82,556
82,555
81,554
80,553
80,552
79,551
78,550
77,549
76,548
76,547
75,546
74,545
73,544
72,544
71,543
70,542
69,541
68,540
67,539
66,538
65,537
64,536
63,535
62,534
61,533
60,532
60,531
59,530
58,529
58,528
57,527
57,526
56,525
56,524
55,523
55,522
54,521
54,520
53,519
53,518
52,517
52,516
52,515
51,514
50,513
49,512
49,511
49,510
49,509
49,508
49,507
49,506
48,505
48,504
49,503
49,502
49,501
49,500
49,499
49,498
49,497
49,496
49,495
49,494
49,493
49,492
49,491
50,490
50,489
50,488
50,487
50,486
50,485
50,484
50,483
50,482
51,481
51,480
51,479
51,478
51,477
51,476
51,475
51,474
51,473
51,472
51,471
52,470
52,469
52,468
52,467
52,466
52,465
53,464
53,463
53,462
53,461
53,460
54,459
54,458
54,457
54,456
54,455
54,454
55,453
55,452
55,451
55,450
56,449
56,448
56,447
56,446
57,445
57,444
57,443
58,442
58,441
58,440
58,439
59,438
59,437
59,436
60,435
60,434
60,433
60,432
61,431
61,430
61,429
61,428
61,427
61,426
62,425
62,424
62,423
62,422
62,421
62,420
62,419
62,418
62,417
62,416
63,415
63,414
63,413
63,412
63,411
63,410
63,409
63,408
63,407
63,406
63,405
63,404
63,403
63,402
63,401
64,400
64,399
64,398
64,397
64,396
64,395
64,394
64,393
65,392
65,391
66,390
66,389
66,388
67,387
67,386
68,385
68,384
68,383
69,382
69,381
69,380
69,379
70,378
71,377
71,376
72,375
72,374
73,373
73,372
73,371
74,370
74,369
75,368
75,367
76,366
76,365
77,364
77,363
78,362
78,361
79,360
79,359
80,358
80,357
81,356
81,355
82,354
82,353
83,352
83,351
83,350
84,349
84,348
85,347
85,346
86,345
86,344
86,343
87,342
87,341
88,340
88,339
89,338
89,337
89,336
90,335
90,334
91,333
91,332
91,331
92,330
92,329
93,328
93,327
94,326
94,325
95,324
95,323
96,322
96,321
96,320
97,319
97,318
98,317
98,316
98,315
99,314
99,313
99,312
99,311
100,310
100,309
100,308
101,307
101,306
101,305
101,304
102,303
102,302
102,301
103,300
103,299
103,298
104,297
104,296
105,295
105,294
105,293
106,292
106,291
107,290
107,289
107,288
108,287
108,286
109,285
109,284
109,283
110,282
110,281
111,280
111,279
112,278
112,277
113,276
113,275
114,274
114,273
115,272
115,271
116,270
117,269
117,268
118,267
119,266
119,265
120,264
121,263
121,262
122,261
122,260
123,259
123,258
124,257
125,256
125,255
126,254
126,253
127,252
127,251
128,250
128,249
128,248
129,247
129,246
129,245
129,244
130,243
130,242
130,241
130,240
130,239
130,238
130,237
130,236
130,235
130,234
130,233
131,232
131,231
131,230
131,229
131,228
131,227
131,226
131,225
131,224
131,223
131,222
131,221
131,220
131,219
131,218
131,217
131,216
131,215
132,214
132,213
132,212
132,211
132,210
132,209
132,208
132,207
132,206
132,205
132,204
132,203
132,202
132,201
132,200
132,199
132,198
132,197
132,196
132,195
132,194
132,193
132,192
132,191
132,190
132,189
132,188
132,187
132,186
132,185
132,184
132,183
132,182
132,181
132,180
132,179
132,178
132,177
132,176
132,175
132,174
131,173
131,172
131,171
131,170
131,169
131,168
131,167
131,166
131,165
131,164
131,163
131,162
131,161
131,160
131,159
131,158
131,157
131,156
131,155
131,154
132,153
132,152
132,151
132,150
132,149
132,148
132,147
132,146
132,145
132,144
132,143
133,142
133,141
133,140
133,139
133,138
133,137
133,136
133,135
134,134
134,133
134,132
134,131
134,130
134,129
135,128
135,127
135,126
135,125
136,124
136,123
136,122
136,121
137,120
137,119
137,118
137,117
138,116
138,115
138,114
138,113
139,112
139,111
139,110
139,109
140,108
140,107
140,106
140,105
140,104
141,103
141,102
141,101
141,100
142,99
142,98
142,97
142,96
142,95
143,94
143,93
143,92
143,91
143,90
144,89
144,88
144,87
144,86
144,85
145,84
145,83
145,82
145,81
145,80
146,79
146,78
146,77
146,76
146,75
147,74
147,73
147,72
147,71
147,70
147,69
148,68
148,67
148,66
148,65
148,64
148,63
149,62
149,61
149,60
149,59
149,58
149,57
149,56
149,55
149,54
149,53
149,52
149,51
149,50
149,49
149,48
150,47
150,46
150,45
150,44
150,43
150,42
