62,64
63,65
64,66
65,67
66,68
66,69
67,70
68,71
69,72
70,73
71,74
72,75
73,76
74,77
74,78
75,79
76,80
77,81
78,82
78,83
79,84
80,85
81,86
82,87
83,88
83,89
84,90
85,91
86,92
86,93
87,94
88,95
88,96
89,97
90,98
90,99
91,100
92,101
93,102
94,103
95,104
95,105
96,106
97,107
98,108
99,109
99,110
100,111
101,112
102,113
103,114
103,115
104,116
105,117
106,118
107,119
107,120
108,121
108,122
109,123
110,124
110,125
111,126
112,127
113,128
113,129
114,130
114,131
115,132
116,133
116,134
117,135
117,136
118,137
118,138
119,139
119,140
120,141
120,142
121,143
122,144
122,145
123,146
123,147
124,148
124,149
125,150
125,151
126,152
127,153
127,154
128,155
128,156
129,157
129,158
130,159
130,160
130,161
131,162
131,163
132,164
132,165
132,166
133,167
133,168
133,169
134,170
134,171
135,172
135,173
136,174
136,175
137,176
137,177
137,178
138,179
138,180
139,181
139,182
140,183
140,184
141,185
141,186
142,187
142,188
143,189
143,190
143,191
144,192
144,193
145,194
145,195
145,196
146,197
147,198
147,199
148,200
148,201
149,202
149,203
149,204
150,205
150,206
150,207
151,208
151,209
151,210
152,211
152,212
153,213
153,214
154,215
154,216
155,217
155,218
155,219
156,220
156,221
156,222
157,223
157,224
158,225
158,226
158,227
159,228
159,229
160,230
160,231
161,232
161,233
161,234
162,235
162,236
163,237
163,238
163,239
164,240
164,241
165,242
165,243
165,244
166,245
166,246
166,247
166,248
167,249
167,250
168,251
168,252
169,253
169,254
170,255
170,256
170,257
171,258
171,259
171,260
172,261
172,262
172,263
173,264
173,265
174,266
174,267
174,268
175,269
175,270
176,271
176,272
176,273
177,274
177,275
177,276
178,277
178,278
178,279
178,280
179,281
179,282
179,283
180,284
180,285
180,286
181,287
181,288
181,289
182,290
182,291
183,292
183,293
183,294
184,295
184,296
184,297
184,298
185,299
185,300
185,301
185,302
186,303
186,304
186,305
186,306
187,307
187,308
187,309
187,310
188,311
188,312
188,313
189,314
189,315
189,316
190,317
190,318
190,319
191,320
191,321
192,322
192,323
192,324
193,325
193,326
194,327
194,328
195,329
195,330
196,331
196,332
196,333
197,334
197,335
198,336
198,337
198,338
199,339
199,340
199,341
200,342
200,343
200,344
201,345
201,346
202,347
202,348
202,349
203,350
203,351
203,352
204,353
204,354
204,355
205,356
205,357
205,358
205,359
206,360
206,361
206,362
206,363
206,364
207,365
207,366
207,367
208,368
208,369
208,370
208,371
209,372
209,373
209,374
209,375
209,376
210,377
210,378
211,379
211,380
211,381
212,382
212,383
212,384
213,385
213,386
213,387
213,388
214,389
214,390
214,391
215,392
215,393
215,394
216,395
216,396
216,397
217,398
217,399
218,400
218,401
218,402
219,403
219,404
219,405
219,406
220,407
220,408
220,409
221,410
221,411
221,412
222,413
222,414
223,415
223,416
224,417
224,418
224,419
225,420
225,421
226,422
226,423
226,424
226,425
226,426
227,427
227,428
227,429
228,430
228,431
228,432
229,433
229,434
229,435
230,436
230,437
230,438
231,439
231,440
231,441
232,442
232,443
233,444
233,445
233,446
234,447
234,448
234,449
235,450
235,451
235,452
235,453
235,454
236,455
236,456
236,457
236,458
237,459
237,460
237,461
238,462
238,463
238,464
239,465
239,466
239,467
240,468
240,469
240,470
241,471
241,472
241,473
242,474
