48,675
49,674
50,673
50,672
51,671
52,670
52,669
53,668
54,667
55,666
55,665
56,664
57,663
57,662
58,661
58,660
59,659
60,658
60,657
61,656
62,655
63,654
64,653
64,652
65,651
66,650
66,649
67,648
68,647
68,646
69,645
70,644
70,643
71,642
72,641
73,640
73,639
74,638
75,637
76,636
77,635
77,634
78,633
79,632
80,631
81,630
82,629
82,628
83,627
84,626
85,625
86,624
87,623
88,622
89,621
90,620
90,619
91,618
92,617
93,616
94,615
95,614
96,613
97,612
97,611
98,610
99,609
100,608
101,607
102,606
103,605
104,604
105,603
106,602
106,601
107,600
108,599
109,598
110,597
111,596
112,595
113,594
114,593
115,592
115,591
116,590
117,589
118,588
118,587
119,586
120,585
121,584
122,583
122,582
123,581
124,580
125,579
126,578
126,577
127,576
128,575
129,574
130,573
131,572
132,571
132,570
133,569
134,568
135,567
136,566
137,565
138,564
139,563
140,562
140,561
141,560
142,559
143,558
144,557
145,556
146,555
147,554
148,553
149,552
150,551
151,550
151,549
152,548
153,547
153,546
154,545
155,544
156,543
156,542
157,541
158,540
159,539
159,538
160,537
160,536
161,535
161,534
162,533
162,532
163,531
163,530
164,529
164,528
165,527
165,526
166,525
166,524
167,523
167,522
168,521
168,520
169,519
169,518
169,517
170,516
170,515
171,514
171,513
171,512
172,511
172,510
173,509
173,508
173,507
174,506
174,505
175,504
175,503
175,502
176,501
176,500
177,499
177,498
178,497
178,496
178,495
179,494
179,493
179,492
180,491
180,490
181,489
181,488
181,487
181,486
181,485
182,484
182,483
183,482
183,481
184,480
184,479
185,478
185,477
186,476
186,475
187,474
187,473
188,472
189,471
189,470
190,469
190,468
191,467
191,466
192,465
193,464
193,463
194,462
194,461
195,460
195,459
196,458
196,457
197,456
197,455
198,454
198,453
199,452
199,451
199,450
200,449
200,448
201,447
201,446
201,445
202,444
202,443
203,442
203,441
203,440
204,439
204,438
205,437
205,436
206,435
206,434
207,433
207,432
208,431
208,430
209,429
209,428
209,427
208,426
209,425
209,424
209,423
209,422
209,421
209,420
209,419
210,418
210,417
210,416
210,415
210,414
210,413
211,412
211,411
211,410
211,409
211,408
211,407
211,406
211,405
211,404
211,403
212,402
212,401
212,400
212,399
212,398
212,397
212,396
212,395
212,394
212,393
212,392
212,391
212,390
212,389
212,388
212,387
212,386
212,385
213,384
213,383
213,382
213,381
213,380
214,379
214,378
214,377
215,376
215,375
216,374
216,373
217,372
217,371
217,370
218,369
218,368
219,367
219,366
220,365
220,364
221,363
221,362
222,361
223,360
223,359
224,358
224,357
225,356
226,355
226,354
227,353
227,352
228,351
228,350
229,349
229,348
230,347
231,346
231,345
232,344
232,343
233,342
233,341
233,340
234,339
234,338
235,337
235,336
236,335
236,334
236,333
237,332
237,331
238,330
239,329
239,328
240,327
241,326
241,325
242,324
243,323
244,322
245,321
246,320
246,319
247,318
248,317
249,316
250,315
251,314
252,313
252,312
253,311
254,310
255,309
256,308
257,307
258,306
259,305
260,304
261,303
261,302
262,301
262,300
263,299
264,298
264,297
265,296
265,295
266,294
267,293
267,292
268,291
268,290
269,289
269,288
270,287
270,286
271,285
272,284
272,283
273,282
273,281
274,280
274,279
275,278
275,277
276,276
276,275
276,274
277,273
277,272
278,271
278,270
278,269
279,268
279,267
279,266
279,265
280,264
280,263
280,262
281,261
281,260
281,259
282,258
282,257
282,256
283,255
283,254
283,253
284,252
284,251
285,250
285,249
285,248
286,247
286,246
286,245
287,244
287,243
287,242
288,241
288,240
289,239
289,238
290,237
290,236
290,235
291,234
291,233
292,232
292,231
292,230
293,229
293,228
294,227
294,226
294,225
295,224
295,223
296,222
296,221
297,220
297,219
297,218
298,217
298,216
299,215
299,214
299,213
300,212
300,211
300,210
301,209
301,208
301,207
302,206
302,205
303,204
303,203
303,202
304,201
304,200
305,199
305,198
306,197
306,196
307,195
308,194
308,193
309,192
309,191
310,190
310,189
311,188
312,187
312,186
313,185
313,184
314,183
314,182
314,181
315,180
315,179
315,178
315,177
316,176
316,175
316,174
316,173
316,172
316,171
316,170
316,169
316,168
316,167
316,166
316,165
316,164
316,163
315,162
315,161
315,160
315,159
315,158
314,157
314,156
314,155
313,154
313,153
312,152
312,151
311,150
311,149
310,148
310,147
309,146
309,145
308,144
307,143
306,142
305,141
305,140
304,139
303,138
302,137
301,136
300,135
300,134
299,133
298,132
297,131
296,130
295,129
294,128
293,127
292,126
291,125
290,125
289,124
288,123
287,122
286,122
285,121
284,120
283,119
282,119
281,118
280,117
279,116
278,116
277,115
276,114
275,113
274,112
273,112
272,111
271,110
270,109
269,108
268,107
267,106
267,105
266,104
265,103
264,102
263,101
262,100
261,99
261,98
260,97
259,96
258,95
258,94
257,93
256,92
256,91
255,90
255,89
254,88
254,87
254,86
253,85
253,84
253,83
253,82
253,81
253,80
253,79
252,78
252,77
252,76
252,75
252,74
252,73
252,72
252,71
252,70
252,69
252,68
252,67
252,66
252,65
252,64
252,63
252,62
252,61
252,60
252,59
252,58
252,57
251,56
251,55
251,54
251,53
251,52
251,51
251,50
251,49
251,48
250,47
250,46
250,45
