53,214
54,213
55,213
56,212
57,211
58,210
59,210
60,209
61,208
62,207
63,207
64,206
65,205
66,205
67,204
68,203
69,202
70,202
71,201
72,201
73,200
74,200
75,199
76,198
77,198
78,197
79,197
80,197
81,196
82,196
83,195
84,195
85,194
86,194
87,194
88,193
89,193
90,192
91,192
92,191
93,191
94,190
95,190
96,189
97,189
98,188
99,188
100,187
101,187
102,186
103,186
104,185
105,185
106,184
107,184
108,184
109,184
110,183
111,183
112,182
113,182
114,182
115,182
116,182
117,182
118,182
119,182
120,181
121,181
122,181
123,181
124,180
125,180
126,180
127,180
128,180
129,180
130,180
131,180
132,179
133,179
134,179
135,179
136,179
137,179
138,179
139,179
140,178
141,178
142,178
143,178
144,178
145,178
146,178
147,178
148,177
149,177
150,177
151,177
152,177
153,177
154,177
155,177
156,176
157,176
158,176
159,176
160,176
161,176
162,176
163,176
164,176
165,176
166,176
167,176
168,176
169,176
170,176
171,176
172,176
173,176
174,176
175,176
176,176
177,176
178,175
179,175
180,175
181,175
182,175
183,175
184,174
185,174
186,174
187,174
188,174
189,173
190,173
191,173
192,173
193,173
194,173
195,173
196,172
197,172
198,172
199,171
200,171
201,171
202,170
203,170
204,170
205,169
206,169
207,169
208,168
209,168
210,167
211,167
212,167
213,166
214,166
215,165
216,165
217,165
218,164
219,164
220,163
221,163
222,162
223,162
224,161
225,161
226,161
227,160
228,160
229,159
230,159
231,158
232,158
233,157
234,157
235,157
236,156
237,156
238,155
239,155
240,154
241,154
242,153
243,153
244,152
245,152
246,152
247,151
248,151
249,151
250,150
251,150
252,149
253,149
254,149
255,148
256,148
257,147
258,147
259,146
260,146
261,145
262,145
263,144
264,144
265,143
266,142
267,141
268,140
269,140
270,139
271,138
272,138
273,137
274,136
275,135
276,134
277,133
278,132
279,131
280,130
281,129
282,128
283,127
284,126
285,125
286,125
287,124
288,123
289,122
290,121
291,120
292,119
293,118
294,117
295,116
296,115
297,114
298,114
299,113
300,112
301,111
302,110
302,109
303,108
304,107
305,106
306,105
307,104
308,103
309,102
310,101
311,100
312,99
313,98
314,97
314,96
315,95
316,94
317,93
318,92
319,91
320,90
320,89
321,88
322,87
323,86
324,85
325,85
326,85
327,85
328,84
329,84
330,83
331,82
332,82
333,82
334,82
335,81
336,81
337,80
338,80
339,80
340,79
341,79
342,79
343,78
344,78
345,78
346,78
347,77
348,77
349,77
350,77
351,77
352,76
353,76
354,76
355,76
356,76
357,76
358,76
359,76
360,75
361,75
362,75
363,75
364,75
365,75
366,75
367,75
368,75
369,75
370,75
371,75
372,75
373,75
374,75
375,75
376,75
377,74
378,74
379,74
380,74
381,74
382,74
383,74
384,73
385,73
386,73
387,73
388,73
389,73
390,72
391,72
392,72
393,72
394,71
395,71
396,71
397,71
398,70
399,70
400,70
401,69
402,69
403,68
404,68
405,68
406,68
407,67
408,67
409,68
410,67
411,67
412,67
413,67
414,67
415,67
416,66
417,66
418,66
419,66
420,66
421,66
422,66
423,66
424,65
425,65
426,65
427,65
428,65
429,65
430,64
431,64
432,64
433,64
434,64
435,64
436,64
437,64
438,64
439,63
440,63
441,63
442,63
443,63
444,63
445,63
446,62
447,62
448,62
449,62
450,62
451,63
452,62
453,62
454,62
455,62
456,61
457,61
458,60
459,60
460,60
461,60
462,60
463,59
464,59
465,59
466,59
467,59
468,59
469,59
470,58
471,58
472,58
473,58
474,58
475,58
476,58
477,58
478,58
479,58
480,58
481,58
482,58
483,58
484,58
485,58
486,58
487,58
488,58
489,58
490,58
491,58
492,58
493,58
494,57
495,57
496,57
497,57
498,57
499,57
500,57
501,56
502,56
503,56
504,56
505,56
506,56
507,56
508,55
509,55
510,55
511,55
512,55
513,55
514,54
515,54
516,54
517,54
518,54
519,54
520,54
521,54
522,54
523,54
524,54
525,54
526,54
527,54
528,54
529,54
530,53
531,53
532,53
533,53
534,53
535,53
536,53
537,53
538,52
539,52
540,52
541,52
542,51
543,51
544,51
545,51
546,51
547,51
548,51
549,51
550,50
551,50
552,50
553,50
554,50
555,50
556,50
557,50
558,50
559,50
560,49
561,49
562,49
563,49
564,49
565,49
566,49
567,49
