52,278
53,277
54,276
55,275
56,274
57,273
57,272
58,271
59,270
60,269
61,268
62,267
63,266
64,266
65,265
66,264
67,264
68,263
69,263
70,263
71,262
72,262
73,261
74,260
75,260
76,260
77,259
78,259
79,258
80,258
81,257
82,257
83,256
84,256
85,255
86,255
87,254
88,254
89,254
90,253
91,253
92,253
93,253
94,252
95,252
96,252
97,252
98,252
99,251
100,251
101,251
102,250
103,250
104,250
105,250
106,249
107,249
108,249
109,249
110,249
111,248
112,248
113,248
114,248
115,247
116,247
117,247
118,247
119,247
120,246
121,246
122,246
123,246
124,246
125,245
126,245
127,245
128,245
129,244
130,244
131,243
132,243
133,242
134,242
135,242
136,241
137,241
138,241
139,241
140,240
141,240
142,240
143,239
144,239
145,239
146,238
147,238
148,238
149,237
150,237
151,237
152,237
153,236
154,236
155,236
156,235
157,235
158,235
159,234
160,233
161,233
162,232
163,231
164,230
165,229
166,228
167,228
168,227
169,226
170,225
171,224
172,223
173,222
174,221
174,220
175,219
176,218
177,217
178,216
179,215
180,214
181,213
182,212
183,211
184,210
185,209
185,208
186,207
187,207
188,206
189,205
189,204
190,203
191,202
192,202
193,201
194,200
195,199
196,198
197,197
198,196
199,195
200,195
201,194
201,193
202,192
203,191
204,191
205,190
206,189
206,188
207,187
208,186
209,186
210,185
211,184
212,183
212,182
213,181
214,180
215,179
216,178
217,177
218,177
219,176
220,175
221,174
222,173
223,172
224,171
225,170
226,169
227,168
228,168
229,167
230,166
231,166
232,165
233,164
234,163
235,162
236,161
237,160
238,159
239,158
240,158
241,157
242,156
243,155
244,155
245,154
246,154
247,153
248,152
249,152
250,151
251,151
252,150
253,150
254,149
255,149
256,148
257,148
258,147
259,147
260,146
261,146
262,146
263,145
264,145
265,144
266,144
267,143
268,143
269,142
270,142
271,141
272,141
273,140
274,140
275,139
276,139
277,139
278,138
279,138
280,137
281,137
282,137
283,136
284,136
285,136
286,135
287,135
288,135
289,134
290,134
291,133
292,133
293,133
294,133
295,132
296,132
297,132
298,131
299,131
300,131
301,131
302,130
303,130
304,130
305,130
306,129
307,129
308,129
309,128
310,128
311,128
312,128
313,128
314,128
315,128
316,127
317,127
318,127
319,127
320,127
321,126
322,126
323,126
324,126
325,126
326,126
327,126
328,125
329,125
330,125
331,125
332,125
333,125
334,125
335,125
336,124
337,124
338,124
339,124
340,124
341,124
342,124
343,124
344,124
345,123
346,123
347,123
348,123
349,123
350,123
351,122
352,122
353,122
354,122
355,122
356,122
357,122
358,122
359,122
360,122
361,121
362,121
363,121
364,121
365,121
366,121
367,121
368,120
369,120
370,120
371,120
372,120
373,120
374,120
375,120
376,120
377,120
378,120
379,120
380,120
381,120
382,119
383,119
384,119
385,119
386,119
387,119
388,119
389,119
390,119
391,118
392,118
393,118
394,118
395,118
396,118
397,118
398,118
399,118
400,118
401,117
402,117
403,116
404,115
405,115
406,115
407,114
408,113
409,113
410,112
411,112
412,111
413,110
414,110
415,110
416,109
417,108
418,108
419,107
420,107
421,106
422,106
423,105
424,105
425,104
426,103
427,103
428,102
429,102
430,101
431,100
432,99
433,98
434,97
435,96
436,96
437,95
438,94
439,93
440,92
441,91
442,91
443,90
444,89
445,88
446,87
447,86
448,85
449,84
450,83
451,82
452,81
453,80
454,80
455,79
456,78
457,77
458,76
459,75
460,75
461,74
462,73
463,72
464,71
465,70
466,69
467,69
468,68
469,67
470,66
471,65
472,65
473,64
474,63
475,62
476,61
477,60
478,60
479,59
480,58
481,57
482,56
483,55
484,54
485,54
486,53
487,52
488,51
489,50
490,49
491,48
