47,51
48,52
48,53
48,54
49,55
49,56
49,57
50,58
50,59
51,60
51,61
51,62
51,63
51,64
52,65
52,66
52,67
53,68
53,69
53,70
53,71
53,72
54,73
54,74
54,75
55,76
55,77
56,78
57,79
57,80
58,81
58,82
59,83
60,84
61,85
61,86
62,87
63,88
64,89
65,90
66,91
67,92
68,93
69,94
70,95
71,96
71,97
72,98
73,99
74,100
75,101
76,102
77,103
77,104
78,105
79,106
80,107
81,108
82,109
83,110
84,111
85,112
86,113
87,114
88,114
89,115
90,116
91,116
92,117
93,117
94,117
95,118
96,118
97,118
98,119
99,119
100,119
101,120
102,120
103,120
104,120
105,121
106,121
107,121
108,121
109,122
110,122
111,122
112,123
113,123
114,123
115,123
116,123
117,123
118,123
119,124
120,124
121,124
122,124
123,124
124,125
125,125
126,125
127,126
128,126
129,126
130,127
131,127
132,127
133,128
134,129
135,129
136,130
137,130
138,131
139,132
140,132
141,133
142,134
142,135
143,136
144,137
145,138
146,139
147,140
148,141
148,142
149,143
150,144
151,145
151,146
152,147
153,148
154,149
155,150
156,151
157,152
158,153
159,154
160,154
161,155
162,156
163,157
164,158
165,159
166,160
167,161
168,162
169,163
170,163
171,164
172,165
173,166
174,166
175,167
176,167
177,168
178,168
179,169
180,169
181,170
182,170
183,170
184,170
185,170
186,170
187,170
188,170
189,170
190,170
191,170
192,170
193,170
194,170
195,170
196,170
197,170
198,170
199,169
200,169
201,169
202,169
203,169
204,168
205,168
206,168
207,168
208,168
209,168
210,168
211,167
212,167
213,167
214,167
215,167
216,167
217,167
218,167
219,167
220,167
221,167
222,167
223,167
224,167
225,167
226,168
227,168
228,168
229,168
230,168
231,168
232,169
233,169
234,169
235,169
236,169
237,169
238,169
239,169
240,169
241,169
242,169
243,169
244,169
245,169
246,169
247,169
248,169
249,169
250,169
251,169
252,169
253,169
254,169
255,170
256,170
257,170
258,170
259,170
260,170
261,170
262,170
263,171
264,171
265,171
266,171
267,171
268,171
269,171
270,171
271,171
272,171
273,171
274,172
275,172
276,172
277,172
278,172
279,172
280,172
281,172
282,172
283,172
284,172
285,172
286,171
287,171
288,171
289,171
290,171
291,171
292,171
293,170
294,170
295,170
296,170
297,170
298,170
299,169
300,169
301,169
302,169
303,169
304,169
305,168
306,168
307,168
308,168
309,168
310,168
311,167
312,167
313,167
314,167
315,167
316,167
317,167
318,166
319,166
320,166
321,166
322,166
323,166
324,166
325,166
326,166
327,166
328,165
329,165
330,165
331,165
332,165
333,165
334,165
335,164
336,164
337,164
338,164
339,164
340,164
341,163
342,163
343,163
344,163
345,163
346,162
347,162
348,162
349,162
350,162
351,162
352,163
353,163
354,163
355,163
356,164
357,164
358,164
359,164
360,164
361,165
362,165
363,165
364,165
365,166
366,166
367,167
368,167
369,167
370,168
371,168
372,169
373,169
374,169
375,170
376,170
377,170
378,171
379,171
380,172
381,172
382,173
383,173
384,173
385,173
386,173
387,174
388,174
389,174
390,174
391,175
392,175
393,175
394,176
395,176
396,176
397,176
398,177
399,177
400,177
401,178
402,178
403,179
404,179
405,179
406,179
407,180
408,180
409,181
410,181
411,182
412,182
413,182
414,183
415,183
416,184
417,184
418,185
419,185
420,186
421,186
422,187
423,187
424,188
425,188
426,189
427,189
428,190
429,190
430,191
431,191
432,192
433,192
434,193
435,193
436,193
437,194
438,194
439,195
440,195
441,196
442,196
443,196
444,197
445,197
446,197
447,198
448,198
449,198
450,199
451,199
452,199
453,199
454,199
455,200
456,200
457,200
458,200
459,201
460,201
461,201
462,201
463,202
464,202
465,202
466,203
467,203
468,203
469,203
470,204
471,204
472,204
473,204
474,204
475,205
476,205
477,205
478,206
479,206
480,206
481,207
482,207
483,207
484,208
485,208
486,208
487,208
488,209
489,209
490,209
491,210
492,210
493,210
494,210
495,211
496,211
497,211
498,211
499,212
500,212
501,212
502,212
503,212
504,213
505,213
506,213
507,213
508,213
509,213
510,214
511,214
512,214
513,214
514,214
515,214
516,215
517,215
518,215
519,215
520,215
521,216
522,216
523,216
524,216
525,216
526,217
527,217
528,217
529,217
530,217
531,218
532,218
533,218
534,218
535,218
536,219
537,219
538,219
539,219
540,219
541,219
542,219
543,220
544,220
545,221
546,221
547,221
548,221
549,222
550,222
551,222
552,223
553,223
554,223
555,224
556,224
557,225
558,225
559,225
560,225
561,226
562,226
563,226
564,227
565,227
566,228
567,228
568,229
569,229
570,230
571,231
572,231
573,232
574,233
575,233
576,234
577,235
578,235
579,236
580,237
581,238
582,239
583,240
584,241
585,242
586,243
587,244
588,245
589,246
590,247
591,248
592,249
593,250
594,251
595,252
