56,427
57,426
58,425
59,424
60,423
61,422
62,421
63,420
64,419
65,418
66,417
67,416
68,415
68,414
69,413
70,412
71,411
72,410
73,409
74,408
75,407
76,406
77,405
78,404
79,403
80,402
81,401
82,400
83,399
84,398
85,397
86,396
87,395
88,394
89,393
90,392
91,391
92,390
93,389
94,388
95,387
95,386
96,385
97,384
98,383
99,382
99,381
100,380
101,379
102,378
103,377
103,376
104,375
105,374
106,373
106,372
107,371
108,370
109,369
109,368
110,367
111,366
111,365
112,364
113,363
113,362
114,361
115,360
115,359
116,358
116,357
117,356
118,355
118,354
119,353
120,352
120,351
121,350
121,349
122,348
123,347
123,346
124,345
124,344
125,343
125,342
126,341
126,340
127,339
127,338
128,337
128,336
129,335
130,334
130,333
131,332
131,331
132,330
132,329
133,328
134,327
134,326
135,325
135,324
136,323
136,322
137,321
137,320
138,319
138,318
139,317
139,316
140,315
140,314
141,313
141,312
142,311
142,310
143,309
143,308
144,307
144,306
144,305
145,304
146,303
146,302
147,301
147,300
148,299
148,298
149,297
150,296
150,295
151,294
151,293
152,292
153,291
153,290
154,289
154,288
155,287
156,286
156,285
157,284
157,283
158,282
158,281
159,280
159,279
160,278
160,277
161,276
162,275
162,274
163,273
163,272
164,271
164,270
165,269
165,268
166,267
167,266
167,265
168,264
168,263
169,262
170,261
170,260
171,259
171,258
172,257
173,256
173,255
174,254
175,253
175,252
176,251
176,250
177,249
177,248
178,247
179,246
179,245
180,244
181,243
181,242
182,241
183,240
183,239
184,238
184,237
185,236
186,235
186,234
187,233
187,232
188,231
188,230
189,229
189,228
190,227
191,226
191,225
192,224
192,223
193,222
194,221
194,220
195,219
195,218
196,217
196,216
197,215
198,214
198,213
199,212
199,211
200,210
200,209
200,208
201,207
201,206
202,205
202,204
203,203
203,202
203,201
204,200
204,199
205,198
205,197
205,196
206,195
206,194
207,193
207,192
208,191
208,190
209,189
209,188
209,187
210,186
210,185
211,184
211,183
212,182
212,181
212,180
213,179
213,178
213,177
213,176
214,175
214,174
214,173
215,172
215,171
215,170
216,169
216,168
217,167
217,166
218,165
218,164
218,163
218,162
219,161
220,160
220,159
220,158
220,157
219,156
220,155
220,154
221,153
221,152
221,151
222,150
222,149
223,148
223,147
223,146
224,145
224,144
224,143
225,142
225,141
225,140
226,139
226,138
226,137
227,136
227,135
227,134
227,133
228,132
228,131
228,130
228,129
229,128
229,127
230,126
230,125
230,124
230,123
230,122
231,121
231,120
232,119
232,118
233,117
233,116
233,115
234,114
234,113
235,112
235,111
235,110
236,109
236,108
236,107
237,106
238,105
239,104
238,103
238,102
239,101
239,100
239,99
240,98
240,97
240,96
240,95
241,94
241,93
241,92
242,91
242,90
242,89
243,88
243,87
243,86
244,85
244,84
244,83
245,82
245,81
245,80
246,79
246,78
246,77
247,76
247,75
247,74
248,73
248,72
249,71
249,70
249,69
250,68
250,67
250,66
251,65
251,64
252,63
252,62
252,61
253,60
253,59
253,58
254,57
254,56
255,55
255,54
