49,50
50,51
51,52
52,53
53,54
54,55
55,56
56,57
57,58
58,59
59,60
59,61
60,62
61,63
62,64
62,65
63,66
64,67
65,68
66,69
66,70
67,71
68,72
69,73
70,74
71,75
72,76
72,77
73,78
74,79
75,80
76,81
77,82
78,83
79,84
80,85
81,86
82,87
83,88
84,89
85,90
86,91
87,92
88,93
89,94
90,95
91,96
92,96
93,97
94,98
95,99
96,100
97,101
98,101
99,102
100,103
101,104
102,105
103,106
104,107
105,108
106,109
107,110
108,111
109,112
110,113
111,114
112,115
113,116
114,117
115,118
116,119
116,120
117,121
118,122
119,123
120,124
121,125
122,126
123,127
124,128
125,129
126,130
127,131
128,132
129,133
130,134
131,135
132,136
133,137
134,138
135,139
136,140
137,141
138,142
139,143
140,144
141,145
142,145
143,146
144,147
145,148
146,149
147,150
148,151
149,152
150,153
151,154
152,155
153,155
154,156
155,157
156,158
157,158
158,159
159,160
160,160
161,161
162,162
163,163
164,163
165,164
166,165
167,165
168,166
169,167
170,167
171,168
172,169
173,169
174,170
175,171
176,171
177,172
178,173
179,173
180,174
181,175
182,176
183,176
184,177
185,178
186,178
187,179
188,180
189,181
190,181
191,182
192,183
193,184
194,184
195,185
196,186
197,187
198,188
199,189
200,190
201,190
202,191
203,192
204,193
205,194
206,194
207,195
208,196
209,197
210,198
211,198
212,199
213,200
214,201
215,202
216,202
217,203
218,204
219,205
220,206
221,206
222,207
223,208
224,209
225,209
226,210
227,211
228,212
229,213
230,213
231,214
232,215
233,216
234,217
235,218
236,218
237,219
238,220
239,221
240,222
241,223
242,223
243,224
244,225
245,226
246,227
247,228
248,229
249,230
250,230
251,231
252,232
253,233
254,234
255,235
256,236
257,236
258,237
259,238
260,239
261,239
262,240
263,241
264,242
265,242
266,243
267,244
268,245
269,246
270,247
271,247
272,248
273,248
274,249
275,250
276,250
277,251
278,251
279,252
280,253
281,253
282,254
283,255
284,255
285,256
286,257
287,257
288,258
289,259
290,259
291,260
292,261
293,262
294,263
295,264
296,265
297,265
298,266
299,267
300,268
301,268
302,269
