47,265
48,265
49,264
50,264
51,264
52,264
53,264
54,263
55,263
56,263
57,263
58,263
59,263
60,262
61,262
62,262
63,262
64,262
65,262
66,262
67,262
68,261
69,261
70,261
71,261
72,261
73,261
74,261
75,261
76,260
77,260
78,260
79,260
80,260
81,260
82,259
83,259
84,259
85,259
86,258
87,258
88,258
89,258
90,257
91,257
92,257
93,257
94,256
95,256
96,256
97,256
98,255
99,255
100,255
101,255
102,255
103,254
104,254
105,254
106,254
107,254
108,253
109,253
110,253
111,253
112,253
113,253
114,252
115,252
116,252
117,252
118,252
119,252
120,252
121,251
122,251
123,251
124,251
125,251
126,251
127,251
128,251
129,250
130,250
131,250
132,250
133,250
134,250
135,250
136,249
137,249
138,249
139,249
140,249
141,249
142,249
143,249
144,249
145,249
146,249
147,249
148,248
149,248
150,248
151,248
152,248
153,248
154,248
155,248
156,248
157,247
158,247
159,247
160,247
161,246
162,246
163,246
164,246
165,245
166,245
167,245
168,245
169,244
170,244
171,244
172,243
173,243
174,242
175,242
176,242
177,241
178,241
179,241
180,240
181,240
182,240
183,239
184,239
185,239
186,238
187,238
188,238
189,238
190,237
191,237
192,237
193,236
194,236
195,236
196,236
197,236
198,235
199,235
200,235
201,235
202,234
203,234
204,234
205,234
206,233
207,233
208,233
209,233
210,232
211,232
212,232
213,231
214,231
215,230
216,230
217,229
218,229
219,228
220,228
221,228
222,227
223,227
224,226
225,226
226,226
227,225
228,225
229,225
230,224
231,224
232,223
233,223
234,222
235,222
236,221
237,221
238,220
239,220
240,219
241,219
242,219
243,218
244,218
245,217
246,217
247,216
248,216
249,215
250,214
251,214
252,213
253,212
254,212
255,211
256,210
257,210
258,209
259,208
260,208
261,207
262,206
263,206
264,205
265,204
266,203
267,202
268,202
269,201
270,200
271,199
272,198
273,197
274,196
275,195
276,195
277,194
278,193
279,192
280,191
281,190
282,189
283,188
284,188
285,187
286,186
287,185
288,184
289,183
290,182
291,181
292,180
293,179
294,178
295,177
296,176
297,175
298,174
299,173
300,172
301,171
302,170
302,169
303,168
304,167
305,166
306,165
307,164
308,163
308,162
309,161
310,160
310,159
311,158
312,157
313,156
313,155
314,154
315,153
315,152
316,151
316,150
317,149
317,148
318,147
318,146
318,145
319,144
319,143
320,142
320,141
321,140
321,139
322,138
323,137
323,136
324,135
324,134
325,133
325,132
326,131
326,130
327,129
328,128
328,127
329,126
330,125
330,124
331,123
331,122
332,121
333,120
333,119
334,118
335,117
335,116
336,115
337,114
338,113
339,112
339,111
340,110
341,109
342,108
342,107
343,106
344,105
344,104
345,103
346,102
347,101
348,100
348,99
349,98
350,97
351,96
351,95
352,94
353,93
354,92
355,91
355,90
356,89
357,88
358,87
359,86
359,85
360,84
361,83
362,82
362,81
363,80
364,79
365,78
365,77
366,76
367,75
367,74
368,73
369,72
369,71
370,70
371,69
372,68
373,67
374,66
374,65
375,64
376,63
377,62
378,61
379,60
380,59
381,58
382,57
383,56
384,55
385,54
386,53
387,52
388,51
389,51
390,50
