56,359
57,358
58,357
59,356
59,355
60,354
61,353
62,352
62,351
63,350
64,349
65,348
65,347
66,346
67,345
68,344
69,343
69,342
70,341
71,340
71,339
72,338
73,337
74,336
75,335
75,334
76,333
77,332
78,331
79,330
79,329
80,328
81,327
82,326
82,325
83,324
84,323
85,322
85,321
86,320
87,319
88,318
88,317
89,316
90,315
91,314
92,313
92,312
93,311
94,310
95,309
95,308
96,307
97,306
98,305
98,304
99,303
100,302
101,301
102,300
103,299
103,298
104,297
105,296
106,295
107,294
107,293
108,292
109,291
110,290
111,289
112,288
113,287
114,286
115,285
116,284
117,283
118,282
119,281
120,280
120,279
121,278
121,277
122,276
123,275
124,274
124,273
125,272
125,271
126,270
126,269
127,268
127,267
128,266
129,265
130,264
131,263
131,262
132,261
133,260
133,259
134,258
134,257
135,256
136,255
136,254
137,253
137,252
138,251
139,250
139,249
140,248
141,247
141,246
142,245
142,244
143,243
144,242
144,241
145,240
145,239
146,238
147,237
147,236
148,235
148,234
149,233
149,232
150,231
150,230
151,229
151,228
152,227
152,226
153,225
153,224
154,223
154,222
155,221
155,220
156,219
156,218
157,217
158,216
159,215
159,214
160,213
161,212
161,211
162,210
163,209
164,208
165,207
165,206
166,205
167,204
168,203
169,202
169,201
170,200
171,199
172,198
173,197
174,196
175,195
176,194
177,193
178,192
179,191
180,190
181,189
182,188
183,187
184,186
185,185
186,184
187,183
188,182
189,181
190,180
191,179
192,178
192,177
193,176
194,175
195,175
196,174
197,173
198,172
199,171
200,170
201,169
202,168
203,168
204,167
205,166
206,165
207,164
208,164
209,163
210,162
211,161
212,160
213,160
214,159
215,158
216,158
217,157
218,156
219,155
220,154
221,154
222,153
223,153
224,152
225,152
226,151
227,150
228,150
229,149
230,149
231,148
232,148
233,147
234,147
235,146
236,146
237,146
238,145
239,145
240,145
241,144
242,144
243,143
244,143
245,143
246,142
247,142
248,142
249,141
250,141
251,141
252,140
253,140
254,140
255,139
256,139
257,139
258,139
259,139
260,138
261,138
262,138
263,137
264,137
265,137
266,136
267,136
268,136
269,135
270,135
271,135
272,135
273,134
274,134
275,134
276,134
277,134
278,133
279,133
280,133
281,133
282,133
283,132
284,132
285,132
286,132
287,131
288,131
289,131
290,131
291,130
292,130
293,130
294,129
295,129
296,129
297,128
298,128
299,128
300,128
301,127
302,127
303,127
304,127
305,126
306,126
307,126
308,126
309,126
310,126
311,125
312,125
313,125
314,124
315,124
316,124
317,124
318,124
319,124
320,123
321,123
322,123
323,122
324,122
325,122
326,122
327,121
328,121
329,121
330,121
331,120
332,120
333,120
334,120
335,120
336,119
337,119
338,119
339,118
340,117
341,117
342,117
343,117
344,117
345,117
346,117
347,117
348,117
349,117
350,117
351,117
352,117
353,117
354,117
355,117
356,117
357,117
358,116
359,116
360,116
361,116
362,116
363,116
364,116
365,116
366,115
367,115
368,115
369,115
370,115
371,115
372,115
373,115
374,114
375,114
376,114
377,114
378,115
379,115
380,115
381,115
382,115
383,115
384,115
385,115
386,114
387,114
388,115
389,115
390,115
391,115
392,115
393,114
394,114
395,114
396,114
397,114
398,114
399,114
400,114
401,114
402,114
403,114
404,114
405,114
406,113
407,113
408,113
409,113
410,112
411,112
412,112
413,112
414,112
415,111
416,111
417,110
418,110
419,110
420,110
421,109
422,109
423,109
424,109
425,108
426,108
427,108
428,108
429,107
430,107
431,107
432,107
433,106
434,106
435,106
436,106
437,105
438,105
439,104
440,104
441,104
442,103
443,103
444,102
445,102
446,102
447,101
448,101
449,101
450,100
451,100
452,100
453,100
454,99
455,99
456,99
457,98
458,98
459,98
460,98
461,98
462,98
463,98
464,97
465,97
466,97
467,96
468,96
469,96
470,95
471,95
472,95
473,95
474,94
475,94
476,94
477,94
478,93
479,93
480,93
481,93
482,92
483,92
484,92
485,92
486,91
487,91
488,91
489,90
490,90
491,90
492,89
493,89
494,89
495,89
496,88
497,88
498,88
499,88
500,88
501,87
502,87
503,87
504,87
505,87
506,87
507,86
508,86
509,86
510,85
511,85
512,85
513,85
514,84
515,84
516,84
517,84
518,84
519,83
520,83
521,83
522,83
523,82
524,82
525,82
526,82
527,81
528,81
529,81
530,81
531,80
532,80
533,80
534,80
535,79
536,79
537,79
538,79
539,78
540,78
541,78
542,78
543,78
544,77
545,77
546,77
547,76
548,76
549,76
550,76
551,75
552,75
553,75
554,74
555,74
556,74
557,73
558,73
559,73
560,72
561,72
562,72
563,71
564,71
565,71
566,70
567,70
568,70
569,69
570,70
571,70
572,69
573,69
574,69
575,69
576,68
577,68
578,68
579,68
580,67
581,67
582,67
583,67
584,67
585,66
586,66
587,66
588,66
589,65
590,65
591,65
592,65
593,65
594,64
595,64
596,64
597,64
598,63
599,63
600,63
601,63
602,62
603,62
604,62
605,62
606,62
607,62
608,62
609,61
610,61
611,61
612,61
613,61
614,61
615,61
616,61
617,62
618,62
619,62
620,62
621,62
622,62
623,62
624,62
625,62
626,62
627,62
628,62
629,62
630,62
631,62
632,62
633,62
634,62
635,62
636,62
637,62
638,62
639,62
640,62
641,62
642,62
643,62
644,62
645,62
646,62
647,62
648,62
649,61
650,61
651,61
652,60
653,60
654,60
655,60
656,60
657,60
658,60
659,60
660,60
661,60
662,60
663,60
664,60
665,60
666,60
667,60
668,60
669,60
670,60
671,60
672,60
673,60
674,60
675,60
676,60
677,60
678,60
679,60
680,60
681,60
682,60
683,60
684,60
685,60
686,60
687,60
688,60
689,60
690,60
691,60
692,60
693,60
694,60
695,59
696,59
697,59
698,59
699,59
700,59
701,59
702,59
703,59
704,59
705,59
706,59
707,59
708,58
709,58
710,58
711,58
712,58
