49,50
49,51
50,52
51,53
52,54
53,55
54,56
55,57
56,58
57,59
58,60
59,61
60,62
60,63
61,64
62,65
63,66
63,67
64,68
65,69
66,70
67,71
68,72
69,73
70,74
71,75
72,76
73,77
74,78
75,79
76,80
77,81
78,81
79,82
80,83
81,84
82,85
83,86
84,87
85,88
86,89
87,90
88,91
89,92
90,93
91,94
92,95
93,96
94,97
95,98
95,99
96,100
97,101
97,102
98,103
99,104
100,105
100,106
101,107
101,108
101,109
102,110
103,111
103,112
104,113
104,114
104,115
104,116
105,117
105,118
105,119
106,120
106,121
106,122
107,123
107,124
107,125
108,126
108,127
108,128
108,129
108,130
109,131
109,132
109,133
109,134
110,135
110,136
110,137
110,138
110,139
110,140
110,141
110,142
110,143
110,144
110,145
110,146
110,147
110,148
110,149
110,150
109,151
109,152
109,153
109,154
109,155
109,156
109,157
109,158
109,159
109,160
109,161
109,162
109,163
109,164
109,165
109,166
109,167
109,168
109,169
109,170
109,171
109,172
109,173
109,174
109,175
110,176
110,177
110,178
110,179
110,180
110,181
111,182
111,183
111,184
111,185
111,186
111,187
112,188
112,189
112,190
112,191
113,192
113,193
113,194
113,195
113,196
114,197
114,198
114,199
114,200
115,201
115,202
115,203
115,204
116,205
116,206
116,207
116,208
117,209
117,210
117,211
117,212
117,213
118,214
118,215
118,216
118,217
118,218
119,219
119,220
119,221
119,222
119,223
119,224
120,225
120,226
120,227
120,228
120,229
121,230
121,231
121,232
121,233
122,234
122,235
122,236
122,237
122,238
122,239
123,240
123,241
123,242
123,243
123,244
124,245
124,246
124,247
124,248
124,249
124,250
125,251
125,252
125,253
126,254
126,255
126,256
127,257
127,258
127,259
127,260
128,261
128,262
128,263
128,264
129,265
129,266
130,267
