44,346
45,346
46,346
47,346
48,346
49,346
50,346
51,345
52,345
53,345
54,345
55,344
56,344
57,344
58,343
59,343
60,343
61,343
62,343
63,342
64,342
65,342
66,342
67,342
68,341
69,340
70,339
71,339
72,338
73,337
74,336
75,335
76,335
77,334
78,334
79,333
80,332
81,332
82,331
83,330
84,329
85,329
86,328
87,327
88,326
89,326
90,325
91,324
92,324
93,323
94,322
95,321
96,320
97,320
98,319
99,318
100,317
101,317
102,316
103,315
104,314
105,313
106,312
107,311
108,310
109,309
110,308
111,307
112,306
113,305
114,304
115,304
116,303
117,302
118,301
119,300
120,299
121,298
122,297
123,296
124,295
125,294
126,293
127,292
128,291
129,290
130,289
131,288
132,287
133,286
134,285
135,284
136,283
137,282
138,281
138,280
139,279
140,278
141,277
142,276
143,275
143,274
144,273
145,272
146,271
146,270
147,269
148,268
148,267
149,266
149,265
150,264
150,263
151,262
152,261
152,260
153,259
153,258
154,257
154,256
155,255
155,254
156,253
156,252
157,251
157,250
157,249
158,248
158,247
158,246
159,245
159,244
159,243
160,242
160,241
161,240
161,239
162,238
162,237
163,236
163,235
164,234
164,233
164,232
165,231
165,230
165,229
166,228
166,227
167,226
167,225
168,224
168,223
169,222
169,221
170,220
170,219
171,218
171,217
172,216
172,215
172,214
172,213
173,212
173,211
174,210
174,209
174,208
175,207
175,206
176,205
176,204
177,203
177,202
177,201
178,200
178,199
179,198
179,197
180,196
180,195
181,194
181,193
182,192
183,191
183,190
184,189
184,188
185,187
186,186
186,185
187,184
188,183
188,182
189,181
190,180
191,179
192,178
192,177
193,176
194,175
194,174
195,173
196,172
197,171
198,170
198,169
199,168
200,167
201,166
202,165
202,164
203,163
204,162
205,161
205,160
206,159
207,158
208,157
208,156
209,155
210,154
211,153
211,152
212,151
213,150
214,149
215,148
216,147
217,146
218,145
219,144
220,143
221,142
222,141
223,140
224,139
225,138
226,137
227,136
228,135
229,134
230,133
231,132
232,131
233,131
234,130
235,129
236,128
237,127
238,127
239,126
240,125
241,124
242,124
243,123
244,122
245,122
246,121
247,120
248,119
249,118
250,118
251,117
252,116
253,116
254,115
255,115
256,114
257,113
258,113
259,112
260,112
261,112
262,111
263,111
264,110
265,110
266,109
267,109
268,108
269,108
270,107
271,107
272,107
273,106
274,106
275,105
276,105
277,105
278,104
279,104
280,104
281,103
282,103
283,103
284,102
285,102
286,102
287,102
288,101
289,101
290,101
291,101
292,101
293,100
294,100
295,100
296,100
297,100
298,99
299,99
300,99
301,99
302,99
303,99
304,99
305,99
306,99
307,99
308,99
309,99
310,99
311,99
312,99
313,99
314,99
315,99
316,99
317,99
318,99
319,100
320,100
321,101
322,101
323,101
324,102
325,102
326,102
327,103
328,103
329,103
330,104
331,104
332,104
333,105
334,105
335,105
336,106
337,106
338,106
339,107
340,107
341,107
342,108
343,108
344,108
345,108
346,109
347,109
348,110
349,110
350,110
351,111
352,111
353,112
354,112
355,112
356,113
357,113
358,114
359,114
360,114
361,115
362,115
363,116
364,116
365,117
366,117
367,117
368,118
369,118
370,118
371,119
372,119
373,119
374,120
375,120
376,120
377,121
378,121
379,121
380,122
381,122
382,122
383,123
384,123
385,123
386,124
387,124
388,125
389,125
390,125
391,126
392,126
393,127
394,127
395,128
396,128
397,129
398,129
399,130
400,130
401,130
402,131
403,131
404,132
405,132
406,133
407,133
408,133
409,134
410,134
411,135
412,135
413,135
414,136
415,136
416,136
417,136
418,137
419,137
420,137
421,138
422,138
423,138
424,139
425,139
426,139
427,139
428,140
429,140
430,140
431,141
432,141
433,141
434,141
435,142
436,142
437,142
438,143
439,143
440,143
441,144
442,144
443,144
444,144
445,145
446,145
447,145
448,146
449,146
450,146
451,146
452,147
453,147
454,147
455,147
456,147
457,147
458,147
459,148
460,148
461,148
462,148
463,148
464,148
465,148
466,148
467,149
468,149
469,149
470,149
471,149
472,149
473,149
474,150
475,150
476,150
477,150
478,150
479,150
480,150
481,150
482,150
483,150
484,150
485,151
486,151
487,151
488,151
489,151
490,151
491,151
492,151
493,150
494,150
495,150
496,150
497,150
498,150
499,150
500,150
501,150
502,149
503,149
504,149
505,149
506,149
507,148
508,148
509,148
510,148
511,147
512,147
513,147
514,146
515,146
516,146
517,145
518,145
519,145
520,144
521,144
522,144
523,143
524,143
525,143
526,143
527,142
528,142
529,141
530,141
531,140
532,140
533,139
534,139
535,138
536,138
537,137
538,136
539,135
540,135
541,134
542,133
543,133
544,132
545,131
546,130
547,130
548,129
549,128
550,128
551,127
552,126
553,126
554,126
555,126
556,125
557,125
558,124
559,123
560,122
561,121
562,120
563,120
564,119
565,118
566,117
567,116
568,116
569,115
570,114
571,114
572,113
573,113
574,112
575,111
576,111
577,110
578,109
579,109
580,108
581,108
582,107
583,107
584,106
585,106
586,105
587,104
588,104
589,103
590,103
591,102
592,101
593,101
594,100
595,99
596,99
597,98
598,97
599,96
600,96
601,95
602,94
603,93
604,93
605,92
606,91
607,90
608,90
609,89
610,88
611,88
612,87
613,86
614,86
615,85
616,85
617,84
618,83
619,83
620,82
621,82
622,81
623,80
624,80
625,79
626,78
627,78
628,77
629,77
630,76
631,75
632,75
633,74
634,73
635,73
636,72
637,72
638,71
639,70
640,70
641,69
642,69
643,68
644,67
645,67
646,66
647,65
648,65
649,64
650,63
651,63
652,62
653,61
654,60
655,60
656,59
657,59
658,58
659,58
660,57
661,57
662,56
663,56
664,55
665,55
666,54
667,54
668,53
669,53
670,52
671,52
672,52
673,51
674,51
675,51
676,50
677,50
