53,83
54,84
55,84
56,85
57,85
58,86
59,86
60,87
61,87
62,88
63,88
64,89
65,89
66,90
67,90
68,91
69,91
70,92
71,92
72,93
73,93
74,94
75,94
76,95
77,95
78,96
79,96
80,97
81,97
82,98
83,98
84,98
85,99
86,99
87,100
88,100
89,101
90,101
91,102
92,102
93,103
94,103
95,104
96,104
97,105
98,105
99,105
100,106
101,106
102,106
103,106
104,107
105,107
106,107
107,108
108,108
109,108
110,108
111,109
112,109
113,109
114,109
115,110
116,110
117,110
118,111
119,111
120,111
121,111
122,112
123,112
124,112
125,112
126,113
127,113
128,113
129,114
130,114
131,114
132,114
133,115
134,115
135,116
136,116
137,117
138,117
139,117
140,117
141,117
142,117
143,117
144,117
145,117
146,117
147,117
148,117
149,117
150,117
151,117
152,117
153,117
154,117
155,117
156,117
157,116
158,116
159,116
160,116
161,116
162,116
163,116
164,115
165,115
166,115
167,115
168,114
169,114
170,114
171,113
172,113
173,113
174,112
175,112
176,111
177,111
178,111
179,110
180,110
181,110
182,110
183,109
184,109
185,109
186,108
187,108
188,108
189,107
190,107
191,107
192,106
193,106
194,106
195,105
196,105
197,105
198,105
199,104
200,104
201,104
202,104
203,104
204,103
205,103
206,103
207,102
208,102
209,101
210,101
211,101
212,101
213,100
214,99
215,99
216,98
217,98
218,97
219,97
220,96
221,96
222,95
223,95
224,94
225,94
226,93
227,93
228,92
229,92
230,91
231,91
232,90
233,90
234,90
235,89
236,89
237,89
238,88
239,88
240,87
241,87
242,87
243,86
244,86
245,85
246,85
247,85
248,84
249,84
250,83
251,83
252,82
253,82
254,82
255,81
256,81
257,80
258,80
259,79
260,79
261,78
262,78
263,77
264,77
265,76
266,76
267,76
268,75
269,75
270,74
271,74
272,73
273,73
274,72
275,72
276,72
277,71
278,71
279,70
280,70
281,70
282,69
283,69
284,68
285,68
286,68
287,67
288,67
289,67
290,66
291,66
292,66
293,65
294,65
295,65
296,65
297,64
298,64
299,64
300,64
301,63
302,63
303,63
304,63
305,62
306,62
307,62
308,62
309,61
310,61
311,61
312,61
313,60
314,60
315,60
316,60
317,59
318,59
319,59
320,59
321,58
322,58
323,58
324,58
325,57
326,57
327,57
328,57
329,57
330,56
331,56
332,56
333,56
334,55
335,55
336,55
337,55
338,55
339,54
340,54
341,54
342,54
343,53
344,53
345,53
346,53
347,53
348,53
349,53
350,53
351,52
352,52
353,52
354,52
355,52
356,52
357,52
358,52
359,52
360,52
361,52
362,52
363,52
364,52
365,52
366,52
367,52
368,52
369,52
370,52
371,52
372,52
373,52
374,52
375,52
376,52
377,52
378,52
379,52
380,52
381,52
382,52
383,52
384,52
385,53
386,53
387,53
388,53
389,54
390,54
391,54
392,54
393,54
394,54
395,54
396,54
397,54
398,54
399,55
400,55
401,55
402,55
403,55
404,55
405,55
406,56
407,56
408,56
409,56
410,57
411,57
412,57
413,57
414,57
415,58
416,58
417,58
418,58
