47,115
48,115
49,115
50,115
51,115
52,115
53,115
54,115
55,115
56,115
57,115
58,115
59,115
60,115
61,115
62,114
63,114
64,114
65,114
66,114
67,114
68,114
69,114
70,114
71,114
72,114
73,114
74,114
75,114
76,114
77,114
78,114
79,113
80,113
81,113
82,113
83,113
84,113
85,112
86,112
87,112
88,112
89,112
90,112
91,111
92,111
93,111
94,111
95,111
96,111
97,111
98,111
99,111
100,111
101,111
102,111
103,111
104,111
105,111
106,111
107,110
108,110
109,110
110,110
111,110
112,110
113,110
114,109
115,109
116,109
117,109
118,109
119,108
120,108
121,108
122,107
123,107
124,106
125,106
126,105
127,105
128,104
129,104
130,103
131,103
132,102
133,102
134,101
135,100
136,99
137,98
138,98
139,97
140,96
141,95
142,94
142,93
143,92
144,91
145,90
146,89
147,88
148,87
149,86
150,85
151,84
152,83
153,83
154,82
155,81
156,80
157,79
158,78
159,77
160,77
161,76
162,75
163,74
164,74
165,73
166,72
167,72
168,71
169,70
170,69
171,69
172,68
173,67
174,66
175,65
176,65
177,64
178,63
179,62
180,62
181,61
182,61
183,60
184,59
185,59
186,58
187,57
188,56
189,56
190,55
191,54
192,53
193,53
194,52
195,52
196,51
197,50
198,50
199,49
200,48
201,48
202,48
203,48
204,48
205,48
206,48
207,48
208,48
209,48
210,48
211,48
212,48
213,48
214,48
215,48
216,47
217,47
218,47
219,47
220,47
221,47
222,47
223,47
224,47
225,47
226,47
227,47
228,47
229,47
230,47
231,47
232,47
233,47
234,47
235,47
236,47
237,47
238,47
239,47
240,47
241,47
242,47
243,47
244,48
245,48
246,48
247,48
248,48
249,48
250,48
251,48
252,49
253,49
254,49
255,50
256,50
257,50
258,51
259,51
260,51
261,51
262,52
263,52
264,52
265,52
266,53
267,53
268,54
269,54
270,54
271,55
272,55
273,56
274,56
275,57
276,57
277,58
278,58
279,58
280,59
281,59
282,59
283,59
284,60
285,60
286,60
287,61
288,61
289,61
290,61
291,62
292,62
293,63
294,63
295,63
296,64
297,64
298,65
299,65
300,65
301,66
302,66
303,67
304,67
305,67
306,68
307,68
308,68
309,69
310,69
311,69
312,70
313,70
314,70
315,70
316,71
317,71
318,71
319,71
320,71
321,71
322,71
323,71
324,71
325,71
326,71
327,71
328,71
329,71
330,71
331,71
332,71
333,71
334,71
335,71
336,71
337,70
338,70
339,70
340,70
341,70
342,70
343,70
344,69
345,69
346,69
347,69
348,69
349,69
350,68
351,68
352,68
353,67
354,67
355,66
356,66
357,66
358,65
359,65
360,65
361,65
362,64
363,64
364,64
365,63
366,63
367,62
368,62
369,62
370,61
371,61
372,61
373,60
374,60
375,60
376,60
377,59
378,59
379,59
380,59
381,59
382,58
383,58
384,58
385,58
386,59
387,59
388,59
389,59
390,59
391,59
392,59
393,60
394,60
395,61
396,61
397,62
398,62
399,63
400,63
401,64
402,64
403,65
404,65
405,66
406,66
407,67
408,67
409,68
410,68
411,69
412,70
413,70
414,71
415,71
416,72
417,72
418,73
419,73
420,73
421,74
422,74
423,75
424,75
425,76
426,76
427,76
428,77
429,77
430,78
431,78
432,78
433,79
434,79
435,80
436,80
437,81
438,81
439,82
440,82
441,82
442,83
443,83
444,84
445,84
446,84
447,84
448,85
449,85
450,85
451,85
452,86
453,86
454,86
455,86
456,86
457,87
458,87
459,87
460,87
461,87
462,88
463,88
464,88
465,88
466,89
467,89
468,89
469,89
470,90
471,90
472,90
473,90
474,91
475,91
476,91
477,92
478,92
479,92
480,92
481,93
482,93
483,93
484,93
485,94
486,94
487,94
488,94
489,95
490,95
491,95
492,96
493,96
494,96
495,97
496,97
497,97
498,98
499,98
500,98
501,99
502,99
503,100
504,100
505,100
506,101
507,101
508,101
509,102
510,102
511,102
512,102
513,103
514,103
515,103
516,103
517,104
518,104
519,104
520,105
521,105
522,105
523,105
524,106
525,106
526,106
527,106
528,106
529,106
530,107
531,107
532,107
533,107
534,107
535,107
536,107
537,107
538,108
539,108
540,108
541,108
542,108
543,108
544,108
545,109
546,109
547,109
548,109
549,110
550,110
551,111
552,111
553,111
554,112
555,112
556,112
557,113
558,113
559,114
560,114
561,114
562,115
563,115
564,116
565,116
566,117
567,118
568,118
569,119
570,120
571,121
572,122
573,123
574,124
575,125
575,126
576,127
577,128
577,129
578,130
578,131
579,132
579,133
580,134
580,135
581,136
581,137
581,138
582,139
582,140
582,141
583,142
583,143
583,144
584,145
584,146
585,147
585,148
586,149
586,150
586,151
587,152
587,153
587,154
588,155
588,156
588,157
589,158
589,159
589,160
590,161
590,162
591,163
591,164
591,165
592,166
592,167
592,168
