46,397
47,396
48,395
49,394
50,393
51,392
52,391
53,390
54,389
55,388
56,387
57,386
58,385
59,384
60,383
61,382
62,381
63,381
64,380
65,379
66,378
67,377
68,377
69,376
70,375
71,374
72,374
73,373
74,372
75,371
76,370
77,370
78,369
79,368
80,367
81,367
82,366
83,365
84,364
85,363
86,363
87,362
88,361
89,360
90,359
91,359
92,358
93,357
94,357
95,356
96,355
97,354
98,353
99,353
100,352
101,351
102,350
103,349
104,348
105,347
106,346
107,345
108,344
109,344
110,343
111,342
112,341
113,340
114,340
115,339
116,338
117,337
118,336
119,335
120,334
121,333
122,332
123,331
124,330
125,329
126,328
127,327
128,326
129,325
130,324
131,323
132,322
133,321
134,320
135,319
136,318
137,317
138,316
139,315
140,314
141,313
142,312
143,311
144,310
145,309
146,308
147,307
148,306
149,305
150,304
150,303
151,302
152,301
153,300
153,299
154,298
155,297
156,296
156,295
157,294
158,293
158,292
159,291
160,290
160,289
161,288
162,287
162,286
163,285
164,284
164,283
165,282
165,281
166,280
166,279
167,278
168,277
168,276
169,275
170,274
170,273
171,272
172,271
172,270
173,269
174,268
174,267
175,266
176,265
176,264
177,263
178,262
179,261
180,260
181,259
181,258
182,257
183,256
184,255
185,254
186,253
187,252
187,251
188,250
189,249
190,248
190,247
191,246
192,245
193,244
193,243
194,242
195,241
196,240
196,239
197,238
198,237
199,236
200,235
200,234
201,233
202,232
203,231
204,230
204,229
205,228
206,227
207,226
208,225
208,224
209,223
210,222
210,221
211,220
212,219
213,218
213,217
214,216
215,215
216,214
217,213
217,212
218,211
219,210
219,209
220,208
221,207
221,206
222,205
223,204
223,203
224,202
225,201
225,200
226,199
227,198
227,197
228,196
229,195
230,194
230,193
231,192
232,191
232,190
233,189
234,188
234,187
235,186
236,185
236,184
237,183
238,182
238,181
239,180
240,179
240,178
241,177
242,176
243,175
243,174
244,173
245,172
246,171
247,170
248,169
249,168
250,167
251,166
252,165
253,164
254,163
255,162
256,161
257,160
258,159
258,158
259,157
260,156
261,155
262,154
262,153
263,152
264,151
265,150
266,149
267,148
268,147
268,146
269,145
270,144
271,143
271,142
272,141
273,140
274,139
275,138
276,137
277,136
277,135
278,134
279,133
280,132
281,131
282,130
283,129
283,128
284,127
285,126
286,125
287,124
288,123
288,122
289,121
290,120
290,119
291,118
292,117
293,116
294,115
295,114
295,113
296,112
297,111
297,110
298,109
298,108
299,107
300,106
300,105
301,104
302,103
302,102
303,101
304,100
304,99
305,98
305,97
306,96
307,95
307,94
308,93
309,92
309,91
310,90
311,89
311,88
312,87
312,86
313,85
314,84
314,83
315,82
315,81
316,80
316,79
317,78
317,77
318,76
319,75
319,74
320,73
321,72
321,71
322,70
323,69
323,68
324,67
325,66
326,65
327,64
327,63
328,62
329,61
329,60
330,59
330,58
331,57
332,56
333,55
333,54
334,53
335,52
336,51
337,50
337,49
338,48
339,47
340,46
