49,262
50,261
51,260
52,259
53,258
54,257
55,256
56,255
57,254
58,253
59,252
60,251
61,250
62,250
63,249
64,248
65,247
66,246
67,245
68,244
69,243
70,242
71,242
72,241
73,240
74,239
74,238
75,237
76,236
77,235
77,234
78,233
79,232
79,231
80,230
81,229
81,228
82,227
82,226
83,225
84,224
84,223
85,222
86,221
86,220
87,219
87,218
88,217
89,216
90,215
90,214
91,213
92,212
92,211
93,210
94,209
95,208
96,207
97,206
97,205
98,204
99,203
100,202
101,201
101,200
102,199
103,198
104,198
105,197
106,196
107,196
108,195
109,195
110,194
111,194
112,193
113,193
114,192
115,191
116,191
117,190
118,190
119,189
120,189
121,188
122,188
123,187
124,187
125,186
126,185
127,185
128,184
129,184
130,183
131,182
132,182
133,181
134,181
135,180
136,179
137,179
138,178
139,178
140,177
141,177
142,176
143,176
144,175
145,174
146,174
147,173
148,173
149,172
150,172
151,171
152,171
153,170
154,170
155,169
156,168
157,168
158,167
159,167
160,166
161,166
162,165
163,164
164,164
165,163
166,163
167,162
168,162
169,161
170,161
171,160
172,159
173,159
174,158
175,158
176,157
177,156
178,156
179,155
180,155
181,154
182,154
183,153
184,153
185,152
186,152
187,151
188,151
189,150
190,150
191,149
192,149
193,149
194,148
195,148
196,148
197,148
198,147
199,147
200,147
201,147
202,147
203,146
204,146
205,146
206,146
207,145
208,145
209,145
210,145
211,145
212,144
213,144
214,144
215,144
216,144
217,143
218,143
219,143
220,143
221,143
222,142
223,142
224,142
225,142
226,141
227,141
228,141
229,141
230,141
231,140
232,140
233,140
234,140
235,140
236,140
237,139
238,139
239,139
240,139
241,138
242,138
243,138
244,138
245,137
246,137
247,137
248,136
249,136
250,136
251,136
252,135
253,135
254,135
255,135
256,135
257,134
258,134
259,133
260,133
261,132
262,132
263,132
264,131
265,131
266,131
267,130
268,130
269,129
270,129
271,129
272,128
273,128
274,128
275,127
276,127
277,127
278,126
279,126
280,125
281,125
282,125
283,124
284,124
285,124
286,123
287,123
288,123
289,122
290,122
291,122
292,121
293,121
294,121
295,120
296,120
297,120
298,119
299,119
300,119
301,118
302,118
303,118
304,118
305,117
306,117
307,116
308,116
309,116
310,115
311,115
312,114
313,114
314,114
315,113
316,113
317,113
318,112
319,112
320,111
321,111
322,111
323,110
324,110
325,109
326,109
327,109
328,108
329,108
330,107
331,107
332,107
333,106
334,106
335,105
336,105
337,104
338,104
339,104
340,103
341,103
342,102
343,102
344,102
345,102
346,101
347,101
348,101
349,100
350,100
351,100
352,100
353,99
354,99
355,98
356,98
357,98
358,97
359,97
360,97
361,97
362,96
363,96
364,96
365,95
366,95
367,94
368,94
369,93
370,93
371,92
372,92
373,92
374,91
375,91
376,91
377,91
378,90
379,90
380,90
381,89
382,89
383,89
384,88
385,88
386,87
387,87
388,86
389,86
390,85
391,85
392,85
393,84
394,84
395,84
396,84
397,83
398,83
399,82
400,82
401,81
402,80
403,80
404,79
405,79
406,79
407,78
408,78
409,77
410,77
411,77
412,76
413,76
414,75
415,75
416,74
417,74
418,73
419,73
420,72
421,72
422,71
423,70
424,70
425,69
426,69
427,68
428,67
429,66
430,66
431,65
432,64
433,63
434,63
435,62
436,61
437,60
438,59
439,59
440,58
441,57
442,56
443,55
444,54
445,53
446,53
447,52
448,51
449,50
