49,348
50,347
51,347
52,346
53,346
54,345
55,345
56,345
57,345
58,345
59,345
60,345
61,345
62,345
63,345
64,345
65,346
66,346
67,346
68,346
69,347
70,347
71,347
72,347
73,347
74,347
75,347
76,347
77,347
78,347
79,346
80,346
81,346
82,346
83,346
84,345
85,345
86,345
87,345
88,345
89,345
90,344
91,344
92,343
93,342
94,342
95,342
96,341
97,341
98,341
99,341
100,341
101,341
102,341
103,341
104,340
105,340
106,340
107,339
108,339
109,339
110,339
111,339
112,338
113,338
114,338
115,338
116,338
117,337
118,337
119,337
120,336
121,336
122,336
123,335
124,335
125,335
126,335
127,334
128,334
129,334
130,334
131,334
132,333
133,333
134,333
135,332
136,332
137,332
138,331
139,331
140,331
141,331
142,330
143,330
144,330
145,330
146,330
147,329
148,329
149,328
150,328
151,328
152,328
153,327
154,327
155,326
156,326
157,326
158,326
159,325
160,325
161,325
162,325
163,324
164,324
165,324
166,324
167,323
168,323
169,323
170,323
171,322
172,322
173,322
174,322
175,321
176,321
177,321
178,321
179,320
180,320
181,320
182,320
183,319
184,319
185,319
186,319
187,318
188,318
189,318
190,318
191,317
192,317
193,317
194,317
195,317
196,316
197,316
198,316
199,316
200,316
201,315
202,315
203,315
204,315
205,315
206,314
207,314
208,314
209,314
210,314
211,313
212,313
213,313
214,313
215,313
216,312
217,312
218,312
219,311
220,311
221,311
222,311
223,310
224,310
225,309
226,309
227,309
228,309
229,308
230,308
231,308
232,307
233,307
234,307
235,306
236,306
237,306
238,306
239,305
240,305
241,305
242,305
243,304
244,304
245,303
246,303
247,303
248,302
249,302
250,301
251,301
252,301
253,300
254,300
255,300
256,299
257,299
258,298
259,298
260,298
261,298
262,297
263,296
264,296
265,295
266,295
267,295
268,294
269,294
270,294
271,293
272,293
273,293
274,292
275,292
276,292
277,291
278,291
279,290
280,290
281,289
282,289
283,289
284,288
285,288
286,287
287,287
288,287
289,286
290,286
291,286
292,286
293,285
294,285
295,285
296,284
297,284
298,284
299,283
300,283
301,283
302,283
303,283
304,282
305,281
306,281
307,281
308,280
309,280
310,280
311,279
312,279
313,278
314,278
315,278
316,277
317,277
318,277
319,276
320,276
321,276
322,276
323,275
324,275
325,275
326,274
327,274
328,274
329,273
330,273
331,273
332,273
333,273
334,273
335,273
336,272
337,272
338,272
339,271
340,270
341,270
342,269
343,269
344,269
345,269
346,268
347,268
348,268
349,267
350,267
351,267
352,267
353,266
354,266
355,266
356,265
357,265
358,265
359,264
360,263
361,263
362,263
363,262
364,262
365,262
366,262
367,262
368,261
369,261
370,261
371,261
372,261
373,260
374,260
375,260
376,260
377,260
378,260
379,259
380,259
381,259
382,259
383,259
384,259
385,258
386,258
387,258
388,257
389,257
390,257
391,257
392,256
393,256
394,256
395,255
396,255
397,254
398,254
399,254
400,253
401,253
402,253
403,252
404,252
405,251
406,251
407,250
408,250
409,249
410,249
411,249
412,248
413,248
414,247
415,247
416,246
417,245
418,245
419,244
420,244
421,243
422,243
423,242
424,242
425,241
426,241
427,241
428,240
429,240
430,239
431,239
432,238
433,238
434,237
435,237
436,236
437,236
438,235
439,235
440,234
441,233
442,233
443,232
444,232
445,231
446,231
447,231
448,230
449,229
450,229
451,228
452,228
453,227
454,227
455,226
456,226
457,225
458,225
459,224
460,224
461,223
462,223
463,223
464,222
465,222
466,222
467,221
468,221
469,220
470,220
471,220
472,220
473,220
474,220
475,219
476,219
477,219
478,219
479,219
480,218
481,218
482,217
483,217
484,218
485,218
486,218
487,218
488,218
489,218
490,218
491,218
492,218
493,218
494,218
495,218
496,218
497,218
498,218
499,217
500,217
501,217
502,217
503,217
504,217
505,217
506,217
507,217
508,217
509,217
510,217
511,217
512,217
513,217
514,217
515,217
516,217
517,217
518,217
519,217
520,217
521,217
522,217
523,217
524,217
525,217
526,217
527,217
528,217
529,217
530,217
531,217
532,217
533,217
534,217
535,216
536,216
537,216
538,216
539,216
540,216
541,216
542,215
543,215
544,215
545,215
546,214
547,214
548,214
549,213
550,212
551,212
552,212
553,211
554,211
555,210
556,210
557,209
558,208
559,208
560,207
561,206
562,205
563,205
564,204
565,203
566,202
567,201
568,201
569,200
570,199
571,198
572,197
573,197
574,196
575,196
576,195
577,194
578,193
579,193
580,192
581,192
582,191
583,190
584,190
585,189
586,189
587,188
588,187
589,187
590,186
591,185
592,185
593,184
594,184
595,184
596,183
597,183
598,182
599,182
600,181
601,181
602,180
603,180
604,179
605,179
606,178
607,178
608,177
609,177
610,176
611,176
612,175
613,175
614,174
615,174
616,174
617,173
618,173
619,172
620,172
621,171
622,171
623,171
624,170
625,170
626,169
627,169
628,169
629,168
630,168
631,167
632,167
633,166
634,166
635,165
636,165
637,165
638,164
639,163
640,163
641,162
642,162
643,161
644,161
645,160
646,159
647,159
648,158
649,158
650,157
651,157
652,156
653,156
654,156
655,155
656,155
657,154
658,154
659,154
660,153
661,153
662,152
663,152
664,151
665,151
666,150
667,150
668,149
669,149
670,148
671,148
672,147
673,147
674,146
675,146
676,145
677,145
678,144
679,144
680,143
681,143
682,142
683,142
684,141
685,141
686,140
687,140
688,139
689,138
690,137
691,137
692,136
693,136
694,135
695,134
696,133
697,132
698,131
699,131
700,130
701,129
702,129
703,128
704,127
705,126
706,125
707,125
708,124
709,123
710,123
711,122
712,122
713,121
714,121
715,120
716,120
717,119
718,119
719,119
720,118
721,118
722,118
723,117
724,117
725,117
726,116
727,116
728,116
729,115
730,115
731,115
732,114
733,114
734,113
735,113
736,113
737,112
738,112
739,111
740,111
741,110
742,109
743,109
744,108
745,108
746,107
747,107
748,106
749,105
750,105
751,104
752,104
753,103
754,103
755,102
756,101
757,101
758,100
759,99
760,99
761,98
762,97
763,97
764,96
765,95
766,94
767,93
768,92
769,91
770,90
771,89
772,88
773,87
774,86
775,85
776,84
777,83
778,82
779,81
780,80
781,79
781,78
782,77
783,76
783,75
784,74
784,73
785,72
786,71
786,70
787,69
787,68
788,67
789,66
789,65
789,64
789,63
790,62
790,61
791,60
791,59
791,58
791,57
792,56
792,55
792,54
792,53
792,52
793,51
793,50
793,49
793,48
793,47
794,46
794,45
