48,54
49,54
50,54
51,54
52,54
53,54
54,54
55,54
56,54
57,54
58,54
59,54
60,54
61,54
62,54
63,54
64,54
65,54
66,54
67,54
68,54
69,54
70,54
71,54
72,54
73,54
74,54
75,54
76,54
77,54
78,54
79,54
80,54
81,54
82,54
83,54
84,55
85,55
86,55
87,55
88,55
89,55
90,56
91,56
92,56
93,56
94,56
95,56
96,57
97,57
98,57
99,57
100,57
101,57
102,57
103,57
104,57
105,58
106,58
107,58
108,58
109,58
110,58
111,58
112,58
113,58
114,58
115,58
116,58
117,58
118,59
119,59
120,59
121,59
122,59
123,59
124,60
125,60
126,60
127,60
128,61
129,61
130,61
131,61
132,62
133,62
134,62
135,62
136,63
137,63
138,63
139,63
140,63
141,63
142,64
143,64
144,64
145,64
146,64
147,65
148,65
149,65
150,65
151,66
152,66
153,66
154,66
155,67
156,67
157,67
158,68
159,68
160,68
161,68
162,69
163,69
164,69
165,70
166,70
167,70
168,71
169,71
170,71
171,72
172,72
173,72
174,73
175,73
176,73
177,73
178,74
179,74
180,74
181,74
182,75
183,75
184,75
185,75
186,75
187,75
188,76
189,76
190,76
191,76
192,76
193,76
194,76
195,77
196,77
197,77
198,77
199,77
200,77
201,77
202,77
203,77
204,78
205,78
206,78
207,78
208,78
209,78
210,78
211,79
212,79
213,79
214,79
215,79
216,79
217,79
218,79
219,79
220,80
221,80
222,80
223,80
224,80
225,80
226,80
227,80
228,80
229,80
230,80
231,80
232,81
233,81
234,81
235,81
236,81
237,81
238,81
239,81
240,81
241,81
242,82
243,82
244,82
245,82
246,82
247,82
248,82
249,83
250,83
251,83
252,83
253,83
254,83
255,84
256,84
257,84
258,84
259,84
260,84
261,84
262,85
263,85
264,85
265,85
266,85
267,85
268,85
269,86
270,86
271,86
272,86
273,86
274,87
275,87
276,87
277,87
278,87
279,88
280,88
281,88
282,88
283,89
284,89
285,89
286,89
287,89
288,89
289,90
290,90
291,90
292,90
293,90
294,91
295,91
296,91
297,92
298,92
299,92
300,92
301,93
302,93
303,93
304,93
305,94
306,94
307,94
308,94
309,94
310,94
311,94
312,95
313,95
314,95
315,95
316,95
317,96
318,96
319,96
320,96
321,97
322,97
323,97
324,97
325,97
326,97
327,98
328,98
329,98
330,98
331,98
332,99
333,99
334,99
335,99
336,100
337,100
338,100
339,100
340,101
341,101
342,101
343,101
344,102
345,102
346,102
347,102
348,103
349,103
350,103
351,103
352,104
353,104
354,104
355,104
356,105
357,105
358,105
359,105
360,106
361,106
362,106
363,106
364,106
365,106
366,106
367,106
368,106
369,106
370,107
371,107
372,107
373,107
374,108
375,108
376,108
377,108
378,109
379,109
380,109
381,109
382,110
383,110
384,110
385,111
386,111
387,111
388,111
389,112
390,112
391,112
392,113
393,113
394,113
395,113
396,114
397,114
398,114
399,115
400,115
401,115
402,116
403,116
404,116
405,117
406,117
407,117
408,118
409,118
410,119
411,119
412,119
413,120
414,120
415,120
416,121
417,121
418,121
419,122
420,122
421,122
422,123
423,123
424,123
425,124
426,124
427,124
428,125
429,125
430,125
431,126
432,126
433,127
434,127
435,127
436,128
437,128
438,129
439,129
440,129
441,130
442,130
443,130
444,131
445,131
446,132
447,132
448,133
449,133
450,134
451,134
452,134
453,135
454,135
455,135
456,136
457,136
458,137
459,137
460,138
461,138
462,138
463,139
464,139
465,140
466,140
467,141
468,141
469,141
470,142
471,142
472,143
473,143
474,144
475,144
476,145
477,145
478,145
479,145
480,146
481,147
482,148
483,148
484,149
485,149
486,150
487,150
488,151
489,151
490,152
491,152
492,153
493,153
494,154
495,154
496,155
497,155
498,156
499,156
500,157
501,157
502,158
503,159
504,159
505,160
506,160
507,161
508,162
509,163
510,163
511,164
512,164
513,165
514,165
515,166
516,167
517,168
518,168
519,169
520,170
521,170
522,171
523,172
524,173
525,174
526,175
527,176
528,177
529,178
530,179
531,180
532,180
533,181
534,182
535,183
536,184
537,185
538,186
539,187
540,188
541,189
542,190
543,191
544,192
545,193
546,194
547,195
548,196
549,197
550,198
551,199
552,199
553,200
554,201
555,202
556,203
557,204
558,205
559,206
560,207
561,208
562,209
563,210
564,211
565,212
566,212
567,213
568,214
569,215
570,216
571,217
572,218
573,219
574,220
575,221
576,222
577,223
578,224
579,225
580,226
581,227
582,228
583,229
584,230
585,231
586,232
587,233
588,234
589,235
590,236
591,237
591,238
592,239
593,240
594,241
595,242
596,243
597,244
598,245
599,246
599,247
600,248
601,249
602,250
603,251
604,252
605,253
606,254
607,255
608,256
609,257
610,258
611,259
611,260
612,261
613,262
614,263
615,264
616,265
616,266
617,267
618,268
619,269
620,270
621,271
621,272
622,273
623,274
623,275
624,276
624,277
625,278
626,279
626,280
627,281
628,282
628,283
629,284
630,285
630,286
631,287
632,288
633,289
634,290
635,291
635,292
636,293
637,294
638,295
639,296
640,297
641,298
642,299
642,300
643,301
643,302
644,303
645,304
646,305
647,306
647,307
648,308
648,309
649,310
650,311
651,312
652,313
652,314
653,315
654,316
654,317
655,318
656,319
656,320
657,321
658,322
658,323
659,324
660,325
661,326
662,327
663,328
663,329
664,330
665,331
666,332
666,333
667,334
668,335
669,336
670,337
670,338
671,339
672,340
673,341
674,342
675,343
676,344
677,345
678,346
679,347
679,348
680,349
681,350
682,351
683,352
684,353
685,354
686,354
687,355
688,356
689,357
690,358
691,359
692,360
693,361
694,362
695,363
696,364
697,365
698,366
699,367
700,368
701,369
702,370
703,371
704,372
705,373
706,374
707,375
708,376
709,376
710,377
711,378
712,379
713,380
714,381
715,382
716,383
717,384
718,385
719,385
720,386
721,387
722,388
723,389
724,390
725,391
726,392
727,393
728,393
729,394
730,395
731,395
732,396
733,397
734,398
735,399
736,399
737,400
738,401
739,402
740,402
741,403
742,404
743,404
744,405
745,406
746,407
747,407
748,408
749,409
750,410
751,410
752,411
753,412
754,413
755,413
756,414
757,415
758,415
759,416
760,417
761,418
762,418
763,419
764,420
765,421
766,422
767,422
768,423
769,424
770,424
771,425
772,426
773,426
774,427
775,428
776,428
777,429
778,429
779,430
780,430
781,431
782,432
783,432
784,433
785,434
786,434
787,435
788,435
789,436
790,437
791,438
792,438
793,439
794,440
795,440
796,441
797,442
798,442
799,443
800,444
801,444
802,445
803,446
804,446
805,447
806,447
807,448
808,449
809,449
810,450
811,451
812,452
813,453
814,453
815,454
816,455
817,455
818,456
819,456
820,457
821,458
822,458
823,459
824,460
825,460
826,461
827,462
828,463
829,463
830,464
831,465
832,465
833,466
834,467
835,468
836,468
837,469
838,470
839,470
840,471
841,472
842,472
843,473
844,474
845,475
846,475
847,476
848,476
849,477
850,478
851,479
852,480
853,480
854,481
855,482
856,482
857,483
858,484
859,484
860,485
861,486
862,487
863,487
864,488
865,489
866,489
867,490
868,491
869,491
870,492
871,493
872,494
873,495
874,495
875,496
876,496
877,497
878,498
879,499
879,500
880,501
881,502
882,503
883,504
884,505
885,506
886,507
887,508
888,509
889,510
890,511
891,512
892,513
893,514
894,515
895,516
896,517
896,518
897,519
898,520
899,521
900,522
901,523
902,524
903,525
903,526
904,527
905,528
906,529
906,530
907,531
908,532
909,533
910,534
911,535
912,536
912,537
913,538
914,539
915,540
916,541
916,542
917,543
917,544
918,545
919,546
920,547
921,548
922,549
923,550
924,551
924,552
925,553
926,554
927,555
928,556
929,557
929,558
929,559
930,560
931,561
932,562
933,563
934,564
935,565
935,566
936,567
937,568
937,569
938,570
939,571
939,572
940,573
941,574
942,575
942,576
943,577
944,578
944,579
945,580
946,581
946,582
947,583
948,584
948,585
949,586
950,587
950,588
951,589
952,590
952,591
953,592
954,593
954,594
955,595
956,596
956,597
957,598
958,599
958,600
959,601
960,602
960,603
961,604
962,605
962,606
963,607
964,608
965,609
966,610
966,611
967,612
968,613
968,614
969,615
970,616
971,617
971,618
972,619
973,620
974,621
975,622
976,623
976,624
977,625
978,626
978,627
979,628
980,629
981,630
982,631
983,632
984,633
984,634
985,635
985,636
986,637
987,638
987,639
988,640
989,641
990,642
991,643
992,644
993,645
993,646
994,647
994,648
995,649
996,650
997,651
998,652
999,653
999,654
1000,655
1001,656
1001,657
1002,658
1003,659
1003,660
1004,661
1005,662
1005,663
1006,664
1006,665
1007,666
1008,667
1008,668
1009,669
1010,670
1010,671
1011,672
1012,673
1012,674
1013,675
1014,676
1014,677
1015,678
1016,679
1016,680
1017,681
1018,682
1018,683
1019,684
1020,685
1020,686
1021,687
1022,688
1023,689
1023,690
1024,691
1025,692
1025,693
1026,694
1027,695
1027,696
1028,697
1029,698
1029,699
1030,700
1031,701
1031,702
1032,703
1033,704
1034,705
1034,706
1035,707
1036,708
1036,709
1037,710
1037,711
1038,712
1038,713
1039,714
1040,715
1040,716
1041,717
1041,718
1042,719
1042,720
1043,721
1044,722
1044,723
1045,724
1045,725
1046,726
1046,727
1047,728
1047,729
1048,730
1048,731
1049,732
1049,733
1050,734
1051,735
1052,736
1052,737
1053,738
1053,739
1054,740
1054,741
1055,742
1055,743
1056,744
1056,745
1057,746
1057,747
1058,748
1058,749
1059,750
1059,751
1060,752
1060,753
1060,754
1061,755
1062,756
1062,757
1063,758
1063,759
1064,760
1064,761
1065,762
1065,763
1065,764
1066,765
1066,766
1067,767
1067,768
1068,769
1068,770
1068,771
1069,772
1069,773
1069,774
1070,775
1070,776
1070,777
1071,778
1071,779
1072,780
1072,781
1072,782
1073,783
1073,784
1073,785
1074,786
1074,787
1075,788
1075,789
1075,790
1076,791
1076,792
1076,793
1077,794
1077,795
1078,796
1078,797
1078,798
1079,799
1079,800
1079,801
1080,802
1080,803
1080,804
1081,805
1082,806
1082,807
1082,808
1082,809
1082,810
1082,811
1082,812
1083,813
1083,814
1084,815
1084,816
1084,817
1084,818
1084,819
1085,820
1085,821
1085,822
1085,823
1085,824
1085,825
1086,826
1086,827
1086,828
1086,829
1087,830
1087,831
1087,832
1087,833
1087,834
1088,835
1088,836
1088,837
1088,838
1088,839
1088,840
1089,841
1089,842
1089,843
1089,844
1089,845
1089,846
1089,847
1090,848
1090,849
1090,850
1090,851
1090,852
1091,853
1091,854
1091,855
1091,856
1091,857
1091,858
1091,859
1091,860
1092,861
1092,862
1092,863
1092,864
1092,865
1092,866
1092,867
1092,868
1092,869
1092,870
1092,871
1092,872
1092,873
1092,874
1092,875
1092,876
1092,877
1092,878
1092,879
1092,880
1092,881
1092,882
1092,883
1092,884
1092,885
1092,886
1092,887
1092,888
1092,889
1092,890
1092,891
1092,892
1092,893
1092,894
1091,895
1091,896
1091,897
1090,898
1090,899
1090,900
1090,901
1090,902
1090,903
1089,904
1089,905
1088,906
1088,907
1088,908
1088,909
1088,910
1088,911
1088,912
1087,913
1087,914
1086,915
1086,916
1086,917
1086,918
1086,919
1086,920
1086,921
1086,922
1086,923
1085,924
1085,925
1085,926
1085,927
1084,928
1085,929
1084,930
1083,931
1082,932
1082,933
1082,934
1082,935
1082,936
1082,937
1082,938
1081,939
1080,940
1080,941
1080,942
1080,943
1080,944
1079,945
1078,946
1078,947
1078,948
1078,949
1078,950
1078,951
1078,952
1078,953
1077,954
1077,955
1076,956
1076,957
1076,958
1075,959
1074,960
1074,961
1074,962
1073,963
1073,964
1073,965
1072,966
1072,967
1072,968
1072,969
1071,970
1070,971
1070,972
1070,973
1070,974
1070,975
1070,976
1069,977
1069,978
1069,979
1068,980
1068,981
1068,982
1067,983
1067,984
1067,985
1067,986
1066,987
1066,988
1066,989
1066,990
1065,991
1065,992
1064,993
1064,994
1064,995
1064,996
1064,997
1063,998
1062,999
1062,1000
1062,1001
1062,1002
1062,1003
1062,1004
1062,1005
1062,1006
1061,1007
1061,1008
1061,1009
1061,1010
1061,1011
1060,1012
1059,1013
1059,1014
1059,1015
1058,1016
1057,1017
1057,1018
1057,1019
