48,210
49,210
50,210
51,210
52,209
53,209
54,209
55,209
56,208
57,208
58,208
59,207
60,207
61,207
62,207
63,206
64,206
65,206
66,206
67,205
68,205
69,205
70,205
71,204
72,204
73,204
74,204
75,203
76,203
77,202
78,202
79,202
80,201
81,201
82,200
83,200
84,199
85,199
86,198
87,198
88,197
89,197
90,196
91,196
92,195
93,194
94,194
95,193
96,193
97,192
98,192
99,191
100,191
101,190
102,190
103,189
104,189
105,188
106,188
107,187
108,187
109,186
110,185
111,185
112,184
113,183
114,183
115,182
116,181
117,181
118,180
119,180
120,179
121,178
122,178
123,177
124,176
125,176
126,175
127,174
128,173
129,172
130,171
131,171
132,170
133,169
134,168
135,167
136,167
137,167
138,166
139,165
140,164
141,163
142,162
143,161
144,161
145,160
146,159
147,158
148,157
149,156
150,155
151,155
152,154
153,154
154,153
155,152
156,151
157,150
158,150
159,149
160,148
161,147
162,147
163,146
164,145
165,145
166,144
167,143
168,142
169,142
170,141
171,140
172,139
173,138
174,138
175,137
176,137
177,136
178,135
179,135
180,134
181,134
182,133
183,132
184,132
185,131
186,131
187,130
188,129
189,129
190,128
191,128
192,127
193,127
194,126
195,126
196,125
197,124
198,124
199,123
200,123
201,123
202,122
203,122
204,121
205,121
206,120
207,120
208,119
209,119
210,119
211,118
212,118
213,117
214,117
215,116
216,116
217,115
218,115
219,115
220,114
221,114
222,113
223,113
224,112
225,112
226,112
227,111
228,111
229,110
230,110
231,109
232,109
233,109
234,108
235,108
236,107
237,107
238,107
239,106
240,106
241,105
242,105
243,104
244,104
245,104
246,103
247,103
248,102
249,102
250,101
251,101
252,100
253,100
254,99
255,98
256,97
257,97
258,96
259,96
260,96
261,95
262,95
263,94
264,94
265,93
266,93
267,92
268,92
269,91
270,91
271,91
272,90
273,90
274,90
275,90
276,90
277,89
278,89
279,89
280,89
281,89
282,88
283,88
284,87
285,87
286,86
287,86
288,85
289,85
290,84
291,83
292,83
293,82
294,82
295,81
296,81
297,80
298,80
299,80
300,79
301,79
302,78
303,78
304,77
305,77
306,76
307,76
308,75
309,75
310,74
311,73
312,72
313,72
314,71
315,71
316,70
317,69
318,69
319,68
320,68
321,67
322,66
323,65
324,64
325,63
326,62
327,62
328,61
329,60
330,59
331,58
332,58
333,57
334,56
335,55
336,54
337,53
338,52
339,51
