45,277
46,277
47,277
48,277
49,276
50,276
51,276
52,276
53,275
54,275
55,274
56,274
57,273
58,273
59,273
60,272
61,272
62,272
63,271
64,271
65,270
66,270
67,270
68,269
69,269
70,269
71,269
72,269
73,269
74,268
75,268
76,268
77,268
78,268
79,268
80,267
81,267
82,267
83,267
84,266
85,266
86,266
87,266
88,266
89,266
90,266
91,266
92,265
93,265
94,265
95,265
96,265
97,264
98,264
99,264
100,264
101,264
102,265
103,265
104,265
105,265
106,264
107,264
108,264
109,264
110,264
111,263
112,263
113,263
114,263
115,262
116,262
117,262
118,262
119,261
120,261
121,261
122,261
123,260
124,260
125,260
126,260
127,260
128,260
129,259
130,259
131,259
132,259
133,259
134,259
135,259
136,259
137,259
138,259
139,258
140,258
141,258
142,258
143,258
144,258
145,258
146,258
147,258
148,257
149,257
150,257
151,257
152,257
153,257
154,257
155,256
156,256
157,256
158,256
159,256
160,256
161,256
162,256
163,256
164,255
165,255
166,255
167,255
168,255
169,255
170,255
171,255
172,255
173,255
174,255
175,255
176,255
177,255
178,254
179,254
180,254
181,254
182,254
183,254
184,254
185,254
186,254
187,254
188,254
189,254
190,254
191,254
192,254
193,254
194,254
195,254
196,254
197,254
198,254
199,254
200,254
201,254
202,254
203,254
204,254
205,254
206,254
207,254
208,254
209,254
210,254
211,254
212,254
213,254
214,254
215,254
216,254
217,254
218,254
219,254
220,254
221,254
222,254
223,254
224,254
225,254
226,254
227,254
228,254
229,254
230,254
231,254
232,254
233,254
234,254
235,254
236,254
237,254
238,254
239,254
240,254
241,254
242,254
243,254
244,254
245,254
246,254
247,253
248,253
249,253
250,253
251,253
252,253
253,253
254,253
255,253
256,253
257,253
258,253
259,253
260,253
261,253
262,253
263,252
264,252
265,252
266,252
267,252
268,251
269,251
270,251
271,251
272,250
273,250
274,250
275,250
276,249
277,249
278,249
279,248
280,248
281,248
282,247
283,247
284,247
285,246
286,246
287,246
288,246
289,245
290,245
291,245
292,245
293,244
294,244
295,244
296,243
297,243
298,243
299,242
300,242
301,242
302,241
303,241
304,240
305,240
306,240
307,239
308,239
309,238
310,238
311,238
312,237
313,237
314,237
315,237
316,236
317,235
318,234
319,233
320,232
321,231
322,230
323,229
324,228
325,227
326,226
326,225
327,224
328,223
329,222
329,221
330,220
330,219
331,218
331,217
332,216
332,215
333,214
334,213
334,212
335,211
335,210
336,209
336,208
337,207
338,206
338,205
338,204
339,203
339,202
340,201
340,200
340,199
340,198
340,197
340,196
340,195
340,194
340,193
341,192
341,191
341,190
341,189
341,188
342,187
342,186
342,185
342,184
342,183
342,182
342,181
342,180
342,179
342,178
342,177
341,176
341,175
341,174
340,173
340,172
340,171
339,170
339,169
339,168
339,167
339,166
338,165
338,164
337,163
337,162
337,161
336,160
336,159
336,158
336,157
336,156
335,155
335,154
335,153
334,152
334,151
333,150
333,149
332,148
332,147
331,146
331,145
330,144
329,143
328,142
328,141
327,140
326,139
325,138
325,137
324,136
323,135
323,134
322,133
321,132
320,131
320,130
319,129
318,128
317,127
316,126
315,125
315,124
314,123
313,122
312,122
311,121
310,120
309,119
308,118
307,117
306,116
305,115
304,114
303,113
302,113
301,112
300,111
299,110
298,109
297,108
296,107
295,106
294,105
293,105
292,104
291,103
290,102
289,101
288,100
288,99
287,98
286,98
285,97
284,96
283,95
282,94
281,93
280,92
280,91
279,90
278,89
277,88
276,87
275,86
274,85
273,84
272,83
271,82
271,81
270,80
269,79
269,78
268,77
268,76
267,75
267,74
266,73
266,72
266,71
266,70
265,69
265,68
264,67
265,66
264,65
264,64
264,63
264,62
264,61
264,60
264,59
265,58
265,57
264,56
265,55
265,54
265,53
265,52
265,51
266,50
266,49
266,48
266,47
266,46
266,45
266,44
267,43
267,42
