48,509
49,509
50,509
51,508
52,508
53,508
54,507
55,507
56,507
57,506
58,506
59,506
60,505
61,505
62,504
63,504
64,503
65,503
66,502
67,502
68,501
69,501
70,500
71,500
72,499
73,499
74,498
75,497
76,497
77,496
78,496
79,495
80,494
81,493
82,492
83,492
84,491
85,490
86,489
87,488
88,487
89,486
90,485
91,484
92,483
93,482
94,481
95,480
95,479
96,478
97,477
98,476
99,475
100,474
101,473
101,472
102,471
103,470
104,469
105,468
106,467
107,466
107,465
108,464
109,463
110,462
111,461
112,460
112,459
113,458
114,457
115,456
115,455
116,454
117,453
118,452
118,451
119,450
120,449
120,448
121,447
122,446
123,445
123,444
124,443
125,442
126,441
127,440
127,439
128,438
129,437
130,436
130,435
131,434
132,433
132,432
133,431
133,430
134,429
135,428
135,427
136,426
136,425
137,424
137,423
137,422
138,421
138,420
138,419
138,418
138,417
138,416
138,415
139,414
139,413
139,412
140,411
140,410
140,409
141,408
141,407
141,406
142,405
142,404
142,403
142,402
142,401
143,400
143,399
143,398
144,397
144,396
144,395
144,394
145,393
145,392
145,391
146,390
146,389
147,388
147,387
147,386
148,385
149,384
150,383
150,382
151,381
151,380
152,379
152,378
153,377
153,376
154,375
154,374
155,373
156,372
156,371
157,370
157,369
158,368
159,367
159,366
160,365
160,364
161,363
162,362
162,361
163,360
163,359
164,358
165,357
165,356
166,355
167,354
168,353
169,352
169,351
170,350
171,349
172,348
173,347
174,346
175,346
176,345
177,344
178,343
179,343
180,342
181,341
182,340
183,340
184,339
185,338
186,337
187,337
188,337
189,336
190,336
191,335
192,334
193,334
194,333
195,333
196,333
197,332
198,332
199,331
200,331
201,331
202,331
203,330
204,330
205,330
206,330
207,329
208,329
209,329
210,329
211,329
212,328
213,328
214,328
215,328
216,327
217,327
218,327
219,327
220,327
221,327
222,326
223,326
224,326
225,326
226,326
227,326
228,326
229,326
230,326
231,326
232,326
233,326
234,326
235,326
236,326
237,326
238,326
239,326
240,326
241,326
242,326
243,327
244,327
245,327
246,327
247,327
248,327
249,327
250,327
251,327
252,327
253,327
254,327
255,328
256,328
257,328
258,328
259,328
260,328
261,328
262,329
263,329
264,329
265,329
266,330
267,330
268,331
269,331
270,331
271,331
272,331
273,332
274,332
275,332
276,333
277,333
278,333
279,333
280,334
281,334
282,334
283,334
284,334
285,334
286,335
287,335
288,335
289,335
290,336
291,336
292,336
293,336
294,336
295,337
296,337
297,337
298,337
299,337
300,338
301,338
302,338
303,338
304,338
305,338
306,338
307,339
308,339
309,339
310,339
311,339
312,339
313,339
314,339
315,339
316,339
317,339
318,339
319,339
320,339
321,339
322,340
323,340
324,340
325,340
326,340
327,340
328,340
329,340
330,340
331,340
332,340
333,340
334,340
335,340
336,340
337,340
338,340
339,340
340,340
341,340
342,340
343,339
344,339
345,339
346,339
347,339
348,339
349,339
350,339
351,339
352,338
353,338
354,338
355,338
356,338
357,338
358,338
359,338
360,337
361,337
362,337
363,337
364,337
365,336
366,336
367,336
368,336
369,335
370,335
371,335
372,334
373,334
374,334
375,333
376,333
377,333
378,332
379,332
380,331
381,331
382,331
383,331
384,331
385,330
386,329
387,329
388,328
389,328
390,327
391,327
392,326
393,326
394,325
395,325
396,325
397,324
398,324
399,323
400,323
401,323
402,322
403,322
404,321
405,321
406,320
407,319
408,319
409,318
410,318
411,317
412,317
413,316
414,315
415,315
416,314
417,314
418,313
419,312
420,312
421,311
422,311
423,310
424,310
425,309
426,309
427,308
428,308
429,307
430,307
431,306
432,306
433,305
434,305
435,304
436,304
437,303
438,303
439,302
440,302
441,301
442,301
443,300
444,299
445,299
446,298
447,298
448,297
449,296
450,296
451,295
452,294
453,294
454,293
455,293
456,292
457,291
458,290
459,289
460,288
461,287
462,286
463,285
464,284
465,284
466,283
467,282
468,281
469,280
470,279
471,278
472,277
473,276
474,275
475,275
476,274
477,273
478,272
479,271
480,270
481,270
482,269
483,268
484,268
485,267
486,266
487,265
488,265
489,264
490,263
491,262
492,262
493,261
494,260
495,259
496,258
497,257
498,256
499,255
500,254
501,253
502,252
503,251
504,250
505,249
506,248
507,247
508,246
509,245
510,244
511,243
512,242
513,241
514,240
515,239
516,238
517,237
518,236
519,235
519,234
520,233
521,232
522,231
523,230
524,229
525,228
525,227
526,226
527,225
528,224
529,223
530,222
530,221
531,220
532,219
532,218
533,217
534,216
535,215
536,214
537,213
537,212
538,211
539,210
540,209
541,208
542,207
543,206
544,205
544,204
545,203
546,202
547,201
547,200
548,199
549,198
549,197
550,196
551,195
551,194
552,193
553,192
554,191
555,190
555,189
556,188
557,187
558,186
559,185
560,184
561,183
562,182
563,181
564,180
564,179
565,178
566,177
566,176
567,175
568,174
569,173
569,172
570,171
571,170
572,169
572,168
573,167
574,166
574,165
575,164
575,163
576,162
577,161
577,160
578,159
578,158
579,157
580,156
581,155
581,154
582,153
583,152
583,151
584,150
585,149
585,148
586,147
586,146
587,145
588,144
588,143
589,142
590,141
590,140
591,139
591,138
592,137
593,136
593,135
594,134
594,133
595,132
596,131
596,130
597,129
597,128
598,127
598,126
599,125
599,124
600,123
601,122
601,121
602,120
602,119
603,118
604,117
604,116
605,115
605,114
606,113
607,112
607,111
608,110
609,109
609,108
610,107
611,106
611,105
612,104
613,103
614,102
615,101
616,100
616,99
617,98
618,97
619,96
619,95
620,94
621,93
622,92
623,91
624,90
625,89
626,88
626,87
627,86
628,85
629,84
630,83
631,82
632,81
632,80
633,79
634,78
635,77
636,76
637,75
638,74
639,73
640,72
641,71
642,70
643,69
644,68
645,67
646,66
647,65
648,64
649,63
650,62
651,61
652,60
653,59
654,58
655,57
656,56
657,55
658,54
659,53
660,53
661,52
662,51
663,51
664,50
665,50
