61,365
62,365
63,364
64,364
65,364
66,363
67,363
68,363
69,362
70,362
71,361
72,361
73,360
74,360
75,359
76,359
77,359
78,358
79,358
80,358
81,358
82,357
83,357
84,357
85,357
86,356
87,356
88,356
89,356
90,355
91,355
92,355
93,355
94,355
95,354
96,354
97,354
98,354
99,353
100,353
101,353
102,353
103,352
104,352
105,352
106,352
107,351
108,351
109,351
110,350
111,350
112,350
113,349
114,349
115,349
116,348
117,348
118,348
119,348
120,348
121,347
122,347
123,347
124,347
125,346
126,346
127,346
128,346
129,346
130,346
131,346
132,346
133,346
134,346
135,346
136,346
137,346
138,346
139,346
140,346
141,346
142,346
143,346
144,346
145,347
146,347
147,347
148,347
149,347
150,347
151,347
152,347
153,348
154,348
155,348
156,348
157,348
158,348
159,348
160,349
161,349
162,349
163,349
164,349
165,349
166,349
167,350
168,350
169,350
170,350
171,350
172,351
173,351
174,351
175,351
176,352
177,352
178,352
179,352
180,352
181,353
182,353
183,353
184,353
185,354
186,354
187,354
188,354
189,354
190,355
191,355
192,355
193,355
194,355
195,356
196,356
197,356
198,356
199,357
200,357
201,357
202,357
203,357
204,358
205,358
206,358
207,358
208,359
209,359
210,359
211,359
212,360
213,360
214,360
215,360
216,360
217,360
218,361
219,361
220,361
221,361
222,362
223,362
224,362
225,362
226,362
227,362
228,362
229,363
230,363
231,363
232,363
233,364
234,364
235,364
236,364
237,364
238,364
239,364
240,364
241,364
242,364
243,364
244,364
245,364
246,364
247,364
248,364
249,364
250,363
251,363
252,363
253,363
254,363
255,363
256,363
257,363
258,363
259,364
260,364
261,364
262,364
263,363
264,363
265,364
266,364
267,364
268,364
269,364
270,364
271,364
272,364
273,364
274,364
275,364
276,364
277,364
278,364
279,364
280,364
281,364
282,364
283,364
284,364
285,363
286,363
287,363
288,363
289,363
290,363
291,363
292,363
293,363
294,363
295,362
296,362
297,362
298,362
299,362
300,362
301,362
302,362
303,362
304,362
305,361
306,361
307,361
308,361
309,361
310,361
311,361
312,361
313,361
314,361
315,361
316,361
317,360
318,360
319,360
320,360
321,360
322,360
323,360
324,360
325,360
326,360
327,360
328,360
329,360
330,360
331,359
332,359
333,359
334,359
335,359
336,358
337,358
338,358
339,358
340,358
341,357
342,357
343,357
344,357
345,357
346,356
347,356
348,356
349,356
350,356
351,355
352,355
353,355
354,354
355,354
356,354
357,353
358,353
359,352
360,352
361,351
362,351
363,350
364,350
365,350
366,350
367,349
368,349
369,348
370,347
371,347
372,346
373,346
374,345
375,345
376,344
377,343
378,343
379,342
380,341
381,341
382,340
383,339
384,338
385,338
386,337
387,336
388,336
389,335
390,334
391,333
392,332
393,332
394,331
395,330
396,329
397,328
398,328
399,327
400,326
401,325
402,324
403,323
404,323
405,322
405,321
406,320
407,319
408,318
409,317
410,316
410,315
411,314
412,313
412,312
412,311
413,310
414,309
415,308
415,307
416,306
416,305
417,304
417,303
418,302
418,301
419,300
419,299
420,298
420,297
420,296
421,295
421,294
421,293
422,292
422,291
422,290
422,289
423,288
423,287
423,286
424,285
424,284
424,283
424,282
425,281
425,280
425,279
425,278
426,277
426,276
426,275
426,274
426,273
427,272
427,271
427,270
427,269
427,268
428,267
428,266
428,265
428,264
428,263
428,262
429,261
429,260
429,259
429,258
429,257
430,256
430,255
430,254
430,253
430,252
430,251
431,250
431,249
431,248
431,247
431,246
431,245
431,244
431,243
431,242
431,241
431,240
432,239
432,238
432,237
432,236
432,235
432,234
432,233
432,232
432,231
432,230
433,229
433,228
433,227
433,226
433,225
433,224
433,223
433,222
433,221
433,220
433,219
434,218
434,217
434,216
434,215
434,214
434,213
434,212
434,211
434,210
434,209
434,208
435,207
435,206
435,205
435,204
435,203
435,202
435,201
435,200
435,199
435,198
435,197
435,196
435,195
436,194
436,193
436,192
436,191
436,190
436,189
436,188
436,187
437,186
437,185
437,184
437,183
437,182
438,181
438,180
438,179
438,178
438,177
438,176
439,175
439,174
439,173
439,172
439,171
439,170
440,169
440,168
440,167
440,166
440,165
441,164
441,163
441,162
441,161
441,160
441,159
442,158
442,157
442,156
442,155
442,154
442,153
443,152
443,151
443,150
443,149
443,148
443,147
444,146
444,145
444,144
444,143
444,142
445,141
445,140
445,139
445,138
445,137
445,136
446,135
446,134
446,133
446,132
446,131
446,130
447,129
447,128
447,127
447,126
448,125
449,124
450,123
451,122
452,121
452,120
453,119
454,118
455,117
456,116
456,115
457,114
458,113
459,112
460,111
461,110
462,109
463,108
463,107
464,106
465,105
466,104
467,103
467,102
468,101
469,100
470,99
471,98
472,97
473,96
474,95
475,94
476,94
477,93
478,92
479,91
480,91
481,90
482,89
483,88
484,87
485,87
486,86
487,85
488,84
489,84
490,83
491,82
492,81
493,80
494,80
495,79
496,79
497,78
498,78
499,77
500,76
501,75
502,75
503,74
504,73
505,73
506,72
507,72
508,71
509,71
510,70
511,69
512,69
513,68
514,68
515,68
516,67
517,66
518,66
519,65
520,65
521,65
522,64
523,63
524,63
525,63
526,62
527,61
528,61
529,60
530,60
531,60
532,59
533,58
534,58
535,57
536,57
537,57
538,57
539,57
540,57
541,57
542,56
543,56
544,56
545,55
546,55
547,55
548,55
549,55
550,55
551,55
552,54
553,54
554,54
555,54
556,54
557,54
558,54
559,54
560,54
561,54
562,54
